-7.0391988541338755
-2.6259912506767593
-3.9563305184251636
-4.040855331518277
2.278586276596334
-4.520694710806395
3.4187687306034142
4.539990816148315
-5.123866166978742
-6.830009587678677
-1.614918869528866
-1.8294592498309004
-3.3855148489467357
-7.406648484443416
-2.9340129336157204
-1.5323090474929437
-0.7903846714991958
-0.04289079299816129
2.075350515949646
-5.351469185759994
-9.424039420782531
-7.893955100191861
1.2419193790620886
-9.911936743210946
-3.7182476380965497
-5.771072572501024
-4.942509076714875
-3.3902669641573895
2.4097897345155275
2.4681985039090275
-3.1656456631790473
2.438221804462162
-2.117655338544911
-0.08842182246445163
-6.537163822458098
-7.784622487543215
-7.946140420823406
-6.85882931975057
-7.842425553770745
-9.3789267452639
-9.75604842992742
-10.247888604546418
-9.00239527935417
-9.476342407596766
-10.013859873624146
-9.130969853591225
-9.236512536685446
-9.415929659607613
-8.497070221628544
-8.28337385586048
-2.5810880741445588
-6.651363985143231
-5.967093931652702
-4.649867349324989
-3.009721610732467
-2.776275824411503
-8.2952242394619
-6.991937994583308
-9.434373701341258
-10.174647724470416
-3.3666604377027918
-4.2736683770253645
-1.6506886269922014
-6.925430706620683
-1.396767197981042
-3.6605691277046666
-10.195318202877022
-7.214942604172844
-6.866027233586254
-3.56304371717637
-6.791390409190984
-7.30037687877166
-6.411380690478543
-5.367172604997624
-8.19882924694766
-7.892159422794047
-6.523631948722959
-8.791762447982173
-10.882606530867049
-8.025756450403147
-7.736623888485537
-7.413391905737946
-8.506990585453071
-5.44831402305088
1.3743717376791031
2.417060476569847
1.7754130919353375
1.641246436636314
-2.554459711501596
-4.52401209935944
-6.6033599191092165
-4.720711946091567
-0.1470320137221981
-4.295073943646827
-4.818108071130928
-4.167411990823911
-4.04950324287132
1.2165953775392337
-5.584037748168309
-9.835142138726638
-4.446140575688438
-4.190643672118334
-6.70264176386495
-9.318728380318436
-2.641181519454299
-2.381390306084117
-9.16964144714483
-6.690034653886384
-9.31659248266211
-4.924846100427135
0.3014118064001291
-9.779191806133625
-2.759049845378742
-3.3420820714631243
-7.79287506085582
-9.299962180831354
-9.071596803998768
-6.424045241191603
-6.727508140597939
1.1448682047987968
-5.853606267043486
-5.032847343507008
2.1896601154347524
-2.9059090303714163
-2.035721141644837
-0.1486123608176897
1.7278695389939955
-0.9364578611123009
-2.894178829077952
-7.429178703739645
-9.163695786490637
-5.790161927991706
-9.02298918694327
-13.238442014092795
-4.472249328116394
-4.1554635704057405
-5.283450247861605
2.212402059971984
0.7146840212077419
4.4215424894687105
-5.31950662562989
-5.625931759948245
-5.291096993308914
-5.129993961007026
0.6982827503009026
-3.424251214509662
-1.7872987493989787
-5.536295611056662
-7.901400768987096
-0.08197669502239657
1.316854806635945
-1.9083180669435496
-6.870224809526704
-2.664142727935811
-2.6148510340401625
-7.152554725568441
-5.35330539132081
-7.150593182909772
-3.9373530370201117
-5.050674989159875
-0.11853682051955439
0.7960275731720738
-1.604103036822187
-9.017650312813007
-2.2906563466943943
-8.24597421070649
-8.818943533984111
-6.38796858999083
-4.731026551630441
-9.03823730316594
-9.070516925812708
-8.128917349360714
-3.4625361229600955
-4.726753791729826
-5.717700428574225
-9.175485989539093
-4.385798468152804
-9.21014000397796
-3.777238508493654
1.3260418143750607
4.206008852744457
-5.6625324549093445
-8.162485035629048
-8.959302324957063
-3.9773453539932557
-5.133815277237523
-6.655133129984593
-6.135716316494785
-3.7930906288614454
-3.510649697894349
-4.4997055866279325
-3.894606926641707
-4.5604741683358245
-4.493321262817975
-10.700214981920832
-10.260156853200494
-8.421187429310503
-10.153081096123609
-6.729243853937065
-7.32670611235015
-7.5893670536580276
-6.436885336595167
-4.13379261847712
3.869244024763411
-9.9224487550924
-8.105385927411156
4.252941537842933
-3.856376986968218
-5.439939844146162
-3.60997541507067
-10.194385808143396
-8.91104669176307
-7.640312386988855
-5.949683017791566
-7.769993274491657
-5.057069803215725
-8.333170542327123
-7.450398532340597
-6.8098216282852055
-8.298096207772778
-4.673689003856236
-3.3612327082104025
-3.3045161834395524
-6.622232517617472
-7.959501654970513
-9.948208713420193
-7.879026553484801
-8.56678936080502
-7.516867974172721
-3.3883515133347077
-2.088459339456219
-4.135470333316782
-8.820099881902593
-1.6446568901284988
-4.366874190232618
-2.319094301733843
-4.9639273374677995
-6.181101893240896
-5.472314451763262
-3.692132906482907
2.0522757239019915
-0.19344653757567465
4.991532100474128
-4.425513392791453
-6.060246762886436
-5.960894211610485
-0.35743301493235835
-4.741659048400883
-10.586290229200442
-11.414245034739194
-9.14982128548882
-5.13018888544612
-2.0590142138283554
-5.152946394797471
-3.8336218603574483
-4.109961301769115
-5.734911657078211
-9.026757409667027
-7.241622297674999
-11.716716172752275
-7.773329951875935
-8.423864445259326
-4.197790586946857
-6.897867040371865
-7.44280749664572
-9.359605131411808
-8.657072869031
-7.711612084558032
-6.766688675896154
-9.464626343607332
-9.906080846157055
-6.455549897508648
-9.636657322763085
-5.373574467962962
-6.3393886809069535
-6.276922347548996
-9.302667012219201
-5.81708274919489
-9.777222099256786
-5.79043148415314
-9.554776650382317
1.7988229954437873
1.2154028905402507
4.927494858505377
3.7338454053409973
-1.7820105148198975
-9.48129648115075
-7.7969860593381775
-7.934415085676242
-9.369073367606154
-9.403033849135927
-0.7011212579915181
-8.460309491122855
-3.2591762708416385
-5.486189257949103
-7.4400620759969085
-8.724651242411271
-8.994803575209728
-7.808267731271625
-7.96441499690395
-9.25142284422367
-8.047940444785079
-7.08195138336639
-9.429866541848979
-8.41876928712086
-9.366613622892034
-8.564354870466918
-9.338747016404241
-8.211463895780593
-9.87304332512254
-10.789831763836222
-9.80079989761659
-3.3864372396140485
-9.364384736598907
-7.829479354103581
-7.408539986658798
-7.650466620694788
-2.9493464546206565
-7.34035178309713
-1.3656849283957837
-6.276376143494607
-7.589882808132833
-4.865879448211757
-4.436450839653235
-5.537269002128426
-3.2573875159475896
-5.309965904309643
-5.868042440558045
-1.7956397877006425
-4.730938627906234
-4.31497678969327
-1.5706104499034192
-3.315514435831846
-2.896713231280844
-0.5427177295953178
-3.230527331465424
-8.201874649821077
1.1295254315868655
2.138172062353933
-0.4493691485330623
-3.433290604988614
-4.225423902013263
-2.0622812048268773
-0.7563024666581255
-1.9313322140507023
-2.998636524628596
-3.9044501278934742
-8.478396199095489
-5.287218707771849
-5.2676120289734225
-6.698708948246846
-7.129907445218619
-4.303961657739738
-5.199970081568133
-3.3031448913070713
-3.584669976702374
-5.25172671351296
1.0679012051185777
0.5156042288613633
-6.2763303834889195
-5.6171810982274
-5.667048868899886
-6.746378662363129
-6.373599808707226
-0.008349170766069669
-2.8211234240839076
-6.006908324525734
1.4066428252286156
0.4130484435661519
-0.9545825228709608
-8.09623340806699
-2.523034154321773
-7.891614609825446
-9.260129554163115
-8.893450568056998
-9.887505931993875
-6.176805283122173
-8.741450447529937
-6.250288135017218
-7.8518795754810355
-7.22773558115273
-8.876112260206234
-8.254076977577942
-8.452118813145823
-5.278451373715999
4.317308110082945
-5.817580169846897
-5.3651148054927145
-6.877081552280982
-8.94514332685335
-1.7738639210888762
-7.857877808659014
-6.903779240519891
-10.036043890916842
-8.193491997440178
-9.760659138935635
-8.609181245409864
-11.250101893703047
-10.25093279591884
-6.946063334296181
-6.322604018705054
2.786900199433716
1.9728177238797193
-10.17014651429233
-6.896202744924787
-8.765583447883229
-1.2912914875675243
-9.702168856471477
-6.639641221015774
-5.441902785699526
2.4894835737279846
-5.618096981224455
-2.799238530188338
-4.0713633066281165
-5.189509390925932
-8.230737426715425
-6.097580378364931
-5.2496625546307065
-7.693876749613856
-3.1777945951148756
-6.722913747619342
-5.759806228285783
-8.165861496834248
-7.127949455222176
-6.240583011186009
-5.530485687598023
-6.560299376423179
0.8244634215325186
0.32895553854566995
2.5536968870272645
-6.0590066598702155
-4.220018752843613
-4.550800389347462
-6.214546474519172
-4.378943729487488
-8.137827364239072
-7.186124517859976
-2.775405498358837
1.9683237063156462
-4.44805971524329
-4.310449682103853
4.0850905221396365
3.215585239287014
-5.589551615991843
-4.177132317899079
-7.213248829334705
-6.670569400345558
-6.016226163961597
-5.361205773345912
-3.5308013867370334
-4.837418199750527
-1.024043176950938
-2.3277719614314694
-5.494157253273492
-6.845544786768494
1.8594333003193317
4.38258870684453
1.5205363764790623
3.231958091110287
-2.6345679751153988
-6.509381480679523
-7.810871195658256
-3.525351658240112
-0.12356945836337974
-5.640639971159131
-5.872359605990486
-2.015045327566396
-4.681926350390301
-4.139894970608879
-1.9611582732739712
-6.321587835944163
-3.4117326521061426
-4.91984750750331
-5.993831179400692
-2.3171933176372654
-7.173705341082016
-9.83088811382303
-10.213795705069515
-8.370865651756146
-7.964220709630467
-9.514886109390053
-6.214757670855365
-5.087024619713418
-9.37701765729128
-8.2365344647263
-8.511964093475346
-8.067056126006431
-7.743215018822329
-9.138198368045362
-7.619921986453878
-7.191176314014331
-8.909367883922483
-8.492150316774893
-6.713540516518258
1.847260398015743
0.3903157998132194
-2.8455257273638783
-0.04010916846837298
-6.95702849151094
-6.629825751136218
1.553992013966424
-9.032634040713996
-4.969613692975179
-2.213679369723244
-1.309281592354112
-4.071815363600368
-7.503973187697294
-5.438152331865022
-5.261442740456428
-0.7215430439955983
-0.011187905779542318
-7.485860601676145
-10.455293146111435
-6.305995066397084
3.2904149951329114
-5.670817270930637
-6.796395581239315
-7.577223786715064
-7.311601642155453
-7.122141892700383
-9.613821209958758
-0.8870900555696074
-5.21367430296595
-2.9344125815974555
-6.80119236233462
-1.6188571077611544
0.05462828425911437
-1.8189980560227024
-4.8436313909605015
-5.074246788568462
-6.275047648412068
-8.127986768547501
-6.412547621795236
-6.816144379651694
-2.574005713008038
-4.8683114719599265
-7.834239101194662
0.3457168670443974
-4.308735690741003
-4.941301248123087
-6.892847002450694
1.7030512456827533
-5.043694579631555
-4.9140923204090585
-7.423136289477775
-4.433814148927337
-3.637326162066444
-5.602103399962996
-7.05561395443943
-3.7118596508123165
-8.380917559917638
-3.183574016721535
-5.300396406400527
-3.4262580613654197
-4.666697185153843
-9.47571370326706
-9.36538810295918
0.9730075015008547
2.0129780182307115
-6.5321587636322676
-9.368809725959197
-6.348227627897314
-3.2209048470815813
-4.815178717182364
-3.402648588897293
-3.2278327566215683
-4.286325689626907
-7.683327796516569
-5.7087388329379
-4.218436874200948
0.5172493569960377
-5.683643990381202
1.5191477344580886
-3.6688538700620663
-4.374489809514359
3.130012431880657
0.657004724177727
2.7929855649377666
2.601071295174036
-4.629155847322215
-6.142888077375609
-3.3399947711519244
-4.257134145107799
-4.757463662849632
-8.798040237119245
-9.642116996289797
-3.1609284664662898
-11.267564310045447
-6.927465405933907
-8.213152923415198
-4.455710810040997
-1.872730505614376
-8.746599575631375
-9.649841169531566
-9.35115962272918
-9.660139795852551
-6.29738980351082
-5.815036436707968
-10.828081102254062
-4.369626849632126
-3.2088582759492628
0.41376445487138624
-6.223110623200663
-6.720656066708489
-6.085608890907362
-6.848726038475345
3.3175232466150932
-6.083609824737396
-6.386481090032246
-3.7012437398427718
-6.673408561680123
-4.475031006040227
-0.5298406989596073
-0.07306923828871559
-6.357674614420577
3.205372638055636
-0.18812044643312387
-0.47147741908157426
-5.192747820555212
-5.618755397988885
-2.943980961242624
-6.74981233388466
-1.5877958535856498
-1.6979118317363608
0.940225333671876
-4.328132076162558
-5.739876381342868
-3.5281104563493413
-3.9725489634505964
-4.521831882780409
-6.464190953584281
-3.9471184322295745
-4.171695738815056
-10.458693618168661
-4.813243366572065
-8.14720991876262
1.6582359079624875
1.7430487433396662
-4.599510270734142
-4.9315714480745045
-6.088373799210585
-4.530857157705373
-6.659134827349339
-5.945299544738206
-3.536708171637481
-9.104445133721255
-6.619021359769172
-9.717002207764228
-5.908793004597817
-10.051951047612468
-2.8490851748962314
0.10506381181611091
-3.92864504855819
-5.0536801754703085
-4.086274664389052
4.976868994609336
0.9412666003459143
3.514582317661107
2.1348079431119213
-7.846491034407035
-4.244807482505615
-3.7664163405838025
-8.380436989954818
-1.1242372132668998
-6.242060426716412
2.2387362289308075
-1.023490345420257
-6.470657279600511
-8.838418176518623
-2.8764450115617417
-3.7673345875836763
-5.35270652722028
-6.677399492044846
-0.12093359917800905
-0.8061906858345882
-2.076887393168231
-3.808070584506181
-4.3231985698199775
-9.789232036739401
-3.9381847773548846
-5.205667023736681
-7.953246701031748
-6.896559691802229
-2.5230758953616617
-1.9769077542369904
-6.037348672736
-6.414750043960466
-6.687731362504259
-1.9191889006570468
2.793420184767961
-7.252800164259151
-5.587763264545799
-10.382098873458565
-4.937228751337198
1.9012248791059492
4.348228160069431
-4.031074203201923
-2.715257578810948
-4.038077017450838
-3.5285101484627783
-6.05790140028359
-5.390486248546198
-5.1759384462757065
-6.477016616297729
-0.483985321881767
-5.907035319657297
-5.253998223933496
-2.2122525110127853
-6.791767854188008
-8.728398124136056
-0.984013289117494
-9.946539617737411
-5.777663088385882
-6.835845517102552
-5.872651289934489
-4.398614915715793
-5.4258040602388204
-4.406667547270812
-5.665837456569936
-3.83519594007691
-8.989653087036034
-6.8626808310253775
-7.963566603400266
-4.290124448599487
-3.4629753181544807
-3.7953150057481793
-6.65621311143807
-4.637930525031808
-6.156583783836817
-7.026983830201835
-6.5758017824466455
1.3883952051510648
-7.465188645326484
-9.324418545123331
-9.283329733825175
-7.215225286111484
-1.2665747301896841
-6.479164181714955
-7.034054999481605
-10.30732736801768
-10.129708181175037
-8.700536544199425
-8.713421473245482
-10.470747364488012
-9.208725849058967
-4.572515494132624
-8.754969924001134
-9.157169354002578
-5.497010087375969
-3.5134037975325763
-4.627798321485436
-7.192880822738778
-5.222104221648678
-8.985411743678142
-5.806780475227091
-6.088353305149746
-7.4559806726031415
-0.12447167594560948
-10.622635857758818
-9.356379764832752
-7.5774608787672815
0.2890699859232806
-2.856018941438221
-0.7542834402133384
3.309247003165174
3.468310443719799
-8.812782176897443
-8.940671077658067
-6.580667576494458
-9.103537729802142
-3.1891856623307544
2.285765506258681
-11.279088587495297
-9.275654640550426
-8.332610901655686
-9.868763027216387
-10.490406324229617
-5.546988178308338
-6.366587795203308
-7.211081062837688
-6.338920211855613
-6.585685944890987
-6.212589438797974
-6.296171545875731
3.2448238827411897
2.3922623230930546
3.614587871285651
-5.39162840188232
-6.911482542406062
-3.4430099586826333
-4.957119772158542
-6.32095076294266
0.5809374651184587
-10.376826875209359
-5.149836672995964
-6.8825868084327775
-8.291559250164676
-3.935151872055109
-6.778002141007426
-5.7470346103834915
-7.8496143807895296
-5.084951047140103
-3.9247405796911807
-2.9235504947756343
2.0810497450027965
-8.407214339079383
-6.0524448389269425
-9.629188746946209
-4.508169788794031
-8.152664171933385
-5.496245216317962
-7.897516034668539
-6.525550015846906
-3.818875906440249
-7.384222578973539
-4.898694270690104
-0.7786512056695989
-6.179658918611915
-3.3635446984880137
-2.7286336771700617
-9.765562665868174
-8.636517530658097
-9.465128001758263
-9.717086762887075
-7.037169924716813
-8.825011988675179
-9.551276608709344
-5.401124007048865
-4.4349886873986675
-8.451330571207446
-10.314169196412413
-5.25050591171277
-6.744801094305478
-4.426315889549864
-2.098775942975287
0.16319146089114311
-0.7668248719991093
0.6736549365310307
1.7036066626387303
-4.348369516600815
-8.117066686310558
-4.2253899582910055
-5.009397220190726
-4.886341162664465
-8.140265927732795
-8.678222547915814
-2.6815118469159085
-3.503507306741654
0.3701395542239361
-9.022323771823315
-8.376893110785971
-5.014336665403042
-8.557277530671543
-8.957137725429535
-5.553997630804675
-4.5800714125421305
-10.02658813061276
-9.217811492484222
-10.159143731886726
-9.934326412632588
-8.044305877831231
-4.048494753613283
-5.099427489809795
-8.02288276336514
-2.9481035894569
-2.7692936078954906
-3.4050611339916577
-1.0132244870980154
-5.092196195037307
-6.636797252997519
-6.6072875959442845
-5.477328209199339
-1.1782159365074323
-4.80358207552745
-4.558267762165873
-2.0155451573608154
-8.463020641306361
-4.975590256633611
-7.130936064267312
-3.70336839599107
-4.19365853798691
-4.880815360050574
-8.634716236481614
0.6411684459031248
-9.45342578561986
-7.564412301356198
-10.368568987458513
-9.915404352320385
-8.68154556614006
0.35806019488447216
-5.437064328240031
-4.448052650713157
-8.519050691185601
-7.934568341882032
-9.670590829512463
-5.475032091377765
-9.052245609854904
-7.64919923212006
-4.405474196440764
-3.528034263727585
-6.863524497186875
-4.793305802480903
-5.650441596331879
-5.177160650855499
-5.585107125453172
-1.9718187224307906
-9.136974992538418
-5.575837443145203
-6.29328265246995
-4.6126459031019165
-4.875161575412271
-6.673149213256067
-5.580055253483931
-10.611827899242801
2.129674076012708
-5.380561357891248
-3.9397321928072833
-5.401532934190961
-5.1680272518162464
-8.041335900127985
-9.633541103427513
-7.704092398601451
1.7648653461491028
-5.944999562384022
-7.714650931985132
-5.571803843859936
-4.42757799760429
-5.145579837442883
2.097542977490355
-4.075463915508672
-4.998698523749929
-4.7910054810348655
-9.946248290436644
-3.313983247055087
-2.2516037845293284
-9.037198246937416
-8.916809288359914
-6.925459654247857
-7.160186141625781
-7.934735516264045
-5.316712636653446
-6.606770728654011
-8.258784878594929
-1.7444084635909074
-1.3014385726467466
2.452047046753429
4.018685905872836
-3.2012933142441726
-4.474818269900035
-3.571001099885448
-4.593739920476225
-5.635319036766216
1.06681767620764
1.7697239437914263
-5.376222673372036
-4.12790488557885
-5.4187321996049524
-3.68233662320342
0.54433332686039
-3.8370406349680874
-6.474852469185308
-9.825070362305524
-9.536825042220764
-8.607222203197711
-10.149546171042918
-8.556065926978501
-8.453480277926227
-4.741787795095822
-10.162685368957664
-1.4800560427767664
-2.595880987860842
-3.9085507943392246
0.6361103224589056
-5.435097273215399
-8.984299224499246
1.9833285057581704
-6.083042792358233
1.3188986076033347
-0.4272532303105214
1.0607319712738
-0.6785022283079658
-4.995014981162052
-7.505355911492023
-6.748178337454963
-6.860798135782391
-7.618065657326647
-6.911947392711656
-3.812068280191313
-0.5279396144921614
-6.552512671242276
-4.970601381894016
2.0409224858597987
0.884126888202467
-8.64495481645981
-5.065277045939368
-6.629003296446721
-7.594786306317577
-5.7609378484792195
-7.429201727023753
-3.2210381603757137
-9.031304241317276
-7.648050324051554
-9.57431995109539
-3.940342857425361
-8.367113213528148
-4.845271548630493
1.4329481293826032
-0.07513845974245914
-5.728069511756994
-4.3720046648964415
-5.813710447793349
-9.26972922302124
-9.671318718763906
-10.255735529781418
-9.840932663726127
-10.23632621962247
-5.284015484835859
-3.4912110484946886
-3.3826212593634
-7.017235990193301
-5.490318711277439
-4.2398987377244675
-5.172090684735136
1.6533691044502616
3.480452476634147
-2.8858168102629955
-5.684315665831846
-5.8861625051737185
-9.70596867134249
-8.821503471704618
-9.981129759803117
-2.301933683226859
-2.0928403759952423
-10.047681767900364
-6.4311457382655455
-7.097325230776784
-6.996531682610777
-5.97421483314297
-7.553153353612659
-6.068727087136323
-3.4842747471999678
-4.5150592173387984
1.7261601360538052
-9.28944371879782
-5.907824660425998
-4.277991844289487
-6.707934985854238
-9.653289393112267
-9.035282981207427
-9.89687266424377
-7.5629830611326625
-6.514424408233456
-4.413912520605109
1.6290113006049387
-0.23883959519986186
-0.690034048174213
2.2910748873401214
-9.26760903479701
-8.638457684857594
-4.721592034435721
-9.08796077303374
-10.181223467282235
-4.078202179294444
-10.134978299067361
-2.6273679360378295
-7.537191528725972
-7.100906296708109
-5.226307004561119
-5.276801362392665
-9.50594717433139
-6.6851613992687495
-6.011224623485223
-4.112171103953121
-4.900890972472001
-5.051159969340852
-6.098952120188013
-4.540334069475148
-4.794712139711388
-7.094891629735478
-9.4893315185119
-6.170004529449689
-6.382267466023001
-5.03021063746236
-3.456580578292541
-7.961042371339694
-9.608213157008283
-7.077268588186476
-8.97690972222369
-9.945800411102496
-4.763272095266049
-5.7958588947803396
1.6761360238182645
-9.765705271640433
-10.774827955776976
-7.760554478562549
-4.5489145480168425
-2.924661096628653
-3.049304652323811
-8.217294224688219
-3.701793842652086
-6.793279743342081
-2.226364005359388
1.2479356316537147
3.043008241108158
-10.533043194140944
-8.069507198658966
-7.1547255025469685
-9.371447223002436
-3.9970304847012583
-5.410672164296658
-5.6340538105530795
-5.367579463729998
-7.743238507120403
-6.343055798411902
-4.670111104798427
-6.530259536035848
-6.231158984443478
-4.034359167970236
-6.86953377300761
-5.432456994187753
-8.036661455575556
-3.6230423400220806
-3.1953505322736455
-5.778867963186993
-9.881322046738314
1.5250475012884437
-5.2074979690447885
-3.3030590000626487
-4.886359136562804
-10.117828983378878
-1.1392730376449234
-7.911989647804713
-7.242282720909703
-7.9342702944916645
-6.079154467733677
-4.289787753355963
-4.021267649173037
-9.26588582140615
-10.002454333246073
-9.163223879418089
-8.922882306996186
-8.232741934299646
-9.857786108879454
-10.065446517875479
-10.19609054987976
-10.322289421960365
-5.54747389779099
-8.650442209999754
-3.3119160448995157
-4.440557157820093
-5.41172193874802
2.237711696348117
-5.649891868685642
-6.82117270695829
-4.824616320647889
-9.84300166054133
-4.6266530069237675
-5.218002142417843
-6.630296486694166
-7.8408501541512505
-9.26759382504676
-7.711497658782184
-8.69885313283954
-8.873627193531917
-2.7244144209816445
-0.09300885497341538
-8.20004256050369
-6.546872664172536
-6.254656993982334
-4.062274271000566
-5.661981151254105
-7.744761373332588
-5.9531349558333595
-5.293985347846329
-6.008308151055842
-7.081561106518051
-5.818182540705281
-6.352696990361395
-6.4100497627640936
-3.7797549892994793
-5.316262404850635
-8.550759031703224
-4.766427798779457
3.7869538480936624
1.0861589157760898
-4.829696880387584
-4.611088807433665
-3.7668580616251433
1.3280765247892274
-7.868735391845458
-4.504504418580339
-9.646763300507532
-0.6704572265942588
-9.534297543923836
-4.578890904829688
-9.347776148744314
-9.25032205577585
-3.230695301958052
-3.8805353100029047
1.5320417187798576
3.1941725497753763
2.405259342809882
-7.971812603830205
0.6021612812373951
-3.1290411538824525
-1.3254079364180584
-6.591601853148985
-8.36995054919112
-1.5697260839592984
-9.783015150205577
-8.180565225614425
-4.908510776890203
-5.651120818028556
5.079691982187221
-3.1554229600729946
-4.720496236683007
-5.5576597136287695
-5.913166703003469
-8.27950839661575
-8.141288901962733
-5.882550845519194
-3.1377431530445206
-1.1328953702011517
-5.803078256394661
-5.213029292892243
-5.512829690068012
-5.740921704188534
-4.682621869676683
-4.536692811219989
-1.7932843523623205
-7.118183619283366
-6.480676203980153
-4.268836498156424
-5.912514040926267
0.25032664891669054
-5.288635872834542
-4.497871503917571
-4.500890044557616
-7.9003633538007625
-8.26778904188719
-5.894580408072041
-8.516647947424195
-7.7176219757264075
-8.465052514035712
-8.553252072670666
-10.7911886534215
-4.477593793277582
-0.01158691595741479
-0.5268739943539866
0.8707454487153627
-7.546501028671266
1.5547900050329437
-9.968979960093373
-4.884316525398857
-4.736949723532559
-9.063627772098611
-7.564624736673301
-6.951325908881925
-5.575297141380719
-6.140707235209761
-9.942539724379394
-10.44278105103209
-6.170978478486895
-8.222208180351611
-3.9806090439108317
-7.066359203233686
-4.618230019911903
-5.84249876166157
-3.940911215179872
-9.188461713242374
-8.061458273892926
-1.2953741137110435
-7.406790123564594
-2.770647782284535
-8.936495780751326
-4.658463433978451
-10.137390625771989
-6.296918486341368
-4.1120750921723515
-5.404161392217605
-8.918252809440007
-5.092814978954057
-6.131081886888962
-6.118697386474066
-7.903747353922212
-6.783945417319447
-8.465592283856306
-8.656020175092232
-6.4648723783330055
-6.10740301441146
-9.487199511155893
-8.426092287473073
-9.347661513150014
-8.186998867768093
-8.978267856668763
-9.758238288511354
-5.183292917774501
-10.358387099145563
-9.710737799922581
-2.4522277434550004
2.964003713122781
-3.898237520103797
-6.212329916635757
2.249864232406983
-4.308288554377392
0.8843648588038415
-1.7942412781617814
1.3491159739836578
2.783496564439967
4.163117226550565
-2.907839744355558
1.3846162633479386
-8.4549180173047
-6.1752607101317185
-4.38329531262957
0.5518038802387442
-9.217313655060119
-9.95249958321056
-10.990086856060321
-9.876632545869924
-10.499821018681434
-6.340889569887548
-7.426546136149347
-7.47250983215494
-5.6265961832205775
-10.142143471232416
-2.6886014375921423
-9.320502867327715
1.0215569186271551
-1.8889762432234838
-7.499793459558929
2.1466601035199484
1.2654991582879707
2.3794728210296574
-1.2947961522074745
-6.190976710484305
-3.276234796195401
-3.985378938846072
-6.853316523129299
-7.998428282475569
-10.41834490424053
-4.811131016655393
-6.154744890440433
-4.853013679255836
-4.644104668678337
-5.278155937863506
-4.4032951633267485
-7.527268290160412
-8.565142516032868
-7.854941787883597
-6.961108351575163
-8.598620794718505
-10.697718524834288
-9.586133250360097
-4.610108885072917
-4.0983342466250505
-8.18197575793688
-7.647316683629585
-1.5169464092981406
1.8017936574289373
2.495478671591951
4.032195599665892
3.6292201087349816
-8.548320345957928
-6.346987296615525
-3.185679607104667
-7.856069096504122
-7.615646882569553
-7.793176843587317
-5.1376760190377775
-5.167677008708503
-5.215251823097983
-3.0822707904775704
-2.7650043901933437
-10.384850889103923
-8.686104628394254
-10.558798365116628
-9.997947177838615
-10.431634640668976
-10.415632465161035
-4.747113107825465
-4.170641708911572
-1.011710775077364
-2.591329606009846
-1.4629923901000996
-5.112286938392703
-2.485893421700537
-6.115622898107663
-4.845857308062686
-8.296350930440905
-9.085439141604981
-7.11887384998525
-9.772111402271317
-8.293712855008689
-10.777812820776251
-7.864776340965621
-7.007077398646354
-4.058436715321946
-4.916062735816205
-4.2388540617928046
-4.036004191122775
-3.8938510910522464
-5.355319020872195
1.124245798541606
-9.512048777953627
-10.797363060541455
-9.029492286273552
-7.065617696320169
-4.926407004995745
-5.806054787493266
-8.675002529905385
-9.538692482312143
-10.54198763347274
-5.888664945167648
-7.8608777953367275
-5.710217999031625
-6.177181748112537
-1.2648679119138744
-3.2182654261314267
-5.896499170992379
-3.614774419410484
-10.262861008417428
-0.21310995431614632
-4.752665354054126
-4.178007867460383
-2.1269464875908803
-7.895660553572227
-4.487288661624269
-3.44424447007456
-3.717355663797879
-5.6678460638904244
-4.022759511705683
2.929093147321152
-1.9869544021442065
-9.627039723621223
-6.503118954803329
-3.9596947837656367
1.1272508863998325
-3.3859070064724026
-4.738231467899246
-5.347844572059607
-2.606235703606507
-5.1170077753189
-10.59875181964277
-3.197166286488825
-8.50210769136034
-7.466973759999626
-0.653758246890751
-6.061086626878977
-5.334254246875505
-5.4524621617886755
-3.794561821202892
3.5056905329080577
3.530539228489653
-5.212323394995848
-3.337687196347657
-4.751429430750547
-4.762512608546103
-5.191323465211274
-5.5577318004448095
-5.838314951801696
0.9055501339778773
-1.426764426476093
3.0406232902796053
1.732413659659966
2.4050865232501955
1.9595524984854256
4.155903040175924
-4.644788518143754
-5.892241399647682
-4.418215625666192
-5.691194016532813
-9.65088328474667
-5.984686078476992
-0.8130758496139084
-4.7415198228761595
-4.183156375576235
-6.282236827515954
-4.440269525349031
-4.889920618236625
-3.0753949620247
-5.894224943411661
-9.295619804457404
-7.7688886168704165
5.4449969291444225
2.3530000778433746
-2.6231623470224346
-0.72852728554351
1.1255381252573189
-0.19571356229047376
-2.8814884579876736
-1.9429905213834449
-2.035706673692341
-8.578567652819935
-8.154230072844737
-5.314842894947646
-8.702294844815825
-4.644744009737947
-6.413021899239622
-5.852670326939436
-3.2803532275805747
-6.515490885160903
-5.759685297490947
-8.742657070587525
-6.027380410018049
-7.291398741039872
-3.695826409516755
-6.47727946788768
-9.085201934432932
-5.480740144714308
-3.2878130699680357
-0.7616949669700277
-4.882358858741744
-2.3969007717441997
-5.58378827803194
-4.506434612393402
-5.346415920455396
-5.667074958250838
-1.8243985467464032
-1.5719631064152748
1.5278516409106782
-6.535717006185188
-2.920901810045227
-3.876415328535667
-4.709807920173609
-4.471606068938321
-6.593703425592457
4.735676738718496
-11.081277340281625
2.8464198859438055
0.5777212857597975
1.852021985161659
-6.608102177443151
-7.630857105633687
-5.083532429205506
-3.1533368444014602
-7.426002846390249
-5.197585612987961
-5.539900964995266
-5.935328182951681
-4.904232198667161
-9.454968889723222
-10.356744481137595
-10.032415395190522
-4.765895848778647
-7.781067243287653
-8.550456534614938
-9.769281283290827
-3.3415757607366725
-9.982005470581175
-4.555266485270077
-2.418386550064638
-9.75578853763173
-11.389459142119943
-8.864867447394534
-7.232300686119155
-7.4380174984012095
-5.6885818129806225
-6.7675365871454565
-7.401339437148106
-10.097582238379669
-7.579975859689658
-7.02449632352322
-8.252573816720146
-8.432355856884968
-9.903335039381558
-8.397863065017193
-8.74871500866024
-8.398257765983317
-5.51349626891041
-5.934341338530643
-7.82168323333092
-10.167961616267778
-10.705631181815107
-4.030754708940406
-2.960016733026243
-0.4454118719325014
-9.941227373073017
-4.49451825739169
-2.830576284011318
-5.385422962086874
1.6864354919834508
2.1772136910772506
-0.3123665026239433
3.2940846096317444
-5.947620835342172
-7.05423157924627
-7.402813987877137
-6.258861992112811
-4.217020017228246
-3.4462954714670397
-5.656301280517937
-5.203000906115773
-6.3892198879996505
-5.681980857833685
-6.668651967194981
-8.04482972192997
-3.7351996094863886
-3.9189152701404018
-6.889163436452413
-7.969198546787651
-7.9192837631049215
-6.724533916137066
-6.326402509359088
-5.056091773720496
-9.231769971840064
-0.5660630764748116
-5.975606652573007
2.983202379151641
-10.06053187653657
-4.733609945077392
-10.282949513823429
-2.805441873908543
-7.364075688940242
-3.2213352446781673
-5.171851486037825
-10.547530262274666
-10.728552161583043
-1.0439653500508412
-7.860761787407391
-0.5474896143069602
1.2673624778411334
1.2241947303854055
-7.016881525533288
-3.1934829110148284
-5.0090128574742145
-9.087995836160035
-9.825077361741549
-7.686740007235233
-6.195698394221694
-5.934911610167871
-7.813002064181893
-5.83319313493451
1.4367802834881567
0.44545023728344013
-5.0817073636594
-3.406140843070502
-8.449983606518206
-7.1833916968252876
-7.464183658840889
-3.402086804336287
-8.707625130928124
-5.054930341782473
-8.110104222857633
-10.347128644968127
-8.642672232341837
-4.5781421895269565
-7.313176087567288
-9.338643073913046
-8.225493837860768
-2.4131735162642096
-8.840486079940574
-2.4435632441134256
-7.413230245014141
-9.197368044844458
-6.790839589090023
-10.40784066490614
-9.758766979983623
-10.139268796053234
-7.4469947696601615
-4.758506617501927
-8.662660519091467
-10.552367913614054
-2.010751742828983
-9.484037036147836
-7.829038811900748
-7.938203758979663
-2.0022182231720214
-4.927663108787443
-7.186312101845145
-5.9777288346688575
-8.928544085420606
3.869418019352766
-2.4641323853740174
-6.940995243315549
0.2871581297332233
-5.180909425025742
3.207437880977625
-5.8476574868325075
-3.2756460513820294
-4.460445652431579
-4.812886041942631
-7.443655974930722
-4.626967196507056
-8.023868850989475
-8.61050810912482
-7.298231116633092
-7.028043568345418
-8.718385288367752
-10.742176173887051
-2.790717875484127
-7.02963046948065
-8.098079926185687
-10.17664887030063
-9.988573620365957
-3.075815249843462
0.5602943200927318
-4.822268053865927
-3.9373643003953704
-4.782237121228664
-6.017071849476306
1.5074425330741614
1.4737359144442297
1.8661750321647146
-9.371122102037091
-9.90028963917721
-0.834581756887711
-3.797920500202987
-5.3102152950747055
-6.176219107129595
-9.214820845990618
-10.819031786636238
-6.967224696786167
1.3961062539468274
2.274945923761111
-4.350572610234977
-3.311301412487066
-4.558444642772966
-6.4573081274565025
-6.75222149755394
-6.099353753896302
0.5158543354963023
-3.292205229884609
-7.363818486759184
-4.976849743885066
-9.715316380127451
-5.68029839898075
-3.993488572190384
-2.7036412799436675
-4.0051797334309045
1.3922037544455186
-5.725341337760193
-7.034524967822695
-6.250382444123536
-3.7003481060683843
-5.664533325721481
-5.414592716751644
-8.347787970356322
-9.573096681398813
-8.351489592328056
-7.799605335303439
-8.45458587059881
-6.240049495581834
-1.9685022688165246
-7.358963455983447
-6.476337685970496
2.720949663874567
-6.606847782159154
-9.655375048958312
-8.097725249621199
-7.904046158743472
0.3775256362159216
-4.676561883944513
-5.397314308883281
-7.464166652809915
-6.637684582339097
-6.684353346647378
-3.302040590037878
-3.511954973390237
-5.663020603759062
2.338525705844025
-5.294624634950026
-5.5282974182834765
-5.594394169661233
-1.308035675848814
-5.935681328779964
-6.797864987947305
-6.444074559799281
-2.776026617857254
-4.586152160121439
-6.856348622503166
-7.0829250396731105
-6.870985543648606
-4.756108791341477
-7.734225532680809
-4.00266681270676
-4.44671375349895
-9.893607566112706
-8.739580160229965
-10.268273013667846
-6.888540220463821
-5.4157417958398995
-10.22077372401591
-10.332215411691218
-9.220809820967329
-9.939255852304816
-9.169558557554716
-9.81746295055328
-7.14335641789733
-7.744907386012109
-5.935623486412302
-5.329057231711953
-6.172227683477343
-6.093563205931029
-4.009055506033917
-6.673583067982124
-4.597484053791228
-7.057750606486608
-6.0418316227118
-3.6516549189403453
-2.9186322046866797
-9.30146640617728
-9.30611080651308
-6.652164523162872
-1.7551222085542482
-3.5558844196482764
-7.970014785181615
-4.923145975238737
-7.5121801512345385
-6.634551475111124
-7.0056599637597
-5.505354311487651
-4.129031323720428
-0.1555636847922468
-7.822948876538547
-9.666549397116414
-9.494131000144696
-8.356977987532758
-7.124922926989715
-4.817210815981779
-4.624463039367082
-5.131282135759476
-5.151291063679203
2.1373320661571653
3.4259540049502184
2.307544737472666
-1.6514623223993674
0.681788178330557
-5.118697639023681
0.41192166865711344
-1.628954437041854
-4.945862099295435
-7.0883116344285035
-4.284406816628462
-6.884578610879433
-5.137948571508144
-3.0329555418690313
-6.231619468074781
-4.906052972956447
-5.399302000313973
-4.371691682988934
-2.6324645797153727
-6.097233655722753
-4.086334002289892
-3.8419776169621684
-5.575921983068175
-8.534991589559048
-6.878080504404487
-5.509434500346485
-5.451952075775974
-4.057953425066133
-0.19786958107361663
-8.34152645279755
-1.936321836769407
-3.690223807787604
-10.24955986653897
-9.043842384861096
-9.450703895914423
-9.0295349264385
-8.507733116058343
-8.698853399883498
-2.521216274753441
-5.16741551333479
-6.627460451970704
-7.050523383260782
-5.516500044511719
-8.099988457333028
-4.89761183544015
-10.852689048748678
-7.181134364964864
-9.282884186369186
-6.8823039797796035
-7.493940995870686
-5.770970078171855
-3.055103119066816
-6.278328030924514
-6.647213559610144
-5.426684720824751
-0.5691335132572011
-4.429394537496468
-5.759726365969412
-4.909360191457274
-3.001432849644323
-5.966524596979979
-3.0337765958563225
-4.203168989956035
-6.905281479529979
-5.757633194400162
-5.07757892286591
-8.601732871218776
-7.7647384695538575
1.184591623045446
-1.269884718876562
-6.561500121322725
-5.21329681677445
-6.12366606856928
-6.119347757374682
1.4598732430025814
-7.715698325117952
-8.563531772624497
-6.575661465030454
-5.82511628860658
-6.68583645372551
-9.246441422631708
-3.837438830352642
-7.533942440632832
-7.114218483733034
-2.1732149016826843
-4.463017960874565
-0.8318602104786401
-8.562357293639572
-4.4067931180909365
-7.891419809207456
-9.151366878559758
-9.41810592487745
-2.2267250387302595
-5.82361053251822
-5.491311966443613
-9.042730013511768
-5.687879626950382
-7.701651081173211
-8.66557553040376
-9.53166574324862
-6.177780097576504
-4.651319077625226
-4.4239325450669895
-10.158143753507503
-10.545307533279328
-5.182521210204502
-10.602475948301128
-4.179476663063447
-8.209818936169953
-8.204934226627037
-4.1223550260372335
-8.333444007407566
-7.997484224512115
-7.955195502837293
-9.921180500549397
-8.98508640024763
-4.4896708326161106
3.6732205610089514
-4.7845904801024615
-6.599211062214851
-4.798589763670317
-7.56669173130026
-7.540163376135077
-4.7359729477505645
-7.44331115146508
-6.8899105128377185
-8.106493918712815
-6.104712504108527
-3.5367689886182987
-6.090274444766183
-6.411313714568639
-8.872409741530651
-5.81911203828124
-7.112068396993857
-5.504165611638275
-8.325850878707758
-4.892418052532477
-7.344902671095549
-8.76335098003298
-9.866958556902876
-9.349553519968719
-9.712842301156016
-5.826753679792075
-5.484519970982281
-5.231729736642684
-4.968610927610715
-8.273727932048034
-6.644380349583895
-8.725934199505655
-6.290614187040123
-4.783688292653948
-8.978995976786724
-9.366252467591396
-8.061456461671336
-11.092343374827989
0.5197012994171158
0.2753689169581097
-5.959881503947589
-5.701503973505929
-6.06693926499925
0.7557527688415258
2.2154824331972947
-5.912154477390498
-5.8829360740441725
-5.639386894512837
-3.650167309661116
1.6975286655212232
-5.4144709006324
-4.194734695404566
-1.9386092139072502
0.41324146215396884
-3.5005445801909847
-5.822231075265545
-4.270629920889247
-5.91429604929754
-7.2683252206551
-1.9113981688209174
-5.071362683999186
-1.1846683765819344
-4.430894867695027
-9.168069553351286
-3.9511553195012796
-5.710246486176126
-5.040771691517927
-6.522278052476542
-4.809527888166725
-8.185739939969757
-5.8901286904133485
-5.71028299376472
-2.0682606504804424
-2.7465121616187065
-5.5713049108301105
-5.521554975431477
-2.991162159870881
-6.054599754215612
2.074511634600991
-4.62536581591884
0.8547673827626301
-3.7092447723248103
-1.0770790914282058
-2.395324892770081
-5.43240608073155
-5.47149934701276
-4.547745989498029
-4.720095553765749
-5.56515967254101
-10.487818203328255
-8.808867301891246
-8.442271396379748
-8.603677472274109
-10.386369856456206
-9.123831424872474
-7.771638126203692
-8.851272393083637
-8.766259053967875
-11.551206109899645
-6.821455736976551
-9.293176433391334
-10.078053987858825
-5.5467165099772915
-5.538397638265968
-7.975178012653051
-2.913691235395493
2.1513657961016444
-4.582280570166882
-4.52299183122277
-1.7207745878284677
-4.215099872295997
-4.3761833260914615
-3.8168499146973573
-8.28163812131416
-8.916772189350253
-7.9495670816519475
-9.604718378100008
-11.219974980909395
-8.61696269441619
-9.8650482774497
-9.121903257104671
-6.598307488235077
-4.530275138123216
-3.585590452866068
-6.317797322887312
-5.8643109907056346
-5.665448233136879
-7.351975218443986
-4.379105565921054
-5.132072634627619
-7.391309517727897
-9.88982978069104
-9.493806527756336
-7.249731422567843
-4.991046105739944
-9.196436232027965
-6.921748525118472
-4.191498311167325
-8.651286862539502
-6.069953390229317
-3.1448872596584945
-1.6291952377100989
2.225080792377701
-7.968822733715261
-7.878398591240564
-6.273084639976277
-9.632445889451692
-9.284185931304895
-8.43402129299996
-6.72116927462628
-9.82240915641816
0.04808420813623315
3.423178832870986
0.845234841227992
-8.201171109612243
-2.825614891539657
-6.438882094898716
-6.138981836553256
-6.37478717321643
-6.873132742668473
-10.408423571078998
-6.498065644756896
-7.102836443330688
-4.631707689652256
-4.489480751042081
-6.435492841092847
-5.289241262894324
-5.078948914688394
-6.589255938863326
3.7770953216148015
-6.484185299786273
-4.640681589647182
-4.632857042178806
0.2778052095141408
-6.31103489459259
-3.532692466822764
-5.877220241874176
-4.680207125797568
2.6943780899837386
-5.230678706986868
-8.762169316761469
-4.1396832537414445
-1.0449951998732203
-6.388047211391523
1.488126935613604
0.4524350212770649
-2.046883900014445
-6.357700507743972
-6.500631404812168
-8.280818814504185
-2.9762866409463467
3.2162442051120683
-1.1434036115719832
-5.14080363373703
-6.00681358240832
-5.041079677588517
-3.3346366201067035
-2.3324036527682757
-4.140937666009935
-5.475410145122474
-8.790135062834086
-9.725525974350017
-6.343535154935375
-6.568455413618863
-6.603891890426869
-5.489227140076852
-7.634851921346884
-6.738566202756592
-5.50003609245535
-6.767299906903134
-5.988163581335712
-4.183298119650801
-0.24418959154841435
-8.91567087422565
-4.1707772208201535
1.6368781690696097
1.6585291989141433
-4.3370771822140615
3.8560942040759785
-2.4533045087006218
-3.544391128504777
-7.162567869828113
-7.602074944760043
-7.5004081819500685
-5.65756115502128
2.1065584376182227
-5.7500677378586875
-7.35044689198424
-2.6105371080183426
2.222381719641766
0.44907419037655294
3.386375771599888
-10.831691261956381
-3.178930905568608
-4.150210359190452
-4.6023538037011065
-6.033246409113781
-4.871606123529895
-3.0480195822949088
-3.075535071262407
-7.075758298587179
-9.115829910863223
-6.909911054088999
-4.387519317248065
-5.920863206867121
-5.798803329675591
-5.903935850013545
-4.346755075605646
0.9043948115930598
1.9718974286767605
0.47156595599598927
-8.05364821445541
-6.740725669456158
-5.586668272271978
-5.072396896588844
-6.265579709495573
-4.90099921500464
-6.344090093830534
-6.304541959206611
-7.830135384749599
-8.64385101647723
-7.090286756549029
-9.48246182149959
0.7174097696595558
-5.823287127169738
-8.677305310345327
-8.423684869476276
-9.306272978975018
-7.181732614263776
-5.49852186415635
-6.825537753665038
-7.981515598267776
-0.8396398315846154
-5.109453754921947
-5.012568793185453
-2.6153683358318887
-6.263474351920099
-8.091182630267529
-9.353212606894216
-6.576020654792814
-4.794617357899809
-4.180227025441688
1.9105811115061957
-4.474519815605032
-5.234255109718053
-1.6575793080398151
-4.568935553817838
-5.637550497500988
-4.1296066025294085
-5.966169981193843
-5.277556990390411
-5.922121280932878
-5.088024965533659
-4.744028917164343
-6.6904116130844855
-4.995895063383358
-6.812793853618864
-6.79286242777918
-9.305702025380386
-7.156532427230096
-4.672775079777771
-5.762965407345004
1.5684073802328053
4.423318576684079
-2.1595984257869425
-5.637639647197737
-2.116959508474485
-8.977880639075927
-6.94634233053288
-2.880679573219309
-0.22209312315642837
-5.033430029329674
-8.387025286738965
-4.071977808075263
-8.777343836769596
-6.3610438624264365
-2.7810407831892094
-2.0968577145235123
-1.9936220449025843
0.255030753402573
2.850016202923153
-6.342021826084158
-6.887833891700998
-10.172059760617483
-5.558569482731478
-9.456555554752912
-9.64658339526167
-7.290256470513663
-10.013599853170946
-9.39239945838063
3.643288077815199
-2.4133481635988256
-5.996324921571778
-1.6208153580102758
-1.8792170295985886
-8.393065232687233
-5.727961469528942
-7.035161084520489
-6.611103851623778
-5.675469531733828
-6.245079196048754
-3.646752944913164
-5.6947210472583185
-8.394895708518112
-2.6237632678415856
-0.4704532854775355
4.020360270660306
-6.069294710277205
-9.403985304271144
-7.606030025436664
-8.390941828806113
-10.081217276146633
-8.299079417173157
-3.616518159253056
-8.296092119677933
-2.9929365456921553
0.5371423648905671
-4.915368875187471
-6.49810620039148
2.018246915482029
-0.5166918808379625
-9.131524134674287
-10.431504847213207
1.880892371839257
1.1077753344600632
-7.905677272950703
-8.911483112093967
-5.779741508013399
-6.770160031464668
-6.622909404261291
-6.953603966674354
-4.508668440959225
-2.119735459914206
-8.524531744860898
-6.917905563129621
-7.304424860979724
-5.011522850351786
-4.2034855997684275
-5.990999516491391
-8.109172272593305
-5.161335934764901
-6.023853186981911
0.28739623964534067
1.7895447878799358
-6.443556153230321
1.4440429193587743
-3.664583740329054
-3.635284732460312
-7.089739911976932
-9.2947662047336
-8.390144509371948
-7.706290943795663
-5.635331422372057
-4.749765085559372
-6.683734934586608
-5.831619104311136
-2.687059324424772
-6.0024277645330955
-9.005460754547117
-5.990625823100811
-8.004236965292082
-9.852653808776878
-9.140974891784406
-2.8533810990753397
-5.651809011257772
-1.982643544953825
-3.9326217782749255
-6.8584122949859765
-9.250641257376031
-8.577532635102566
-8.857589161781153
-10.278691554669514
-10.166603718008174
-9.841030741169316
-7.900243889370209
-9.5782994817459
-8.891483625405224
-9.94497353460712
-9.305323991039062
-1.6741032807968654
-9.889484404160292
-9.443230980504167
-11.39926071545828
-9.108307110935408
-5.443606512467696
-9.303384145713387
-7.348086626136961
-9.782457535871798
-10.585080881309143
-7.109439211808207
-9.82151357452976
-4.959057289760733
-9.54188739750596
-10.209846011482822
-10.013462307469286
-9.977348418362698
-11.002158447750672
-7.2619404092097755
-8.263257250533266
-7.580375790274014
-4.668028554180772
-2.5533085534345616
-6.679991731887782
-9.39373559247061
-9.4556510812264
-1.8859231020292602
-8.245101269541273
-10.396554995261939
-8.861734648054226
-10.353790529274942
-9.864339932156053
-8.327637816495983
-6.362763848023769
-2.5096917770538236
-3.461554557503514
-8.733261891208663
-8.735189035925272
-8.964308797716297
-9.806712103344266
-8.411161778190378
-7.653244927803769
-4.7062286567575695
-6.315726984212908
-7.723425270247388
-7.7789682559665225
-6.963586221403789
-9.903628853923667
-9.8210563656618
-8.837976811112604
3.5525460512010123
4.622489394139526
-8.069524723823331
-7.5720576966626
-1.1583862195142836
0.7838940067719061
-2.5943328399941343
-4.6899329454177945
-9.06948707907847
-3.913369371798657
-10.142113075761959
-4.755758573214058
-9.452518542444487
-10.142879151357924
-9.591562693321528
-7.416389698778674
-8.611294728942926
-8.96787673222
-8.309684339783994
-9.106801564959238
-7.687667676830927
-8.096444291058695
-9.91753257720095
-9.340831384647249
-4.68799146683922
-7.313376724982837
-1.9721221665574167
-5.279873111274126
-4.282817742126919
-4.440348619426659
-6.465949094982717
-4.093937280156813
-3.7460812423550838
-3.3331916811018374
3.504603012748291
4.021784445222888
-4.500854366173099
-4.911770445058963
0.28064344540807373
0.5852065946211067
0.6210973416110632
-10.3789311303971
-7.9380708548732395
-8.039227547603273
0.16811610940890698
1.4275867988902944
-5.211827899415719
-4.63271113834835
-8.352307732357083
-8.14783363990822
-7.189503744095443
-1.696665783425444
-11.24930498635552
-7.9806868441411485
-5.8781078176881705
-6.995516704339429
-0.8171680195702248
3.207315509818882
-6.194750986547383
1.2315293386302923
-4.615487538189881
-5.032440499274724
-3.0454477184379964
-6.941948193936632
-10.544843045502999
-8.551004537795203
-1.7314193570276775
-1.298494312233327
-3.0494850110845126
-6.648318083973635
-3.871036030627639
-8.227057730474698
-4.912224213693994
-5.5947649122142655
-5.592514021349783
-12.872943638520399
-5.660082431923668
-5.74933554698692
-8.296806875764826
-2.7574363302687797
0.801768903376994
-10.060479804604318
-9.49539485680918
1.9182688896717701
-1.3932662443005093
-6.048111942200348
-3.9343780388454577
-10.776412999950384
-1.5917851370815082
-4.8886273463025
-10.75771698032507
-2.46171140393547
-4.4889025621130045
-2.791150328842235
-5.615770554229621
-7.88594130178209
-9.962454812064273
-10.511809093019192
-3.8326343295966954
-6.590741840395411
-5.499860313339461
-9.525674334112288
-8.264153069145603
-8.331291956407437
-9.537939425796756
-8.431874413722259
-7.4475220840204255
-6.122212260293111
-8.550063569190321
-8.80547990244901
-8.974740560447692
-9.059418768814213
-9.150248242153193
-10.28278925254573
-9.380204025394773
-8.289972116982636
-9.76679438759105
-8.092013510681397
-4.674052506106399
-8.767690257327219
-9.859952591972286
-7.442369113945187
-8.239711754408901
-8.782661738982338
-9.105292307980083
-8.203829719404284
-5.367055497990048
-9.584447068865348
-5.936877564907772
0.6708173072168586
-0.6578835555606388
-4.733900656335431
-7.1570302062065005
-0.560130927756023
1.1546686067943124
1.1462752184782479
2.760293679510231
-5.909636812290917
1.3021986134582242
-6.100370132261021
-6.310511371233646
-0.8529921580862228
-5.672108486970082
-3.715326959673571
-2.6379594263667183
-5.806864800874355
-4.495507198052055
-0.33443839759928917
-0.5062708240958923
-5.655910439978468
-2.1411054244445933
-6.82463757492024
-7.226266767233432
-2.417712674630637
-7.422771659766621
-6.700451254031436
-6.147751069162089
-4.734630927325551
-6.334127245555057
-3.4053910293736624
-4.0021081017458044
-5.485882205614622
-8.852171666506027
-6.382013982196188
-8.321405097020941
-9.534802032601856
-2.1728570119041484
-9.297303037267074
-6.550387296529854
-7.626521043782468
1.9960064643954676
-2.99890620502352
-5.079970876334192
-1.4623306683414634
-7.180556313995766
-4.445899986542196
-7.1214339680626555
-6.372805992682391
-6.075030120286898
-6.781390332493488
-6.8266305095317295
-2.9393588106808153
-9.015112627989705
-3.6799947542848095
-2.5024672898750997
-4.166412681530241
-9.682948986626577
-7.459608211842069
-5.752509231073114
-6.676664566474334
-1.9925700326681857
-7.5666710276575655
-6.204131878901486
0.597617408135233
-2.7539666581576356
-4.571015655098209
-9.486627140515926
-9.163923470589252
-7.186508954275152
-4.424617771516829
-9.4207176806055
-7.435691756553795
-2.574816956136986
-8.054691215986555
-7.518171763594689
-10.29334986194472
-2.444368794200468
-0.09024488525670471
-8.615986094325184
-8.318321234955706
-8.983193106851527
-7.982818664276993
-6.727799234688147
-3.9246440005453413
-6.094515416199483
-8.917099178215405
-10.978797560624459
-4.997214266940264
-6.662919360343318
-6.85715878507663
-4.9906711260263235
-6.884919305825847
-4.978709530643621
-0.2896713402586977
1.6156277077042007
-2.4042598977531457
0.2564987670140556
-6.1038518131756705
-5.320720675883198
-6.673993475944594
-7.599375905103551
-6.8789589074711905
-5.091917171933269
-3.6565347741658374
-7.49053982235657
-1.9918281104979416
-8.617539395648423
-8.425965770415397
-6.397196339614592
-10.577343040757428
-10.77027832027687
-10.429417338909886
-7.486524781423414
-8.484965306111986
-5.692818799109481
-4.738401599757414
-10.449161729676632
-9.375246622527403
-3.067226138271012
-4.113730651464829
-3.1129952717193925
-5.881991188001855
-5.193154433336254
2.8788506413257378
2.294573597928604
-1.4586760661726998
-1.7253097378715188
-8.956604211326765
-3.804866994604275
-2.520052009521394
-2.8435097016134634
-5.8436356307861415
-6.131297381818429
-3.545066336141195
-4.378822642852571
-2.218956973841144
-9.723034173444734
3.481423017147949
-1.819036762296544
-4.741771691952159
-2.7925193058843387
0.5220640322260699
-10.819013101359603
-8.503003898715837
-4.2166100103375745
-8.404101911684407
-4.352157202962391
-10.441012514174728
-6.628506680042964
-9.652655332336014
-4.768367055683693
-5.370134742741254
-4.484275727780347
-5.123894525455588
-8.058602506907492
-10.311185795832266
-8.52949221767464
-3.8650576735078612
-6.506496688863737
-4.782904933998671
-6.046342643669499
-9.470968127069893
-7.17141892279624
-6.2470497833559735
-6.825784581397411
3.153404731600327
-10.038737143523738
-7.574015209763489
-9.941673865405894
-7.8851181772879935
-9.80471450536913
-8.033351206292574
-9.333714534731747
-9.584771304525745
-8.817141386253526
-3.711874233560841
-2.416390529835328
-5.719654968405599
-10.497517179106012
-2.719425477846076
-6.929608430320696
-8.04764287763151
-9.551425708804295
-9.491118599470974
-3.4354829626380146
-4.119322756371532
-5.569664293352004
-6.2135890424647
-9.463818361214004
-10.460925771429254
-9.841224250283991
-4.478990763087644
-6.55602571158497
-4.753248229141367
-4.677065297566812
-8.277294074230145
-10.005216483020602
-6.997742265285574
-8.52870997944384
-9.735710849787173
-9.659899153528746
2.2809003151971687
1.833038543042418
-0.027305404573853165
-6.738414903636687
-5.932274898239364
-2.07134374240022
2.973222389009499
3.189280281494746
4.1704051849144985
3.8286992751737046
2.6518251183815766
-6.132479890932593
-4.731912321951304
-1.5021961208818122
-4.869631175258294
-5.806361954982892
-9.814654207138123
-7.138082325382567
-8.343742479005813
-6.172957138093386
-3.5328160554074928
-4.634276053392319
-3.897089455975171
-5.100448577470817
-3.033334143157714
-4.4810934848065145
-2.9242136096116447
-4.441747967842029
-3.9348223533165934
-5.477619258395322
-6.4127591287361065
-6.8850297711544926
-3.1150217283791872
-4.619499890764082
-7.3785178983003545
-2.942592524048905
-2.042268641434865
-0.7002048649807491
-4.63427384225591
-6.076449651564423
-3.217427340107381
-7.017108297812493
-1.8028403397999917
-7.443636928953943
-5.380315582684237
-6.634631033205742
-2.5555008995919
-5.560532879046597
0.013690491239965796
-3.6467134626789495
-6.0096398566217655
-9.984865793292308
-6.764875306985258
-3.547699555212041
-1.4650900940523455
-10.078441884744844
-8.730601579707525
-11.291242045080729
-7.917412600472894
-9.013831761602212
-9.825900493682266
-8.566677309212498
-10.274330535112336
-6.948726220703551
-7.441495241582087
-7.182520347628293
-9.753236625389356
-9.266875148832796
