-11.990195079009164
-9.46549982162096
-7.340526488975166
-10.664775436655747
-8.959598213897568
-11.241035571094677
-8.709738341409269
-10.169667914008134
-8.40997375656537
-8.155765895733953
-7.786301622465727
-8.840384963538725
-10.573277719977114
-9.935698214907893
-11.027883335030136
-9.417502906280017
-7.366641790166295
-12.16692413300072
-11.587559999721499
-9.231587878731744
-7.491476059358572
-8.251638258318765
-8.342154630671665
-9.51072488455673
-7.226294041223196
-8.088793497502385
-7.213748751375425
-7.923452336812211
-6.737167585552814
-4.775558181626582
-9.802762037688307
-4.691362808014499
-10.704952696685243
-10.948005786807464
-4.440660631517865
-8.231027492441068
-9.148986047083511
-10.009562573343995
-6.365647895580952
0.285478463424244
-6.049518394377047
-7.022294206949473
-5.381607833857197
-4.105311320739677
-5.705447778702704
-3.199821802981638
-7.72108165571925
-8.813967194010592
-10.835965182581042
-10.746394350856338
-6.220364113211296
-4.565291246551454
-6.878928116443886
-5.557931684891685
-3.6255187637014146
-3.9332932430073253
-2.0434287076929207
-4.187508783948898
-2.8234136702191086
-5.237240845369669
-3.190236224162647
-5.485818496598521
-7.669656612181926
-2.966612439896465
-8.3687854408769
-4.04168076829853
-7.182167321889896
-4.013834163018695
-7.893113906796901
-7.315968609397581
-7.21140286507095
-7.655583138490638
-0.8240077075595602
-8.881659004470432
-6.806534574870503
-5.6071482069214
-4.348627851875705
-9.878391245840417
-6.82843547036122
-8.084330906233467
-2.57567526019791
-7.644553912721292
-8.770678133130653
-3.4064497563510816
-6.886661299541512
-3.340392154058451
-4.034585927066602
-2.0686612069374055
-2.860214808366419
-3.379951470501588
-6.8226843465722
-5.708327065311424
-11.622124177423169
-9.436781298204775
-9.637931117232489
-6.709698172932973
-10.641510762298589
-10.821232087534442
-10.312420336974691
-11.847439592253936
-9.849668778778154
-7.457116814411448
-2.7944666513862284
-10.24707818552339
-8.71462454091644
3.326354588494795
-9.841274181918966
-8.797782843452646
-3.1868451436337875
-9.400842880647838
-3.3471329444849838
-8.01600305300791
-6.245632641142498
-6.324509751808297
-12.949487366468238
-7.501482559383119
-10.550121983827202
-7.850630966868821
-9.096843775581709
-13.282166775600967
-11.613626301684166
-10.48546923761739
-2.279130023982285
-8.6318634550787
-8.308323936365156
-11.218119997540654
-10.752049618103813
-10.792828314196107
-6.85960654274107
-11.091082903187058
-11.072873209237995
-9.070826543061195
-10.162354087581564
-10.981589708275433
-6.454614447295181
-11.152073722810774
-9.650129030844576
-7.537886693384529
-8.45373153892942
-5.514229784536274
-2.4414869471900187
-2.7582781412080055
-2.6196322771941998
-6.37708330994802
-7.915617222763799
-9.674690103314234
-4.2933137913115145
-2.7730661808223207
-2.204744256709437
-2.4060874808485626
-2.4369034404453296
-3.296323068577707
-0.16203155870652297
-0.1732704469014602
-2.1591316874694275
-3.2611766056299945
-3.7485692180474337
-9.103875667735638
-4.189833133060823
-9.630682374208051
-5.955334571884303
-6.250269521111919
-1.7261302584629221
-3.017021360456271
-4.190951072534991
-3.689379317565884
-4.1306826427293135
-1.803878381012906
-2.310705707087618
-7.213765869238762
-3.3896194206403494
-8.040660650264092
-3.913956088243366
-9.805103385573245
-7.364838451051944
-7.877681281129433
-5.478208544814953
-10.603469899020691
-9.461719171424829
-8.032286000587051
-7.967159157767258
-6.671366405721619
-3.8563574389123834
-11.416811153170391
-7.074477636996163
-6.464372374449905
-8.329501071957875
-6.540564223171782
-1.3675786195754274
-5.016994108258151
-11.01338257048255
-7.786281435646777
-3.3358862438823804
-9.551214015236305
-9.707825717187939
-10.950270015263765
-3.405486286069736
-0.09928501693887856
-4.474297190154924
-3.7766602606265947
-2.124702291818302
-1.679325496997337
-4.645257863470916
-4.276075132689948
-2.505493531222677
-7.764974834538519
-10.963795330281174
-12.190839062161459
1.3942187606166292
-9.336629108743974
-3.961620586878843
-7.2677492441819505
-9.703840883188416
-7.835620781757827
-8.487173815838343
-8.64047364639143
-1.063840458053711
-8.605063552232734
-1.7861079811802345
-4.359021049663003
-1.5437205105425527
-6.938726219491392
-7.864066127024325
-8.158946409346154
-10.250937801348197
-12.332124476149875
-9.289185524769506
-12.282510899063366
-8.588060715127808
-9.92926211267995
-5.666595843047697
-11.139322969073614
-8.521023612400803
-11.759388484761466
-4.93872353396689
-6.296223640984608
-13.113417849652157
-4.357091100018297
-9.066637675118637
-5.757091759551846
-5.705994413681542
-7.465428902182068
-7.028927242137755
-6.909694180400827
-6.229163164966471
-7.773892464348609
-9.332605844307297
-7.5333651431241435
-10.996901532853867
-5.047809632373656
-7.709251472817991
-8.570798347934327
-10.465372424851441
-7.6356211689892675
-2.2380044773411996
1.7654848392560227
-8.183564177839912
-6.751773911332482
-7.511884989392948
-8.359497241323904
-9.753556926034861
-3.1666687932971262
-7.4026886671821535
-8.238859621563087
-7.887472134032785
-10.16597463741447
-9.731109749164439
-2.5349163514054966
-3.432492148489101
-4.409367391730292
-4.799724434112843
-4.221023256758151
-3.590808914721565
-2.976202745882099
-5.129832082729032
-4.782342682494205
-3.8486533593066374
-4.110161469275699
-3.6199936223601004
-3.3794974859154907
-4.235686715976992
-8.869507854913612
-9.74105618729387
-10.081369733004651
-5.072538651402863
-9.754312433895906
-5.109124468556647
-8.813418362202112
-13.381831533913093
-11.881798160646111
-5.99458660163324
-8.47590507142271
-2.947193334061795
-11.59813256539616
-12.047834833482465
-8.360716398894096
-6.783375442695723
-8.80368143199373
-11.098331181028176
-1.0276898494143027
-6.739880470184268
-3.101013575105891
-4.069904833085456
-4.514480773926991
-6.4886285479884585
-6.587951910863949
-3.5035239817488253
-3.2437885551966725
-3.47150245082748
-8.427677471234809
-7.390055489178849
-11.046440483957573
-7.2081435518642385
-8.942328860810006
-9.850329669386332
-8.955260889630466
-13.048735820397738
-10.321385090870441
-9.374239475534855
-10.463985221596538
-5.120185393591556
-10.03338436662166
-12.239904855684635
-9.028182657060702
-5.766404703980075
-4.110015563193883
-9.83283166469986
-10.883486960234753
-11.066975075947296
-1.00782286870553
-6.058808810843974
-8.907628769932124
-4.0733457753651345
-9.807134021370922
-2.8196628848459504
-1.2459707972611611
-1.9595978311178919
-9.437060626508327
-8.17946759431239
-3.496642646358639
-3.029698039953515
-0.9960573153041706
-3.2884925451581344
-1.571087012986695
-0.5753167298418824
-1.6730043503920717
-1.9559858850756022
-1.375207394555738
-3.7445633434949084
-5.557405523210183
-9.505399591975301
-3.211325534859079
-2.623736211470775
-6.184718123825179
-0.1965398621723509
-1.1970144687606274
-2.867252311509769
-5.829761479879247
-3.366477246607568
-1.6382205645509242
-2.347899503781376
-3.1007801402203916
-3.292272976423122
-3.1749861378602264
-3.1851004957909694
-4.390158755670054
-3.4174977456739497
-4.422768077818844
-3.78454020786185
-3.190905673586667
-9.429540096109447
-9.602514683337393
-6.397926570264363
-9.120759363152196
-8.599948817849974
-8.499908359747108
-3.179439228021756
-4.145236388726544
-3.0891080345619555
-5.184742980807187
-8.912366262711386
-8.675903078494525
-10.383376648150612
-8.969980314784806
-11.361157408534202
-7.727123358892971
-6.001744468527148
-4.899646451258044
-4.953194866469587
-4.318531386380625
-4.377646359145998
-5.361831517646361
-11.981016901066209
-5.554567424335653
-6.6739529320943864
-7.2486149268877185
-11.138444080156578
-6.9438975903476985
-6.635615100575122
-7.466034020820656
-8.875409166913961
1.1466354483395944
-1.959715797624633
-1.8866259333528246
-2.107208003609839
-6.423742938744184
-4.47618538975664
-8.55667161931154
-2.430038454247626
-0.25774166077816746
-1.0092819008292233
0.796785348425603
0.33839163353347856
1.9024429587176341
0.82208619451412
0.09706105852058577
-3.0020541758564883
-1.1266333687461225
-11.682023965553132
-10.288961460171786
-12.50661469863787
-9.444431635575159
-3.8998954059840125
-4.379448151654645
-9.89136674936648
-1.8391166385328632
0.20670682924177974
-0.31820268330787616
-4.892087460925734
-1.0840903555051238
0.8310135296391029
-2.5424783857363735
-1.617353446449691
5.813887857946169
-6.7678483547518855
-2.8348043002907986
-0.015613755130422069
1.513987078119364
-0.172368261065168
-0.8319337260114208
1.4065051656340473
-2.1576844043842236
0.5640557389152447
-1.4287494020673448
-4.830213969018767
-2.712497610028916
3.111590183289956
-1.9324695121995756
-10.863312733401035
-7.716516170329372
-8.503549297375578
-8.065114987454393
-4.100850431086257
-3.493657528309372
-3.7307025202538866
-5.656565178713005
-4.549662278389495
-3.070950916060096
-5.895939413112954
-2.730928172341351
-2.6149579515912804
-3.0561791662240045
-6.673149193846244
-5.643741685940656
-4.820727168668191
-7.9445085334078165
-7.959456355594828
-6.319963529486637
-5.533516898617268
-10.717414292984381
-8.950531197835627
-8.571971773344321
-12.663427479059829
-10.530542007259738
-8.915600292479542
-10.805010858362389
-3.331764053544301
-9.206146633048302
-0.6846127612914529
0.5691903405748191
1.4357047449569236
-3.4974009269248585
-7.795200717013833
-7.944937597436164
-9.516277355856722
-10.18970741522894
-1.9208508593049496
-7.535712582256965
-6.7834019268038235
-4.800198696886519
-8.452989904448723
-7.884396887239268
-9.239241100651277
-3.6274112874328575
-7.872982709740615
-4.281234618661404
-1.2292228326387282
-4.689503812292188
-5.294613137162237
-8.93745131529646
-2.2847345423346503
-9.26605489137188
-3.0996444923398796
-3.1853790013927648
-2.519265936538152
-4.673525768712887
-10.13051595907787
-4.505482166608811
-8.714648938319087
-5.890952432987039
-8.456116809618951
-2.5572198936698665
-3.289573786753481
-0.007970769811745937
-6.896847313008932
-1.7850864801865298
-5.387031335215127
-4.802888682018468
-7.640792002959251
-7.309474452215015
-2.216325699039239
-5.039780524464022
-11.934346345826093
-2.820172023245677
-12.040562777924128
-2.0595110102432317
-2.0193231035700676
-8.191310354853107
-1.4294099600191137
-9.278741974465316
-5.523548955495759
-9.576848619459467
-4.105833845306215
-1.5679110080756449
-1.949993041879328
-1.8370749833264184
-2.473789476038515
-8.78141530265572
-8.242486233215981
-10.516818744969472
-8.266749919354915
-10.722477051689054
-10.609262451846533
-9.831842224050902
-3.402102208884531
-8.737717594827108
-8.00331009660437
-2.03437748560569
-2.7614029884155067
-2.4372350459096306
-2.592823652421259
-5.896210565207
-6.15953652473521
-8.662673131965626
-7.047916870122757
-11.159980428536851
-11.423137604763197
-10.569716827525177
-8.857241835698211
-9.045284737655333
-7.065007068423162
-5.56652015337083
-2.965077843687507
-8.246079466141458
-7.3917413193106745
-7.335241867974433
-7.407984241070395
-6.236661141219631
-7.25552165132039
-9.164431956128034
-7.381777217783273
-5.752423995869487
-6.745036179061125
-6.146644101722078
-7.591947074124569
-5.748043035393734
-3.583862867663017
-0.008643784546029348
3.0689142719390583
0.635407995498563
0.11848446907337909
-7.9481731528748405
-5.473772158756345
-8.07811056629274
-8.86591234825509
-7.395151757424487
-10.190450013180222
-7.842849975096878
-9.804849040731675
-5.376834346383461
1.544514916276042
-6.720440720521492
-6.966631991769392
-6.850803417877057
-8.98267769997599
-0.887600418102662
-6.771612578177875
1.7389943485747181
-8.12008825638606
-7.913450204236501
-3.722434165738698
-6.828544559256903
-8.185384775361456
-9.130676276540722
-5.338511951247504
-9.281518664145707
-9.071191267363785
-7.526741987400386
-9.685241464229557
-5.4382991064899455
-6.132483977031326
-8.095177349898218
-6.035576609860354
-6.499132511886334
-6.057913706477466
-3.8087592373605244
-8.173439524207081
-8.40171965109948
-7.237567170335394
-6.573175841252279
-5.489153642435424
-9.085137802430037
-0.7919868446470236
-6.176860521031203
-4.0105285090991565
-8.230700302696954
-9.206874015465555
-2.083961856914718
-3.825165407147009
-10.01905559654516
-11.57082511983749
-9.045284973231619
-9.285799715041925
-9.060035212488021
-10.772106516366497
-2.6596604853845256
-5.975410779168556
-6.203633673178116
1.1102669214920644
-0.5313158163487606
-2.925609941425845
2.6664617524809255
1.6861024453912168
0.17661257757187687
2.5956439463539462
1.1966094308190391
0.13675694337600175
0.6010680930147491
-6.493297760233858
-2.804403696891255
-2.5302725876439807
-7.094216611198375
-10.421958017401769
-8.288702301743761
-10.139892304529631
-10.88955775911243
-9.912171172757532
-11.167718738621137
-9.364066856665639
-11.011934565814492
-9.267274516003148
-11.771608971599914
-9.996700826497596
-7.046022641041925
-7.664908662939325
-5.029113813198761
-7.923327665204987
-6.883098096106325
-10.605903948825393
-9.056789664639963
-0.4807937929976262
-7.300416497014425
-7.328430710504219
3.110135252146725
-9.082409874959206
-5.079093002176572
-3.3230427797259976
-3.7756903735723686
-4.37020403654993
-3.2971204267142755
-6.497852484846401
-4.529660510488671
-8.260499682191181
-6.320244059657805
-3.604633756135282
-7.544724014800795
-5.647481343149376
-6.374165017404188
-3.360189864474735
-3.47136075427706
-2.391326211354127
-2.734002037990806
-4.29967594243017
-6.833731763325255
-4.851141961226293
-3.6758134985382984
3.3292100241832934e-05
-3.253774723898002
-3.5801847092305077
-2.555681216540519
-2.6581829991560815
-3.1790850350810738
-10.53024846371087
-8.323733393368913
-5.798288533930325
-2.149908151368595
-6.1839028539866145
-3.1435376021304626
-2.048394446626969
-4.680474318366674
-3.6367892185136457
-2.485852594380815
-3.283332523576317
-3.2438071002982807
-2.847099099312019
-6.627914555355014
-4.428913723094423
-11.143982299605515
-3.330367725147632
-6.243541871994382
-9.056764713091157
-5.460096850031891
-4.461976873328898
-5.1106196236463
-7.511766505324731
-7.154264789727385
-6.798593306797844
-11.742389237735038
-3.8329653116782216
1.055691770497248
-9.054029677790025
-10.52794475475827
-7.503800271532349
-9.161834613317776
-9.569571003853737
-9.452415609079894
-0.6560272757863463
-0.3445037909107498
-2.9625731077068584
-2.949903335276768
-3.770059700803113
-2.5553132881908716
-0.9469000201683972
-9.656681068137656
-12.22173513450334
-14.106223094183099
-9.989363415348254
-8.910698789018419
-11.242562413064498
-11.913727792748736
-10.048779399284408
-10.747171433949605
-12.66837381548209
-7.674972183277982
-9.60061819175678
-6.6090632809784715
-2.9432828556361343
-7.419320023025717
-14.18456147387346
-10.273532180219332
-8.878747788458753
-7.785435016457952
-5.897317300794056
-10.589934730446183
-9.257456670707521
-11.705027872633933
-9.026679149742728
-10.573348415532958
-10.132104895463621
-9.769301193649412
-7.689162155774739
-12.43428443580962
-10.72303848730106
-11.357939584588756
-10.638179431785204
-12.286521084543166
-9.457310173168379
-11.978399657552623
-11.892272954647218
-7.856376506945348
-4.546742555578062
-7.486314036268622
-8.049387565493081
-6.423031652164553
-9.41803837352107
-1.0030665468849809
-5.099142190276686
-6.447233370068796
0.7254434689498234
-2.863401791115416
-7.477044450171124
-8.852424850410678
-4.23675936076517
-5.820260227767962
-7.267941246687549
-6.530934180112581
-7.406034080948655
-7.810588866096798
-8.621143402384622
-7.413022572946152
-6.136171553704184
-7.909881472446786
-6.48883133751386
-6.547106243957608
-7.784671328590278
-3.902546981158361
-4.699335550790748
-5.379756700062833
-9.27694413809722
-8.877906033553494
-8.42996400174119
-4.507808078025082
-5.71945218241097
-6.101211145016143
-2.996977498412383
-7.721648307227376
-7.987357599204207
-9.4292979193813
-4.852737387236871
-2.11989958902764
-1.85097613315966
4.2704823681556965
-7.47061218930005
-4.879556338693181
-4.820527867300457
-3.9320755223245207
-6.047695921667971
-4.921962577940187
-6.206310285445421
-3.7142424882903224
-9.021916041482774
-4.601057810179002
-1.5168163885060848
0.5138698717183495
0.4797783375872366
-6.889490845079639
-7.706479303107342
-7.7671240098493515
-4.38350507462363
-7.951211760080736
-8.708042107736652
-2.3757214569692224
-7.238211434847145
-10.627310387717625
-7.134379263733951
-8.865499572205913
-7.744352817856793
-6.291778727266456
-8.02260796500832
-9.686783367277943
-9.585114455839369
-10.60322996797633
-9.999420684091476
-12.479390967846244
-9.340360588293219
-10.288657169390621
-12.528260520667295
-9.928044308209694
-6.407736607791954
-12.777205500937962
-6.488777949316825
-7.365054808231262
-13.224320947480502
-6.987422921659694
-8.941685269936823
-11.717376325044029
-11.93876950615881
-11.255409502826042
-10.442612519373501
-9.988769717061713
-1.915100125524734
-3.2329390010464136
-1.7171073064612523
-3.095510922440059
-7.929189308762543
-0.16580541807517146
-1.293495729805178
-6.541280105572169
1.0206382129470004
2.037223532238049
-6.463671026715168
-3.693064003786246
-6.940392427741985
-5.677216782441357
-6.409530702146084
-11.501135829408929
-10.15651520827008
-9.927679509410783
-10.361936363413868
-11.070593535242583
-9.378786922407995
-10.523653304111198
-8.87119549473793
-8.073912588214059
-4.141126094481176
-5.426729659875869
-3.1103218058916426
-6.107367864563686
-6.342001541366572
-7.833735949840126
-9.010257290434373
-8.237740186398826
-4.2256646494477526
-4.656669700670516
-9.221105947168741
-1.9127139276718306
0.6923127644681464
1.9353254302281644
2.850443736873857
-8.674037592178182
-6.104427190540058
-5.317405913445755
-1.820476933917407
-3.3429190456443454
-1.7855436785269025
-4.18007334313575
-2.1146590368084084
3.263420729266385
-12.36035926376325
-8.899688383627426
-11.251077680122098
-11.799232210465274
-3.794567809225316
-1.9376260789142739
-7.468409823288979
-5.650318603525231
-2.8006058573030357
-7.529118102030151
-2.8799083529455856
-7.031641308349778
-3.510406774534012
-3.309268576417047
-6.49058593781255
-12.260189054043176
-10.096750319664665
-11.275559668040298
-9.258063493650623
-7.358896386306578
-9.827443721995545
-12.416406360538181
-9.39651654905943
-12.412066813381712
-11.184951634304731
-4.798451265797684
-11.196184468054945
-7.0694848987647445
-7.140709850045741
-10.19613326506726
-7.592116792718898
-9.892913651733465
-3.680022259159409
-10.813471708398929
-9.521294352845986
-10.27004809446999
-11.392936919109678
-8.592366461681609
-11.202734311049815
-10.902361644556898
-10.760599307298378
-12.14747386219093
-9.444203247831895
-7.329959908811568
-9.15779836385094
-12.373478420892742
-11.77072703166531
-12.111205660753015
-8.170930001958567
-7.060825753345614
-8.034003581794012
-10.653625704371445
-12.579204962052419
-11.862618072031266
-13.985912131465579
-3.02917356806991
-9.183509905752643
-4.425682269880196
-13.993538261247508
-8.798487687489382
-3.966964604129663
-7.328318080665301
-9.51757036919097
-2.952741165589657
-3.9624865717506794
-5.76553344910768
-7.031275030813873
-5.847373971518443
-8.804602780409851
-1.3294216490231499
-10.40859657996716
-8.624091612759356
-8.418216868918979
-5.2620228487824185
-6.008239132739033
-6.432877902307131
-8.16791336429331
-9.66311882471327
-5.770957139001418
-7.081665301102312
-7.02357500263544
-4.362317310101996
-7.493571081090078
-8.191340608209837
-6.260204132888931
-6.370884276398503
-6.329677452022927
-4.905129140269844
-2.941323448095238
-8.274477758814177
-3.167122558246489
-9.860943396102202
-4.139795596756168
-3.7008212893775827
-11.587049215205857
-13.999290721409544
-9.538627114797398
-8.333081561086571
-6.809217135893405
-3.878983544867735
-1.6576038417444663
-2.4582533240674636
-3.825045986943873
-7.2275953023566615
-7.569827809937541
-1.0147130340467563
-2.963953458054318
-4.577165975957238
0.7466043728773283
-4.702281577624984
-3.0820927466596126
-3.50262394674453
-4.552487146342621
-11.312913673970463
-10.076690874013105
-8.647482819222395
-3.533957336557931
-8.119214753328135
-6.1716757772003
-6.228296787268037
-7.515244960832035
-7.517946753562558
-6.5537721459677964
-4.861742289353535
-3.7520195234510085
-11.271791754347086
-8.944759625145286
-8.3093668310184
-8.1053113742792
-11.846944958977994
-9.491062799976225
-11.210105089436977
-10.967558462490576
-10.640360201995392
-7.981609506464019
-6.4437347417716
-8.395740335604385
-6.299614059682052
-9.955223306571622
-9.52391825683763
-11.311157326500982
-11.754205662905878
-13.17814465802569
-9.916598755956487
-9.771944449063579
-12.155799306949074
-9.298644689930487
-10.122981620276631
-6.649151743751844
-11.95854547716998
-8.430435540006233
1.580694310458656
0.6122260980228186
-3.413699557808721
-8.033071260167729
-6.968975278335633
-10.370820603542251
-10.719995615464338
-10.670131376114572
-10.884886617103412
-11.77121575218229
-10.959687302489737
-10.986283811058293
-9.47456210266421
-7.488569662903278
-11.872113734051016
-11.718328611505555
-6.118124592534616
-6.510812673707093
-6.129131576401122
-4.820117782191362
-10.168804845905957
-11.630866217227616
-4.138629823274018
-7.43187513341573
-9.637862169411687
-10.34920201907556
-2.3337468128646957
-1.537856853941844
-1.604470779215061
-1.6026333228975513
-12.446186370289976
-10.676471504495558
-2.528150339228436
-1.8016180267698894
-2.862416809237943
-1.0067414027705954
-10.993866146595172
-12.566292610962755
-6.698255368697888
-12.011449734898136
-9.799451742519599
-5.45173143725985
-10.109643567102491
-4.239097147985516
-2.5470342975758973
-2.9160691515254658
-2.6788563917218715
-7.614892456832859
-7.801214223412222
-4.29198694675417
-5.317205189788903
-9.067613395856657
-8.288172554034862
-8.656594013285645
-13.415631646282362
-9.106811513340187
-10.92462743460549
-9.756544368805088
-4.013603337248682
-7.100592583385062
-12.254321145293101
-10.510187273783393
-9.052037411289621
-10.628401261904825
-9.47766343936762
-11.484318090378384
-10.361148743554796
-10.166273887938488
-7.279111548788996
-5.722742058922004
-9.750123990627227
-13.035102983743217
-8.167481040951246
-4.913618553672341
-3.6452257547720004
-8.689012252684945
-10.700177951744756
-6.263479948697413
-1.372202682379089
-7.862029093921955
-4.082898887629332
-3.626021218988093
-10.961681195137443
-8.340214895206413
-11.718661067532265
-8.78368230495822
-10.303230659122313
-9.395426157466364
-4.908172221533208
-7.035471548743914
-3.6036279962377167
-5.533228390414621
-7.630424424025995
-6.232532697181287
-5.931874119702894
-5.801475939546201
-5.344704681881128
-9.786051441735317
-10.929479502577646
-7.005701534519439
-9.798230614062616
-8.180888059028284
-12.262275605817349
-8.041427547972809
-11.236112873765153
-8.560353264272404
-8.624902069448053
-12.460637161663993
-10.509650522916358
-7.386728918891408
-4.374774064194241
-6.966936692754375
-8.466279917128535
-4.988506093227519
-2.78356727650805
-3.024742698908924
-6.1538215983502225
-2.308523289941485
-3.3591138207286644
-1.7401459089600093
-4.5916583635533685
-8.959151345294107
-6.786031609373816
-8.824004182088357
-8.65487646586174
-3.6834029264170116
2.8159786548511736
-1.9794892588516166
-3.1054597516799918
-2.3835375250244564
-2.276915350890353
-3.478506053032891
-2.2202824964575125
-2.531219153323894
-3.1506898491921658
-8.895345062572263
-12.189504535408595
0.08123040614434884
1.1839181159839027
-2.091781592912732
-4.2881783834938805
-2.487937759529966
-4.871241725420427
-1.8534475192079949
-0.6651525594698273
-0.6293270113950159
-3.142806585453193
-4.1160085942466615
-0.44830389771060275
-1.8590435594258043
-3.7584054829674223
-3.3040087618475806
-9.820946414283247
-4.167637803310886
-3.808196979358251
-5.456829467024284
-4.592012163854335
-4.338295757585409
-5.425177894988416
-9.85753832322372
1.9644739865707201
-2.4535707034845524
-1.4600755366928775
-2.0060177394626715
-2.4628823958971724
-3.4206096580784338
-1.9456273433640543
-3.231051713359121
-3.1074576059612133
-2.1380956613288404
-5.902243890419205
-5.067306086533843
-8.832015595607373
-6.208936861284402
-8.03058684115813
1.6302454191363813
0.2550226126138099
-0.19339670385711805
-0.21157649508031084
-8.540936345983479
-9.4160258014725
-8.229752896238235
-2.131358438195639
-8.079230650120174
-2.779836375603056
-3.7390722714228053
-4.310307645113395
-7.260927642374959
-2.32134218302122
-6.96135147825674
-8.61317312701607
-9.170774956547088
0.9159299666061891
-7.607845475519182
-3.2078394257575944
-4.0039537558805005
-5.844188389627317
-5.554924797664237
-5.232491524320771
-2.887782887005828
-7.0893439331570285
-1.764540415143514
-2.893037214296859
-12.199797744593859
-7.1882750200558725
-7.304686895857078
-6.3180371502047326
-9.523291293319216
-12.609002102102947
-2.9125869550333165
-2.2352631976239916
-9.902018063886496
-9.300507166027263
-5.910031490676968
-10.283300796557695
-7.384307038728302
-4.574488800995418
-11.073217587180938
-10.358248094194456
-13.881233706048127
-1.8192829514311493
-8.516118337629381
-8.077139585768201
-6.016686538904504
-4.933745341486923
-7.112413481870934
-7.672473529669105
-5.36344301987412
-4.827730593601383
-7.035135773017836
-6.86448347993354
-7.006192916339492
-6.529702580979142
-4.026828773425833
-3.0744138189694246
-5.528413081025013
-7.277468782834275
-7.119029537740724
-7.189395184322459
-9.12086498573788
-5.126129866150199
-4.905626306351286
-10.04985113335345
-8.043351287050593
-7.0696961968363805
-6.473207906443949
-9.694989207790535
-7.63916483390919
-7.465151543159326
-10.53205091405026
-7.443244606126813
-7.550285195698857
-5.953899416307889
-5.856183050514524
-2.2430298578780277
-10.601348833923723
-13.378401990072241
-9.235660711442584
-5.004382254839067
-7.960919278863278
-14.036132455367156
-9.85071886739703
-3.8289573036932354
1.7681305011183717
-3.4208081687171594
-2.812416812443524
-1.7720036992472314
-1.2261405711098237
-3.689714849496494
-2.9358653456061
-4.847095623600834
-3.4037815291582576
-3.895979465864352
-2.942883016088413
-10.000148884108343
-7.1402971506008335
-8.237288960349678
-6.250480841223598
-4.91045622540045
-5.448048591664089
-6.168699608668626
-5.79973821569871
-7.5359831318076385
-7.844093792186105
-3.115617073615785
-9.166392869267606
-7.005000006181344
-10.646636707811547
-7.231398885736217
-6.524746279852472
-8.042177794515533
-7.534349996590038
-4.948165386309764
-8.5812821678927
-6.514190508510547
2.3243146680820583
-8.255456914169738
-5.546965307983092
-9.266358415040798
-11.039460855422341
-9.810911249497677
-7.09431811275655
-4.039233629143457
-9.007287585570504
-5.881127063328447
-11.154014129961286
-13.873715186454003
-10.211733688106685
-11.836074996773634
-11.540214714811052
-12.008916824293626
-11.438001840278147
-12.674296432247278
-13.659536674852221
-9.64081542249309
-2.820183866246249
-2.7139588390345772
-3.529687186188591
-2.540621361369907
-1.0348384455525925
0.3562031523866616
2.655559380353011
-2.543937992067828
-0.038973192894524056
-2.5596361773639074
-4.2251539184085045
-8.799270692867175
-11.903944581464582
-4.406928164993564
-11.012426384544373
-3.4550679861245843
-9.195030196658749
-13.182879665508183
-10.158379617434234
-11.803556453526696
-12.286298607718269
-11.51887976339319
-5.381455956938608
-6.660713249757477
-1.7818825629039936
-4.029543104961898
-8.214507668396202
-8.832435587268986
-3.2625020709435626
-4.079254619862091
-5.812329345614602
0.947906239897089
-0.5520391339966577
-2.914841138659488
-7.023810911529542
-4.507433559370859
-0.109053618342971
-4.579671846940902
-6.7417235668250335
-6.184361548539176
0.9370722341067029
-3.7967438038670664
-11.460920721160587
-8.165233219646776
-10.53214166160561
-8.65053536890137
-4.849284876620946
-2.406927816176393
-11.063021208924141
-7.359054300501329
-10.00986866056275
-8.244033629467992
-3.260916839990487
-2.956240611821616
-2.8385139333586538
-0.2184395931251797
-4.271801131384397
-6.641156125133348
0.46820676576096254
-2.9275140246151405
-3.535212502635826
-6.625566011872927
-0.07016967166256191
-3.61768376820614
-1.1796940302208148
0.39419827282020703
-11.065424272253725
-12.83300837548346
-7.037705715267074
-11.697839728302373
-11.044685451141287
-9.762033549544132
-9.6439196584895
-9.595896757995853
-8.502416830776761
-7.41508894647312
-8.594941858048859
-8.905230286689076
-6.079350305758424
-6.583675426905792
-9.251641693626683
-4.564631374490383
-9.961973060974877
-3.9663785851963134
-1.1671443260154553
-7.805046220317804
-10.44696612524627
-7.0548656112351305
-9.31596959446393
-9.463236131387173
-8.033565005104586
-12.56928014701405
-7.299819402700886
-7.91580978111822
-9.791084391116383
-6.290463751415909
-6.570773306249796
-3.5721200046765453
-8.816765722347784
1.4212196021132208
-6.476838447716339
-3.8328692690139254
-6.775325718644825
-8.035280687575742
-4.138582459529916
-5.705348309797393
-4.97788689193342
-6.647773643649273
-12.100990007446983
-4.815605970020298
-5.375383976597278
-10.138100911971708
-3.8698926850361888
-3.019278277413717
-8.596916222984685
-4.502147052221647
-3.014980366976557
-9.273326111251446
-8.857355550800984
-9.950234224390709
-9.889595491134669
-9.551557588087027
-8.234196584778193
-6.589987980775411
-6.7543291938317225
-7.266725591099561
-5.137793448351021
-11.680435661995212
-9.771517287183768
-7.523712025418865
-8.003219665397397
-7.834428241283334
-0.4500662543015752
-7.824394840634123
-10.619918039229926
-7.941692358993422
-7.447955050585317
-4.074872767041038
-9.43462218456027
-7.297648734993179
-6.43830196180102
-8.600619205039104
-6.325643781212366
-9.671183652776122
-8.551200150995731
-8.461147123241679
-3.5007784429334183
-3.959654975835217
-5.174626229867392
-2.779374340865124
-6.521535731283171
-3.0003809707760807
-6.3729465872922875
-4.227458005947481
-5.1990316069084805
-4.60774566786668
-4.429480161334469
-3.033657111158817
-6.120404667123052
-8.77272920580009
-6.155712526162464
-7.440814035342722
-7.1543798238551055
-5.153482891601816
4.360074156394331
0.8063491962948054
-5.724346842423339
0.46235176626952423
-0.30253109502425657
-0.9424409952653036
0.32831960186522124
2.491286036527939
-0.07698964226032243
-0.7083386084658754
0.8933471484589159
0.9835388325150125
0.6300766370770511
3.2851051044219424
-9.075024719588619
-8.202550526761742
-7.569458512458365
-5.198184033737784
-3.944841564588648
-7.779980244077656
-4.135723781551596
-5.202137695504229
-2.7227951173175478
-4.640904509259372
-2.772923273756965
-2.866009436556655
-11.221618789281472
-12.289760188769122
-10.1257443363072
-6.997970936315724
-11.677165252772255
-10.676508722609013
-12.455186139350655
-10.899895324572942
-7.349409400939663
-3.2250051560412842
-6.836149666213408
-3.906734295471438
-6.460840537553398
-6.855788590221558
-5.441040701875841
-6.869435297634566
-4.825095783231523
-6.399106240463014
-6.144993189501031
-5.141671400914983
-8.669715063348256
-6.535529789538929
-8.356489007390476
-5.758533221314684
-8.71336234976088
-9.75529824085516
-7.986101038655226
-6.2219302172007875
-9.541982683156988
-8.00403796913292
-5.411870497115157
-2.87068055233064
-5.35386130249032
-7.8659480006710725
-7.6577395802519534
-6.588570669746344
-6.77112352240947
-10.704379703320049
-5.709973696097309
-5.743083334823003
-8.08868682757979
-1.3452428002908259
-4.847247748692758
-5.328729864036421
-9.89037585367872
-7.613125843884527
-3.2170048718120485
-8.163631736425172
-11.538398292093449
-12.437167828058964
-10.340359217827476
-11.061971587129879
-11.494709599632923
-10.657639722030371
-11.766972339175943
-10.675349721764245
-8.815174932465167
-11.283959361983921
-10.019860165599304
-12.121587347788466
-11.260037923103587
-5.59450676110946
-6.7587664599801744
-7.77017558100685
-4.560452885663691
-8.836378149105105
-9.788067745610633
-8.437835591514487
-10.932278739892837
-9.424197314445767
-10.801899782432272
-12.702042411436588
-10.856792475366959
-11.391715501814957
-14.25480101919323
-11.607328131131256
-11.284917483015635
-11.72831522037822
-5.2765581124056355
0.12576492268800665
-7.342759056959471
-8.288155526957144
-4.930933200583537
-2.4694388441809187
-3.334372824816215
-1.4672069732044772
-4.310874463334519
-3.403981825973739
-2.90870076530493
-2.5769837006561174
-6.335583836304092
-5.6609948620044275
-9.438977783844111
-8.859251146521183
-8.680422034635365
-8.96461674254229
-8.984709562573446
-10.777049034902745
-7.051409469283149
-5.910002871710689
-8.639231790439409
-7.384716258819903
-7.340044218613652
-6.14850315763202
-0.8781149578117441
-3.3429284297982393
-7.315832646340563
-6.7746573972814
-6.269209613106309
-10.881271509108556
-11.374887638710419
-10.26341502955451
-9.66047408888933
-12.847097505372561
-7.474464235354581
-12.647424237584552
-10.090535239761868
-9.663677385320359
-4.961667881488131
-8.827932985114051
-7.803327963688796
-10.987822371461668
-10.263579729380375
-10.448853750881614
-11.152809216536316
-13.27590802642434
-4.874898376492874
-7.444193649745056
-11.49466045255087
-9.906514120375256
-14.238049529208805
-11.105188028405811
-13.109726730471415
-6.748368375276729
-9.91375598649231
-12.217927366271997
-4.416572349027669
-2.5770460068055114
-4.30957680646477
-3.194244353270056
-4.3768043922525575
-7.24494497659999
-7.9125894417644025
-8.487451938090016
-6.575800858398687
-8.093767514861113
-4.6260232275661
-4.894181860438738
-8.127141367110433
-5.962126542829996
-5.689047335119775
-6.123651796393622
-4.257495228782618
-12.52666786343093
-7.920238246173174
-9.465365139306886
-7.325719216012513
-6.740978861014774
-8.963797675214302
-11.764906074564337
-12.622855627830512
-5.571364410717882
-4.701418308673219
-4.857598212525601
-3.944106962636516
-5.685978826392567
-8.270433226249567
-4.960736091925497
-7.2364330871431655
-9.143792438739075
-3.8344851031147966
-3.722685415865766
-5.08386155387483
-4.52737167577201
-4.667948532348043
-4.08688050574769
-3.8745858423174306
-5.033227257142505
-6.743082795964449
-6.489244256986119
-6.413920630634392
-1.9712220198142956
-8.156754579595383
-4.378053395560558
3.465313335316627
-2.5525216906650225
-3.034952184251593
-3.435885940022555
-2.7762578768345874
-6.218006078089244
-8.044877061512771
-6.912998261431836
-6.309554559772702
-7.452765749690363
-6.218644800802844
-9.179720845597563
-10.523339871259322
3.055699038577205
-1.0064724467997215
0.19183092851205788
0.8109382624169336
1.2940965043885588
1.012843508939348
1.8472383071434924
-0.7419398377365021
-6.992179750624618
-0.4682438373277248
-6.500177507405774
-5.362727316930668
-8.851782463576948
-10.616999387733568
-12.887297084520993
-13.302828642827759
-10.011058730012085
-9.466581027740636
-7.258645726205177
-8.906762517140253
-9.712564487102238
-9.818058205820133
-10.289815745315092
-11.029455808029448
-8.900718489278786
-10.063431119824848
-14.145041108198935
-10.772972491364708
-12.038345521600192
-8.000476592672289
-8.122027251509248
-9.021186129437513
-9.496968035504503
-9.91017353085218
-10.910236219410722
-7.382730202957747
-10.113179588688473
-8.968860295523264
-11.51272711821493
-6.585261209593488
-8.143342026977804
-6.68507177933969
-8.074308340958726
-7.235728907647557
-9.90388260874027
-6.084022243258215
-7.404733770934122
-6.7991785851482245
-6.548056292858053
-6.05548468055493
-4.438889209445269
-6.211685047002015
-6.678331233460796
-4.765366591783011
-5.732824755845678
-4.446442915626317
-4.167746743071922
-3.299221692239399
-6.253470928080924
-5.033164076664257
-6.492616993926019
-8.15382569974793
-4.380921160453519
-8.484231917717203
-5.522358510704559
-2.238265546565829
-4.428812379420511
-2.692420865392359
3.429741895218052
1.5811997631063828
0.143556821295851
-2.764136184908237
-7.149907863175843
-8.870921211920518
-4.9136566719392025
-4.658385309629025
-2.4810810967698393
-2.8108056147113496
-5.085966348740957
-0.690547473687749
-1.9089133845375883
-2.287207545878874
-3.0857264075849296
-8.732306841763053
-8.916052883736874
-9.089883304248854
-8.190929107151716
-10.17068044453811
-3.9968382426751594
-8.96849927480822
-10.659873892027505
-11.12904401123225
-10.314963097634365
-5.260042354669922
-9.181449401487935
-6.240054587852793
-9.273319671897896
-9.673165511129675
-11.583776712661892
-11.31529929483004
-2.0939462503087665
-6.513597905217197
-7.222993761897289
-6.186792814702724
-7.657510776960063
-4.687433491714866
-5.926096174596413
-9.260655519954172
-9.553904056784834
-3.9948328632449424
-9.561249821970996
-7.824011858341502
-7.110425603359202
-8.62528502720751
-7.47477636236807
-10.571369408537732
-6.01114891384833
0.3252102100987452
-2.589073648664864
1.1244537587565784
2.6638354236979382
-3.317976902874952
-8.100607052164623
-8.186971937514853
-12.410920040882502
-10.229683714028845
-5.192922394187666
-6.724823507614097
-2.1482208164270875
-6.871462272873033
-10.02825732778099
-10.59794082539086
-8.94695893568403
-4.51052838070384
-9.798109204011983
-9.502731247269907
-10.242295418487533
-9.049677308305727
-3.4139283997637286
-8.131601688276733
-8.18954781993338
2.2655085732778204
-0.29476318316771155
1.4334514785752959
3.440211806701723
-0.7060192228349864
-5.270992599183492
-5.619425958301997
-3.257543141941319
-4.197456103380872
-3.135103244516534
-7.715344177224429
-7.855276933865404
-9.945412491884703
-10.558251893982888
-1.8520794135295724
-0.849679505053657
-3.1755336897472737
-9.112767871980074
-4.280432874392341
-4.055212228089419
-7.428579222153086
-6.140688793248243
-9.381076954934935
-7.040969253932473
-8.746110038460978
-3.4293153713472826
-8.5757820077213
-4.066470773974946
-6.169740548912388
-8.999376780294956
-7.476473227837451
-9.077144517395737
-10.143433757058697
-6.6525883687286145
-7.494817409549443
-8.763060933962626
-7.736370585781571
-8.183082422720624
-6.152945795966887
-3.1565143999421696
-5.367644084877302
-7.466546356187673
-2.085320074556875
-1.5324638921637894
-3.049627763063078
-2.7735318812956886
-1.8317220371504277
-1.498242031504119
-1.4305150252605727
-4.056008145534347
-1.083545257816214
-4.520370733716774
-7.781718145453356
-5.596948025117603
-5.748661117696695
-10.758756733572675
-9.339973495312782
-11.621426318192896
-10.021623352461793
-1.984348272136865
-11.450104032707566
-8.93725090209123
-13.518809340064294
-6.656889881301266
-10.734322376007192
-10.351922397964207
-11.775371535966642
-8.692359789929148
-9.559513640365132
-11.970558097314116
-7.655113542261358
-12.241736735031896
-11.15683865301799
-7.537814359173696
-8.127229485652837
-9.263686411775133
-5.736187751953238
-8.901630318747511
-8.881608559456033
-6.520053741502625
-6.566273417016586
-8.752337572922293
-0.7583711862361944
-6.0885754938452505
-4.789620100159265
-5.309914100820558
-7.735418459635938
-5.770892246243956
-8.270645238812738
-6.514771135861989
0.5725633645861476
1.6662023624739835
0.8583955579108972
0.7952185184843455
-10.473171541530471
-6.64613692199884
-7.551538587874958
-7.494991791161777
-10.418929445754861
-10.184713921865889
-3.6186973917514784
-3.001271919723902
2.2507497134135015
0.951131999628278
1.418639860205393
-2.284983776949033
-2.9586289950009106
-0.94421603537249
4.436202621375786
-0.7417674770722626
-0.8348477476781373
-1.6597103260028852
-4.603693859864437
-1.263805450800327
-1.6866597480100638
-9.353243195690617
-5.309971872357058
-8.344577411620822
-9.107818781658057
-11.069094822463164
-6.910487644379237
-4.565336589161855
-7.603749290029919
-6.518249446028661
-8.032497351345977
-12.475650829963131
-9.543740437966141
-3.56148825230921
1.1647292422236961
2.8486961083284115
-4.779600497817574
-5.450484099863361
-9.597323123108163
-3.7486806179600842
1.6143657412689811
0.8296787169746387
-4.293669335556331
-1.140276871389019
-2.627131421318851
-4.52960975947625
-2.0802547599959933
-3.8575758222173064
-2.0984538512734088
-5.15747889396388
-3.7684362594786456
-3.408924056101582
-3.3404394452227164
-0.9911631355308818
1.7920837086438415
-2.441554533316057
-1.0326678792855257
-0.8970101398203969
1.1913998624803122
-0.8513298248818115
-0.023803011004726704
0.9450184659319482
2.5651063161243974
3.315808453566108
2.054440668794261
2.0802671459048194
2.7792230525238697
0.13563612302653252
-1.8834612229216359
-2.9217095889694713
1.5776463145771191
1.6516663762080428
2.351114616014798
-0.08382979981054739
-0.1475380121412736
1.4470100502317198
-2.040623606685957
-6.577410736010549
-4.602368174535952
-1.0228738186971431
-3.6254180316701916
-8.274399385146669
-7.983337212206337
-7.465001221507247
-6.599617806923193
-8.343165758720737
-7.656403059875355
-9.481009996093832
-7.3174544994362325
-3.9635446316244334
-5.265788667870074
1.0143466539337986
-12.095183020154005
-11.507458500880698
-8.397327479181662
-8.073547407769906
-9.76927369528086
-13.653322666681934
-10.308971962357747
-10.924691942743959
-14.297831776893766
-10.883289911496748
-5.0581974219894095
-10.624529925074235
-7.988312861177694
-3.0165261515607518
-4.042372419559213
-5.087748274040841
-9.657337530925222
-6.294096414242365
-5.42567662838711
-10.074080229794133
-11.255647744486502
-12.425774995605439
-11.259848496069552
-8.924668990089614
-8.47066888876485
-9.220745316645294
-10.404305288763858
-8.759082283403904
-11.47174302833531
-3.2408523147061112
-3.148172856489638
-14.042428783707859
-9.57001745179886
-12.284222463810973
-12.800712300643529
-8.74203382501403
-11.110071488808872
-12.518872352551224
-10.42951101654364
-5.779227065137178
-12.193742627289696
-8.162887294832164
-10.211647159847347
-12.062686854815595
-10.037564522697721
-11.67396301618196
-11.765612344366797
-8.598805860817391
-8.706574166195127
-6.861091745471518
-5.296856857679232
-5.234281542913551
-9.690872923679976
-9.00483534436964
-4.964072393822506
-7.816040849764499
-5.703586227242898
-7.637907174818107
-5.2169561023910065
-7.328320374338402
-10.244198319249943
-6.809477625443151
-3.586784856206716
-10.087907468771151
-10.781096394454618
-1.7810755266719251
-3.92723696426352
-11.103938323160175
-9.28331776858168
-12.837206686791774
-8.715520669790834
-9.519988889919938
-9.926415699742764
-12.485177717064177
-3.5307220880904744
0.3882549964103861
0.047860119780722354
0.9899995840789941
-0.3904907246600029
-0.04567027230742504
3.358369458676748
-1.2740732413198876
0.758073454939124
0.9060201824981025
-7.791932372579221
-0.5967254470094127
-7.572127753016154
-6.887028866963486
-4.399836261443441
-8.189960880057967
-8.548214138840269
-7.084575376908719
-6.091474117622394
0.6619108877185402
0.9938536367563643
-1.407700274082869
-0.6490061406059321
-0.6462608299856369
-5.520566288443278
-8.073866280720594
-9.893078806515698
-6.8051288842932145
-10.749639013941477
-8.40809589562969
-9.287732983737158
-7.690573381498589
-6.1458301264030775
-8.840210963037872
-10.725520585898547
-3.2215940303035
-4.7011089167757305
-12.027969802175226
-5.011552521478267
-9.7893870675625
-7.353742180512101
-7.382206877119204
-11.671861130909305
-8.877118819618607
-10.515216863358619
-7.681717539086873
5.0167122217741795
-4.5862103414943105
-4.3553725182525165
-3.390240829813218
-1.6217673005730655
-11.42608109885132
-6.813160972256065
-7.88025406737811
-11.44544214683793
2.108262385949174
-9.802448789316797
-9.500844110182971
-10.924907728918
1.9366983837601712
0.3740174746052889
0.44537526942785477
-0.25805382886803446
-4.472482977785636
-9.825165888573231
-5.570170255857252
-2.6055300353598954
-11.488334071660555
-8.842011107142834
-5.110054581243997
-5.4572789841384095
-6.829986861691648
-6.163402568223771
-9.796773272799378
-9.440923697558278
0.9648898164909069
0.976658151640031
-0.483006793856553
-0.37563045283894425
1.372625959377923
2.0575099513694486
1.1246043500676313
3.489146199039414
2.698048155111472
1.743156311785497
1.7351536144525266
-1.5343487130983897
-5.590809962625633
-6.675959248931035
-3.82620882940896
-1.6041922572806384
-8.729354238710481
-7.21458690016793
-5.086613556970595
-5.478561926114417
-2.5228862784328103
-6.627420146687455
-6.1042326265896865
-7.292367053527588
-6.239402157701234
-7.455109240072255
-4.057760288024427
-6.085308527795677
-1.1543170236172677
-3.244192946508043
-6.568554003478285
-3.6170385313578257
-2.209236343255883
-9.674811516592507
-9.493263651651557
-12.999322318906966
-4.7400574650903184
-11.531272007676863
-10.738525675924159
-11.46103140799816
-10.286155602222701
-10.893227263010631
-8.575132382653637
-11.349430922219462
-11.833690393379499
-6.807463761471024
-3.3726475431220737
-9.306705428069405
-3.9122416933679007
-8.854269022181876
-10.219244265322093
-11.282453208242574
-13.040336281281578
-7.632891524068874
-9.360811534216733
-7.500333493018035
-11.501355661605995
-8.530424611153737
-5.803321652578308
-2.4544642708436286
-2.8175670207041814
-4.672745606668487
-4.07965415933549
-10.579793295270784
-8.890453530658565
-5.308414163356407
-5.990464551904424
-2.5150028467971803
-4.2496488963587895
-2.6089801810968574
-8.964535350962379
-9.839422259370949
-6.4685183635111745
-9.981166504541987
-9.35388549244012
-6.942074301385584
-4.669916536424529
-7.498180495303454
-10.000316716917304
-8.830412826195133
-7.722752271682238
-12.103044628076509
-5.6754875289212565
-4.636345334254719
-6.045552293228712
-9.750892280150007
-9.550601839106655
-3.6142055781736775
-4.4700416828263165
-4.264671147179822
-4.8719991006421415
-7.093389339144826
-8.390535443687293
-5.614931167433912
-7.808802256018449
-3.929506456975857
-7.046136700177907
-4.903085360166258
-7.176608436967043
0.09209937779350585
-6.203327185401854
-4.672187288015525
-4.58423547575948
-8.648062842415774
-6.153284039991801
-5.053636928098616
-10.897733444617572
1.7610545374531144
0.39341618320626703
3.2011913406021506
3.123155243551067
2.376218044310791
-0.05255510070706548
-0.5999421876677027
-0.3203102885663537
-0.11738955889046754
2.2603772624764416
-1.1832687560665849
1.4713419221294668
3.561830870208067
-6.775829481003034
5.559514686618389
-1.8622497502984636
-10.446649198049894
-11.994082343698697
-12.966576099735821
-11.859378937241434
-10.976955725728587
-12.675418973557246
-7.2596366402509425
-7.870697240020871
-8.736077834661774
-8.55012027213756
-11.557588161567075
-10.790255794133927
-10.621089295153174
-11.409910552118466
-10.217233429875595
-11.77382044718255
-11.302194910485673
-9.286419135841827
-5.179984509747067
-5.98613419087974
-6.791492022207313
-6.410131377981293
-4.349408665943298
-8.01953690087567
-3.3512419946244414
-5.106206803484969
-5.34376839808552
-2.3439255985822625
-6.339867135488027
-4.378756889972226
-3.712514055622021
-10.344142452221842
-4.806422609009188
-2.726337747065827
-10.024381006611113
-8.504773549374331
-9.261283531768228
-6.478811345482062
-8.280165249136202
-1.3563613480128276
0.4966813576135214
-2.8931670668694074
-2.8538985542645445
-1.0452708106426538
-0.4867281673417002
2.9016050907416964
0.2769893847033166
1.2676532519224482
1.1492434271722085
-0.4415367744150101
2.188325023786347
1.2992328461734743
-0.5301781903857362
-3.1525543874808633
-3.3784526240224064
-2.72283254801804
-0.5384184259521745
-4.682153858904927
-4.045881861623159
-3.4054461801337625
-2.1084581515795726
-3.8249102446689562
-3.44330488341548
-9.694151575079466
-4.533455445130942
-3.265755015770567
-4.487288371737713
-3.1390839289766643
-3.7429501531953875
-5.010930201347764
-4.709291599849054
-6.705792896661064
-2.444810591803141
-6.058858077705703
-1.3537069054224584
1.168454791383616
-8.06914553363804
-2.7409924623786197
-4.209724868373574
-2.5730901905817447
-3.5541510988450806
-2.559783912205021
-12.37522437074099
-12.45876029906172
-2.8320942234287583
-2.6042022629958983
-4.048775787271722
3.947987367660184
-4.228780611176063
-7.163584932531867
-3.9329419049466647
-5.950598366015339
-8.513630408799173
-8.091602362952015
-4.25995994125266
-7.76723770320902
-6.994156543150849
-6.051368106557942
-8.669898500517498
-7.6303704090017215
-7.226786834829628
-5.2429082545900965
-2.8306610361568927
-4.326513181904128
-4.107291670240759
-2.356934290375831
-4.448772560459197
-7.14753217334256
-6.777844361549052
-2.20258036781394
-2.8485871004837984
-4.077730950385312
-4.075287168199744
-3.9972348082926112
-2.832691770137097
-1.0287063782854613
-0.8731429719574766
-6.218687364084088
-1.1455703233687637
-1.130076425415139
-1.0008146966822147
-5.011794716399446
-6.107885877241021
-6.125875596970331
-2.1249437635681474
-2.316234069372958
-10.920287508215347
-2.5714868962368005
-6.962950945021007
-1.513160572678449
-5.5978592776512865
-6.171961361239432
-8.138377933778512
-5.289431086700122
-9.371848418166001
-5.673595177368292
-5.4765437551792315
-11.492641132660065
-12.976254367276022
-5.959131539979495
-10.027384556009705
-12.666266827972976
-6.273579651069134
-3.024370640222788
-4.874525543010511
-3.384871853748499
-3.613414123091527
-5.982882977758989
-3.903779448799819
-7.779519872328615
-8.171441168721087
-6.482666045398737
-5.341774548599128
-2.762192301875272
-12.279391493957597
-9.137262241972776
-11.11350158330183
-7.561754606570929
-1.3953166143040199
-0.7922334060516373
-0.9646164251876335
-0.19446413975139193
-0.7004499650701355
-0.8834359352521992
-1.3660360470265074
-3.1639281370225514
-1.6804584450458349
-11.709206039712784
-11.637475709428081
-11.380761035266243
-5.2322544598602985
-8.672720038736317
-9.859934742390035
-4.119048599508509
0.7700974443208113
-0.8681115342120397
0.606749558578999
0.8982462123407415
1.8563472916933215
-5.44033522328639
-11.008066732449207
-5.356564612731293
-7.818439630496684
-10.898301367094836
-7.057381482288645
-5.910803986485479
-6.935319722207127
-7.4926253884754574
-10.555210845715958
-7.718602959387356
-10.449304488483582
-8.790787004389557
-4.462046890365346
-4.845721475730116
-7.190621002066374
-10.255860143309391
-8.5729222049292
0.809425994843941
0.48489902068258
-2.543171743186029
2.917772492807776
-5.677600581754356
-8.319987657437604
-8.739944132678493
-7.149722738332239
-10.054887507815751
-5.844638865105004
-4.966516909561369
-5.949749682452347
-6.770973161404273
-7.778606032820196
-10.717755607334237
-6.283069367620922
-5.007590637939654
-3.4713380197401698
-8.064385760946184
-1.1697923881220755
-3.2511592267109766
-6.258762682392581
-9.440293774181349
-8.549264947234033
-8.18730712965652
-5.699922536462746
-8.132539949259202
-6.2869138402656946
-8.705485718782393
-7.947867560002999
-4.545489187294568
-10.573172187040681
-7.782855764530151
-9.16525735144385
-6.631838277297928
-5.406772886366598
-7.222273668810501
-7.380913365171072
-6.954463001729816
-8.634500578167087
-9.31645225821936
-5.709191317351166
-5.330308053602909
-3.2248132473870776
-4.054480472267691
-2.983630773235575
-2.799364988092104
-3.218733194029163
-3.6042206393640717
-10.583911761985176
-5.739936643977293
-2.0595386310132158
-5.437598683510742
-7.070659437124936
-7.344111739269316
-7.520265034654874
-9.13103884933758
-5.744754154564378
-4.008741946124142
-7.689337004830955
-7.458461369650354
-7.860416422881956
-1.2840008566769037
-8.674881719946951
2.496675825400268
-3.538558850842405
-5.126454076554513
-2.59759102860084
4.915623227341028
-4.209106086183072
-3.004052529510374
-3.4254122005375884
-10.267507459369227
-10.489751345251907
-7.177579405301194
-9.58723144179478
-8.917953509354765
-9.141889179055058
-10.168896566638395
-6.962382491181332
-5.256445255834824
-12.330184175871372
-10.962637941918466
-10.755428538051472
-0.58124600257567
-6.6784393553462325
0.04077945467754665
-0.12760260666677753
-5.481975680782024
-6.006956251159497
-8.387869901639013
-2.4379090692961674
-8.024389496915209
-3.2124867460228654
-2.2092457826894565
-6.658319920565919
-11.111550217983545
-7.1340828598994985
-7.17482601089004
-8.64895565075863
-4.990957179638359
-4.554391405176551
-7.537567358816168
-3.3091790581612894
-5.650427386135977
-4.574041789457439
-6.541801812257106
-4.949080811749415
-0.17369444337731177
-2.0855497057814665
-3.155141821957801
-3.9257856937200195
-4.085488031266025
5.126404979284274
-0.3182538011643211
1.3448742378444312
2.118627174886929
-0.19918026705278974
-0.12876881967322606
1.2805612884383522
0.608769771924385
0.8373152594818876
0.7834550068897721
-2.4256739904878613
-3.4406375745591005
-8.430849628543847
-4.591262769781301
-2.504580622300761
-4.094509069960515
-4.151258756597462
-4.876773690164397
-2.6278096836888163
-6.764607387942311
-7.027794651928475
-6.604044976126403
-9.022036040595268
-10.58994368465903
-10.038179319204087
-11.762730216451388
-1.3252009376560867
-11.916415801282009
-9.923990528953441
-13.881325925666927
-11.860137842573018
-8.012600963293515
-11.281964255625143
-0.02177445461548655
-14.007959078742186
-0.5530737068031146
0.40410040820844495
-12.177818513005798
-7.793226759149881
-5.574321098164658
-9.085849092257613
1.163196920633494
1.371972766042268
0.9607545910640962
2.035975154879833
3.03713242245042
2.3363487162473637
1.1745217503993188
-1.7098469775319753
-10.24369257541811
-3.424775855693691
-5.380012942174132
-3.9595216395039157
-5.618430165941659
-8.366738488720781
-7.28422536779437
-7.933111865652505
-8.85529236851756
-8.523096031654633
-13.702680382906047
-6.516088357132281
-11.179735832702427
-10.50266851778919
-3.3978250330053203
-5.3974168924250225
-3.8004478837091695
-5.707207438063141
-7.542577715882124
-6.7363341222246556
-4.0322179072226385
-5.985078673939752
-8.603257534401896
-0.32085843875273923
-10.04986472894686
-10.92113344937931
-11.150984028241863
-2.3582653185412097
-1.75412064802412
-6.051648138433559
-2.8320440515740133
-5.208325484030624
-6.03314308063586
-4.481274359322018
-7.803156488684991
-6.278060604586708
-5.708779366934872
-7.2659019896641475
-10.108525828243556
-9.436371253772865
-13.573452621704336
-8.358820771370826
-9.431972417034634
-7.070743357360081
-7.7421211458768715
-6.920405206960368
-1.8528319161704903
-9.683892146107958
-11.966887574611395
-9.196439392378462
-6.940028136689029
-6.551964404523928
-6.887409150084541
-2.713125751587321
-0.719137288621172
1.6078517372640826
1.760761769222763
3.1037219177361846
2.3417144768135634
0.2947017323338891
-8.822010758093562
-0.21923945282502355
0.22234591486542152
-0.07022818190534708
-0.7080726810283191
2.2055731537760184
-2.2256461056944965
3.0167390645929584
-7.346440461562173
2.6570703676553205
-1.4532177687088335
-9.79727065446696
-10.585002059080141
-10.350370154166193
-9.052252847188285
-12.099216707600627
-7.226006761507449
-7.0509079299924995
-11.108032810098376
-11.404396001574423
-8.378588449780672
-12.229333122608516
-12.727439302305239
-5.810742021843336
-8.10270057489747
-6.247787150254917
-3.6453438706473977
-1.6041638663306692
-3.2770285447359586
-9.074280761218656
-4.124134674647628
-7.620122366833426
-10.771072364260137
-6.992701818020109
-6.342272972131608
-7.010556409700554
-6.888122633650022
-4.005873431188332
-7.483053818096142
-8.229705018284065
-9.96318931167037
-10.674408736963725
-9.582885993958612
-8.5324285940323
-8.75447211365932
-10.604035009517903
-9.612387887807845
-5.932716777368972
-5.902140442464658
-11.074071780904417
-7.946089208454053
-6.8295736103263085
-7.1564034351818755
-4.602802697568449
-4.668003944084777
-3.0884936191748302
-4.2886286410696
-3.5415114833858903
-2.6191917106102833
-3.568826574467785
-4.718755496341146
-8.917578789574469
-2.6899434236107256
-9.535626022812181
-3.767220773771326
-7.2090019547841715
-9.90109607317667
-4.5681959073196055
-5.521424130663788
-7.320702161761648
-10.108285780891705
-1.9639917890714855
-3.5659146686256156
-2.418487553741155
-2.5356338870249564
-4.157091545749827
-2.6657958809346143
-9.523668059802672
-9.592259989399265
-7.661023217936458
-7.81310150198896
-9.932493116287038
-2.892512022536452
-4.060971510487849
-1.4292506909214642
-3.1657919896762285
-10.059175900278973
-10.656587049534433
-8.553578322436751
-5.8936077248091205
-7.875757096940216
-7.187877271152843
-6.181684956574754
-7.704736204751253
-6.079593834839671
-8.36643432820951
-7.176474821103653
-9.709160200798364
-7.218037746799268
-6.016780457553634
-7.329681416496902
-7.360314936469698
-9.063243918803291
-7.730536570429003
-11.136155888000962
-8.995073698629172
-4.954635886242292
-5.873315720994386
-6.291207641207492
-7.602074507943443
-1.6529155325393938
-5.108084455241088
-2.2504034350210245
-8.269804225651882
0.8249613917919698
1.142842301959745
-0.5608270565849192
-1.343405746945515
0.07467434216088475
-7.504898295466479
-7.029216459166358
-8.270098460687684
-6.901896379556307
-2.2453358998597635
-9.163150151208592
-8.227458149522661
-2.8900371066720676
-11.04444185772828
-12.41478925362633
-5.347120147035176
-12.983431084067396
-8.773560143789105
-9.445242288960996
-10.81491037947439
-10.896654533008443
-9.162955289438932
-8.291171385292419
-9.975658898636421
-10.578970407837952
-9.079361935422643
-11.379540733809327
-9.41436915485779
-10.554646245536073
-0.19825399002657884
-3.8167886164217317
-5.885372145312662
-5.683455370833548
-3.567479286586068
-3.470273209960607
-5.971286424639579
-6.352654505501257
-4.828261590171296
2.249760648852943
-5.756265205494123
0.3566426502288338
-6.039053921817494
-3.675633726035553
-3.4321743847005055
-9.476628558032715
-10.471984867001947
-9.039748961029597
-4.354140240040579
-8.38060478364306
-0.6193196140075966
-2.8031134276926246
-8.168457350751002
-6.549678441699063
-7.568530054358936
-8.949346856841025
-5.416823985866869
-11.863816451133992
-3.373986509460357
-3.1586798736743154
-12.685626515291435
-7.187584730096707
-12.925922765014333
-10.05035274320951
-8.083942835207909
-10.289554386349973
-12.789023674224275
-9.58312289459011
-10.292629512079955
-5.429391285560384
-4.426150104386923
-5.245090748167621
-5.6316015631424445
-7.780978942267387
-11.496315690219681
-7.479248719138306
-7.006936593749677
-8.220619810695762
-9.944104904981248
-8.328894658724877
-9.796785977247927
-13.306308222134183
-12.153860453556053
-9.919530677326634
-12.374876359981066
-9.33639618396341
-10.536957205419451
-7.356967765113078
-10.680135091071257
-8.627552097392387
-6.049958705543653
-9.522474999027974
-3.0102885220764053
-3.223293744413336
-3.9506583393472456
-3.4511894719024996
-3.452311952151571
-2.8021638462491945
-1.5779223181683206
-3.9571137349422902
-4.396882869511583
-8.570107759997649
-6.484892751703379
-3.4257441728598312
-3.3512209042429673
-1.9861206401645481
-2.826738919250629
-3.4143659721292057
-3.324558793622504
1.843901996128335
-2.4498049158743194
-0.8546882529500477
1.1333077270169343
1.7222052934293288
1.3476519510192695
1.8048942439317825
1.1569616039155957
-3.686548872420355
0.5761581634445423
-1.6996524858664583
-3.0386902759984897
-4.821345882391615
-7.254643615864561
-0.22683294462691161
-5.7320121394172645
-0.30627201561152306
-3.4359786798253964
-5.852793332464843
-2.8504968719076875
-4.0248024898556585
-7.044284315807878
-10.670137234975877
-9.597738869913801
-8.706249609347582
-8.240563919004392
-7.887636399431688
-3.277159046359946
-6.52938569972548
-3.348749459012544
-4.620160366537414
-8.769402381659834
-8.672851086014177
-9.014878737460045
-8.39342513991834
-10.685734249508558
-12.274210977418662
-9.900681055852385
-8.94828645753536
-9.709137178504504
-8.95376365948261
-9.325820645465924
-8.190951495465722
-4.729794199941855
-9.17836375980987
-7.6421324910411155
-4.694739837190628
-3.6262175698623977
-3.2333778271403317
-3.64025791531253
-4.979052752570125
-5.388264809856965
-2.651493810552374
-7.554711830279503
-3.5324001349181815
-2.860711012331855
-4.201717379219219
-3.9314880955913547
-4.312083943258762
-3.179634470740852
-9.392265684786082
-5.543962792590736
-7.049675846371926
-8.754467190521613
-9.041768193211714
-9.67901148966661
-10.220937748292684
-12.252593333699933
-10.765208678729337
-11.298337296030999
-10.712161497645074
-9.61014543971132
-7.003840397584913
-10.643892171249066
-13.42504438244056
-9.159637583705797
-5.8549944575089565
-10.078680234257858
-1.0589384842501834
-3.844060250358579
-2.7379705936331398
-10.719108889668306
-8.441454076745066
-11.344096102647413
-3.797562964775092
-9.381228899967171
-11.779724298628633
-5.770339669058842
-11.764507484934946
-12.845309830846437
-4.122487211322868
-7.125870089836453
-5.345036613484661
-9.114153684756156
-4.591659963959862
-8.659644214902706
-3.2717414407684693
-5.468031476141129
-7.043673375561723
-5.289262924186713
-11.945178590064002
-10.863827305579887
-1.7024565935170646
-2.5221031838035572
-2.7606950972428677
-3.554478055765096
-9.064557570935705
-6.928044754148927
-6.209572356212253
-2.7309611491261707
-3.950645066536432
-6.376709433532476
-7.660515463267123
-5.667341021403009
-5.862617274502562
-8.690240982274897
-2.8036273715718094
-6.950731344375729
-9.64242842184456
-6.971388412425513
-5.772625146067025
-8.765800308041879
-8.944043926254464
-5.060996243671766
-10.498840095595424
-9.120015772031643
-7.2198628615483225
-7.269238174313322
-6.9715962628172505
-8.342207193303695
3.264158288952506
4.268150733839822
-3.1964750247807565
-1.9015095590830458
-11.58099139180772
-5.822384610780548
-5.278482284540372
-10.708788737933052
-6.835804035060828
-4.53956840955485
-8.925910762407703
-8.40328739967464
-8.634468404911466
-6.315029698451539
-6.857667462072028
-9.469071466236707
2.63115185433762
2.27637016251689
2.2798688798267435
1.1659474397775575
3.3442529026775656
5.581480583984789
1.2389924633463898
2.005849307008513
0.6181526722092663
-0.5480081877439207
0.8261476209161083
3.1540036932837854
-6.336501955282699
-6.341018267818031
-5.636321821940637
-7.056569119956326
-7.3001796796394185
-10.150382123953488
-6.117267231385047
-5.859566553702136
-9.373678143801659
-8.216011108683922
0.3025105561784689
-6.256958107256418
-8.670470898087325
-8.744200657253185
-2.4426116617804494
-9.460135902970915
-2.350123170314935
-6.254259415241711
-4.813350777970355
-5.383226845908528
-4.276748124852004
-6.445717460899575
-5.721502857636283
-6.756831616298799
-4.678596936957398
-4.747212991461705
-2.266844908763863
-5.582943019640485
-2.7773164251694658
-3.3405333830048414
-4.116605102545201
-3.1161590110459056
-2.7414054285513787
-9.136618033128821
-3.1274986336980115
1.7169139046959794
-7.232018529267101
-12.050310987060396
-10.222887893243682
-5.372133311506993
-6.74381764082621
-8.555740791834396
-8.442696854445334
-4.680010882771743
-7.810558645475986
-7.148417459366804
-7.62729948947234
-8.436064891388208
-6.369808569424512
-10.227735861976134
-6.88883861644381
-4.683617421057495
-3.2747081449876205
-3.6880930779298167
-4.160055107401203
-4.240784670273305
-3.2738110157831413
-2.4763653339094924
-2.8087034017271724
-1.6171939596008706
-5.362600215688069
-5.654228591414364
-6.276668481447317
-4.4770034814774196
-4.628236676900177
-3.7333425609918747
-4.643341526474084
-8.664870014127366
-14.360952031883066
-2.9045783280279713
-9.842709139548404
-6.354817815888963
-4.492871777097337
-7.11007052631359
-6.517983843810428
-6.244367449987484
-5.240586682626722
-9.28306507741764
-4.7854565804420215
-5.99122392333664
-6.447293182811999
-5.810399036571011
-6.010815526991468
-6.076747006537725
-11.060917344210113
-8.624737004163523
-10.378509062872178
-10.448713003217918
-11.819766858555994
-11.893955286138356
-12.382742258689511
-12.56999590367293
-8.374229905504361
-3.1709674750142094
-6.728235438506865
-11.720507737651682
-7.820936632994388
-9.418355222333886
-3.873043129860363
-11.430229951049135
-7.338845431981028
-8.996428647487143
-9.869563891785916
-12.806153754210602
-10.456666187869669
-13.470220477772443
-8.079258856949608
-6.300793430904848
-10.737019301765548
-10.229120017328041
-11.213938826659183
3.938963520436164
-0.5299397140772106
2.198242523043798
-7.4590605465104804
-1.6331458513779578
-8.268445999277304
-5.314608570421736
-12.897379782020955
-4.53003238653337
-14.551144508427981
-9.575114664232363
-9.990866564445476
-8.959509325782673
-11.418405352777876
-11.413105353001933
-6.849738235851576
-11.515647232679843
-9.342837893982924
-9.368048483720408
-7.388587971092471
-11.262769096270157
-10.519218790731625
-11.42428149252893
-10.989512397697123
-3.2884017733952366
-9.557188656485996
-11.922654629315893
-9.539487220131948
-7.402734682057034
-6.158525203413177
-8.541965456043243
-6.708527472836596
-8.49574061095726
-11.646064092875518
-10.798746468367773
-6.335982865140597
-8.27334157592291
-6.26300738261676
-11.56039635417615
-5.0414544411583515
-3.5482012129726286
-2.695859055270141
-6.726970496549935
-7.930475592054053
-2.5967127009662327
-9.667554702238352
-8.328891737736058
-9.990595561205255
2.3744947727840655
-1.7822902131020926
-8.715344302486324
-1.9210429913524834
-2.3145620697214637
-0.40787078783111996
-1.1000151946146979
-3.454732978626998
-3.520429052002737
-5.123315914983786
-2.825201143840953
-2.61718963275855
-4.345300586256915
-2.8398530445372856
-2.859566470995051
-2.4949244343167174
-3.788552659746025
-4.635098754137754
-3.595177487544238
-3.909549370665454
-2.867763739355417
-3.6388680962176627
-4.536218573308011
-3.6304846404399678
-4.207146297322491
-3.5719569993768294
-3.52770637924102
-5.738498421080964
-4.276455557212889
-3.6536142561101523
-3.807726766376436
-2.492958696118373
-4.8139793493972505
-12.233116159710818
-11.491814350742434
-10.90323658359746
-7.706652630943011
-8.67660349849282
-11.367174773387807
-1.3029873426005842
-4.139929712704004
-2.892973474120103
-4.020226047321858
-11.558007442865902
-13.194760398516367
-7.024582428802091
-7.825404070231607
-4.841170784830993
-6.591789937844502
-9.056126261702653
-9.18580355241303
-3.8966061759766775
-4.615979572706569
-5.679985810148812
-5.67977104793614
-5.799041164763637
-8.208085378684313
-9.127600706070261
-8.922781218200884
-2.061434110090536
-4.674448944242467
-7.66020538033913
-4.344478972983532
-5.555079338678007
-3.852624293312776
-3.5699472563920676
-2.494930165037171
-9.60611388154081
-8.985557075866147
-10.44016301509232
-9.485284730186034
-6.243441262873162
-6.655612354252649
-6.981764304232373
-5.499712204909512
-5.060580298825839
-1.8763309068108946
-0.980169786305014
-0.48277716448261043
0.00039539924501441615
-2.023555098218349
-2.1395142853928584
-2.3127208805301107
-2.9863414543248537
-10.115371714493588
-10.914600350546849
-10.690022910832111
-11.587641241228862
-12.350548657690288
-10.239693138739296
-11.025419982459166
-11.951904100021753
-8.596607700022409
-10.184211279863824
-8.214343489329352
-10.326835789784925
-13.56222965947058
-11.951570830515497
-6.355627906201686
-11.378871188429457
-11.099138343258135
-9.719344648718142
-6.7565133263934
-9.267785325400746
-13.706730281937535
-10.099970517773436
-8.81764400973521
-9.67830008309043
-10.366069513650704
-10.08958546746395
-6.48365360669613
-13.368216554145798
-9.945222747291604
-9.317077063778193
-10.326943867457793
-12.600330684133851
-7.665724190893372
-6.682658598268178
-4.612141670831719
-4.793049067162452
-4.10039738759547
-5.842670704025229
-4.639860147893659
-4.999941411312867
-4.909861512868103
-4.071123696973692
-2.320442181494499
-2.6860924738153202
-6.813986502160625
-5.266437736342651
-6.809136581643286
-7.322332943213259
-7.746675211062177
-8.55579949883196
-8.934504028165334
-7.0147119302818695
-3.2035488385794517
-4.5203245089090105
-6.869687094541963
-1.8364435410064321
-6.8665176718347665
-3.5491674379886478
-8.83635582360984
-6.200537624831403
-5.100256056085187
-6.650414760742403
-10.449249212657188
-4.755021998410255
-6.631433537977091
-6.9931652288332895
-8.2228677959274
-0.239543172367301
0.8914523032910973
0.4204292441485965
0.31125917345790877
-0.32942009680987994
2.1856312131748434
-1.1621407233600949
0.4990601915922801
1.431973322528657
0.33959251854777056
-1.4810819813354217
-3.996435961919362
-3.2680544151025157
-6.37082542332415
-5.216845024465691
-7.3802840094098165
-5.681323320213233
-8.538811888047404
-6.022373656597818
-9.308672963164618
-8.49116150810448
-8.183909258416744
-7.3894811380543235
-7.874698059601246
-7.877148939703112
-8.995878267228015
-6.298709524561341
-3.2320827349871806
-6.904489855023948
-5.821369738764805
-9.470388775863196
-9.200840672012943
-7.614215001546677
-7.371261570940001
-8.365150939741703
-4.490301996740103
-6.202843509109239
-7.572995939192349
-5.292779323288385
-5.715467437255468
-5.680694316436966
-7.908027654605678
-4.273759848344216
-8.193607803408185
-5.68322793380751
-1.7119457171616985
0.3569676688740696
-2.5183698061371307
-1.0707570240341961
-11.38634892100313
-7.935118204207768
-8.766219473240401
-3.949898263027345
-5.597539077640607
0.35096946969662485
-6.718815153693941
-3.660330198605971
0.10558509656656356
0.10937797659842646
-2.2319644593682506
-3.5188785649471903
-2.732603313393646
-2.483765331289281
-0.3644271946155576
2.1427575216672397
1.3296320001742397
-1.8214878983204426
-2.056563754783166
-12.537457086324332
-9.750316422167378
-9.165193544493007
-6.661921735270351
-9.23517412937072
-10.459273953292634
-11.674856331098415
-10.667092630313213
-10.230670107528278
-9.617001702115596
-9.982781065347286
-10.888893031881333
-5.697006364992812
-7.481036150273574
-3.5942821637526277
-6.303761452276046
-11.569554295397502
-7.903508448585196
-10.178557612392659
-5.316930152299369
-9.140247246419877
-7.532371775920957
-4.717142775645829
-4.665738661720475
-6.523694974708575
-6.1360501001326
-6.399956421284853
0.17926853616361801
1.4455489713864151
0.8487043792296143
1.8690996869352665
-4.48163478818754
-12.707273471378208
-7.157554288393715
-10.527570264937406
-7.651732612342766
-10.511639972113414
-5.532263560433555
-3.588009081082618
-5.606308125865855
-10.488949059347307
-9.830456327535078
-3.1046868859482535
-8.434311040594197
-11.058398469197144
-6.706965412850907
-12.517004376526517
-9.251923096872249
-12.265330304377262
-1.0636380668246137
-11.408347568943833
-10.300254584265092
-7.240572506090995
-7.307007336816374
-3.2607743598155667
-5.075655884034314
-6.795882450003342
-9.266947257562142
-7.407229918147979
-9.32035596501167
-5.74682329866483
-6.9699366569667935
-8.212349978210959
-2.387777561047125
-3.136977256550352
-3.4034236135730453
-6.198509485359876
-6.016468954349514
-8.286412689463539
-1.822347033114288
-6.708358616267708
-4.837140182201194
-8.793436455101677
-8.3814126498973
-6.961705640953335
-7.539786616098789
-5.7470306824648
-2.4039628453483344
-2.9865640996359573
-6.178592175832357
-7.3422461337176905
-6.5309507363295936
-8.402720939858783
-2.355351928884642
-6.097979904346798
-6.513605143240616
-5.082519427221441
-3.845764121055903
-3.204547168496903
-3.831086573802303
-6.995312812250735
-5.194415277859302
-4.888475079328782
-7.656516634116945
-11.824159528373865
-10.419097362331097
-10.127206120591639
-12.22709701103387
-7.4634226755810795
-8.67472772433957
-13.23929619785741
-5.462165529810121
-9.770298338755588
-10.463151310248596
-5.717120583006096
-3.7858895436726714
-4.703551551491068
-3.154337722675845
-3.2829669760380193
-10.497315598751408
2.7500356441591745
-7.605465167911289
-6.125180275813656
-6.932380475665677
-10.00762108563986
-7.440581225755218
-8.543236153409705
-7.503241118658689
2.810264361266334
-0.6178813131673396
-4.643107995372013
-8.026472968683741
-4.3197449228411955
-9.0657208060359
-5.879076662621918
-7.491748424997229
-10.010103049629132
-6.230808908203766
-6.553739955082457
-5.99282472046105
-6.48856796558101
-9.570192141979057
-7.255588060685017
-6.933893172764064
-6.340734331620421
-4.662805688949135
-8.213628445702543
-10.006371658830298
-9.331242514300909
-4.309025939618343
-9.98176931977303
-4.395843564763234
-10.603412723223581
-8.634451048532128
-10.748815911028853
-9.104509232073463
-13.622659123884173
-9.120754349538808
-3.6782183000294477
-9.015602448542923
-6.478736169764646
-7.649174473489428
-9.281428322865972
-8.824838244623004
-12.086426595470472
-11.967667425647644
-10.27542033905423
-8.275213173752089
-8.551457957174089
-10.332223691540234
-11.61856212031602
-8.03435335105702
-1.1092501475599879
3.002941983054831
1.3808208045564863
-1.8727431751709003
-7.7838592056840765
-8.922252785774951
-4.904204858050733
-9.82547601247208
-5.257876457271784
-7.645282221999706
-9.500608941448181
-4.735496326221075
-9.739429146443944
-6.879787107068505
-9.908007657218862
-12.285621128793139
-11.53460355079584
-10.478940327717773
-6.9928751755690595
-1.4851924208981226
-1.305165403733572
-3.530953098498675
-2.097744675697829
-1.1220725818930373
-0.5813198531896407
-0.12420550460415036
-1.3897354590317306
-2.834284091415258
-1.8027183562390976
-1.0255651151582161
-2.357339875473432
-3.5904048206170556
-2.6663095524842526
-0.4870392051817038
-1.6386105096314396
-5.143798824845133
-4.876816540694107
-0.7144215321770693
-6.6501412986263135
-1.8169243802960588
-6.506720382000149
-8.203416219493588
-7.360705731956318
-8.737492067278419
-3.708687892663242
-6.670860064593207
-7.613625195475938
-5.990360840443776
-7.211186612015093
-6.67899462390844
-8.149400552766515
-6.834375484318258
-8.268489952156745
-3.6660233944812317
-6.626146615985646
-9.836596838779888
-4.143460011071376
-6.701473914155642
-3.9785242550982214
-2.1715443418275395
-2.5528501656749576
-1.9779226036007824
-3.42075932557678
-2.8364254488634244
-0.09456798486598322
1.1996197527411205
-3.841777132739098
-4.947229964135095
-2.0422168146641333
-4.455215076192521
-8.058208313962776
-7.876606595899326
-5.82705246690569
-9.116704267453503
-5.859821785407723
-6.25556233461008
-7.9052953159825625
-6.893279650125896
-4.869261123442524
-4.621728049181601
-8.260519713119287
-6.54600233290949
-5.255363464729079
-4.43444577906544
-3.993015391335126
-5.5034848552114415
-10.135259726898997
-7.122395207186015
-11.642157372038424
-7.704708277209626
-12.486365861199104
-10.294727844183209
-5.590690540415258
-3.403731551873747
-10.098481695720888
-9.286404482589097
-10.583699615136025
-11.835677453615997
-10.250182691971961
-11.074194027667769
-11.334038069539096
-10.770384133075954
-10.438732639491946
-9.915432929628832
-8.6744477770871
-11.526816462582254
-10.665893038682515
-10.69804697797409
-11.41241833585957
-3.5329129097949434
-7.095047581130672
-8.34783242644312
-10.996276357555342
-7.31580668058269
-9.83338249455226
-2.7391789801587914
-0.9307129297000634
-11.247343752711775
-10.188571358647767
-9.991780108066399
-4.132259548525813
0.29193518551296194
-3.8940848931910232
-3.847992250084196
2.670982299531072
-9.116963184833452
-6.577411730637383
-4.414878764548874
-3.010172837073302
2.0370446858148417
-7.944876658238415
-7.874116163434276
0.43060441920501913
-1.9654674774804315
-5.30329846518199
-2.9254895773838587
-3.1925010511765963
-3.968659045696018
-3.706123624872453
-2.7661492441917463
-1.8885622900521344
-0.932708603603607
-2.8546211445788128
-3.7759197394985327
-7.506417542815986
-10.396393557093777
-10.838325661997416
-10.704468206845108
-4.140223817627707
-9.928460408561497
-10.061073121288903
-11.609440423650657
-8.733224735544711
-8.425796965684427
-5.920640841120412
-11.759847202733337
-11.065109310968396
-8.012689206584902
-7.025420362997431
-11.056665543589137
-10.72278691188781
-9.058572517609587
-6.559074323232448
-8.943129936893625
-9.660319763167049
-3.432859761155917
-5.292806667020382
-4.401221350803687
-2.769321422105549
-4.7711336678145475
-2.957002542474417
-6.300643922860351
-4.121179257515807
-2.8523693556897465
-2.7230345737998354
-3.551590892813332
-7.618126156251888
-4.355955152727877
-2.636815509028696
-9.275674751159105
-11.692631610680767
-10.507040327919372
-12.698804920980447
-11.822392741598819
-10.696157622384295
-12.371123567146553
-9.562924149309508
-13.14298373570572
-10.338439054727584
-12.075201489981342
-7.952493349296823
-13.374596040359469
-10.532788955990023
-11.724225643662582
-10.393016897697132
-12.58497070284338
-10.080943176555271
-10.202654384120228
-10.518009908162862
-9.667005878673297
-9.036677197483904
-9.110785649550317
-8.687524644560064
-2.338142519113353
-5.440899492082108
-10.287326750572486
-10.651391184996271
-11.736333652597706
-12.504126274648327
-10.83068938165029
-5.94719970639642
-7.655463570090939
-11.083280533661345
-2.5715201463337496
-6.496868059941717
-6.665884878706734
-4.09200590971625
-3.1063389222065565
-4.085226645555016
-3.373351477930466
-6.959800810325273
-3.4837417843948835
-3.6930964663240498
-4.423727140056551
-2.5506917255825163
-2.3201960074869183
-4.175039175747136
-6.244491097182684
-4.192654574822462
-4.018755257440161
-7.641575996712698
-7.335514122689455
-9.104792052874053
-4.209332645741342
-5.08587106865006
-6.052536065887732
2.639661854593498
1.2583634013959886
2.36996834292525
-4.934671068190376
-8.223933119929207
-1.5549312979268342
-2.2528801561821767
-3.8688127825970566
-5.880988870920804
-8.149835233472174
-4.615818737893052
-5.677812208295672
-4.60554614433117
-7.719834444779037
-6.971475993067353
-8.256438960854135
-9.382933748694413
-13.533322743753779
-0.8066690201020128
-0.380543276740253
-5.016795815536488
-4.690361364392532
-5.687252781770779
-6.220077949195849
-7.831279656964018
-8.443052031186038
-7.775653385346967
-4.68484608172921
0.7885013882376362
1.257469780084298
-7.067103213595491
-1.1325279700418287
-2.446979646192375
-3.4422341088457644
-13.581713479753494
-11.59501366666754
-3.919288357690353
-7.0213358684729545
-12.771112030575164
-8.283188043301495
-11.300944822466034
-11.188176488571237
-14.256454201905006
-8.753163804064961
-10.898312100569646
-10.22728442909856
-3.7771916520353503
-9.041809854378975
-7.045774843073857
-0.07288454802621594
-3.151493859912532
-7.865424449229446
-2.8092041621692156
-5.195894050569525
-5.708968938312852
-7.3248788389727295
-8.384846874906778
-8.446818915410965
-4.745948184428868
-1.3837050804521038
-13.373191340293081
-11.464092182281695
-10.716848063140537
-8.235505801948952
-7.730846370308305
-10.048233287451131
-9.135451404607762
-8.09274718646193
1.528865560725846
2.530834988799757
3.6203244834537966
2.673988668240664
1.8312867528393562
1.0951214691421218
-5.5519389576348495
-7.536905683612117
-11.751414929967963
-6.812437569019934
-2.0535515117518095
-10.996044025025157
-11.2080594179607
-3.015347174382917
-10.656023725882244
-12.833495487899546
-12.272946177824455
-11.695087226179968
-13.915982051524779
-10.66872140471857
-7.653803430256824
-10.093726218798798
-8.626810236575565
-6.342157732617405
-6.218166096425582
-4.343022893374734
-6.68441070085985
-5.596844628033623
-9.202828381905643
-6.409790935549004
-6.953528381093921
-5.913359638644277
-6.206258190421301
-7.859805866549458
-8.313221385229856
-0.061215815017189396
-0.11885995978571504
-6.038092285764481
-11.459751483484688
-7.473407879561735
-11.641768963285486
-8.233288254300007
-5.624577165323432
-6.388289562263729
-7.738556979661514
-3.555665427514506
-2.0728827434120776
-7.576491206113301
-8.806107352018941
-7.0044852337406365
1.077284609503074
-5.263278002543743
-8.643326158227609
-7.253527762492169
-6.5534884602167764
-4.432874630936297
-8.783266503137101
-7.550319147288655
-11.123210070702756
-7.7539097082776385
-7.230933931551059
-12.101235475455768
-10.917732883551539
-10.619869139088408
-9.145183956837881
-3.8681749244522172
0.8678355383549099
0.2784499005019179
1.437817166572662
-0.36457553250038555
-1.060824892746908
5.664268005060683
-7.676839143065517
-9.41850646175864
-7.161358716983905
-9.153844679879608
-6.7126072068621365
-7.217816757713956
-10.323533479909624
-3.7808633606562108
-7.088371408346021
1.9347928479453704
1.4050931102003483
-0.6237310170557107
-6.778585221119843
-7.347302731525768
-8.244438540288265
-8.071555953778217
-7.470735939939211
-8.25113355849904
-6.120681458797607
-9.307489410207221
-5.495299903229377
-6.637683399447125
-3.2258849151469438
-5.796784162595301
-6.66956348031189
-7.366885506314976
-5.528661588042996
-7.960270098427167
-7.726886120517508
-5.905630693371732
-11.122073343910639
-6.316411705324231
-5.517433425658442
-5.597447457495081
-4.481359668795978
-6.338394535027116
-6.443747224871676
-5.849222399322556
-8.214737426705845
-7.356133886642377
-6.80047532529827
-9.208753444653745
-7.667095613113182
-4.836246092880159
-3.239137161186147
-3.2979947445581828
-4.547567136933747
-3.461914217577035
-3.4637121816689778
-2.928718128381708
-6.024332864031549
-2.4302971842459566
-8.320161670087984
-4.396150954494968
-3.197007280161318
-2.1624821174289908
-8.029505974071766
-10.565152632373044
-9.29341120347557
-6.694695480431062
-3.8536682044394626
-0.8148277312354809
0.2791634490544964
-4.846308755761962
-4.359743445668991
-1.6215363681901087
-2.96627629593585
-3.7039778332006774
-4.0565245896672835
-2.58457078022652
-3.409505980234324
-3.852727193985562
-1.9927721376796868
-4.07554028497643
-3.6816928722075493
-2.6291290678840564
-4.040160063525629
-2.8115088217049706
-3.48110623132579
-2.7525547480019075
-2.94713068396654
-6.483270515984409
-8.712893236392585
-5.838273581456752
-4.9538038547583545
-5.9005692438416855
-6.001835191289112
-6.112004099545799
-7.122267130264285
-5.542813486116704
-5.9474798165813425
-5.946691593866137
-8.493690402124267
-7.601782614798475
-3.054191602056277
-0.1282879832487916
1.9387997843359803
3.2458083292642144
-0.2743494581023557
2.2890074998515493
2.0807215696804073
-3.6628848215077605
-9.196952521991207
-6.872044807258321
-2.9201265113184336
-7.806396301190564
-4.424488010098477
-2.909912308629834
-5.436936785803876
-3.1127941874503167
-7.192074724313011
-6.458660007148541
-6.167155189137493
-6.7635870902261015
-5.501082197098313
-6.578153079206472
-11.886951978109197
-7.82850259505635
2.611489457492506
-0.5911883403033417
-0.35756060564654657
-2.316508760961034
-2.1881725461073356
-3.0759579354573257
-9.687930839038781
-10.555735820656407
-11.853997407335918
-8.858302719318148
-9.672563004950707
-8.471252651684875
-11.952070622749014
-13.813130507484855
-10.32478978492422
-7.890420652616029
-8.192830483286313
-10.05785183495318
-11.393577134158637
-6.614036112618209
-8.850311829195673
-8.827050650465774
-3.3484544956696958
-3.1269440745468926
-1.97563413238307
-1.7275890346258551
-9.839939563046139
-2.7405954946929283
-5.204800481984723
-5.197255983451852
-7.608768496862078
-8.029951979579957
-4.96883973479112
-5.409073052866491
-8.691502612888897
-7.204073171796337
-4.941861293824413
-6.599985833261613
-6.616161947431391
-6.9747388827298655
-9.312646205151708
-8.447880228025575
-5.246080702375435
-6.867597287849631
-7.736101330445584
1.3804162554222388
-0.319600665685903
0.617065314279672
-6.859502363634385
-7.502587328941551
-8.133268121528088
-6.185273314566457
-4.498578913617091
-7.0044528377426625
-12.902561552889381
-5.199792161237354
-11.52859012603404
-7.280265734509184
-10.873080221757927
-10.836267874748984
-13.252033531500405
-11.789038027830562
-10.084628067151403
-10.572629542187473
