-25.50649282608014
-24.58204502539254
-27.82086615213371
-16.84422217636257
-17.98561808408108
-27.03109282946435
-27.365367694363055
-24.962681814652054
-23.98086375592436
-22.674231518918273
-24.813508901880095
-22.801229791627065
-27.76402726811481
-31.436740822604428
-24.266610831650564
-24.288536763117982
-25.20150396641212
-28.205239278035872
-23.889806516686992
-29.734064211604824
-28.743425670575903
-29.703840841834555
-25.328807147081935
-25.71096496072244
-28.736722729016392
-30.334139068705177
-27.608349969173478
-23.85950112290955
-24.28214273934539
-26.2423243545481
-19.157197281388054
-26.977805939361673
-27.757826250082594
-31.444431110752063
-26.20273985611074
-28.538383891786168
-25.780783233783122
-20.178839996876988
-31.96218450357605
-18.592521919733137
-28.31620265639986
-29.03153328047891
-30.156139419459866
-26.001346984161067
-28.825770178825753
-25.44625846630001
-22.876402886441774
-28.73754646851005
-22.511552994300423
-25.561596887393012
-27.25334982481402
-28.55757495615572
-27.41393231872255
-27.541877054250975
-23.316818884083947
-21.66533964872821
-24.53315689470426
-33.07169686765227
-23.9249094045687
-26.571474873046455
-29.815038263402958
-22.909111311174094
-23.11656539792631
-21.059437864330377
-21.492976075428878
-23.676197059802888
-22.828943379381656
-22.144686921599963
-29.648064276055983
-28.919508620604287
-24.814673854473213
-29.597312413413423
-26.481706685448906
-23.384783412797017
-24.42965865557386
-26.607559388307706
-29.822081243257923
-22.300110505270894
-29.72468380805385
-28.307248229903095
-30.17794409672295
-28.49945314648274
-28.242871604817843
-29.020217105536886
-27.99017983836337
-34.68803609708055
-21.090795471204334
-29.572736919997887
-28.345353600947167
-28.94823092586335
-28.292764392653833
-26.752136079193484
-21.548505291341698
-31.151306946529346
-28.12277087197821
-29.070935311660264
-27.54512570635498
-30.026069034782633
-22.835770332204028
-31.55797591798777
-25.134170423349275
-29.060143102863723
-27.689965683889966
-26.887508459087986
-26.965506473629706
-28.6967903028599
-26.774478063937607
-26.157899448804343
-29.684092782498162
-24.815571224163975
-27.85456484038327
-25.770043774743726
-23.81299453214944
-24.583260468185983
-29.398516910111304
-22.753860158040748
-25.124168746227625
-28.9197688539475
-25.414372915857815
-24.792873397672146
-27.67966695666515
-25.13250580734137
-26.76916857745427
-29.48913981689573
-27.30526037942844
-27.908429514485697
-26.271840173062152
-27.957349241370334
-31.410286089055674
-23.432030735972816
-24.059600497140746
-27.170586391400693
-26.551204450563993
-28.66960094768008
-24.32967385592469
-28.17126618107647
-24.217785643093784
-21.948674460285027
-28.08075968629911
-27.66416191058717
-25.41737526732485
-24.704050735049496
-25.730234041510062
-27.947498358890982
-21.319094700183236
-25.455155198600565
-25.8468928840582
-23.885991474282214
-26.866831335180027
-25.357453471650327
-22.332756239726862
-25.621952632791054
-27.137004420606445
-27.666618230317482
-23.169892149492043
-23.959894614189054
-26.93612799567793
-23.634928480496374
-22.986037203275504
-28.8486572416586
-25.09090147103449
-19.320112442507984
-29.675546395736404
-26.45367333434558
-25.518332604965984
-26.425733200178666
-26.327475007465107
-33.702345075062674
-26.588264611496985
-34.053055912505386
-26.601135479369326
-24.96515258513091
-23.94170984465121
-29.402341228797482
-29.430795990116884
-25.786831617242107
-28.627122367936902
-21.402283013271184
-27.037072732519462
-29.638106489097233
-33.333047725190596
-31.052985606296083
-23.663657549656623
-26.520437686930784
-30.712673490090044
-25.476045974000886
-26.76288995161648
-26.06982883090035
-24.731618572276457
-30.64073415848346
-22.93748054364408
-20.35063194700441
-28.982205450599142
-29.126135055342836
-20.327946635120693
-21.81091748233019
-29.48687447107042
-26.506401987902414
-19.286667704796788
-29.478485114692013
-30.821396936115043
-16.6890570463921
-29.034624162384947
-28.554018808296412
-28.022617222761703
-28.571713693138836
-23.927994032183335
-17.29429276705929
-18.590962622869636
-26.572909987856168
-27.72626479122335
-28.88277141405041
-26.26177426522245
-29.34942589279814
-28.878050000383936
-25.66960599955741
-24.191360253036578
-22.331682406171495
-24.888362583849315
-27.43797841436139
-26.455554434837843
-28.673858016334158
-28.572140602129267
-31.186213664549996
-27.674738252987208
-26.16997767281635
-20.435138980808706
-27.247514966283795
-21.240872800942142
-20.793597455118547
-19.624511395364202
-16.350490876677306
-21.73500191593782
-21.96963543927624
-26.671389923619373
-26.83951815974752
-20.694615060861405
-25.814488110252537
-26.824484626105935
-28.62301879732108
-27.97263824055261
-24.965583853741677
-22.87204352242759
-28.16259260415211
-25.40767984739181
-22.65495379331555
-22.348802827249667
-28.66519044123619
-26.62707686175987
-28.456341378454404
-28.24082834216876
-25.756288278815646
-29.79988801561073
-25.453258826250526
-26.84849376464124
-23.670314085352835
-26.57926464407153
-31.909980147021393
-24.644628964216114
-30.011147244521567
-25.876384674347722
-30.036695501256975
-24.246465749547916
-26.087918181670215
-14.529808905539365
-30.643295769992708
-25.95111993928569
-21.4321000750465
-20.33034901841549
-31.094035819470154
-28.144218466883036
-24.432842642962274
-26.388242438633586
-28.606594938393332
-18.404438326199934
-26.45033758109846
-30.431108244142486
-26.327011199794374
-24.573908006979806
-25.24179092549475
-24.15858537766159
-29.952428153697753
-24.226554062159543
-25.48395338077273
-23.499068581100808
-27.516316158031525
-24.759906606194807
-22.416815288090252
-23.63240162921466
-29.67982284051234
-22.720621846428873
-16.827278321543155
-22.488091130982063
-21.388124611146893
-20.393525200323
-26.05868195288784
-28.098320899629556
-25.079767414450124
-28.791701896776967
-29.388890103888546
-31.37923677197801
-30.894782521324505
-21.724148667141346
-23.065379927262875
-23.998228916396293
-23.650799491127696
-20.976976925850387
-22.98591918226026
-25.410476194879195
-27.45601016726156
-25.153026109358322
-25.126465545794197
-27.12842053810042
-25.154345371267226
-24.083113418434404
-31.03099749315935
-26.539316214153537
-28.207075459164287
-29.04022871183703
-31.271634524522888
-28.095101295235214
-26.509562451157585
-31.047946369641586
-22.984232876697906
-27.191772257562885
-19.930157101544452
-31.504637554060686
-27.964775277553052
-26.636559840982137
-22.98583444014735
-19.46983663944807
-25.89829325869918
-22.03858093100388
-24.02184601361211
-22.408494576872833
-20.157396094973784
-22.9269718720038
-28.04821231125318
-22.193186612549756
-17.443484078794985
-26.117506388851673
-25.448136881595254
-27.650130649824057
-30.09288941349906
-24.796342368370897
-27.208244807356444
-25.368095279480784
-16.521044920054724
-23.21605684401228
-18.988587220764117
-24.05534771122064
-27.383518720695598
-25.54828471657933
-20.39647677894974
-24.422037073295368
-29.949862058426795
-24.48184837246461
-27.114349678724622
-28.042209214379614
-26.83179279882699
-31.39115903853739
-26.129746799994077
-26.84356125620379
-30.30461752753942
-26.267631186431068
-25.366309800702023
-26.89890216662644
-26.09418744323978
-28.11178761885268
-27.10984225821983
-26.543217133966653
-28.38979281503304
-22.073861941990568
-26.74731355211184
-24.96129558950869
-25.707766100876302
-28.68284623208281
-28.25353927281954
-26.955149164549788
-18.9163952965475
-25.641499600785767
-22.59143090869006
-24.309349581068542
-25.921372230592464
-31.742840834646138
-24.849467038258144
-22.672290919853005
-29.27903567478014
-24.763991496226186
-25.737209466612207
-18.073718179625104
-24.88889533896206
-21.88657351707594
-30.390522450063912
-24.04390897602076
-25.640263164118146
-21.19800087498473
-33.125556878947904
-14.794542587760922
-27.428910700530977
-28.94210127473395
-25.273731761540468
-23.216486617430174
-22.65806669437553
-27.05345962393503
-23.985725993573574
-27.205815995144178
-27.40242178061534
-23.341847265210568
-27.88841724188226
-31.773773984219233
-26.521938874110322
-28.42404457635611
-25.674353035166337
-28.742253027203727
-26.23383995314932
-27.428425681110717
-28.61699349166018
-24.728219180486747
-27.86292516515211
-20.02560910410517
-26.777131041060372
-27.063366900229667
-27.820219576092622
-27.927118950955713
-24.9132126419301
-28.206591593701617
-27.0270998419535
-28.42589695303115
-25.87459224064512
-25.773959976331728
-27.336990801336466
-21.602136696742114
-27.819711937864422
-25.629356846155662
-18.790668844465266
-28.612753700193068
-18.87179185303989
-25.051311429342928
-29.00019005460039
-18.94719488663121
-26.593089160115976
-29.904341378640932
-26.332952706760196
-24.333371456659886
-31.179013738448692
-28.501118144322227
-23.315104444399374
-14.325756358199103
-25.725381548497033
-30.842795691445588
-25.516262367027807
-16.069432099996494
-12.017776037038216
-31.38113795236469
-20.752074693712267
-22.972769870800054
-29.854382501390255
-23.26934273540915
-26.519013313439352
-28.272444793996307
-22.22469285231901
-21.850181635689985
-25.797386349722487
-24.794134647374342
-26.450695076809687
-28.22314435484506
-28.499284305224148
-25.43254385737921
-26.260202833407384
-27.4790971239456
-27.840487626582508
-24.31639621015312
-25.336381676614838
-27.22552073631623
-30.159269542364832
-26.547396243527242
-19.557891497204704
-29.246624497673594
-25.831802444039194
-21.352131979031945
-30.190685645465617
-25.59870635532345
-27.31410157148528
-23.618574481102016
-25.691179159599784
-25.12114793449484
-20.59846738258228
-27.09974058832048
-27.784038419855634
-27.358443557652443
-22.355206945487172
-20.197108117639896
-28.281049503695364
-29.392962564147926
-25.079662595869657
-26.216836603452617
-25.959450204277637
-29.86850458143121
-27.635003965818353
-30.980579558378658
-22.027111205953048
-25.452895712763173
-24.456420413169944
-23.79646216300114
-22.101091251128135
-30.546461647321387
-23.652333856307123
-28.835105530024002
-27.035199563909345
-30.10385255548851
-22.074372681918156
-23.42648354644984
-29.76376847030486
-28.32044420589458
-26.775825924190208
-22.859157362523074
-29.829601161796173
-27.552455497835087
-24.684138143590072
-23.370363690938845
-28.700599090658464
-24.550664225060856
-27.207602289314977
-25.011046487798982
-21.95253764590676
-26.509441002514187
-23.46003166816405
-30.12248283426868
-23.652875388662906
-21.891727258241048
-30.878235057745997
-30.512436615556666
-23.913181252925465
-23.70169214341952
-24.77528316171319
-27.67919353114177
-19.96203967242337
-24.210189289832815
-22.831979386341732
-24.270537628812498
-25.746541680599265
-24.799981308000902
-27.453569427312697
-18.67322340427907
-26.87380541301909
-30.675865539035485
-27.405877360205405
-28.150495223164906
-20.003476763257737
-21.637124765753885
-27.782624643861464
-18.451584730837013
-24.808362057410882
-25.328764331261468
-24.247868933151114
-28.62810041991854
-22.616066978997722
-24.274530932255384
-17.30106807919785
-29.826583118427695
-29.08800285928012
-25.442261734743486
-13.917573132716086
-24.542193646354118
-30.021939131830138
-27.136099766611377
-28.00854909081034
-26.270012877454274
-26.612517952037102
-26.533807773939625
-23.68332752242903
-25.649932132751903
-30.441859066740694
-22.704151587740064
-29.37279986373032
-24.533533108824304
-22.565910469908694
-26.67414153472299
-26.280039221611688
-28.133260627113867
-30.607226464056275
-29.201240698400415
-22.42321998244733
-28.208664798323504
-23.37612742177141
-19.614303070378856
-24.916020396437787
-28.90169892574471
-22.443530403592483
-27.297828589714022
-27.925188104198234
-33.54249004503027
-22.416401596720608
-31.446252970593335
-30.780783489278914
-29.107907417516568
-29.254534609959858
-31.29759635651891
-26.422174924665086
-28.13621472237284
-29.019825754397548
-29.861666553754908
-24.32167756986449
-24.84515056345688
-22.465530279880603
-24.2389770757205
-27.266286561367135
-28.758555354471575
-21.17715038427545
-24.50993292186439
-25.976439980343812
-28.071302802715564
-27.87215821177754
-21.883885602900065
-26.05807197758503
-26.449664306490423
-29.80049250680111
-22.895293783111892
-26.39569339131433
-25.396773896707025
-30.555276312356128
-23.75934757573313
-28.278692219372054
-23.730600707858397
-28.519210993851104
-23.095144496221806
-27.586344002240686
-29.092289025464236
-24.827241053440115
-20.511284761711593
-23.031748511670337
-21.910498450614682
-32.68953795929822
-28.840250736242762
-23.059187620258072
-25.448704949390784
-27.307839005621286
-20.66406852484348
-25.8754807102792
-22.72366798795463
-27.78285693381229
-20.506015915408174
-27.779315448010742
-28.177201561993833
-30.733616174645494
-27.307369030429435
-28.626299080280425
-26.403754648913925
-21.115051131511414
-21.084780560858956
-30.214041110719805
-30.548300742725075
-28.29815296019892
-25.287105266419182
-25.030605426147183
-23.656139268622745
-28.359446818628676
-25.4888481994707
-29.693478873450424
-28.484870722019267
-23.462360863376063
-27.620390592726043
-27.689492510043397
-24.19345800774615
-33.23570262118252
-21.73793900250453
-24.142393875356674
-22.22015602010277
-21.58830885793963
-25.737181632737787
-24.48011941797074
-19.11051458186862
-25.115776942557478
-26.848790309033753
-25.32223972416177
-32.388841681264196
-27.826924596650596
-26.702454594812675
-29.320324046457653
-25.21137835222668
-25.847850079759287
-27.22372595226184
-22.29047631323651
-21.819118454830452
-22.40025532343263
-24.246811366787565
-26.878845423554292
-29.968880954093574
-28.26167268619225
-30.65550346562377
-27.067066905127223
-27.131088305096473
-26.32777838344198
-25.260102188848045
-28.76691917199126
-30.472695627944372
-26.744293781218126
-19.425412202670163
-24.128670612153226
-33.793185378709566
-21.790063321579012
-22.513850026113317
-29.80968223753857
-26.660579583163447
-25.668724330674873
-26.26227139917981
-24.83170394744436
-29.465517805726808
-28.006403517529627
-24.25009483746824
-25.62376121767577
-28.60851275704056
-27.364151916132208
-29.739149601748558
-22.273097121533404
-27.048076378944852
-27.367156202912405
-29.79162040809627
-28.610768108589774
-28.56090062967306
-22.053098241337842
-15.30506088815148
-23.60321706710094
-26.620391494622254
-31.393717419748892
-24.82674535875459
-23.66798111564495
-17.316251118287738
-26.742013763363268
-26.22741279964408
-29.984366935336215
-28.471620724735775
-21.46961034713564
-23.441738435210517
-26.13567278610209
-29.239226205052606
-25.975242772777726
-25.170757694293513
-28.5038112083545
-29.276517915163293
-21.593431663816748
-27.071269753465103
-26.44263518633492
-21.159615403107033
-25.715992659228505
-21.94982298894753
-25.721239549987125
-17.945852212826253
-21.980995202176775
-27.00549176379942
-25.209139884173588
-26.02906306437249
-30.14215474828529
-25.988793473666817
-24.657307794168354
-18.85091565005628
-26.31088688662403
-24.4635217021407
-28.154462281149968
-24.41704836838415
-24.930121377364735
-27.394793918013313
-23.21561300338502
-31.244293059026827
-27.55893511982906
-26.674128335373307
-25.409336960958232
-28.585963894463486
-25.183078914969364
-25.25510327351412
-27.379448354191606
-28.074176648068196
-28.50191021480707
-24.99416610261302
-21.11995943415018
-30.170301587489178
-24.521667490673728
-23.951593098844704
-24.125740961717256
-17.63361686455689
-27.18134434496787
-30.338767969919118
-25.953440221033024
-22.615889160782086
-26.3686194746116
-24.664109990422098
-28.326329980649433
-22.768717818856057
-24.44339400217882
-27.659065814360655
-26.908271439178797
-29.64306053154026
-30.60980575545738
-26.276219813902653
-20.85821635639892
-15.852604406740271
-23.957510437700492
-31.441738643804964
-25.03099334198638
-31.120096314622817
-25.124115225392167
-13.723107418009441
-26.650861557022953
-27.812676619813416
-26.389050601697022
-24.870126529855455
-21.21119433005542
-27.117442748870715
-21.48472188421934
-27.89703285240205
-29.950177725360504
-23.406762369822413
-30.09812509698797
-28.850664357131986
-26.063387688275668
-27.926812485194475
-28.68004544170475
-22.93380191453663
-26.68594084299048
-28.329808810062193
-26.54017373358258
-26.146693865630645
-25.43942894802207
-32.056288737422975
-27.298930810493246
-24.18657333166729
-20.785660325926422
-20.337272810243334
-28.588334091259146
-26.526285965520394
-29.188561916267776
-26.921719565038085
-27.05600378409165
-26.816903406481245
-22.6603332523349
-32.87898696889893
-29.750735168818462
-29.51834505551466
-30.722129809525942
-29.07084277970099
-23.938022704490706
-27.855761286594895
-27.28926923540909
-31.133422148529874
-30.188262198752298
-28.86074169985015
-29.38666000079358
-27.009790033306682
-30.97922089044558
-31.852909945379487
-29.88415324348906
-21.329410326385307
-17.1184650111012
-26.39321073997325
-25.30532119264964
-23.79640438492317
-25.56525930751879
-24.182184419480976
-27.279169540164467
-26.72502232438936
-25.69856296109481
-24.959078338924193
-26.5197653191274
-24.39096719073452
-25.689332392098667
-30.61828646401078
-27.564153774623094
-27.566810078633736
-25.500907704795353
-23.050962611121996
-20.86403614019874
-28.287019512892325
-29.382700203661255
-28.166760826647916
-27.32256572502858
-25.053321028935656
-20.660894346915914
-22.860173021860007
-30.323991574288854
-28.42255374675189
-17.96841450510484
-18.47075040337546
-22.947289424567966
-28.25713925315504
-25.24408150028014
-14.856581580850909
-24.529304437215036
-26.632455936597008
-25.033773963047434
-24.86521589526007
-17.889562467166535
-19.02240702981249
-24.769378301338243
-28.415550950659195
-21.779557735213984
-31.48570958196801
-29.189041483762185
-20.785291125053785
-25.606771055575066
-25.208208317137583
-24.203647748643004
-24.817210487399898
-21.119728313374644
-24.284542064849845
-29.17530171008945
-24.129857463255977
-30.37885839879855
-27.500964941569386
-31.967559015498757
-24.082786115367924
-24.528391756984117
-20.869152722514944
-24.99138113255777
-22.931502488901792
-28.64594442821914
-27.678693442367788
-26.34971026743986
-24.17214294354618
-25.085053025876686
-22.421684282255136
-19.085729485440037
-28.79162255654408
-23.91288961068073
-26.041040796472974
-26.37881689739222
-27.38355689325133
-28.233913332000075
-25.013081589398507
-22.573286497012507
-24.194712591571896
-32.00222107862936
-28.86299685198398
-31.606003491414135
-24.28110752039818
-26.292243024368254
-28.38473430317883
-27.13915767405169
-28.239178066780266
-28.84106912374037
-26.356488372789432
-28.98125534514535
-24.44151166952585
-21.16474992665365
-21.504045500540734
-26.475288707660834
-25.805882003332833
-31.955902238202494
-26.779511370032704
-26.223725027471538
-28.722660029400018
-26.315777875271994
-26.065265671121047
-32.65973732083921
-23.50612671562554
-30.2894491416629
-24.373887381372406
-23.130194599089513
-23.143537695310787
-27.635840959812583
-30.1599644688138
-25.451339124802388
-29.57171360255303
-27.52749193585659
-25.261749105661597
-32.14027825675067
-19.76465372879524
-21.422730662511412
-27.650197634257616
-31.376390497211972
-22.98551283032915
-24.63597483281836
-25.021437345009577
-25.376935509006746
-28.28997728417141
-22.996343634188637
-25.787171667813336
-28.08015222433611
-25.841428043256954
-27.12479014505149
-20.705098257133407
-21.869790362456463
-23.937641033445004
-31.973055222080173
-26.65836050284733
-24.609689710725213
-26.79072994531964
-29.315813114066106
-22.90110147002035
-27.874470925354352
-29.67483985868298
-29.494640900206
-28.115239919390053
-28.652985617067877
-26.25639525169303
-28.914880215395762
-29.700254480374007
-25.840217185872724
-25.60094530122692
-25.49537071117226
-21.63727456064998
-33.24699572338373
-24.44971830715017
-27.25683929382041
-25.189026223096672
-31.81483378501409
-17.005081239976896
-18.932977914342477
-22.68594434813942
-23.593512429248584
-26.21421880123155
-25.07254851239926
-27.77771964720472
-31.773737118391324
-23.399302340509774
-28.408727743472852
-25.8010612983253
-25.669677575208013
-30.143798089096897
-25.015264256695513
-25.05769094382913
-25.19765577320073
-26.153146311596693
-31.908378466660423
-26.300480334494715
-27.445647076826532
-32.459081625176566
-22.213393067842922
-21.917409508739194
-15.562734550303478
-27.583568480734513
-28.15983423393816
-22.267874481555694
-17.66710020264548
-27.557575170303046
-24.89444148083965
-24.362241575986324
-24.119571811302674
-29.61962537942318
-19.09661659278463
-21.522462310961018
-24.233540598926538
-23.25250477716728
-29.300029005374444
-21.434036873811237
-30.552514238369874
-22.611287018192286
-25.711740722147237
-21.403380269272855
-28.49472380686359
-31.34796321055704
-24.114831559946033
-26.96472850697852
-26.464460271485592
-28.31904779845465
-32.11988653196313
-22.419748000214543
-27.850924409268345
-22.437193707780498
-29.55546501407995
-22.792824151251178
-25.005034314631587
-26.236405816820092
-23.26153493681012
-21.28158523699876
-19.39863266574159
-19.903885324688666
-25.924943493705037
-24.150522805971146
-19.856345580956834
-19.478363308203647
-16.933372714703253
-24.619168096621372
-19.472773567677166
-25.719499883741204
-32.31712711564704
-22.527839568727813
-30.116044412956626
-28.08670453986275
-27.50796720846852
-25.241884213219787
-22.138358752874343
-25.88710680362087
-24.06835634087679
-27.19862054015245
-23.11825365077173
-28.75811352538942
-26.06444203852189
-27.6719472873178
-30.26556846195698
-27.74034386316808
-29.307467278974187
-25.692651657801505
-20.13706643386762
-26.64560760368955
-28.348992751585264
-25.340828001096636
-28.537589178158484
-25.795314391544927
-25.495293573179318
-30.68636927398394
-25.962821384639803
-29.382987196750598
-29.081423457269622
-32.300403784091195
-26.378337678039532
-22.366606513824795
-29.807665103974827
-32.60775652255636
-30.555292116636107
-29.65910721673022
-27.99413195570431
-31.092721435682027
-22.01596707552885
-21.870315148235655
-28.746109096508214
-26.0756023777979
-26.20619239151841
-24.873276055998335
-28.727023141368804
-27.520870325638718
-22.995925227560026
-24.533554399594042
-27.448245445103993
-25.73547407249537
-25.871403026849833
-27.05360943620062
-26.18408049842198
-24.07307685357167
-26.412363801570557
-27.281448982684495
-27.571153809619915
-27.58622651798168
-24.352986422633148
-20.126253963596685
-23.89421719014573
-22.180858702451253
-23.55680561859184
-25.236237277279198
-22.756114448328063
-27.66317076869871
-19.893129045865503
-26.400120541720668
-25.432359485282838
-22.41928266451849
-29.52066794126312
-27.0322626908225
-27.838305479219898
-27.081862355424057
-26.239218696850244
-21.129453668047127
-31.98500783114195
-24.597993884294784
-22.691197358455927
-20.9094079788657
-27.458009890504506
-27.56634186011849
-25.620578283494673
-31.411405840179366
-23.639396296565153
-23.2300695043808
-22.663201834490316
-28.6820936580725
-27.547912428691166
-31.488886019217702
-27.3788756339028
-23.072654361611306
-27.569011677045523
-20.928825869606044
-24.834087380027412
-20.65708402948035
-26.03536432972802
-24.378859844169114
-29.959332917306817
-25.70305384767017
-25.871855594645822
-25.851390603503493
-25.500569723128738
-17.434020776267996
-30.861912099276722
-27.785847191921874
-22.633394867902485
-28.858938857213484
-25.25811592272442
-27.44756335251992
-21.541690628342323
-23.762940727348855
-24.186237819530323
-24.954946662564346
-24.598610754004298
-29.066897874881658
-30.77776279368338
-18.160502343402705
-17.948489426308065
-25.039595716109147
-27.85984464075476
-23.874728856006424
-25.912755052862067
-25.054494552348554
-20.095341509679468
-27.908862024581826
-28.912438424405067
-24.89415987215592
-23.194931402490823
-26.09869658251347
-20.526132307636974
-20.019848723213492
-27.423107477288042
-27.464117527846764
-29.976415282139083
-27.54167356403172
-26.617796429667365
-26.49981918919215
-22.755782886823496
-18.53530197312095
-30.07982945399763
-24.55217847620497
-31.06992009453755
-26.09562048047013
-24.617065647708113
-28.32253643949324
-28.176903099863267
-26.603323806860427
-23.44644718683641
-21.85822366316286
-30.181476947615998
-26.62883308825231
-20.898085626350706
-23.215852829482927
-30.685103263233636
-31.04759885785522
-28.09333351248516
-24.99150124636546
-25.11298455211949
-30.42627799173022
-31.66735332673743
-32.26569930169935
-25.58180679457129
-31.092910160842315
-27.905678992367303
-28.68705001247492
-28.03502667029141
-28.89467583344746
-29.293625527875896
-28.28970484636655
-21.150162380496226
-22.485760084753096
-27.714081747931683
-22.804038646747486
-24.06962504552744
-27.229851232840385
-25.14886041696499
-26.42939288702786
-25.865505549162748
-23.985797670297046
-23.384816807190848
-23.941414516813722
-21.413668448756425
-24.919692714094435
-21.292176440401345
-27.46990559996348
-27.64342274421184
-26.707134008458418
-24.390386685780186
-26.412323636383004
-25.605063148896186
-27.790177909620954
-22.413378229384218
-22.684500320479483
-26.701175836650656
-26.739333699608405
-27.89204323933202
-27.20163954400172
-27.789929810846434
-27.286572268367475
-20.102803744802465
-25.738018607567547
-29.60739252916912
-22.487353581843063
-21.912774988092046
-14.96717005435674
-28.123859407220653
-23.94839288048264
-25.7138190556214
-24.77482192681065
-28.1680669249736
-30.320659723768035
-25.923709134634066
-26.788701917967796
-30.56449455329763
-28.882268279120964
-27.67870878433915
-26.142030791327883
-22.85746130237193
-29.95478129265097
-28.3828094428387
-28.611775419774087
-28.880592131160437
-32.33249888965213
-29.604478526375722
-24.97389094060737
-28.33742245931151
-30.98366048482541
-24.028814203511587
-27.172762081430484
-27.35416384703703
-31.973725295034647
-23.089317233132906
-31.177377503815773
-25.607330252510017
-24.364715976373024
-28.90285314640085
-22.585455080608853
-24.686348737364614
-33.66800252519343
-27.536197031171934
-27.484945894801402
-27.466210156509646
-27.58285321523585
-29.393873534321177
-26.133954951278316
-23.788921766020117
-24.034063073848145
-24.41566914588549
-29.113339640855383
-26.89888330961731
-31.669472873722263
-26.549272960464656
-25.847810788483564
-27.830942395186792
-20.11163459081238
-24.39168816809235
-25.88843399522403
-25.402778596508803
-25.17458976454455
-28.052251508203817
-24.994048139236764
-22.808903117930498
-21.72441910675447
-30.213562335800486
-30.559540859445075
-31.930525967193
-27.327278706390295
-26.84293996641884
-28.96048642478649
-30.821401481387674
-29.624855993445077
-26.493860214359557
-24.169936435385868
-21.24568600290026
-27.192924485681637
-28.964464896042355
-31.721714405061512
-28.280589502554644
-29.5886896247679
-25.952806754230384
-28.084829553675
-25.609233790734887
-25.001533740194038
-19.656498715031063
-24.604396061298058
-26.735264824995323
-20.349153139041512
-20.825947506292568
-22.101249879881287
-22.058369323220376
-28.540738654314364
-30.457111239747793
-26.013624258619267
-28.08702305145568
-31.39661349473884
-26.387537284386873
-21.926722604527157
-20.195523624869708
-34.150429505021826
-25.301316299212203
-26.938087968687565
-21.14231088637308
-21.517245278247614
-19.835631869926488
-23.231934340568817
-24.22796087322369
-24.788607269599623
-33.13096467623785
-25.235259055392564
-20.754684425158608
-22.211205703606524
-27.969977273247395
-20.146771286172815
-31.969474731807914
-23.575176908454704
-26.828562057728096
-30.189425542116133
-30.26823271317103
-29.5391707857309
-19.536669821197577
-27.976921969501497
-23.416643629635857
-19.915809687765968
-22.78304418432849
-27.659754142024823
-27.427523972915967
-21.993687121464223
-21.229198230212845
-16.806468256633238
-23.66477043769246
-29.985724001258564
-26.672982447175844
-28.224716933695472
-26.49004674839809
-25.959162587914832
-26.282017330098295
-28.378761492847207
-26.346986656679
-27.725366168513723
-26.237339513762592
-28.96176203359396
-23.741064645561558
-27.07992123968209
-25.006572622668415
-23.855466092400608
-20.066797987076843
-16.118160884837472
-29.758561272412706
-26.125575777658675
-22.066359051697376
-25.676571001843985
-27.969645723360713
-31.128718940564383
-28.845226729765834
-23.714028816884532
-24.487018075513742
-28.125666866445155
-29.58039412402265
-26.020702806960497
-26.53729884080415
-28.068464484386737
-27.239248717030634
-28.937049327807422
-27.30464517668011
-27.737320178860017
-26.127579216661164
-28.351133979485724
-19.79853033157991
-27.875765413075445
-28.587991421968876
-27.277996126960478
-25.908030345763766
-26.782529641590433
-24.18136988217433
-19.277263259648212
-21.613086098364423
-23.66630695991735
-23.676249728792218
-22.409226700182582
-26.67146402836682
-26.965634785392098
-30.592931541635835
-19.985669148012843
-25.611820323423792
-27.71905064464987
-28.06319301550781
-30.114646963480116
-25.605793976284914
-22.487936190277683
-26.486744683224778
-23.520919916327216
-21.28599343919977
-21.761162292668175
-20.912306226784644
-15.675115585948282
-25.300637906163573
-28.763374262181724
-25.454787469925982
-27.463860572993628
-28.235319011728492
-30.915634693206712
-27.18907468984329
-27.312065393715397
-27.09174654713346
-20.105694448126325
-24.40245669472086
-25.114409202402673
-21.47422914481759
-27.055435774739976
-23.287461194393213
-23.649537886082655
-24.7071151868464
-24.54969748611443
-29.514385116909633
-28.070213818709025
-29.8628872662434
-24.619275913050956
-25.787335063640864
-22.917232173919444
-29.01003435699916
-28.546488401440538
-26.693974925082323
-31.312833623728306
-30.11962661253432
-23.84286422211368
-28.219910422630477
-28.09019971965191
-28.543090734236536
-28.00487165980526
-28.699071702317358
-24.189053515342234
-27.89413447167346
-30.781859605170496
-26.51474582573976
-23.252505234313382
-25.94337322405551
-26.659211651485368
-26.78398123769937
-30.013022484879507
-25.577533542302927
-24.796328168179517
-17.94957781996756
-25.9169267861242
-29.020544301662614
-28.09514845709762
-32.406599127804625
-29.51004549737549
-26.6803342098828
-30.238265464516964
-20.91685794417155
-30.23692075011372
-33.49312754977607
-36.54665096356561
-29.405154012745633
-26.769103026821522
-25.682957525940996
-24.701888373103245
-23.337187558652694
-27.170270063169937
-21.59040252236224
-26.111092499268324
-26.112646141485293
-25.781048398872837
-26.97036115703161
-24.804262233031828
-26.557893610914157
-27.19377679065554
-26.901047376581605
-27.158162294074913
-30.496842546673964
-25.499907006940095
-28.92011269969132
-33.45951013337134
-18.09502226771864
-25.9631741535859
-24.32966037688451
-28.00411021321517
-28.09717974210937
-25.178440318871992
-26.604816220127255
-26.052614704735774
-20.832602025755502
-28.14249783150912
-21.849038488613267
-23.895398016786338
-33.340335549980374
-23.461831123998074
-25.465412984805212
-31.23885224598982
-27.71770681506422
-22.834233137653506
-24.397386095701773
-31.098278507986354
-22.474979516023566
-26.545664158384106
-23.06927683008467
-30.271267902968454
-26.42565878430547
-24.79119881137935
-16.276941923255976
-31.165664705272352
-25.732159610167454
-22.800592391830527
-25.457170088035532
-21.70114352770652
-22.15493122702301
-20.062397362654128
-25.491429871910782
-32.68112588277951
-26.961594051842273
-26.302657399837678
-26.54253748869413
-29.0989000623698
-25.531058255430793
-23.24411342632332
-27.8851683566309
-23.888235412828536
-24.58083897834255
-24.977343693222238
-23.456609372056466
-30.741769803079983
-18.541884362613736
-27.084654166472994
-21.42701926674259
-24.886525844006503
-24.04884328444753
-25.003132128114146
-26.726298674716347
-25.815639079921972
-27.304751419786264
-23.071973751881398
-24.96094091747005
-22.71124598378543
-26.68708333573977
-21.15558431456779
-29.244899743787624
-24.588136085207935
-28.32254332380837
-26.91941783266723
-28.688670240122338
-23.26465919509316
-28.33757423587916
-25.115518140513558
-27.78456179292442
-29.768810380588654
-27.377758819435364
-23.792816131483654
-27.309370540309615
-28.115921783058436
-22.846857271989343
-20.29695149645892
-26.128705507644447
-25.269000938526027
-27.460479876535736
-23.784023957575204
-21.24671174344641
-29.59887858537556
-23.831253794524038
-26.135482100141292
-28.280865132571066
-30.351193055300392
-21.209129711555917
-19.178354471090458
-27.85592704818962
-25.766825479976134
-16.088062184432314
-28.822290473420416
-26.958554810238237
-23.274851385285242
-25.258117348506246
-27.983192904404504
-24.46444555672418
-22.711234951065776
-26.50713070847919
-27.155812764111232
-26.866545514683498
-29.85552531195063
-28.039856777680647
-22.776503571601054
-21.845835611223748
-23.733092810115174
-21.639153790479945
-26.681443794877524
-30.757250329929
-28.95841034751357
-26.70958151288088
-29.343913071044284
-26.64977655190351
-24.175400105419957
-22.50950505919776
-27.79899076507337
-23.77578528150434
-21.776093578085664
-23.0240852823293
-24.93051135039543
-22.745126522081453
-29.422730950117653
-26.8212450583636
-23.647381329300202
-25.48154901986582
-23.047088828672912
-26.37549849853012
-26.05027436124574
-18.31464308427542
-29.18522779653453
-30.16495595456096
-32.52872022990807
-24.190202331845104
-24.747779969923947
-25.13112562599692
-28.446904851511693
-25.980707391189412
-26.727412152855123
-29.401320868561548
-28.897134463641855
-27.921896850792983
-27.12726356308471
-28.24893460803964
-23.51666107850025
-24.106885331877006
-23.065938324175868
-17.039699145295813
-28.719594031510233
-28.48267928545703
-30.99021061884387
-23.317248823276877
-31.101785674455407
-26.98278781840587
-22.725003014627255
-30.62598795801095
-23.732649218885726
-25.914108018027996
-25.47382017646023
-23.737605195587335
-25.254912072102126
-24.043152995722117
-27.674067574646777
-29.06480734746227
-29.541414663658767
-27.990635674543107
-25.691611601921387
-28.26681750994416
-29.77944558601807
-30.61102654282859
-27.275968500993088
-27.19509552134734
-23.73769284100122
-25.238374529501982
-22.397812741234183
-25.772051194427373
-23.570206254840787
-30.217791705133276
-22.580337749964126
-29.51062441712718
-30.42093709591415
-20.222998424529404
-20.97542232754958
-24.834103153128652
-24.374278152732202
-22.799393996544588
-23.930493341794012
-26.72353466921973
-23.044376996157897
-23.643000832566166
-16.954164490272213
-20.879082519855793
-24.090783332398438
-30.7536296962454
-23.840829281092088
-29.476703867244314
-27.217795908848306
-29.41551328219666
-27.013616788402157
-23.387605527489352
-24.909462370255643
-18.163009473788115
-24.943692106097714
-23.595662771891533
-28.6454817101692
-28.155500396719056
-28.266085431325255
-26.84510910433189
-28.085564139574444
-28.61167493375961
-29.58312616233758
-27.049707260475813
-27.66805480245344
-26.343039772915038
-27.283266060580736
-29.128915425998805
-29.474304619557486
-27.296689918137766
-28.65591247421916
-23.42947523140601
-28.47568193941797
-22.46133905310501
-21.908610711167693
-19.19854187631773
-19.72998154172939
-23.436541478242713
-23.026897138348417
-27.342402896814605
-32.36702611788909
-26.836599220318444
-29.609532110641496
-19.588487567707894
-21.892565299778553
-34.912398635853776
-25.95563291356555
-28.482638502216503
-25.414379960650788
-26.212209257563092
-24.85745257097914
-29.112837399277094
-32.19417478376691
-19.7008776764818
-28.995626143066744
-22.715324426795167
-29.78979146771799
-29.92908650541059
-27.104994076747293
-29.57641967930127
-21.069869414618125
-25.25906844640898
-21.89657045153832
-27.686526733568595
-18.64585712322669
-23.219147372493193
-27.82697633970241
-22.046685466440003
-24.19519126934515
-25.98920375470713
-23.706917729938557
-22.57543798544084
-23.97303713572831
-26.66245879415931
-24.664000102305955
-25.525535673624724
-25.924249343691905
-26.396591612096383
-23.706282592005106
-31.305529233824277
-18.263351849128007
-26.040147563485107
-22.963213141098464
-28.455179497974722
-19.023968460967897
-27.241138059685277
-31.35903094695163
-27.724665707724956
-25.802792953089707
-24.900324189904733
-27.764205542031238
-28.38152884469396
-27.83505687338438
-24.470630501851836
-25.492491191459585
-26.15323101379786
-25.926797969254356
-25.40861570793632
-30.056893240425257
-24.798933498916007
-22.669826191831593
-25.340946627378912
-30.606093816440005
-23.043915890255683
-29.50924114367571
-29.23115215565333
-29.135315283045415
-29.77081303327627
-25.129891533279704
-26.74004439384101
-22.634990771759824
-22.714298079721544
-16.76731570764924
-23.043354377270607
-25.472618749461322
-28.662555220043476
-26.798326547746957
-28.299189650340313
-24.232913350119194
-29.61942073336496
-28.66499538793374
-21.29581591611044
-26.370414490540984
-27.186229083205344
-25.854578751237995
-25.160878205307988
-25.213220050910287
-22.08451949827608
-24.070495429735896
-24.887726301272867
-24.760848702642523
-23.56909410222626
-26.604621640170116
-25.834483602822186
-27.137051624665634
-21.339019227486798
-21.748420469258328
-30.11536736887662
-23.60322166316275
-22.415719802043753
-29.367197047414486
-30.789675456819843
-21.05112914191813
-30.588783023954406
-24.36372865162301
-27.139666310705593
-19.35658764304722
-26.47097475171212
-24.71409049922643
-31.185381547666424
-28.276183882319202
-27.70455466398702
-28.36353516223289
-20.485611507380895
-22.071840528491887
-22.717570381215214
-34.87074901286738
-30.407808933505596
-32.2085201946024
-24.254764674870025
-28.534422814579543
-21.36257127355002
-25.08937043721402
-26.886587849709226
-28.48705657831949
-21.18211657675588
-31.89520813772439
-24.563143678290587
-24.481339505554416
-26.866112414963855
-28.045639491217035
-29.841227739138013
-28.987269344536514
-23.719770773776105
-24.20423939409529
-36.324479460231274
-27.340274616048518
-29.11523961567407
-32.61945752259946
-25.609555688419555
-30.25180830497886
-25.686443609144426
-28.741950852994016
-28.939664737574077
-23.98980851035435
-22.451681689380358
-18.314609273874474
-24.773981471841264
-23.889781697160647
-26.26194254704618
-21.24155443328946
-21.266535723567912
-24.93198740680323
-27.184129151734133
-25.18479704699526
-24.64118113311999
-30.5684961142879
-28.894278742199468
-17.144133817145487
-25.625704376942455
-30.826794420040937
-27.869108035906244
-20.036673290991
-28.607577249685992
-25.854758910494446
-23.194145462619897
-23.27517313310753
-31.72231552324792
-20.669608765703437
-25.444128334637135
-28.994683383219197
-23.11534677017083
-29.159998383223382
-30.311344133973506
-24.41618574105919
-22.265627081731715
-18.319643877241226
-20.86381339316096
-25.88833890665331
-26.87719606933011
-24.448039843247535
-27.65160299484866
-29.807468628464665
-28.192854684301288
-26.904528207598915
-24.667917063785204
-28.099060928213458
-19.038860374285658
-20.700780313234787
-18.587841795048842
-22.787819119061805
-23.77276519045074
-27.820194627287837
-24.824968441310805
-25.35147712253789
-24.5870663859361
-24.74159378281185
-26.084088161320544
-27.402375002087734
-29.38769520088289
-21.999650525624943
-20.701352329587014
-26.173026985040806
-25.251365065214152
-27.43206519580073
-30.92766939187669
-30.181900978624185
-30.32083167021869
-29.638057662472633
-26.27407948990496
-22.043875113080496
-28.222248409315334
-20.27731369534988
-21.39062374543251
-26.56540712542791
-23.739211492492885
-27.696940955127367
-23.967331921714916
-28.082338760568703
-29.28332726346983
-24.625647788848642
-27.64367381758985
-28.059451500665958
-29.831831981606896
-26.86636215332688
-25.49790649694154
-26.241404628649388
-26.296733740198476
-28.651614112573803
-31.934963822155385
-26.617068842547802
-30.838556049882072
-29.792987453024754
-29.23608729912136
-23.963140244602627
-27.713462751887953
-29.355266583150424
-29.982613182316335
-30.179716029358794
-31.63136862182482
-24.99012345849626
-29.809453897179104
-27.301255392214095
-23.722169092624405
-27.132010222782636
-19.779054107087877
-29.560758715080205
-27.964303013846468
-28.064805538786455
-27.22607418057629
-28.08360970374755
-29.760967055899574
-29.807783276563924
-30.041578106397758
-30.2667035969641
-28.931562789675567
-31.77857007973646
-25.327309165936256
-30.554238195037414
-31.533303782284506
-28.32261636446531
-22.37050198608299
-28.41806446538896
-29.36949865512529
-27.24940352891011
-21.863000134041677
-22.264853509461386
-29.316582405909962
-27.889849891656812
-28.415648762918714
-27.376322475343567
-26.46109732483383
-24.766823063932385
-28.404320212354392
-27.535707331403756
-13.021986533081417
-28.29871202550834
-25.367467947847135
-25.91903406894359
-27.0811621463962
-28.67422181431451
-24.654841251961496
-29.516495244826693
-27.0434207261968
-30.452286057445146
-31.153335275061885
-30.592883428866518
-27.33069936825929
-27.009673552588225
-23.829684036719286
-21.946849249084398
-27.287411484498293
-29.277175446986824
-28.81757495810797
-27.26733522619777
-26.650566367099458
-24.694529215960866
-27.379847339772823
-24.849890943038396
-26.831105852188973
-25.540047138635355
-25.978994234681252
-24.619509748324838
-30.42748212375754
-24.94954186220184
-31.88778947800123
-27.72381813832314
-22.688680670476984
-26.20957907475457
-24.595642464437745
-24.06344712357654
-29.240194769209012
-28.052947646644732
-29.110188797134597
-26.956331723078275
-28.764197882356846
-27.28115489389859
-28.03848865448942
-26.460782595027965
-22.176394500501118
-28.601062337797963
-23.336566565391525
-28.102554008410767
-25.192300056048293
-28.894418741508503
-22.74204538454495
-24.146475258668616
-22.235942076064152
-24.64481026675054
-27.85635191147038
-26.60090638832663
-26.66473789364833
-29.38278415477194
-26.174283554309845
-29.137725242097723
-27.569386574007968
-21.1222333211495
-24.439746961610076
-23.327105235957816
-24.162037751045965
-22.202904904654623
-28.82043613302708
-27.423099704504377
-21.698469045523098
-22.6752128202741
-26.049127362179554
-25.150873757338875
-26.410633099602116
-28.95954463988929
-26.466232117811412
-27.69801476492618
-27.247205953044457
-27.23802437126716
-28.24054992257947
-24.58474994760288
-29.79632899717001
-26.454436671832784
-20.864463492822594
-24.24151420805336
-23.697868683688924
-16.695056080354302
-25.703529544023535
-24.0452354186006
-25.88609100225257
-22.257993841339392
-23.562642948380017
-24.213541092038845
-23.748361951375447
-25.170550277366193
-24.004530453267904
-29.157508004060777
-24.87306607523127
-26.58674893784277
-30.22629609326784
-29.80023132799112
-28.572512697971238
-29.33883378266499
-26.963744814186384
-25.370119292328653
-22.798009248539145
-29.157142470155932
-24.534644392502095
-28.373481797094986
-28.996119823132496
-22.55265116636183
-27.823933819324054
-25.508533943601837
-28.787338838035915
-26.544228434607405
-26.88408991616002
-22.815363666770516
-26.632193534251506
-26.794602659499787
-23.184630399873424
-28.347032726618494
-19.70348419317005
-29.111164461261406
-30.214077332207346
-26.43821745621272
-28.015376691039723
-23.77819089615191
-19.72363876743451
-17.48862911556125
-23.478351454147802
-28.407677995937096
-29.176112936647733
-22.588900672169093
-20.689934568022206
-20.20904878551027
-25.926970698149756
-29.487419541806272
-28.645394029218757
-25.45096322463965
-26.03150218797427
-19.838109749527657
-27.730738358131767
-26.609046559508787
-24.627189626012004
-27.244748692201245
-25.20524661979291
-22.46256841802671
-22.556592512425702
-23.049973979050563
-20.697720908581438
-24.426836383217847
-28.871543073010994
-25.22301420598965
-26.019939047803692
-19.433393783672265
-26.872848536924568
-27.68306628050438
-26.858957551431637
-24.44063003256329
-25.30746783184844
-29.009691333299276
-23.938474000578697
-27.604152899138022
-28.424146625223834
-26.55175781536955
-28.56171789833669
-28.453327254912036
-26.13450021912712
-27.098017295920428
-26.747218281596375
-28.409080717782558
-18.961254957074686
-24.18331952485719
-24.189299436119256
-26.53418031179799
-23.936170151867515
-28.783434652691927
-27.60792982078606
-28.4878119206944
-24.36823874041553
-21.03952190981392
-23.76245092657934
-25.2489237012201
-21.118862431516977
-27.177557874587954
-30.183629603934882
-25.373971478276086
-27.18858567761403
-25.068385868039627
-25.030234526051608
-29.49354774725711
-24.173861641570056
-22.442648505578262
-27.927270251845925
-30.764020656345416
-32.29162004885493
-22.91069870026913
-29.554134205882704
-25.550396673343375
-26.160605453728778
-20.963357995788172
-23.372894533959816
-20.64478268170079
-25.029554962950144
-26.73834324054765
-27.30270187317975
-26.678725488247657
-26.043998322919315
-26.961830642439363
-23.735203528938687
-25.30325135289586
-25.61413541560205
-28.2718266731452
-24.986489054676873
-24.955776876277184
-26.575214368388743
-26.245818277617687
-23.63936687641712
-18.5669790435945
-16.866326183014916
-26.024045937249365
-26.621721382459413
-29.18174287658804
-33.7746040511697
-31.887286632994595
-25.792052665754564
-30.85095141036328
-29.87303284108107
-24.673324381615217
-25.1808898257806
-29.38848089067237
-21.92717267304625
-27.12009809503134
-27.838874198158614
-25.462700453398256
-28.70059459439696
-25.95356736325315
-30.837738653767182
-28.45220583151896
-24.223474856359395
-31.158438442048613
-26.215181528537638
-27.71659143134139
-29.4034911549653
-18.491026324975923
-27.13012899350194
-26.203775576010994
-18.230825920016912
-23.15521504836448
-18.145070881942566
-26.962626597650935
-28.39756311621635
-23.951543017412888
-28.551393514493782
-18.991413375273158
-22.663664685875148
-20.73721195585102
-23.081631547930776
-24.64128671914935
-21.27391553776641
-22.206612846685374
-22.826747226050816
-27.843863040519288
-26.952232373685476
-23.7203775106703
-28.423873832889015
-25.334187812137095
-29.23678857376614
-24.30002527656602
-26.835630541083606
-26.055097476779423
-28.061985491640897
-27.687786559456654
-25.09585254360608
-18.89072451122497
-24.311587568893056
-27.289386555758888
-22.836396744009598
-24.69566163557981
-29.18744169092226
-23.245854227309515
-25.041713391218625
-30.260505897133253
-26.732183068936774
-30.063355384167174
-24.42274778543667
-22.93255130799619
-21.0517696772757
-19.962829634192172
-24.83147433663365
-23.331242924304334
-28.223822146043705
-27.54106814832188
-23.574961484847393
-24.014795309216957
-22.87754511547041
-20.817814083354726
-18.873972212579506
-29.677519028246206
-26.269623616133067
-28.24989962985734
-29.16165125172484
-28.175559187179765
-27.979445887961738
-25.32000574315481
-19.684468470804703
-24.0926763015431
-21.513131654871813
-18.5562375969916
-26.131057605241832
-29.184969925841713
-28.064593190249223
-24.332535329670424
-27.787457248865433
-25.069742608724525
-28.80422954849816
-28.380501051692395
-21.39089915352384
-16.518057015694964
-27.363682005380102
-31.024280591430433
-23.037357345527347
-25.548955759499968
-30.711436698104468
-25.88373131368118
-26.327701066790684
-23.95607488746772
-29.026376813703635
-27.380669191629963
-28.144237549316827
-27.5978049181932
-32.05888849062602
-26.387198856434594
-24.372503150356543
-28.18200696985907
-28.3465792938014
-27.66894297457294
-30.21573148901377
-29.359107923712028
-26.959386155237603
-21.421430779581993
-28.389175394399956
-27.480336441248618
-19.641786297960543
-27.22340807676185
-26.10851367372213
-19.569216688690002
-21.564970620125496
-32.00005640260606
-23.259154940866964
-27.276398541510723
-27.609833046584445
-27.681549025346094
-24.889783127987105
-21.253657914296785
-29.08487747480492
-21.74911258513352
-25.826187210135558
-23.97254338364789
-22.173925555121787
-23.038765999285836
-26.60695359037974
-24.123992364480845
-30.49114287929358
-19.05954916880971
-29.013274508804557
-27.38968961889418
-15.517244743698315
-27.45124425030677
-30.381372622278697
-27.85367743101953
-21.70067770536228
-26.88512390791381
-26.280392812950833
-17.413957381776164
-25.181406568763776
-25.660995442001592
-29.771294174452297
-24.903438573001218
-29.371070204790914
-24.8355683077971
-22.397607100024842
-23.594645931524408
-22.387565959290566
-19.364835142763045
-24.629943594846875
-27.4966805144243
-25.598779026704847
-23.870274566984172
-29.41015623040621
-21.46900154364241
-25.480713401108098
-29.365997290326074
-21.34800870114654
-27.04869398763038
-25.97297332378693
-25.060163569972
-29.14795020445337
-26.23589578309228
-24.822677538230668
-27.926750724146206
-23.11136397539051
-26.704926234021258
-31.347341098239006
-23.355873882521095
-27.29429821994954
-26.587329194122304
-25.024191416619892
-23.42281365264804
-26.554129062218966
-21.12584885206006
-29.610189931655192
-20.16071229363714
-26.346173165925997
-30.134127520046782
-17.972446824000816
-21.641042095530523
-21.253609041063083
-28.618080430401385
-24.747042885150893
-22.88532892413703
-23.144366220294938
-28.08164992656817
-24.305299553924094
-26.599312221331935
-30.850585802048965
-27.472058269334582
-29.548729882845336
-24.83454724543739
-26.39139056535184
-20.54188520845895
-22.27856586675378
-21.97812025852973
-29.20244693606501
-18.59800048561908
-17.252699681709526
-25.064314207645403
-25.964969726274926
-16.999897006137633
-29.29695733909437
-28.282411005944954
-23.18820651853923
-23.611622911637433
-28.465732224127873
-25.057647115790957
-24.74638942760116
-24.893450478655495
-22.728877859726648
-24.84791565797365
-27.93375201983682
-24.11510087022699
-23.806647163032743
-29.966923501449834
-26.040037794576445
-20.345017566258033
-29.13689288125157
-27.065346066567848
-31.70006867302482
-28.036846002830284
-27.284364060426867
-28.0618422270954
-29.2767386867811
-27.69522423853654
-24.02312692586905
-20.856138513610492
-23.24840938014341
-20.46729963855558
-24.160040800840274
-25.668486263790687
-19.205309230932915
-25.30875757773761
-20.51691735109769
-30.090207903884075
-27.910565966860354
-31.181263486487033
-19.038670889315718
-28.80520968456894
-29.14108842798647
-26.498321362731097
-25.11581818758738
-23.14831695541372
-29.033269111780736
-26.037092064919268
-33.0636694081874
-30.732127495235098
-28.53305070640056
-27.609522872225934
-32.900877427891515
-25.84295439744334
-28.56350367820214
-29.555562011311125
-22.62565558735471
-18.11087787333747
-33.47387722984637
-24.52199927298798
-24.972849394628337
-23.123967101047302
-26.421325612249507
-25.8983253156418
-27.52117999955999
-25.84880645057465
-26.837250392721234
-24.273611613411955
-19.730687675356336
-17.40903334029901
-28.003911894033443
-26.785714181138403
-23.254943773959905
-26.12260793010574
-28.028122463990137
-28.879147298498815
-23.009547620759765
-28.926146725002546
-23.794359240606934
-21.96124543794021
-27.25855116231272
-28.852047469284283
-31.01582671334304
-29.152695517987635
-25.979348141662427
-22.47673971960179
-29.704750341625775
-29.724664059738597
-29.59961789067697
-29.794494996105115
-25.650322710210087
-27.80244269701285
-26.717943232680504
-29.17921013057412
-32.395760997350806
-26.58399768812926
-27.165394442519222
-29.40276226163354
-26.016936108645776
-23.90132852590501
-24.138077078049974
-21.755185004481
-20.527092866527916
-32.36628702996607
-24.71704451758846
-20.02876105480836
-23.020356794810986
-25.27109550588486
-24.75245582860558
-19.74484082197728
-26.703195792493442
-30.14335445355944
-30.62224463396585
-30.531705980929708
-24.587338849367
-28.776966860972614
-28.056297347318363
-22.772313430743434
-30.470353245407203
-28.98411850785338
-26.982547141117834
-28.46705646143583
-24.852046898938806
-24.18278354579509
-17.44542701024374
-24.13366308129547
-32.01414495509699
-26.075589569274484
-28.992484718748557
-18.78283477803427
-21.997553305784564
-31.85004739234235
-27.13163876877409
-27.259284898360985
-19.8213395366581
-25.793550060363685
-26.74083719425956
-22.696065272186964
-23.137266746690234
-27.74695382026975
-23.26375767990115
-27.24482646133352
-25.181531225078835
-29.400333261702535
-27.587412953825186
-25.14584155066897
-28.03020235897685
-29.828882808645073
-29.20358741073066
-23.680882434192018
-19.662732432498963
-21.33389953995269
-23.72307679806363
-28.058947106335733
-24.521769810923217
-25.777969447318828
-24.425103842504075
-26.424447514685653
-26.85702221131581
-20.341629019332537
-25.54389363847524
-23.907120581336482
-25.817702575055417
-28.28397205712234
-30.970128334035838
-27.15383999485648
-30.719116933981155
-18.236542464688704
-30.43892303645176
-31.238978944464492
-26.579939377102306
-25.50459061840751
-29.02744276381965
-27.864584736459435
-24.55876574970771
-29.976529400388607
-25.279741868997363
-27.703813656706487
-23.016985032528986
-25.24467248032854
-29.282773350550645
-22.77344193309807
-23.9458384002576
-29.020350442072434
-20.42805105131457
-28.30178465296977
-30.498116495260938
-26.905444227914128
-24.8468616731858
-27.13111976309995
-25.344804754114953
-28.59489054587121
-28.960745710284687
-30.918622962220226
-30.05041901068301
-28.140241854611364
-29.362976859009216
-25.978408501136315
-22.950647797326248
-21.576635016706547
-16.955172915764813
-26.72089223028762
-29.045642676329145
-22.1765927145672
-26.50590468413588
-27.06507046849264
-25.595958392394095
-28.708625735978607
-28.759016943484227
-30.946664086650475
-30.693579736532378
-29.504258698009394
-30.22962532950021
-26.54070595172456
-29.699851998124068
-29.556282960396338
-25.262803796042405
-18.887989926330867
-22.087923266321162
-27.59820874474452
-27.23936688904489
-19.929372172164467
-28.744305054127565
-24.484447577512466
-25.21853105009208
-22.980525497155963
-30.196537928276047
-27.562082665695872
-32.200613443953294
-25.132835259888708
-23.847088099349104
-27.80203526113246
-29.883957245901875
-25.984089057025066
-26.132931863968892
-24.822335974351397
-28.218171551404893
-28.318853977298062
-26.140014902769117
-28.6932344782858
-23.345438606267926
-27.099248080074602
-29.59821491943094
-22.812318109826982
-22.842547603675282
-20.745773016191308
-24.565214454439406
-24.28915835174743
-22.53397702797963
-25.419970055683674
-22.20289589394544
-23.4156494688568
-22.19280818334136
-27.797983309257397
-24.98172758839452
-17.84467560165211
-30.849271147609137
-24.108772281590845
-29.365429829225302
-26.356027473575637
-29.549433080833037
-18.80499536495951
-26.687067414746544
-24.868935966537336
-22.653711675232266
-27.846442225886676
-26.274439395670743
-26.52435988599739
-24.08898282197131
-24.60274294779783
-17.643086097452137
-24.113351643590242
-24.151540414667686
-22.70164209774788
-26.369074015907373
-20.13075793064101
-21.59987152540581
-16.7766979252547
-21.3853356402227
-22.536699155573793
-26.27399159376276
-19.849396093627263
-13.260856804532256
-26.235520820824544
-29.882609983018078
-25.423855802671536
-26.467379064904254
-27.62204950478959
-25.983435347428237
-25.698340876466315
-27.636989983959747
-21.057971186938378
-19.362061148207193
-27.07554355898626
-27.311206736808163
-26.396828449167757
-28.352827960584577
-25.22329416122811
-23.159144140246838
-29.851411520168526
-29.65954880428177
-24.879847856189855
-26.68339807292925
-28.419926493933076
-30.616041511678166
-31.148105715281275
-30.1275598608224
-30.904557747881583
-27.332543061242443
-31.961568019191347
-29.297067527033885
-28.197532554256853
-25.97484417412795
-27.706105780724506
-25.54685854036933
-26.90609561680253
-26.883542970239784
-27.44360803156607
-27.530601946681077
-26.048330919787446
-24.887521639140733
-32.63922581210939
-27.6252234354868
-30.506203809477746
-29.846631961533816
-19.51175332034211
-28.93536891068354
-32.63475546652453
-19.231945786597368
-26.450302312899222
-30.918075375898646
-23.09427291972256
-28.531855065953394
-30.369748868906903
-30.378471138784423
-23.047207632895717
-26.495194202161706
-26.98352217735295
-26.15148739355366
-21.120604648685884
-27.030086741935914
-24.711171758600184
-23.39549952651691
-27.079215659168646
-28.30959421864179
-30.05734688218845
-22.883602574842683
-25.80939520864192
-18.2904325887267
-23.999691883344582
-25.97602646541955
-26.66135555156207
-26.243653578291386
-29.971695532120755
-27.11738910064787
-30.774602964135845
-27.769873309916605
-21.182258477691665
-27.56789521369412
-24.5473680315623
-28.08468163036774
-23.00354699774969
-24.16247146791919
-27.663453532686265
-22.004729407576217
-29.899708639264226
-31.48468011594927
-29.197603583804547
-27.734263972747215
-32.247872609894145
-27.45188068370387
-26.63949259233009
-25.51737947577108
-27.606166538403155
-28.973796089676924
-31.224264746811336
-30.408089173212964
-26.886017201437504
-32.669348891467656
-29.109173990028445
-27.730545788216943
-26.595743931579364
-30.167642334533134
-26.635674171585034
-27.66184313215583
-24.155917162160193
-28.928273094179442
-27.81440948532537
-32.548916472136405
-30.698205686778472
-27.28335032234382
-23.21270315918955
-28.335630535767997
-27.981094782784645
-25.09608146994373
-25.570767609178535
-31.56656302501682
-30.42956825342233
-28.678699185200593
-28.435044988995607
-27.656601268042852
-27.549538194036614
-26.768764129501434
-25.938956176750608
-25.759922800751028
-19.183926459557068
-27.370014460124615
-28.46742351482577
-22.881123527104908
-27.145704396874418
-25.559853578299858
-21.556681613946672
-25.64382420851419
-18.268370520808766
-29.504343343286013
-27.690689781738563
-27.149787215355616
-25.951449046197386
-23.120307647789
-31.746502910258226
-25.47370351758858
-26.706645134890657
-26.0599339842848
-25.553091074950764
-29.641116864431357
-24.21211396916275
-32.07970341666459
-32.40820510281202
-19.73573618794612
-24.812072008108583
-28.638695395074297
-24.214037268480133
-28.048056274175057
-22.695111942056162
-29.22313779945954
-28.368835669618985
-29.230494742717422
-28.377070585172202
-29.566020507457274
-27.64259431979286
-16.231918869167274
-28.08089672725939
-27.61690962640753
-24.793039067729378
-28.85454649498353
-27.629902280074262
-30.70247371536759
-20.830866492166173
-28.74149125882662
-26.029006145903313
-30.66932550443333
-27.342011125192222
-25.4417961928878
-27.926518855855825
-26.72540756128305
-28.77277684854184
-29.12313506856644
-27.199195608406185
-29.51947844779821
-24.186976468132265
-23.251425470029723
-23.591679728791807
-25.626736354668605
-28.147580730656067
-25.2841730871613
-30.182458101572593
-28.717542408024773
-29.204812730705054
-19.282494444992462
-18.70776234384899
-24.80112128518927
-24.374882290509156
-27.020179793740468
-22.946128398192254
-27.67119663926593
-31.062381106388145
-28.90875546217495
-30.069192389741588
-27.960835857247815
-27.83143889539212
-24.339825918557505
-29.40287314029159
-27.32677355304486
-27.448120799634573
-23.329011024675786
-31.8857965851886
-24.33093870940319
-27.22912085269663
-33.01658188181301
-26.47857445418012
-21.83148047194713
-28.432296834074958
-22.855551217897784
-24.166336496628553
-27.07741836282443
-27.810390652018796
-30.801158234890583
-24.573476715946295
-25.343243087951592
-25.038843692545072
-26.491030938040836
-29.009787917133025
-31.70564987533468
-25.441093774780985
-29.733569335698803
-29.238820962190207
-21.477690266002288
-21.8265236678181
-23.991329355235763
-26.742855318718192
-26.096326653873106
-26.00323562194307
-27.086681141530526
-24.003640713617926
-27.97675172177236
-25.51552983070934
-27.64429928721868
-29.1202024379552
-26.49901266898394
-22.69633946587698
-24.826528114658792
-26.48438006615572
-21.879597143546935
-26.10159946456523
-19.14378972819545
-27.737847283735512
-29.744934145765384
-26.449938547633064
-26.72585064280553
-22.57851672325389
-28.598751965247374
-21.960445503196546
-22.340132089566282
-22.28216330634549
-26.878440410545316
-22.81541368606005
-26.689275199310856
-26.098054825428154
-33.00921246545862
-29.577362800731404
-30.35881842824184
-27.90656291860237
-26.21943866520065
-25.512988611993528
-26.370305164152622
-32.15774507321487
-22.638349128503148
-27.482446847783645
-27.63396782092819
-25.760771703051432
-26.08868842602192
-28.16241304095017
-24.89929159264581
-25.706763585235855
-28.36606218472619
-29.51687277316006
-30.315651454256567
-28.80690372951507
-26.668989663037806
-25.578732115717123
-26.75656635192305
-27.933345638364706
-24.247518255622857
-27.75003989705514
-24.153365897299455
-27.408555386480685
-28.104578632428325
-21.95978595510332
-29.199557361677034
-24.00550852107776
-23.78656746270054
-21.882057752082247
-21.498743308364723
-28.0224809678902
-21.73196962708901
-29.9645528465502
-28.625498030065096
-27.93375009978368
-27.442131027324436
-22.015750505022517
-28.43332118565199
-26.07122417950859
-19.79917830935178
-28.61071666688469
-28.33052213676926
-26.059971917681114
-29.51349694611922
-25.207976395033334
-21.276014262913378
-27.451470015369512
-27.658681392486287
-27.8494199890633
-30.037029724368146
-21.083744291237316
-26.392243260834423
-22.419375329310142
-22.583368492341066
-29.472005341023987
-27.35160720278083
-31.14932935575969
-28.293557593076184
-22.492713180527403
-27.934187098691282
-22.506578082319912
-17.568859847250366
-24.92729185750315
-28.474789680940347
-27.95512747306939
-23.809778610621816
-24.980186797678254
-28.726095691805597
-26.613948040726417
-27.480776620100272
-30.751334373273902
-29.714928899420965
-26.59293338532727
-29.93922787724425
-26.61125324913704
-31.18251666760939
-28.770582413521122
-28.2576373082645
-25.353224876664605
-28.35194806571809
-26.528866643876057
-27.66608519235625
-27.097730868931745
-26.387478104492942
-26.55310743663594
-29.21664922503799
-26.855264312207886
-25.30311561633893
-20.478643470434136
-24.268510246949287
-24.0393366568428
-25.376323088015702
-28.34160172247564
-29.023288227823635
-23.84773380216903
-19.93130339961346
-25.89873967829887
-24.27407379657492
-24.121377020536077
-23.783316685398766
-19.284622046256402
-17.60916042385663
-23.101737625544796
-22.85011304106792
-25.280740350890483
-23.9817835766702
-23.653563323714085
-27.376071411554452
-21.618403611113127
-21.56626807043856
-19.884401839917004
-28.135294904466562
-31.878610232761034
-21.580363662040764
-27.054443019995663
-26.254234488691672
-28.518866184547097
-29.385608801370914
-25.86444032368245
-25.151929444455156
-27.546316311297772
-23.14469818316079
-26.674803688340614
-23.153958616163333
-24.297079699146902
-23.09682239632341
-20.375957444290513
-26.94767986026273
-18.847112707842548
-28.79237756876288
-26.75887519144382
-26.037641224523714
-24.81586439675623
-24.955186907107944
-28.648852622703465
-27.713893107051184
-25.36955460328303
-29.228357125946633
-29.556582969938834
-20.80486116996281
-27.181699759180226
-26.816900525492684
-24.333851793836562
-27.854729420562762
-23.39591583721848
-24.82172062222094
-26.43733533223005
-26.913282835800338
-24.987860571789078
-23.50179086108592
-25.90325439320036
-25.12939326808219
-25.23961206456796
-24.485887642792534
-27.98993303817515
-23.678069376331038
-22.702773504258108
-21.297847681120842
-17.347211499046665
-22.418000295787884
-22.209135281480044
-22.59153205400439
-29.532224926010908
-26.314030513603953
-21.266279350938415
-21.426760512974045
-27.127192650596577
-30.48039638765345
-25.98433431128403
-23.586211409624045
-27.244909715830808
-19.315087753039474
-23.934461325080267
-28.78723430241209
-19.959858713056924
-25.756711417896103
-28.184309896654533
-27.231072030566807
-28.82419504650186
-20.35049225451803
-27.351036626830414
-26.35325001993889
-21.79846689214985
-26.279668563548352
-29.30994418322092
-21.01845646193978
-25.875919508285214
-26.95971694373895
-21.63243356579546
-26.231429735283697
-28.059215120083877
-28.49934983472469
-25.049723150961945
-17.719551683543934
-25.42032726296646
-31.293085434347354
-22.335573354756264
-26.327232087095776
-20.401612261174982
-24.46976470647937
-25.281438132335715
-23.137812597856236
-32.1619225057989
-29.236557398205207
-23.68858194194678
-24.627948521209724
-22.04373656741228
-18.554127951574024
-26.982861845805065
-26.5186798083093
-26.635639940434007
-21.897254142242364
-21.955863860307996
-26.07735642086925
-27.63647755932662
-24.964297723524133
-22.59545152567783
-30.728930398633118
-23.59963700743729
-21.370144955887817
-27.69809711277897
-24.072522151623946
-16.751757989002122
-22.958781899714836
-26.30191404223779
-23.31343755631768
-28.98406679483076
-24.635784474361145
-26.6283482223178
-26.826487263355098
-26.975158171347616
-28.097050877829645
-29.60783719293309
-29.197199977633268
-32.67755786810003
-26.60509198540836
-28.46072062417836
-20.263137975456594
-32.09796104286156
-28.63015822295363
-26.27211340810226
-28.428623077925636
-31.943612624879936
-32.70944831352513
-25.975427183593258
-30.487522137334206
-27.49657110888223
-17.44739406977768
-30.357657870065214
-27.309072152660434
-24.40163801679533
-24.78173908317192
-26.989784115361488
-26.17341015240171
-26.618279029998035
-21.51189714142663
-31.16597140464014
-29.741161050365083
-28.0584415671373
-26.994071008392385
-30.62845620415265
-33.158360434623646
-27.754566790889676
-26.76584585000944
-27.536556749535325
-20.944575252460233
-26.293430873186697
-28.61784929065832
-25.979535094161182
-26.671868369734263
-18.44961581121277
-23.5016978059309
-27.650997139329476
-28.270616754506822
-32.93575902852837
-29.386337985764055
-26.780241899469797
-26.443762448939008
-27.54799068702892
-26.48309684568263
-26.29559778209319
-22.678424675185276
-23.960090585494598
-21.40679293730743
-22.838685235821014
-27.295951297775503
-25.56091461713636
-27.80045686701668
-24.731045696749735
-25.87307960477222
-28.122378336410026
-27.946052938482147
-24.569246454735598
-28.626249368217312
-27.93376530852436
-27.04327028045104
-26.05212213746436
-29.194319254630415
-24.576726873374227
-28.309667513143403
-30.397951521824023
-22.918001965259833
-28.714739011174892
-23.663144715144643
-26.899386333346655
-27.213914350428407
-24.930506302905894
-25.356358506958628
-26.86337631532627
-31.567157450411663
-28.18677374789931
-27.547079149888056
-23.270442195070782
-25.8004875888899
-30.917428860577854
-29.203988203425972
-25.269390445692235
-21.947313627180236
-23.17899197791201
-24.16195033293495
-27.40362139243212
-25.87817459863494
-25.068216857609308
-25.188864790722167
-25.777018173271482
-31.797265866438543
-27.55776521796772
-27.210577170733877
-31.795070525361055
-23.602793821134934
-22.10321332495991
-21.73855291525584
-24.39235185257282
-25.180622581858326
-25.380964435849524
-18.98361495171057
-18.687214468601148
-24.690301917766877
-31.33966498045347
-26.510786513422783
-25.38715743760838
-24.033681820860515
-22.918791514683527
-26.132787490176696
-21.351204669440488
-24.704542778033147
-28.9325473930004
-20.399898768017984
-24.610434440516332
-19.92460297966215
-27.633377441109154
-30.137866576656855
-28.517064488211922
-24.228968270717658
-30.109659449440795
-30.035419849387406
-29.713242794582357
-30.301637678060604
-23.429307944659964
-28.466820265435757
-26.81967066432803
-28.42941602375808
-32.196367047107124
-20.02660552229538
-26.82010864341362
-27.660029386155934
-29.73602716264614
-27.60693499615302
-27.218799926838017
-19.131201672062875
-24.304746083532745
-28.370428152333947
-30.809609067063377
-26.280658152726126
-24.941856502845845
-30.231638325671135
-25.272809246824842
-28.858533732994665
-32.56573478010129
-24.097309360130836
-30.97929907336923
-28.82799008369638
-22.031221169668726
-29.078861131915673
-28.339403317364912
-26.086450907894612
-28.29279280436845
-22.844270203497643
-23.193827013803627
-25.216410574300472
-22.130564387420076
-20.328973941392974
-18.488100873523003
-28.918424480528834
-30.197975232429556
-25.945800445635957
-30.709050721562242
-23.829944498905824
-25.47562183457258
-25.821274121319785
-21.21742076115197
-26.107376201778493
-27.205138281173298
-24.163624194833506
-21.8735610034356
-25.759902053759927
-18.90630385170521
-21.628119887280153
-31.03142342233194
-24.075710343231794
-31.343893792842255
-31.41953365686577
-31.668609099998804
-29.764382327857902
-26.062827056270187
-24.216592581768182
-26.46385538985133
-25.331789579558944
-28.522451150945034
-30.421067260045913
-28.274055213394497
-29.927481966135893
-27.324073722754953
-29.23562781895807
-29.30387230841621
-30.977890337956495
-28.714902777054803
-23.04837457025624
-19.079975492902914
-28.561075619214577
-30.09393642356988
-26.959986996374916
-27.081694030723053
-22.08518321469231
-25.555357905801372
-29.022983983659042
-27.62976814644005
-28.75506973125756
-26.981038997292554
-24.733085519369922
-24.727453770803237
-28.450973720717343
-27.212236540248085
-26.159232015074444
-28.517200273104496
-24.370625122398593
-23.909082920912674
-25.622393343017997
-26.739400747246872
-27.916137157417023
-15.452124464021637
-33.52719345970652
-23.33319370716429
-28.18214885125913
-23.174545181252135
-23.086815484995697
-22.805237440724124
-25.752682325152207
-22.131151735116198
-20.84033863188714
-27.941278351643614
-20.52401440055278
-24.499117101209492
-28.695667249044615
-25.5330907756545
-34.554161321283466
-32.32781467118099
-33.32467146138367
-32.78361412998747
-27.044630746640237
-28.222798199534143
-24.2810992143547
-21.585488066939437
-27.336850349950552
-27.674008909162815
-32.06820285680963
-29.044532258119858
-31.423766862522815
-28.769257206294007
-26.061516462024606
-26.04179489910163
-26.223784998778235
-28.470064380480036
-26.231103863079532
-25.49400046614726
-26.00812701093182
-26.84018462465778
-28.5824046638999
-26.845002487482823
-26.188939875863323
-27.66373296604888
-22.116364438949095
-20.546934621144846
-24.203210050701923
-28.139431781708545
-19.97893370352468
-23.247079546948534
-24.126666396406474
-30.230762064050346
-31.616653013182024
-26.002338200158178
-25.19988703158657
-26.456077446505134
-27.570528812585323
-24.23919408302024
-25.16696620767432
-25.670969127601726
-23.684654442708656
-24.333590578841818
-24.473495679742584
-21.278961225649287
-30.4905041009486
-26.233638134844178
-31.466488686796588
-31.207483157438414
-30.475934626139782
-17.241120908017713
-21.47293107340508
-26.926663856519884
-28.32379111153942
-27.452749808050008
-28.43200622155591
-25.544945965164487
-27.040825660259493
-28.969277084650834
-29.954022482379123
-24.551468716916148
-24.64396525665191
-19.675243904990467
-25.89568924504615
-23.758856708141334
-27.325168948278574
-20.786777004996118
-20.486801344999208
-17.743470359473317
-23.425995027031117
-27.36020953256668
-27.37431945135421
-25.355002580665676
-28.708441156021355
-26.950457603854524
-20.813349362497682
-25.238552487982222
-27.289590499617713
-31.929656749049713
-28.53514732919804
-19.26037101225001
-25.102793870565698
-28.212099271587117
-22.248460797338872
-29.753985713696906
-25.714419477674625
-26.390073681632074
-25.761042651736616
-24.436654533517782
-28.1613706392952
-30.15133539979836
-26.70748570474082
-28.818569666314005
-20.75689765127631
-25.503105520144494
-24.323390965817534
-25.66468401384261
-22.643939790008506
-25.760357240632793
-26.420895476215936
-26.75225533828799
-26.85625898496229
-29.259088908990798
-22.37678344755756
-19.514639443113072
