-27.686305651030924
-19.304927010807024
-20.656331300205213
-22.25540675780302
-34.00955836110142
-19.123938156056916
-17.130659608400677
-12.67870478942331
-24.258429098104838
-23.045285937424683
-14.812912921692053
-13.541331009112376
-17.078538736870172
-23.818397100176583
-29.37815006880473
-28.945485714622755
-35.115480579041034
-34.64283133288969
-20.741810435829485
-17.437863650510277
-21.43548050413863
-14.101289424826774
-19.197008501044557
-14.597958201644303
-15.84663823248629
-13.087884369334716
-18.013522761767476
-12.200469967580627
-18.40961241634649
-30.936617872888327
-36.9594741043539
-30.970774716186362
-21.9762096706664
-28.733842024157582
-24.090730199337614
-27.983628758128305
-25.93554351072281
-22.796749524585437
-21.682809256128948
-24.26679887338679
-22.718076882815126
-21.79370323934878
-26.58512240386562
-30.32082902305283
-13.60227474233708
-24.896110592703266
-26.15761901581714
-23.768809491016064
-18.923198696103036
-12.713824731170014
-14.281007640002919
-23.258051810801476
-26.589179203596558
-20.518579714284662
-20.848255493367894
-22.838924481925147
-30.522771013859497
-34.133395018263656
-22.629276299078484
-27.762496185643457
-23.65877704615321
-26.602887349243538
-27.262418541872748
-22.584206495757577
-16.268151240278364
-18.8344211542719
-14.70449748812863
-15.170646130978433
-19.93981210670612
-13.802121036910627
-19.849244276510994
-8.94294786611357
-20.555201592268077
-19.349569788463192
-20.31214941713184
-19.745507418896878
-18.420259475516325
-22.07079202880221
-22.90635668663959
-20.18206626011959
-15.62939358994241
-12.661927523797054
-16.685994299739924
-9.734459449670034
-25.84298614880413
-27.152480581884888
-28.865877457878888
-28.929175318732796
-22.580189128413863
-15.026661832758066
-31.609031032659423
-22.190235040959678
-9.169811966371384
-17.265117701668572
-30.74028290456114
-28.063352932887767
-27.506400973524762
-28.862842045806957
-26.750817505911215
-21.627460099768264
-18.811539911095878
-14.874288210918081
-20.101096341167242
-14.673317404573801
-13.738327998725588
-14.89851344361879
-14.815827138395719
-18.98346330156791
-31.22874424066154
-18.738715957463263
-26.11294716073379
-22.02897654283654
-26.542449414002192
-24.925569632467457
-30.93699001186787
-23.901143654650987
-25.565125373619203
-22.29919779318903
-25.7571361843793
-20.898289445291795
-14.868685679922365
-24.946666265808076
-26.117137156520485
-19.449269611760613
-25.56906245709932
-30.504014699821674
-22.394486324224793
-27.77030654649122
-21.680375037269457
-34.044691354518314
-17.55108430056223
-19.032119025058364
-15.889483534094396
-13.701030291968998
-12.414125531003954
-16.418809667062767
-17.25707636927048
-15.365192626187074
-16.610612394634394
-16.233324430077083
-30.216430281082083
-37.5607215524595
-19.199718217549446
-30.73418766183507
-32.76066738504252
-22.93536395664587
-24.819352296491395
-43.275978714482996
-32.99061493119362
-36.313310407342726
-31.790077357626934
-30.693337227669
-29.164198037507354
-31.066844457326606
-25.003745440709302
-23.718562334892482
-31.785178491695394
-20.017597709169188
-34.289624141525515
-30.443136883006282
-16.764580278047536
-25.373360156947484
-19.5118254526212
-22.338205393979866
-25.346101192634173
-24.96542491077861
-23.61234271058034
-22.82799741040907
-32.59588066738154
-19.470761940432077
-20.55952266253334
-25.527763357855875
-19.30657308573922
-21.430039884343472
-22.517246739541413
-21.850866436752067
-23.396755309881748
-13.189306780132934
-27.112671766042943
-24.02852126480807
-24.273416669714468
-14.517114074098167
-20.31216796464585
-21.48223835534043
-38.33606409818758
-25.05564075360408
-18.85757356599424
-27.546733520531564
-18.937087430228594
-18.633154979359944
-22.322981546856763
-20.663587339088938
-30.06049522432763
-23.374534938940563
-33.38713811894702
-29.17964951934042
-24.397239085260708
-24.42461941813042
-20.154045490916264
-10.022936412830639
-11.74729550097614
-14.998669437435456
-12.517688985222584
-16.2064850590527
-12.385926076970055
-14.885619945649239
-13.637101199325418
-21.972448649335725
-14.287040734990995
-18.551162804144557
-17.465656035615485
-11.8738761308601
-11.017861655979935
-23.810466070042292
-18.505291434217654
-16.16293545692858
-21.237905023727492
-21.150916200267798
-23.44147681547835
-19.950904195600117
-15.805206511676406
-17.874486291475982
-17.252463574028717
-17.296222669023184
-18.34215455187612
-17.758600417250506
-21.3330926546414
-16.742834483660793
-7.497262213137546
-9.465771272008674
-13.21383363957775
-10.492389671213836
-16.993762245996685
-17.475681360917633
-19.27950863683502
-18.6571480171817
-26.91442684579263
-12.336023068300292
-12.39515436843477
-14.495302390891798
-22.314061220201424
-17.817060172396705
-24.39571146840473
-24.81992184415557
-25.62292674995548
-20.324736795121588
-17.855735065605042
-14.374432792946578
-11.170383887588166
-16.18548418412828
-13.484518149131663
-19.199195670665336
-25.180776815214323
-17.175651569553537
-16.83717062534865
-20.723949150679577
-25.444550742681727
-23.166825351847216
-31.87252188811693
-17.759750795244358
-19.052931371573635
-24.334147113589538
-26.583328923090967
-32.69934813987934
-21.453552362766033
-17.479257826753457
-19.21921130249276
-19.05413087891614
-19.872716995607263
-25.37525422776193
-19.705581564533205
-24.107271436840648
-17.25565098892786
-27.68913347051226
-23.30752216692113
-17.322116942390267
-19.29124806128575
-12.367651833037904
-21.654650144078055
-18.20188863060472
-18.99445147034239
-18.067597509572877
-14.731761060210712
-19.068018163122346
-17.18726449162793
-32.482708704937494
-26.66184494839507
-24.240512846331477
-20.92767793801697
-27.293974998080408
-24.143175035031703
-20.80323707496411
-30.45579559162121
-31.163365636926855
-24.956079749100375
-26.08604807885405
-22.79323394564576
-18.786830627585694
-28.197713196419542
-18.95683670299671
-22.382077835625594
-23.102918867898726
-21.285112930607802
-14.03700658220437
-14.147064633709128
-36.41026868088889
-26.964525946443175
-23.159170691241865
-17.571056589246787
-23.90341179668364
-29.831205227263254
-22.70773223001043
-23.859522684625937
-14.613753817542243
-18.099922171164664
-17.435924601208455
-16.422643685701594
-13.4025629772105
-17.22993575627254
-18.80763492796784
-20.828203688308527
-15.333551188939616
-19.190911449000644
-15.138738016669812
-6.485591231483539
-29.519035798342543
-27.86720713281757
-9.638610085803183
-13.694745213852368
-12.966974612207732
-28.739218610364546
-23.19108958693057
-24.644285292166593
-22.870930297027005
-19.440190395418124
-18.42724460627799
-19.454541593130966
-11.963934661247048
-27.826490012155322
-25.29897662667999
-28.86151600889471
-25.50363393424149
-20.96313801223358
-29.799043106643214
-24.04898916651121
-15.664127886338843
-21.334876846989822
-23.85372789560273
-20.41371582330004
-21.474882174009892
-22.450959775248553
-24.109931984403914
-29.708262454389747
-18.936337386913568
-18.413513659078326
-17.503173479562992
-20.946537392231686
-27.74616379908588
-20.687442410468172
-24.047054218283094
-17.307806196535097
-13.252953319751413
-18.7098043016671
-12.249192042383559
-20.313196830745834
-25.897424285946077
-29.977368378725664
-19.87529376276676
-19.696035125186768
-22.339483284390376
-24.542726156605113
-25.47921183388786
-18.19648729489132
-17.903862002645972
-23.501517755986946
-17.219023259527937
-26.39222792722728
-19.64016959793377
-20.87111343066004
-22.019773029507526
-23.81836958649997
-24.236723252864564
-16.78232162972847
-28.404842926646133
-27.17581357623206
-28.311252978634002
-32.00419393268504
-27.570679068413355
-30.193799929030085
-22.96387120443788
-21.303918019005152
-30.444592720061358
-17.52498864301434
-16.322515160513454
-25.07530555737067
-18.566505701016162
-20.62448251900495
-23.547027111880396
-15.763272542971315
-22.035520182836304
-32.195618440540265
-26.991589408548457
-22.290103707105033
-19.827528696038616
-21.432667134798045
-25.819211790206275
-32.31314900304916
-27.64399100022137
-13.526209583982627
-19.400745248406835
-22.01687232804405
-21.58198724690855
-26.244983529277235
-18.723797411659298
-21.391133912153037
-21.36081165158491
-28.972583698959653
-19.488831225817858
-22.22609732022018
-20.127770360814285
-31.60711453038516
-17.359427295875363
-25.467621735572344
-19.292246527582567
-17.711791166990736
-23.626132746573887
-21.354970994238997
-24.394547862531795
-20.57419732369331
-22.331005941861562
-24.215601083187487
-18.340930153126457
-23.028235669866447
-17.68076921366903
-27.95466003634121
-36.09486590465164
-35.648794755609934
-23.0466266430606
-24.408056486000465
-24.609208326491668
-25.139089781921292
-28.69141035383678
-27.16181805282598
-27.40794059501617
-27.07270580828014
-12.993701574784183
-27.673447869767152
-32.382514683478114
-11.00240806040916
-27.359984228724365
-17.837903661833572
-16.465014125131226
-21.62531634273087
-23.62079917889362
-23.910405027923908
-19.19606722808463
-20.56165629394184
-30.66466989476229
-17.459619500776945
-19.447022315280655
-22.84858119485252
-24.728155481295303
-20.57118846164315
-28.350663702597483
-18.122593944062814
-21.854210322108493
-23.45059028188097
-16.794601286150776
-17.990787133682556
-16.97426833168386
-21.016770133351493
-19.96000252550902
-24.09176724569507
-18.092195734190902
-15.36058878869978
-23.055299596236445
-22.203073540311763
-23.365081666779908
-19.31134854904441
-29.68827087973218
-26.92846802182337
-28.068300740474065
-20.2569175298059
-18.11828907448144
-16.692210535754633
-22.167382083029324
-16.334601527158537
-19.06939047202282
-17.57498902883567
-11.879757932312735
-16.368641968293304
-19.10411344497073
-18.632642883647183
-20.335102033026555
-12.86962392242069
-17.36116920587238
-14.390531903337592
-14.105739208089481
-22.328069002895973
-29.13154841530073
-20.722638926648063
-28.73769838590059
-25.813725765165366
-21.024641667959592
-25.848695178822076
-16.743494777227294
-20.65472232621913
-16.892051827275047
-21.526495255806058
-21.154018191042255
-22.926833340061776
-19.716395950676663
-31.741301063649416
-20.844790292856437
-31.62754360493445
-28.39424141207472
-19.308049195630442
-22.00725890950253
-22.419458599072012
-22.333358735392725
-25.912138891715646
-24.878303274781462
-15.707498976356092
-23.43318553632402
-28.235277969216522
-29.770972376935486
-28.309454014646274
-34.18280796637393
-21.466345055426828
-33.83730323930358
-28.275605127129705
-22.85737700070606
-18.25093818359988
-26.27710037429361
-25.2561852893493
-19.442799093367334
-18.461975710896514
-19.95716503070718
-17.236302513661983
-21.97954492897605
-18.647053163860008
-18.60489390621487
-23.06836710099431
-22.69541699125972
-16.668239647336918
-19.47840470923814
-20.103478901981347
-14.8209160166098
-12.161876477537248
-18.25533477395618
-19.071854475245438
-17.275431430033173
-17.280088915028067
-14.161145981920619
-29.339516871867012
-24.05197410656885
-21.2416833226854
-24.985589008239163
-25.916483017755624
-15.58273996084477
-14.19365375022006
-17.969782321195588
-9.86402748134686
-17.123967068271316
-10.6521396601769
-11.97189645648564
-23.64309167299085
-22.13861067444525
-15.657665353960098
-15.633670272497202
-19.322279329828177
-17.61890292650533
-19.242098387905752
-19.17131814940166
-12.228710751079895
-19.760774508847284
-10.271916772188845
-19.343037443661437
-18.502377385198738
-14.641451169071932
-18.22775312079032
-18.178242015738384
-17.829500186981132
-16.528112894820023
-23.200740503972497
-20.962304789108508
-24.89226561697792
-33.99508448863976
-25.12317509504032
-28.309588795568917
-25.963017300763138
-30.77070584364207
-22.544595241508876
-19.019851611659696
-30.08976171696391
-27.314984371875614
-37.65241857510472
-25.147028840298898
-22.55025484798264
-22.75577486639921
-32.599896568626896
-14.905731761080684
-17.543510175610795
-12.020982577581098
-18.436214811844565
-20.50702255982913
-18.425358855693425
-13.281197816294178
-23.52865608222512
-26.133024091980626
-10.842494966505612
-22.828395530888617
-23.128766667537963
-18.26280545422324
-8.574589252338331
-19.19776716358155
-31.907642563762643
-26.14906280776574
-25.46196866299076
-24.14645038692353
-30.28223581126695
-29.592634639954134
-36.01963221738318
-27.470497881420656
-25.90870567155799
-38.14016442941141
-37.195069663543855
-28.879429988751156
-28.55134307016434
-23.06768064546769
-28.524476240663006
-26.140533512536532
-20.669964250145014
-23.971905656925884
-34.849413753045255
-29.90215689346848
-27.057610451445093
-30.340679375328662
-16.192227179646224
-20.609702375317788
-22.357578100412262
-19.25788973927957
-16.2230092626579
-16.743319022086332
-17.116852143452633
-21.04758546670472
-16.51263907543152
-15.51894559527301
-25.372762428955177
-16.726246198673433
-15.28601183667067
-28.880651062749116
-29.87243537764273
-31.244232373682927
-32.60787078626549
-27.13624724027987
-38.22299701098229
-33.2597448359218
-26.704972761581637
-23.921888905177084
-22.876454311769194
-17.277934205851587
-20.351126477342845
-19.201755355767126
-12.839975089969457
-26.365688420831333
-18.051840035282865
-15.121746310693773
-24.601851405071407
-16.0063413151275
-23.54431762042374
-25.76977163648676
-18.115869019508047
-26.282007117514148
-30.451517510443857
-29.952390209503037
-27.70067096002603
-22.813283839283066
-18.651563908198447
-21.53541372135131
-20.34878980719028
-21.005712164924027
-21.4240463601678
-22.14505371755576
-23.44995863894183
-20.81678476632134
-21.436737192189973
-28.341857314127843
-25.67622115406712
-28.24061012780188
-18.61275237374536
-32.51664542909433
-33.80117698888739
-36.61281923669832
-37.508092581972
-40.680950712567196
-29.018691878938206
-29.855590947817362
-30.45961044783874
-27.22818350575251
-28.224483262006615
-30.654459126016242
-23.774515217532475
-23.53432663417069
-27.02255725710965
-3.379915212805468
-12.475460773686674
-18.55117695938694
-17.943582071665453
-12.36559443255073
-22.472483746203736
-21.254201665250974
-19.57987067770624
-19.33451909215551
-19.02639401247577
-19.677113673126875
-26.654343036643354
-27.233883740501874
-27.593190222087074
-22.425984576788977
-14.670764807086087
-29.518334024731928
-21.09084126726843
-23.730724520347152
-24.231999515233987
-18.788855486759722
-21.361590717383756
-18.28762156818034
-20.221005159728676
-18.89299951468692
-23.134567432247408
-18.590120731709504
-18.44607335853982
-11.407462437347462
-19.640679560984985
-28.74672782030654
-19.34251514817916
-20.001336822284436
-23.049141746542276
-17.355686815018828
-7.3823537349537816
-26.245179740739793
-19.329462932915064
-21.101446588098433
-22.930580044362962
-14.78972703157514
-13.421370398607444
-27.880337030945228
-18.276539165173467
-21.406465411841104
-26.927069827778688
-24.0564713348924
-15.654801976706423
-23.835373598595396
-16.586198415959302
-15.838575434277047
-10.716914986432705
-22.376497319443168
-23.1586234959928
-30.33433366284978
-20.06176785626186
-20.23680572104268
-25.08961482132534
-25.753652987282777
-14.930558764595652
-31.168867515971904
-24.461308258029703
-19.23579637919847
-20.38350541410714
-24.499972438618343
-19.820661875337905
-10.582140261448679
-11.943899216765239
-31.588260337662177
-32.30749557975547
-17.752090645535432
-26.675721581046112
-13.396843567710281
-8.87877192850135
-20.292499196972663
-11.229631376032291
-17.956195716344226
-10.838093379561801
-16.58558448035615
-14.758855143301908
-19.43487456744583
-24.471410381907596
-30.07244024895792
-32.92944682112764
-23.669952767995603
-23.95329396902643
-35.31123289089743
-27.75089968857152
-26.36597679572396
-29.434903723125444
-26.68584109765952
-24.587429492367917
-19.91270040691342
-19.36463258301527
-14.03383875147247
-17.31388248751408
-21.885924689917676
-25.40452166127838
-24.92552493289392
-22.94397495698939
-19.19688727436807
-19.519601183739677
-17.237767521905177
-17.939543902170154
-11.910496405872085
-18.30691788980961
-20.060918011568905
-18.2041406493064
-20.264886321465617
-17.41591773737854
-22.554789377992755
-20.469791732073585
-20.00873521726597
-16.796304758437262
-16.089165409798582
-20.391075319596283
-10.327857561804429
-17.828414776193394
-17.947984568307657
-17.36614190885721
-19.70188573007679
-16.979642241110366
-17.11446533390591
-22.864949514742626
-13.531355579468329
-18.161287536305107
-24.20908747524544
-27.439348602905284
-18.17208762351198
-18.99587069128605
-11.864965269329595
-20.92927474512748
-17.590340967216235
-20.87557680399172
-21.751799339932788
-15.052792739289966
-18.288889800181487
-20.141962139400267
-20.71803643045576
-13.335761016666972
-18.588758057883034
-11.994062995218636
-20.091010312498483
-14.085873750794931
-12.8312377531886
-17.081439075182033
-13.77733916617143
-9.62855193106531
-14.480970509888614
-18.542886233169718
-22.51101659636541
-17.15837384920868
-18.137773888982547
-21.247588628202053
-23.394254987741913
-20.474846194001014
-17.41837039168273
-21.24441441152027
-28.64799803512206
-25.246924392639194
-31.788121063257613
-13.388371065673642
-20.6160141697699
-21.435710182220017
-14.163540082608847
-15.482193749960818
-19.017557916308455
-18.5262411714432
-22.425423535696382
-22.52464851434248
-23.65865090466165
-25.47142236617205
-31.489278345770323
-29.08938811597247
-19.23392805787209
-26.910685123057824
-30.587163882115455
-27.497395896378954
-22.71210348601631
-20.340100361764414
-19.215619419805385
-20.672597956324317
-12.979418383571481
-18.990316976304737
-18.19223202353134
-19.8680239012513
-19.407566266348248
-27.976892387540847
-28.832368685518148
-25.626522049092216
-15.591014515578571
-19.69075690726143
-17.45153004784573
-24.057410555418713
-20.17690674996578
-16.029864646308184
-18.22029985824373
-15.527348965001899
-21.339938946474284
-18.254399318289853
-21.104207369828224
-14.05146204147394
-20.250839922684307
-10.929008148877621
-22.226578167925517
-12.269266165717209
-26.188625318604437
-18.18896325370963
-19.38514863790769
-24.62273708126922
-24.176644041628606
-27.762173851754767
-28.315417566899193
-30.86704375136317
-20.439133973055018
-28.108926291347686
-23.461192815849873
-23.468772853755723
-23.02298603903293
-22.74889174376277
-9.373620209674339
-20.29035048424539
-25.2717081438669
-23.18096920001069
-28.08676390162627
-26.944982544052507
-33.78391997801468
-35.915493624577984
-33.31226521527005
-26.831609096113702
-23.89344442137417
-17.65201218360024
-28.988480045052917
-19.88506436471303
-27.959522409378373
-21.97128505461018
-8.292974308516552
-17.04775722608136
-9.62728323845797
-23.242974558384365
-14.605323659861988
-13.764651558454556
-14.311556979378459
-15.293497837231651
-19.33240602631042
-17.07164707886433
-21.409725910312808
-27.689034390090512
-20.064163418918156
-20.914438397467173
-26.50743637764346
-14.110798331007063
-22.07487340401712
-17.924490527691177
-23.773100549903106
-18.493869564527344
-26.00759649453122
-20.645930141572016
-15.63558751369603
-19.590919880566904
-24.971548265618132
-22.14877050804312
-17.45419533262264
-15.238905897883733
-16.65311879372143
-20.14166840431752
-15.37939498743227
-15.324918600948521
-8.822184115848536
-14.912904585915445
-13.239574779676552
-11.799238200694312
-16.95396441423315
-13.226438945928756
-13.18592925350427
-19.75666296247369
-21.26637419707874
-22.000871299993214
-9.1007656904507
-17.71812793458964
-10.175427439465011
-22.023859763925223
-12.353240278119856
-12.718904654336633
-24.49642598300452
-16.704043826334818
-23.766470117116803
-11.352399316694274
-28.015829006129643
-10.116013179182715
-16.778834600983046
-27.483824906580924
-14.95710131890328
-15.400045781384087
-20.663996875389365
-16.071998903696894
-17.16633161363181
-13.18624241363181
-22.39116768382282
-18.79439926507753
-29.59988045561425
-26.8546325801941
-16.256555820145515
-19.571820680359103
-17.09923436068547
-14.09581164973393
-16.67813119764532
-12.556961030757211
-20.677233040782156
-18.64869525759767
-20.85501384616812
-16.784834862531625
-30.09124063022105
-34.373481695917576
-21.827217324597832
-25.702557342769047
-17.210047484177906
-16.018252294363947
-26.188398126562436
-20.663869317703195
-31.832764573043228
-28.80801572051064
-28.242123114924794
-25.699788063286086
-26.508233035910578
-18.381700418235194
-28.614704902693358
-19.979965867870767
-26.082899664675253
-22.632594729981477
-26.674757173837065
-24.575996012260596
-20.199492994839975
-20.926060574078793
-20.329860329416643
-28.641143803176114
-26.656677996880234
-27.759123149152234
-21.727322309504473
-18.875225563045674
-25.922787636584978
-33.10884419537224
-30.931809222141013
-22.794673064875646
-27.371356770905813
-23.7408792775312
-30.995708720613216
-26.272089617578658
-22.554068242615255
-18.78814997251156
-20.94880163518234
-18.27545401779077
-22.297973836977153
-23.89734091589381
-30.596890855263673
-26.920026580717245
-27.662504218199878
-25.084712804618448
-21.40507134148563
-26.970058024990614
-12.570834839304492
-17.92439807324465
-17.248276354513493
-23.562814623621307
-22.96883594382001
-21.198668747829316
-22.081336354224586
-16.082382818636336
-17.567792103583194
-19.03292596736957
-20.00256089171132
-20.387373314578134
-18.700836166479164
-20.951566602946748
-21.62763674815381
-32.42201266093141
-24.588676199954214
-19.20482415619891
-23.95112507340103
-22.900881443448547
-21.132719183337674
-16.933445017033364
-20.65828428099
-29.127558911004
-20.172540362501906
-18.13678602196559
-18.245734570382993
-21.2105843980627
-22.034530315189013
-18.434713672495846
-20.19042723370997
-23.516908626179116
-22.78786573566875
-28.329741220557395
-19.46149030218642
-17.713649384200522
-22.217069025628486
-28.16553631009503
-31.09522095663752
-24.710649751252966
-25.96866046337064
-17.838529042148334
-22.982605079090533
-13.458590452092547
-16.279639217936555
-17.390017878620927
-17.622391964331086
-24.455955934281107
-17.86964329460797
-25.095475755793448
-22.74129406755948
-27.06118873843843
-22.93899820872283
-21.50657223045826
-23.31120742251555
-25.032892750134163
-21.17420266911509
-24.799120354320564
-23.804330874386523
-28.158939982864922
-32.41559219743078
-34.98865151011506
-29.044745848426437
-20.62989465399158
-27.970163941631697
-27.284715330841415
-31.503627939928684
-21.353583895123514
-17.296060687063573
-18.482348681213836
-30.132665767614405
-27.07637935531946
-32.67547748973431
-38.02188283284117
-30.10473980934477
-22.57168266470851
-24.174086535313513
-20.698294947076384
-26.3011348246377
-26.636843548200552
-19.40835391001817
-13.812045973375234
-17.918990302914885
-20.37835725312923
-15.947857664616585
-16.062743089801177
-11.798963894555875
-15.90405892758362
-18.482191111359857
-32.194887089966436
-37.09576122379941
-23.76347348026726
-24.4296836859051
-22.03263620536535
-16.233303394849422
-22.002862153317324
-18.814324157619012
-17.118197273240806
-17.664077646901625
-22.19398521382621
-22.021311198142904
-31.92346621409194
-19.57375006884012
-32.88728851223054
-22.933533061552893
-32.808214333742185
-30.86788915469789
-25.390309953702406
-15.838969570308919
-20.53806523587781
-30.16020616087269
-21.00464930172427
-22.611379838693594
-22.45266923679877
-20.00559317438136
-19.856899988370934
-27.80791137551668
-27.702192037350457
-25.525277391273583
-23.015264390145454
-14.0544266200476
-24.49524120894526
-21.015338668248503
-18.475723036806613
-33.47202722912437
-20.672528400198303
-26.733807839046854
-23.141765071765395
-17.634248955801358
-11.92349336856191
-23.63215596449076
-21.82912889484421
-29.720444486226548
-20.521619185884603
-36.90332928766989
-22.99819268840891
-30.95243177390492
-25.342910659589045
-21.96221660868081
-19.615312941065152
-24.604107528197183
-30.23376589376201
-24.399582437800053
-38.14216903151565
-24.337995357885895
-22.423404605303475
-24.411713351718124
-27.5340703117652
-28.62516210120815
-24.70192758654575
-34.16955024898506
-29.36090915190179
-22.053255761896487
-21.976338807010663
-20.484786601519136
-28.758581617854542
-28.53700109657142
-38.07510571586521
-33.433736561465864
-28.585275340954666
-23.726936226420335
-21.056090974113612
-19.356939655318662
-20.755747366324194
-29.08909993540879
-23.272723741452623
-30.50957295172435
-16.639311940338622
-17.812875465969007
-19.621191083019248
-20.151693723252464
-12.936493294950509
-12.202963886543948
-22.787500887952078
-16.842274017963497
-21.302082055313655
-25.668701181829164
-16.91496981906993
-23.40521653265334
-21.835910472195415
-24.35673461209408
-23.75398128210722
-19.77327868770565
-19.7899304233938
-20.8357073914892
-20.87501058880872
-22.07724517646507
-26.699679424251087
-34.687946810245336
-16.435462260358207
-13.022052664707786
-14.20557718758105
-20.054746601610027
-23.16712448109157
-34.533580031488015
-33.084020703007745
-25.728703166212732
-21.940825671844436
-10.649092607072411
-23.88381913998503
-22.867380700785937
-22.342243328785464
-20.324145112267516
-28.363143791991412
-31.70043391848285
-18.996281723610174
-20.941591980858362
-28.023839938246205
-21.16184283969811
-27.857281853704876
-21.097615077882374
-22.33137248387839
-14.620126008061987
-23.869221365512246
-27.72098837201853
-33.217952276020924
-25.081352069052848
-27.221441738209343
-32.8498684864069
-23.054268726816524
-21.28073115301477
-35.05240309584249
-21.23292072962832
-19.323258888530574
-32.461217996776035
-23.736333249021314
-21.29867763352452
-24.31066561692432
-23.72601061160055
-26.331399967895038
-17.464403941112863
-15.995706316419572
-29.74793022827265
-18.743018238978784
-23.55351082562028
-10.941237583977781
-28.433106952909235
-23.949239150807614
-32.123996566524994
-28.745286628944804
-29.33482392660671
-28.402529681104056
-34.308956426696554
-26.840629430116046
-27.289036959446783
-32.151303901356485
-30.590838319588748
-31.654273575917472
-16.39985393288834
-33.87919239344562
-15.744667032528133
-25.784156541022664
-20.138416366840342
-20.824845217072614
-24.563582973624097
-20.477829536249004
-18.74854728296727
-17.773696122043496
-15.633686799738944
-23.418338126211562
-24.353002037986947
-21.816209273917345
-34.064914582089656
-27.63872462538692
-30.63533406522087
-28.326765511295044
-27.899138425583374
-36.354142750405096
-26.317085306242852
-7.945811967617892
-33.39170966522181
-23.112455911326137
-28.8797269822566
-22.721296898409044
-18.982429154427933
-24.055174013822654
-23.74748935571616
-20.467989687214356
-21.96126424106224
-17.840129803109313
-22.47298679836434
-20.898761758994567
-21.846395467264486
-17.60242235393889
-22.625034864622585
-18.40711912321463
-28.818074427321402
-21.093266323733083
-13.855985264803646
-12.89624922022826
-14.991953827481385
-18.750838877569528
-28.831502263184106
-33.03498006876586
-23.499517120435176
-18.32994291279465
-16.933708798885526
-16.274925274652965
-20.36943715587077
-17.951920453080426
-24.540266319286893
-27.448531229234298
-24.64278468055725
-22.673815249235812
-17.852382376545783
-28.14618129579448
-25.2818022032242
-26.432152378010848
-22.696904560754277
-27.765156250402352
-25.75100114254956
-32.071046186938574
-26.128766123907365
-25.65285705844077
-26.470605668422362
-37.16784708339647
-28.862219419642305
-24.614240885089252
-25.884939113699275
-25.248886862638216
-33.881214220032646
-23.32417364293735
-28.82738405808857
-25.419563855810235
-27.989525216728026
-29.631170230087584
-30.286926217352416
-27.212314960979597
-32.54050221190061
-24.749696603144088
-21.643400019361838
-25.383111873378873
-30.956301408919593
-28.079367511592444
-22.385038159180667
-30.886423998930958
-29.807000583497896
-27.021603565505593
-27.54950900654471
-27.97094988108602
-26.508579160554355
-24.161615048182743
-30.260112184789456
-28.32358647213715
-22.468932115744057
-17.678429556738255
-27.584507760235923
-22.25383444537203
-30.673347796673532
-27.827034495009443
-36.39448999360472
-23.835032396239008
-24.348156496071738
-18.138719682950544
-23.257568355361045
-25.51639058923758
-31.315507690560345
-25.558620251356768
-26.833638992584
-31.951553913276825
-25.104627574062754
-30.10804885590166
-31.414778872575052
-27.928942323077734
-27.760693497666225
-30.03068223602861
-22.94557488449499
-34.69539441939096
-27.722486246119367
-29.637146795371613
-20.37399728037854
-22.918930371985645
-31.317596311917143
-31.56141043071722
-30.196440341525133
-25.555004974655304
-25.330893749422565
-23.49496737104878
-21.726863446556905
-22.015176768426645
-25.70992096999821
-28.36316032922005
-18.68500813312309
-28.016585672995532
-22.58707811194028
-23.86378013694495
-29.23609864922293
-30.841492277108593
-15.937248380188585
-24.21596695077529
-17.655933590778535
-18.800370557902212
-21.59247692431626
-22.7562583140734
-27.327351769695294
-23.567363757681157
-22.52653945967529
-33.547787491456646
-29.87103532741144
-26.234725737867212
-19.82677601648269
-25.30547854679582
-20.5457695572345
-26.411638308638057
-22.65896407812772
-22.50361834850787
-28.77616718452566
-26.557289864615335
-29.953794104393914
-23.953662886615547
-24.468148253738043
-26.842124109523
-28.440359703339702
-19.699414117523492
-20.934020022095925
-17.300742623719703
-23.426340198342192
-18.54232426516247
-26.41129536985312
-23.27305050464358
-29.95359769222227
-31.43676483688862
-33.844765262820104
-22.87643914973175
-26.614579560025817
-29.537787742152997
-19.555459560267117
-26.543572531753185
-30.560356781534708
-33.85989728457591
-29.329125337515983
-24.951339237569385
-20.889027057863945
-24.043133371313317
-30.16192680908864
-18.16893255719293
-15.726339379654252
-11.03546133724727
-20.60411620961841
-19.508264685540524
-14.587722069704313
-13.584487241075589
-16.708663942487885
-25.38733637146703
-24.21270033235995
-23.11413155007083
-23.337872136888237
-19.82790624335739
-19.11743582962368
-15.759493453467272
-21.43834453330459
-23.42183360710168
-14.690861973056869
-24.03178520355314
-21.18841831001669
-10.05886896390291
-22.555954639680035
-22.56358446347235
-22.40290844412432
-19.94439262425126
-27.83896245528333
-18.2593826602153
-17.48935175338304
-16.811978132852328
-23.13657344048005
-12.765337874428422
-20.039261887848536
-18.098559908831557
-21.56061443610528
-23.466005092909917
-13.687057206722955
-12.435433015946167
-16.11442848284553
-17.933960429110883
-18.93965670852961
-21.8624710211133
-22.30556571512876
-22.918604366143065
-23.440030304737455
-19.36862344626276
-21.76301092989635
-16.329338103828043
-25.326134665873667
-23.520008917653335
-26.01639270738037
-30.191330683281244
-28.496841381845528
-21.932327318105912
-19.843444992596083
-16.410779895173754
-21.89228867699733
-24.647921218906465
-17.973370757621716
-29.672484915576817
-14.628230247298397
-16.37166604044749
-28.91681638744665
-23.989093573963956
-34.152089278126994
-24.997167934808324
-17.887744548942912
-17.538512976062805
-15.4869922864889
-24.537605385605453
-29.357541996865997
-20.94008951948812
-15.532185780129964
-29.13956644679334
-29.378040109747154
-20.718844857283496
-13.391050724491361
-13.61967370785694
-17.856636905305983
-17.094276955076058
-16.157050986715237
-16.096763370096593
-21.421979461692793
-19.227580464463028
-14.71167651356578
-19.424550064107958
-22.182875520693976
-23.421324459128453
-17.241084925472954
-17.07704142037677
-13.83004630154673
-17.479873447266872
-17.413673770790414
-23.0784011095045
-19.140491848502652
-16.416393285988676
-17.732084425345157
-22.945962595268874
-20.993110448500634
-21.387709153878486
-18.79812847208734
-18.091111486323996
-19.911539708313146
-20.41461085330268
-15.420371502888294
-29.84706623481911
-20.703167733080235
-20.086955898754653
-34.20793644362895
-23.879978969945007
-29.45001894793078
-29.481982367147012
-28.492617679780892
-24.544790648817163
-21.637911975024814
-23.91151371352239
-21.53992104351297
-26.346626103541446
-25.97303583339015
-31.027861803539963
-15.402879986685761
-23.21567167473959
-19.477494804972842
-24.874185486494355
-22.743988011073963
-21.504541251627163
-27.127516893110812
-39.091432563279895
-33.13855227979297
-25.533686092015408
-25.082418219957823
-26.809384904216344
-25.877087123952034
-19.631398509118664
-27.35014193238061
-27.753281696273284
-26.15972788814944
-26.44817024689101
-31.158087259473984
-19.7949942422505
-17.151781495341456
-19.038757126795282
-23.55905167529256
-16.49197195034693
-15.995328086446406
-19.632389082604607
-20.140369317204975
-16.887392325270344
-22.30283725003591
-17.85212500203393
-13.040778669806961
-21.29940500869256
-19.477804878694563
-34.32751074400273
-19.445891082178985
-20.891215695266304
-17.767296083595056
-17.774954172326513
-18.884770768593704
-17.85629272802745
-17.199670056114357
-22.583353384119683
-23.06694194115266
-18.234527543083743
-21.13932366314549
-15.26394493429521
-17.34686420010263
-34.0932537368014
-14.239067784552773
-21.155938619322008
-25.11605824839782
-25.577479615360694
-31.543291699509474
-18.688929210123803
-24.609825079784386
-23.16615482233076
-26.47965082700449
-21.813293444860356
-20.663959798662404
-26.417795799050964
-24.58048366672569
-27.6296851640747
-24.08292504127808
-27.450505841336557
-22.594084828162217
-18.53963248704128
-21.068036696177785
-26.23239694482981
-12.214333602045123
-18.387442233284133
-13.823419656179723
-20.08968687810644
-15.899193223882818
-20.299668295639194
-28.419634134928916
-14.464086170123926
-12.660286603594322
-13.846197732478402
-17.69573398847845
-24.02983951843899
-16.692701185634427
-9.41907721641081
-18.57105114909602
-14.095877220258421
-19.76877947507127
-14.30694814211678
-17.755742226116404
-21.45261949943923
-21.32962560316433
-20.881456342327716
-19.362820873568555
-20.34074453405637
-16.577140615449782
-17.856002896124167
-26.52853333158327
-23.571517983711978
-21.453238287526506
-25.33264858943825
-22.55610672664833
-22.903281594824225
-18.264150781645057
-18.567128734791762
-23.53944428108734
-18.2804074266867
-20.991200896347635
-16.722260222317487
-22.284293234656822
-19.990124102093688
-26.431073381222326
-20.62338373933401
-18.936378723755
-15.045552506082974
-14.67737259803232
-21.48273904561981
-18.775881302093737
-15.215554297108074
-20.336175759214708
-19.193181456392214
-12.57412951575579
-24.09188820512111
-25.463150847719525
-22.089418105865523
-22.718105306432605
-19.448305700680926
-16.09082127423333
-21.93433639199171
-16.3039770180849
-22.59344241160618
-17.591273906446908
-17.696304303721433
-21.8036799548306
-13.84907910759307
-20.861466473280025
-18.808091712523883
-16.577950952600293
-25.57483953100792
-20.569085015923047
-23.94963547792178
-17.993872179555936
-26.49514276526976
-18.906362995187884
-15.544155794201178
-21.043787159762847
-23.714519100431257
-16.468085162517184
-19.208887199367492
-18.09530865726834
-18.870217836435135
-17.942029486261426
-24.209121440357244
-25.34049875380096
-20.97485566926422
-33.21395979920029
-28.00421184768537
-29.227492536785842
-16.372858524938454
-27.488262599689804
-25.337451289927316
-21.035789424993354
-28.061259448939033
-16.549016216226608
-26.463844042750807
-16.641313913585268
-27.885115784160234
-24.64137386256465
-17.73956878228434
-11.724069091673144
-20.16519760988544
-21.965898036440187
-11.596713045334685
-14.687515478712115
-23.46479956933068
-22.151407838125177
-15.342853641899065
-27.716079509865033
-31.05554364877153
-22.427536931947653
-22.130350092061768
-17.580231104511043
-25.043538849215352
-21.02951392201622
-20.838958327474902
-23.50420069293021
-24.076430124261833
-26.75320339542104
-16.037800459350496
-21.417099047913077
-25.744895127403698
-22.01788668581515
-27.819470650508407
-18.042963971718677
-20.42496579964176
-19.698001408015315
-20.474109452344265
-20.146806510984355
-19.647601117903434
-21.68786451906261
-18.156300927114785
-17.72418428447081
-16.712538248650098
-18.10551360524201
-26.561999058955934
-18.26408529080011
-13.802948488898942
-16.071196674007155
-27.904454165607184
-27.57233195175308
-16.589910159464182
-17.795321328560945
-31.18566555527397
-22.323421787441482
-22.73492274231232
-25.179384755916466
-16.049690966424514
-12.730159876019897
-27.11867662352494
-19.873027428416798
-26.376765453572872
-23.839846308948168
-23.304492087768082
-28.20770437178068
-13.983477829895598
-34.02197792685197
-31.632816408863405
-29.6545278120171
-15.066479803805933
-20.938022690122924
-18.106845035946204
-17.481748808085676
-19.483630652113348
-16.328320663807418
-20.671500387482006
-8.646871532517707
-20.92671682967299
-15.021641788910912
-16.26043694761642
-28.757397582433967
-26.416320780426602
-18.14087165417193
-21.570815084582044
-20.960925571619313
-15.446385756082712
-24.941849481580334
-16.38572957308503
-19.65705163192648
-18.81496948166454
-14.069901661940179
-17.75409777819116
-12.345499029987458
-13.759870290322908
-23.004636316759452
-9.444890960532874
-12.65500862705587
-13.586876459685598
-12.018648348532373
-14.935802409537551
-16.34718527451969
-16.725871967407908
-20.21670427841666
-14.266719810749674
-28.3042307307311
-21.92366796170154
-9.933533770114668
-15.055785146264917
-24.08118295664375
-20.539223553173102
-22.382544734869924
-28.541258311208757
-24.254544881334798
-33.006553546149405
-32.956751929006785
-22.27103555493904
-26.52125120668491
-29.92231194069239
-22.6980390104654
-30.54804151083649
-36.14325179427893
-19.52599181432226
-20.748718650561408
-22.625093013317382
-18.75793755574184
-21.667617823321933
-21.236949371245487
-25.13059466100613
-24.92921954080255
-16.49320923224886
-18.95406553104106
-20.361888066684166
-23.007203314417488
-19.322628957377965
-17.836193879612992
-22.268000456016857
-18.04403579701671
-14.421461607518971
-16.269931495906313
-16.18461264676128
-13.51485056871094
-17.47031456722644
-27.950122302573426
-24.27721622856585
-26.732675672923932
-28.89074157528755
-16.816135799050357
-22.60303608518985
-25.964838144163224
-23.079308832084585
-23.34520199033944
-24.037388550197797
-25.208017100547522
-22.943301123062824
-24.00562529064188
-17.11784113958457
-23.252740724292885
-27.951330923258574
-19.724651769993187
-20.130034264528113
-27.198207809778935
-25.59484477858878
-24.122703119409692
-25.25997949749786
-20.526550263655672
-26.753084410882103
-21.15528971563794
-35.9594993665863
-14.849806857595937
-22.79814820400123
-32.04483636748804
-25.80093366999055
-28.95614438451237
-23.100146468170045
-26.07237174427921
-24.420340834013878
-29.595155312302182
-34.9411729006993
-26.40157824168548
-27.263576820533515
-24.910047305636848
-21.68900644918854
-34.85225724763697
-29.52958405008222
-26.954824499132762
-23.765335862490737
-12.058853814416448
-25.2779114198514
-24.82949044439586
-17.94981713713397
-28.042444895600447
-29.312966084384
-29.678385243860376
-32.517540968736704
-18.211146091732637
-25.029352041401438
-35.05034995498893
-22.827537419397082
-23.088697817694488
-29.111845958873605
-25.39162460527122
-31.829769947245232
-26.631816159064655
-30.624123510194373
-28.59941205935974
-24.196505758414702
-25.86157976292466
-26.48255154431712
-15.413173954146671
-20.065578888706444
-22.077343209741787
-16.7496782981551
-16.80932117018366
-15.477482294181304
-22.617453928313545
-21.391148535533123
-18.76742141848285
-16.80448703348333
-23.60114483556014
-14.480814683707298
-21.245888264163725
-23.97492432401394
-12.240585186323674
-15.984568795082577
-18.150252331393258
-19.040634281656253
-20.88679463569671
-23.551074058006463
-32.374676137940384
-27.544513625241052
-22.85146749415277
-27.51863521763805
-28.23836339059099
-28.888449234458278
-31.401150518236083
-29.879098026354107
-25.767405052116686
-20.88590346773635
-23.597872531477364
-14.904336552318906
-9.898907136478236
-15.141947637669698
-19.89659533227028
-19.887729697514782
-23.110664520749182
-22.464439538997546
-25.737129375995842
-22.761017191944056
-29.483281215122595
-20.94848469563981
-25.286386733510984
-17.050746357891295
-22.035300096990774
-29.45977065140685
-26.51157665999797
-22.816167812810907
-9.777365480638796
-18.43936993208236
-30.55478864601328
-19.069619840627233
-29.22764539450892
-22.70218249689709
-31.15512154457573
-38.20294361021997
-17.6278366566846
-19.88213464596693
-13.495109848724056
-13.290649739586748
-16.275621088322296
-17.8894560579537
-17.791424600403527
-21.94479431214988
-17.602481700859116
-22.12674207525545
-25.778514503991886
-23.579472620928023
-18.268104932309324
-11.01254888262454
-18.950401469065458
-18.321720585288833
-13.836056202799007
-28.728168074603225
-17.75512029593591
-13.951330475305515
-15.244021553282266
-21.37607481927546
-11.057981674295018
-13.981877494408941
-14.028035966481708
-12.762293199560245
-13.171797759083564
-13.847912236165806
-13.190171616437283
-22.594143732321164
-20.656687633140766
-24.49376958829856
-21.956510432923494
-25.69787208075625
-21.56647831692263
-20.044355463935087
-24.418830670455055
-18.484166790543014
-16.73813046829365
-20.792123225039823
-18.086038147631214
-30.58597802685901
-8.040014882120289
-20.24807577757931
-21.73348507919211
-20.881052766356387
-25.355261237255426
-29.14559660668578
-22.898584219814822
-29.63118581029181
-32.13153227477272
-27.09896986556158
-22.03394850287041
-27.063184275947457
-37.129718214414076
-29.406333142265936
-32.46965453868581
-29.250351705941256
-30.244258279752657
-36.10487114047234
-25.307875895929108
-25.0431438269298
-25.983332824596914
-25.93017752673621
-27.474891071340643
-27.6072012697595
-29.80569616618954
-29.421565239569105
-25.85509446465177
-34.31713733506647
-29.698260073309932
-26.309271467379922
-29.456119822914232
-21.996469251303942
-19.96549522952074
-27.96858911298802
-24.721919768271512
-23.862984975270138
-25.331043341489412
-27.697619626257094
-26.62080105034235
-28.656731161116774
-19.886788324702326
-25.358677797864956
-23.40468127318055
-15.656777733667575
-22.52457648570227
-20.685196100547117
-18.775554121898615
-20.820393276405646
-28.334915974722065
-29.859953577614114
-11.888936034022876
-20.30045870859452
-17.17767912566965
-11.240598701619149
-16.50139559989978
-24.357577277366296
-12.511402807261497
-18.519818227300853
-26.492538976364408
-23.307442306284145
-20.054260075612426
-20.637968821627908
-21.65875828974142
-14.232918644864945
-8.650713061725071
-22.155986202623552
-22.228682265799772
-21.016811888789828
-31.74101552908475
-22.363213727466103
-32.00279084934722
-8.890357853576663
-18.66585582255389
-17.4153604605207
-22.00174659697447
-20.390972304178888
-13.4488013649733
-16.869513049847903
-12.777035834405318
-11.249349506837007
-24.47644778466173
-14.640646068691623
-10.312172510674216
-20.01359285468518
-13.04523253013867
-15.289129896841857
-28.552863357308393
-26.84365747311537
-26.45455407328972
-18.963358695232788
-14.023220906031774
-25.178667857842232
-22.17939106186878
-21.03230833537511
-24.355493796952768
-25.46145467780514
-27.356687144616586
-14.005386054547795
-15.67990581698318
-21.435913433234674
-19.05404853913749
-23.453082903931154
-22.60422666987087
-19.469378108470103
-23.232859622731368
-16.675368091729744
-20.20249255023596
-17.529642319776435
-15.017093471703618
-17.16940259542261
-14.136579779083903
-17.60373506312218
-21.010079047010088
-19.40547976406019
-19.329378317567425
-17.518990461644776
-17.41407006352263
-19.833231501903548
-20.5052800140519
-26.926611409256083
-20.172950165810654
-21.925480465586176
-21.36820210437503
-18.63007306259143
-20.055908483112077
-23.981008468296615
-14.713952717561973
-23.082364733256966
-22.21751391488231
-17.629200802032514
-12.139908716730126
-12.019777018775038
-23.117538000801666
-14.107302404604418
-25.785079345508287
-25.794547785737407
-28.013208099733447
-19.80578044528194
-16.692793519767136
-17.569940547315383
-13.199650016915875
-19.521299524645656
-22.424532562802096
-24.343554472898152
-15.86480063834994
-23.39170259505533
-18.39994407409687
-24.219292544513067
-19.057822622783164
-23.217889241258813
-16.598752957539084
-29.91138965297452
-23.876079066852206
-19.55484681771208
-22.786161873663843
-32.26336577917846
-18.438541085913656
-28.790107133571695
-24.815142557474946
-26.520903655633912
-22.24991525194573
-34.74097509251709
-17.444938230533264
-20.912148683241696
-13.661379053689608
-27.21719009514958
-19.01419532040615
-14.671772132273798
-22.241035856674337
-18.847431599960604
-18.053033575138723
-18.61169352380293
-20.936219448036237
-17.420426983524006
-16.06871046528695
-14.27967567999832
-12.256047288958282
-15.673367538094983
-20.796748692515678
-13.671073409791802
-15.132450042287537
-13.011655646558122
-30.24102848139252
-29.655794719420193
-22.17178440499055
-29.783209470354524
-20.764280714343503
-14.32580347558757
-19.764379442275928
-20.934658297305518
-26.165105779681365
-29.20435062325399
-19.91787255209797
-22.21807916612299
-14.574933841065302
-19.971209862287665
-16.727830004621786
-20.664402579097718
-14.002555740257748
-19.32212419054637
-24.038510628345925
-20.77775847021296
-18.31052480608919
-18.942094896979
-17.709477986540136
-19.698281549366158
-12.304822412125446
-27.15444147984951
-24.297987461867535
-27.087934563524755
-29.420308130012593
-21.546886718244988
-20.72767788877712
-25.48395687988986
-25.589095008564804
-33.624836703893145
-30.885865000173947
-16.316171009022327
-25.38926104760645
-30.06032297406621
-19.745153143775283
-27.161548402672892
-25.9951425893748
-21.0842740652458
-20.018248901559335
-33.480819774431374
-24.45652665871095
-17.479465384485003
-20.06102162019782
-21.28682655953949
-13.681272235562332
-16.297909241939635
-14.97917054045051
-25.54118754446177
-22.077579876902917
-17.950394790621225
-19.510155149044976
-24.434309509239192
-22.831337742608646
-14.01763902992284
-19.275384310131408
-21.313944728099266
-21.540084566550142
-18.262384328079783
-22.408257434456083
-16.322436478278597
-16.947196189058637
-19.149321676182012
-28.56206450875749
-32.65532461547588
-33.59744149547123
-27.44371184079244
-29.966811653280274
-26.039291990996432
-21.470541521635205
-18.884844373126406
-27.36189717386089
-18.981155495295702
-26.196827327182405
-26.438246835001756
-32.13679135547973
-28.03618327804309
-16.92886656264798
-20.65135589199371
-17.112016005743524
-22.998533214564773
-22.970618370144976
-14.683148509426246
-29.847397755872336
-25.917699272703224
-18.612665077303575
-18.54403863510196
-19.235737493311476
-17.888448491566404
-18.885210786465294
-19.004017462250903
-16.643963521090704
-26.390371631408797
-15.60608469299483
-18.823926346367138
-17.334757908574034
-19.12206914969009
-18.937777869498056
-21.633430615917877
-28.389689612341513
-22.402785885256954
-17.702371673268367
-22.20853049018225
-21.116369214658185
-15.446332436859365
-30.47342852579162
-31.26916038831535
-27.816433101710977
-31.36903640004789
-33.04664418203033
-37.17272143028309
-32.51750075202244
-24.928527566236923
-33.41308679865605
-23.27217018603912
-40.65945091818202
-27.462207766235082
-26.81373382349038
-21.347997961032277
-13.947341514814852
-27.601903360238836
-28.34487192102675
-19.143423257636623
-18.449786691089937
-17.53857260462172
-18.411386242663518
-19.39203998287488
-23.644006526415122
-14.686275578354437
-21.732666162942607
-20.60645242276866
-25.078494883701943
-14.15186074030919
-15.544499185606107
-12.603312445679201
-22.231837706640036
-20.976992846561668
-16.75715841609732
-19.089139254043264
-19.249399215329767
-15.913018279493453
-28.57847951994995
-34.48785290812786
-22.03160658438864
-24.887595942505897
-29.004876259168874
-22.62794015605888
-19.582336756295327
-17.906485370798833
-17.45662504306667
-19.911316740980624
-26.701628559443783
-15.270149454780615
-19.005002058020754
-19.013239936435923
-19.906157650693803
-26.128383136875854
-18.16967821145802
-20.439000175861388
-20.263941716658113
-24.196271031169346
-20.515632235935694
-18.508574237737832
-19.625346938879602
-24.591773414938007
-21.275955449157507
-16.692621015201187
-21.5205076111764
-16.447522426260434
-19.21257319055696
-24.4192098605982
-27.377200559993106
-25.452139272878867
-33.9769114624621
-19.774658903653574
-26.803132609804088
-26.43015614037303
-16.402631951647642
-16.464987613258835
-11.240561504889783
-9.791589493823494
-21.6747551255771
-17.08237171100901
-18.19205806088153
-22.992428548338324
-15.60500873020871
-27.051499924479288
-23.122062844733666
-23.4032597866862
-30.44657398093249
-31.504172631691368
-14.626659983206409
-20.072854428760202
-34.147007164337836
-20.889117822577244
-20.77936528992957
-17.08439596809616
-14.134123858119715
-22.810584796219395
-28.492217656200634
-27.996156488217938
-37.53667000206923
-38.26146727443859
-21.252794170582675
-22.388000399899433
-24.02478270998295
-22.726473126896497
-16.53520296995762
-20.044263127831723
-18.667008424208166
-16.106099074998856
-24.254918400195834
-17.252674139161254
-14.763095489653441
-14.345716238663961
-14.547038735924723
-17.47318069657036
-31.565250993329258
-15.619513796474234
-22.914807750846464
-23.576678641291075
-32.71398146009463
-35.61273954018458
-26.289178746743023
-22.59926382009828
-19.861413327262753
-22.781904639930968
-17.032081835039364
-21.313007234925983
-18.883529464535158
-18.215134249692603
-22.739574810511662
-20.66961008415143
-17.101343371230534
-14.562489642170384
-26.8405011687338
-22.00972755116078
-20.1425228127206
-35.67601907802193
-22.604489531654416
-26.097298159666572
-29.98783824701476
-31.341638650311175
-23.931589995435985
-26.300714218787256
-24.48391868294545
-27.48959314334551
-25.27515347004863
-33.05190495705666
-29.160907106917485
-21.126679967853825
-19.76477083369388
-29.91966685031698
-23.9538409478886
-21.92871306951067
-20.84098810041896
-25.15021741854592
-19.673519092209446
-25.555464352691892
-25.955666164697696
-24.23048059502441
-23.911289083818893
-25.22651776629455
-31.650485865955055
-19.09181283487846
-20.22524415869009
-14.761220762437787
-21.117684840877075
-14.114694177418166
-14.542000474753891
-19.211681044553742
-18.061492894116427
-16.228693397384923
-20.917717899099863
-18.886128605813802
-16.722518512448246
-43.47945890893504
-17.40468926970128
-21.491577721447953
-16.21450475248343
-20.573027660643504
-11.035929879805472
-26.708665830014397
-17.313105891230848
-22.03682551265748
-19.289630663406207
-28.506245288449414
-34.353990720418764
-38.049012608206176
-29.64127535318177
-23.973372963211624
-28.55957526237777
-17.746642406249137
-19.94040688204518
-23.87196585717205
-23.3228051079903
-22.62643152583839
-30.95777382746055
-19.516927773575233
-26.816705916667253
-24.906979662062295
-22.383498985695663
-19.98811680024137
-17.14128965965611
-16.203842854623282
-20.898881098747246
-25.03974598431931
-27.576267583082718
-31.931551431268332
-34.90613018728241
-32.15131560266248
-15.558555565749277
-20.205649999896778
-25.961512641011435
-20.866519426175127
-25.371311678433464
-29.61496077146071
-30.087126503715364
-11.697711969312458
-11.360462098508194
-35.62332708487656
-26.023019353648365
-23.074630603194212
-17.880907763704663
-13.858956164291296
-10.724464891869655
-25.038903508727593
-18.959936428591483
-21.674224742764487
-22.221095933240314
-24.545164497726176
-29.772794063449957
-14.949243666164719
-21.99382823443071
-27.686030054605475
-22.202045154525777
-19.258698829723073
-19.069722818122322
-18.640359885941663
-19.027955128182192
-20.963169728801596
-26.22078267086149
-22.93408053915354
-29.275064114130537
-30.418500900093655
-21.15176906958914
-18.919707986109998
-18.87627428269011
-28.026890865921757
-29.077153956067438
-21.733811207146083
-29.684764448106606
-33.93585909168772
-24.857037501598327
-24.609076097282646
-9.075807208598746
-10.269735513532687
-22.260445583057482
-29.30255791426066
-32.27918135978342
-13.777677662876002
-21.688092366293198
-22.344548652183455
-25.741485643402683
-21.871384408171686
-24.723550422548577
-27.220689431456655
-16.02240591628599
-17.860106326841162
-16.878657960291115
-16.61205292400693
-16.257083626765795
-15.501773133844985
-12.79673839068014
-13.495658498563166
-20.28315541189989
-26.789690382684114
-19.691339454100003
-26.03973046374618
-24.880240593013
-26.498466813427633
-20.935161872474666
-22.27565793492488
-17.543496655632616
-24.4878681657507
-20.90423416047286
-19.229466832247716
-20.395928280810416
-24.811908458306334
-20.777349812752412
-14.878203850075664
-22.838416006321253
-19.819892413903627
-14.399209883260877
-13.3111297817557
-18.418472656018363
-21.146187643596306
-21.360483837178176
-12.308185596623272
-19.52484659923193
-15.654209072197059
-13.750029343683437
-19.194529648527343
-17.48704907412615
-14.234556035234986
-21.363957059950085
-15.736930067667751
-13.880392439482009
-30.63157456520456
-27.30688898808397
-34.46752175011473
-33.97252745289521
-28.164932938893894
-24.469324794062025
-30.131212103703696
-30.323693848740966
-30.232449103021153
-30.225707541720713
-27.503686596446936
-22.544007531705876
-21.704639433661637
-33.63245778802612
-21.637678572636897
-20.661435413559964
-24.31843862987372
-28.098272533695262
-27.051934995410726
-15.389139632357583
-15.299078561880538
-18.897567038878453
-28.34939398639861
-31.149830607082794
-20.12928982934505
-29.387834355549025
-37.60441162621806
-31.927544289638675
-26.291247991342615
-15.539374656957719
-22.61403908972724
-25.676537087764586
-26.302139607061015
-31.887894591939006
-18.100505876921105
-14.04014964327795
-32.09179682071767
-27.53243394161922
-24.808041751762598
-29.758208296688167
-30.33286719055966
-31.78821365080758
-26.706515187767206
-15.364261666627897
-29.714683398178344
-27.91714115579039
-30.39523482645013
-20.16789621266351
-24.896261817370714
-25.858729493578025
-22.265840221576173
-26.38636658084158
-34.4841181614742
-30.833988421223374
-28.147107035044694
-27.8454058009639
-21.171070646354035
-19.386610853406438
-15.167665846451179
-17.417639663511935
-22.684896034860767
-29.307117213957984
-24.875278411175138
-31.41309667545029
-7.026399762384997
-21.21329594626659
-23.943451748677806
-25.325778339530622
-23.61402901681214
-31.00398118873861
-15.487279775948217
-22.969263447327947
-35.140206234486996
-31.509042342546017
-25.06676487635266
-33.938634918862576
-24.178182179199222
-24.74427935605424
-24.181316059603574
-35.66111659879714
-23.839759520889036
-32.258444001949215
-32.22473031833819
-24.647408762253043
-29.16526040937995
-24.956485358166994
-29.729324375605366
-19.986243680507762
-28.084027128873807
-27.51807212113087
-33.208547997220165
-23.79634580208895
-23.322425677910488
-25.32373308666427
-24.801829226094405
-23.44955172042934
-28.47303707034122
-23.457315523633326
-29.465783083641355
-20.75722457225638
-19.608020728819824
-30.430717321250178
-29.640200535125572
-36.80233781989913
-24.576464088826413
-21.699445481745364
-24.897907713235263
-18.416622070288753
-25.74820563325001
-25.012974887892717
-26.49634376156825
-25.38005547859074
-27.807263427019567
-18.330038885274785
-31.041581522005707
-34.40264196004662
-33.12630736422016
-28.400820634470954
-35.79294419557079
-24.907498509825366
-18.808307751073812
-27.390653248271086
-25.801014295711553
-14.809739817831733
-23.66607165808484
-24.92776535445514
-21.2733941290491
-18.41303066686906
-20.225492719930415
-26.206622712851512
-24.84928717979976
-30.454719605336408
-17.349898634684465
-17.49057910537838
-35.42892576446023
-18.657693431728745
-23.21066200415187
-21.584983330306734
-21.020580268824045
-19.367076002414798
-22.141260199319625
-28.484006509031367
-25.303014200264705
-16.062054079991107
-18.81880647159197
-23.58656046171474
-21.6598672684713
-24.4745514888625
-18.32644127798164
-22.41467741955365
-18.507119782686548
-25.950462123068895
-24.85624218952406
-29.866388113898637
-26.079629912056262
-18.87648652628915
-23.317932940482997
-22.624618741597523
-24.78211695807873
-20.777863884706875
-20.678927990321462
-16.941764293758947
-17.702371241417346
-26.423149613538364
-18.081778570633972
-27.838118402486174
-27.35909731904166
-29.79182087619163
-37.92122746619064
-30.846406177883757
-25.767007854797146
-19.093312981433435
-21.1061940834809
-23.089306746970486
-15.684667602845924
-21.25729779207778
-22.53709000955548
-26.719919048941556
-19.52716465116005
-27.375758383761585
-22.713198583593574
-15.346125280675302
-17.55083069074816
-28.784721144406145
-18.49985526887322
-13.040985608781936
-27.744602911167114
-13.448115033721555
-15.723230387912876
-24.88259069997978
-7.380647475644855
-24.956160602232362
-28.912190459648958
-23.885867633413593
-23.957554807633016
-16.606753755382417
-17.414010925131784
-18.75049861087735
-17.217960162433407
-22.438550457796765
-16.137706871490558
-16.103180340059055
-15.081314355501299
-21.809444372374116
-14.730569374801853
-17.85120180589238
-18.23433154908458
-18.968456093719706
-18.040205084088395
-30.08667137776563
-19.73395673341643
-16.630471662416866
-13.86812051130119
-21.91102609135711
-20.97993426633301
-25.674850117561537
-19.478441254900837
-25.604519561966914
-33.80941738938509
-29.741266398654478
-11.838683407972397
-8.352821848223527
-19.458265508633794
-19.19927098893097
-9.670500250643023
-24.601928978813064
-21.36669012281242
-23.289944746846068
-19.861263465066962
-15.318245443940377
-20.786728497275913
-15.818144682227572
-19.733034487101843
-15.798172634182254
-25.12863580211144
-18.716829133129277
-17.85490993732621
-6.707454312863373
-15.525909224973734
-8.959319381785555
-13.672584885042987
-24.31752032675614
-22.892296532830525
-26.613556520788727
-27.228126056270668
-19.916391648259484
-32.4706016930742
-12.857803732037468
-17.2142632890519
-15.583624985608417
-24.151989006703587
-14.347683178785438
-17.910859967839308
-18.83924531691663
-26.04513876024928
-16.690552206517218
-20.845086854860554
-18.668253815467388
-14.75883329958237
-28.16656660539971
-15.73777321495718
-14.033859799311017
-20.281858591695794
-19.772069290338635
-16.757393331943156
-15.121907744116555
-15.015179629072506
-17.76515995238762
-20.498437485680135
-22.572564893780637
-21.482192665403197
-25.330785825554152
-18.7779701419092
-16.86114172603211
-20.551233312533896
-20.65138064046949
-16.47990490564
-16.908027691158807
-14.04141018500652
-19.220659140463788
-35.94172842967602
-20.834614560886322
-22.039234890786226
-26.29549447608646
-23.12879786067741
-19.035715061142962
-22.677131681856533
-20.504495847938607
-26.7781182972603
-25.172819865502497
-29.772165475021914
-24.518226549371995
-24.183982356680296
-29.48275144745848
-26.44193922540061
-22.29220640777892
-14.163785268011424
-20.360230497757733
-19.02023257642484
-20.55778686984515
-24.213352705070122
-17.44375454175291
-19.22466445087901
-21.750339463349334
-27.494888501036627
-19.815474710240082
-30.85922140753609
-21.344678281916245
-20.55137685496625
-12.674360195943954
-21.867199927255356
-17.162121654888793
-25.6526694529173
-24.83574638241283
-23.49402746926397
-31.28889802155497
-23.83484864429952
-19.820939367808613
-24.56005918214531
-24.901870018855604
-22.544356430968477
-23.652664021338374
-26.134295748540225
-28.839874067678863
-31.990988457907257
-28.820445362449327
-21.101024702832866
-24.21646655585444
-18.44754692541101
-19.02383919424979
-28.83262542016105
-30.59558027025028
-25.42535873972485
-22.164929351077753
-32.093022118730055
-19.92994583458521
-10.171905327755589
-26.610831188514496
-29.4473226811986
-25.34665015027273
-30.419910092196808
-27.536829380610058
-28.891749079974275
-33.264607323232966
-27.25562959091694
-14.004678586010073
-22.519333392535927
-15.652527014061512
-10.280692900870413
-15.30842126467546
-21.144464947786417
-14.241335578128243
-22.185260091858062
-17.168005195115455
-19.15547007308033
-18.72989859126435
-17.483419181130827
-15.211900677326796
-20.948549875885362
-19.31749864512551
-17.00942502167503
-16.907825956200504
-19.73827302772397
-22.295088654352824
-22.11606137927793
-21.471645920585765
-19.39926290155946
-15.430081195287478
-22.327076607050067
-20.046068041184498
-19.688471393956164
-16.130641610526595
-17.597069321438987
-22.09275064585421
-25.7689838818268
-30.405433321697465
-15.328844906147708
-20.17685766507887
-21.962956182677637
-21.92564572742277
-21.948302773498295
-21.316163278372358
-31.393462591749298
-24.896781014640894
-21.43269749717362
-18.62985530977887
-21.500845437862246
-20.738368248721123
-15.49306254056944
-22.012309984122293
-18.367504173811728
-22.439429251329045
-25.65073923055965
-29.867250952944396
-23.074098084962834
-24.592521906754627
-10.936255831156583
-15.11054110142091
-18.92332763739455
-24.023773288018198
-11.314826153212504
-16.457093995565693
-15.175201104865142
-11.347686552096803
-13.108337728714492
-20.215291520913787
-15.26297143480117
-23.43223843246852
-17.61482661693903
-17.052850928183812
-19.45960711891443
-22.73565578398319
-12.866842648027195
-16.62867701773532
-19.18366481101443
-15.34530359988797
-15.770979656055353
-19.64025626674231
-18.123817718680073
-20.080589630665973
-12.382308954589273
-22.849795901980514
-21.012658839316252
-20.43123699602621
-11.003972256405277
-16.306460833014512
-16.61329009003189
-21.130050308527355
-16.924517906246727
-22.411488208496145
-19.156430191831564
-32.830761990317235
-24.674067562153827
-28.664063145900375
-32.1535245243698
-28.541143716002285
-19.308673519151334
-15.002828135923956
-24.67149457424082
-35.172119753400914
-28.943534917804403
-26.122528199767814
-25.6341425282751
-7.895711262616199
-18.918765013142604
-18.963178572992664
-24.20134713806729
-18.577660949934966
-16.141540768901788
-11.96803194150566
-28.76532219913865
-18.80521003032074
-15.32476431743627
-9.766100105541415
-13.883368855731057
-23.24805590598737
-25.548560150927116
-26.195243820750868
-19.842317151365485
-14.904708535602541
-15.473099278411354
-14.445825853516382
-18.298873119448267
-15.769857614246675
-19.130428848996942
-10.527471019656748
-22.370027047418873
-26.905892262831884
-22.062888383239184
-18.773003257753857
-27.39627904758346
-16.124675496654305
-25.411612733064434
-30.12192604296615
-29.412392527688787
-19.566392983562036
-17.221079363697022
-20.75504099600191
-21.522818517003792
-16.21878215848985
-17.901636866290396
-25.761439634770994
-22.768843906955855
-25.520855060222086
-25.507458762953988
-14.624649974976304
-24.963179042384642
-26.34726342750115
-12.512670559843908
-23.11290374474779
-26.07567222884612
-19.495833867339766
-25.26276279219721
-18.914154726633218
-26.724823986810947
-20.271132509195944
-17.299154891311073
-30.36652865969971
-24.807972011397126
-29.005280950178157
-27.59237110178657
-30.389399991224025
-33.793095493745824
-34.83539935252312
-25.235816613184852
-34.70575125479965
-22.232302098828523
-25.80235715937888
-21.666809419021128
-23.972143172061678
-19.765351790188255
-22.62150991742054
-26.30241187700919
-22.198316962044046
-23.305340500615255
-21.41652268266902
-25.73906814142665
-28.612215775718358
-20.47573646413015
-22.86221405797675
-13.97801082188871
-21.51061213463773
-25.859694405773354
-18.31765842013717
-14.966874638563558
-23.634063467459796
-19.97238886242473
-18.364017199295628
-24.130289775743776
-23.983738177701603
-25.42430067436351
-25.529213735870037
-35.38194240557104
-28.182332048520855
-21.42368601041627
-25.043825942365274
-30.5291536855216
-26.149536348033386
-26.50236123010129
-25.586847025692272
-27.376174209652618
-14.076291816683646
-17.802540837459688
-23.13281211985227
-19.22888184707396
-21.373165281492295
-17.986292724165708
-23.84818679809579
-16.96202956219461
-24.636780937287845
-22.872185380484858
-20.56640264325051
-27.588476156257826
-23.207098691080226
-27.049054735116627
-29.736720691013353
-23.1879645273376
-13.87243672025609
-18.22597400070991
-14.506867243901482
-19.168644793133765
-23.74230973264079
-20.78402676566752
-20.757963314283977
-29.087625462369218
-30.402474587119677
-22.135977284765175
-12.682772383502893
-21.073171883655384
-16.245094359099284
-20.70936672082746
-8.061069199919814
-27.762346379460745
-31.94907676130684
-32.792626127643665
-26.20551856216879
-30.598676985769544
-12.608755814913948
-15.133136307963941
-14.51283323947926
-22.47828544444799
-15.986095534902818
-16.77014624081142
-12.482385926753789
-15.62925333033585
-23.455813981656867
-24.840994533915307
-28.03439183125191
-20.65880886015681
-23.596148652259753
-13.48972584485412
-18.868994761245027
-19.95143509452538
-23.846365104410197
-23.85871418995262
-23.20199038816546
-22.747333617812544
-29.379589285900842
-24.858405498170114
-32.742861189009844
-20.236427485442114
-11.255970624944208
-23.473396198077506
-25.824970055294926
-28.810836914157242
-26.53540802849855
-32.166500791800416
-27.644837212607648
-13.395507174621052
-19.22536560703077
-28.70950948133206
-23.413665977216205
-22.621272239812242
-22.71134170228615
-27.88836704083255
-17.966229781550183
-17.47788832883581
-20.241694529505544
-15.128238261386453
-18.904711943624996
-16.69516824776014
-19.896878421495643
-15.719872981948072
-20.487448129808477
-14.50470552454474
-16.21285949191369
-15.780349332929255
-16.452343310190283
-14.803436707581692
-22.669808152799764
-12.103358929188087
-17.76066987945235
-17.03746184964585
-25.1013453645568
-17.49567803765185
-10.920359970156653
-20.330384923444218
-18.05656310685042
-17.28874178040987
-15.920252377578926
-17.540395066868207
-15.492933135820948
-21.218412887032983
-21.34110341756798
-24.75103141004478
-20.26539933724556
-13.05478801463872
-17.412800910351763
-18.789125268228904
-15.78165999192413
-15.299042428246366
-23.174585623727396
-21.703051674005458
-21.379914686867014
-26.576208115449795
-26.367306234950497
-17.64334651502734
-27.188990357542778
-8.593917674340352
-21.952020806771415
-23.778931582980192
-27.985718853580217
-31.751439944876743
-26.532740872905677
-17.20638064687109
-12.912798069998514
-13.912933937379421
-26.711636961452925
-17.220603229356776
-16.40944929131183
-12.418492373897223
-18.68803096671848
-25.749349957097593
-17.79659378769295
-21.882234942584812
-20.346598402130553
-21.8272491665311
-11.747184502944272
-16.8334289078205
-15.848589167702741
-18.502017865861674
-19.42249987942552
-17.836476292752078
-13.780052190109117
-25.97571284600789
-27.82795949992554
-17.610135438518338
-17.572651583985113
-29.547825711375353
-31.589607409935923
-28.035009799070764
-24.650983534164354
-21.225427955884342
-27.500249984349566
-30.86577946692332
-28.640864577618522
-25.07300671525748
-21.5388968501991
-10.905169703759315
-15.487873932173862
-25.42990906220384
-23.111023110197095
-28.69997702174684
-24.308567455256853
-25.19589031190551
-27.16497448709684
-19.891157308035186
-12.835544524988396
-18.074696703371988
-18.184789991698203
-19.720117587033617
-16.59132554809875
-14.598119306265303
-17.991650049406616
-15.659022147758549
-27.50173971295548
-19.421768503835928
-17.830183533339248
-21.189377298593676
-25.298790281153686
-27.810459099851563
-20.976745619782335
-21.139196714949456
-19.94435812764363
-18.962385446691577
-18.394963300800757
-17.825438355694356
-26.376939016389066
-21.04722596377198
-20.08568984755143
-20.766877613431
-19.006637604947166
-25.31312494435147
-19.480558533087226
-21.53124732216628
-16.682462075258364
-21.490685098024304
-27.417468671907873
-19.940993431571865
-26.53723528992395
-23.01589207823483
-33.210386814977326
-17.614100774326882
-15.871009917764127
-19.481507031974377
-18.49616931358014
-31.32245391755272
-31.276177386914828
-19.53664672931781
-26.039433954696353
-18.828830543641615
-22.650029988885617
-24.937011672533536
-30.902066484179553
-26.746508373250833
-22.635116002093568
-14.836775176280646
-22.729659901690177
-27.96492954292134
-18.615880899112422
-26.456366945938754
-20.846629894033992
-16.36917441705807
-15.480055730753737
-24.9677528761526
-12.81458193509419
-20.999006582480646
-16.989165070617
-29.050711792869485
-25.766251020149237
-23.527440261548136
-20.25525670321811
-29.782051400077393
-25.11457806390071
-19.342974835935816
-30.485008736544852
-33.92893181181494
-29.078412498072424
-12.705025575090108
-12.233117894802731
-16.01616578287284
-19.42257502535584
-13.379994985702481
-15.66931838301388
-36.75863390882809
-35.600034566164695
-21.769784207703466
-29.75830386650778
-29.054013734429347
-35.6944010657091
-26.407019432500682
-18.936747532976234
-14.073665621896637
-18.537714013266324
-24.386059516152496
-29.370058501225778
-30.14459033519568
-24.283013556575305
-26.73079511300338
-26.468933090744393
-23.26235544470793
-11.568288199356736
-21.072573164668825
-23.239242117337625
-16.76690564580808
-20.140349851696946
-18.676225419338365
-16.078176610071004
-21.75376669459157
-17.212235336772764
-14.444286792128963
-14.759331870536336
-20.439104987504834
-15.739088338978092
-21.010024523276087
-21.45338321626062
-19.2107084517109
-31.73646798019547
-24.34146235052593
-25.656728926292807
-23.30777918996553
-22.531573152795744
-25.871152835654343
-24.881323133724706
-13.3986517898377
-26.13327112505872
-24.460953692514813
-30.53155729661534
-25.51882863443406
-28.57912000107443
-27.116861110963534
-25.3470354100442
-20.441689356315585
-35.44587130924864
-24.478873198142658
-25.466685608454227
-22.09209903220063
-22.771288614421763
-29.516201441809883
-15.83430643344667
-20.89443208832259
-11.087035828326435
-16.164644855888483
-15.752015638678877
-22.803734247757276
-17.550117364541514
-18.573943377660157
-23.8533654191148
-17.692347528451236
-17.56175017455375
-15.827100310983795
-12.514926204964624
-19.81118870716343
-20.22587966712873
-17.191509861296417
-20.58595005682332
-32.93848698940539
-25.164809413014375
-18.24942857060386
-31.466010167980997
-34.792818926589725
-31.78509544921195
-26.438464137072422
-22.266211157797485
-32.86276884432279
-35.77920752330801
-23.37141787652461
-21.033994433809482
-30.60368382996559
-32.29885585378255
-28.26523677547212
-31.52053222488125
-25.913739462215432
-31.815692361631243
-28.585564361086874
-36.589208540901055
-34.32760068389251
-27.748311370364938
-29.02155319202221
-24.064578404957743
-22.671846897192808
-25.225365038193964
-23.712186292268946
-21.61244027025988
-22.453975341256182
-23.16402710275331
-23.562282070527395
-30.482929205786853
-26.224028281608284
-27.039075450862597
-30.991888892212557
-35.59892238770034
-18.395312535090426
-30.005850806708075
-25.749735790473487
-31.776940507600628
-25.61148609891316
-34.08984220856002
-29.495729449379944
-36.526699288159335
-33.8849724626925
-26.784929483316702
-28.5898576010556
-36.47508883149003
-30.21588682239736
-36.129031237325606
-31.620615558969277
-28.259062684058293
-23.787841568193436
-21.31906249803044
-32.34610701018458
-29.087493634902543
-18.37222545916918
-32.37806670630171
-17.267935127369768
-25.42256555858853
-22.26301389426682
-30.8359786945025
-30.729872455454867
-25.7003901081115
-31.672193177709644
-22.10318950811842
-25.42381129857479
-25.21551163366712
-18.800639991099423
-24.874331193038614
-22.52407242327935
-25.364711012569487
-24.58919856072785
-25.865465559158856
-26.665271761996017
-20.2171124109079
-31.48806488018231
-31.324191315914625
-21.255714054338505
-27.543180918486446
-35.60255354250012
-34.807072638248094
-38.815837188680064
-25.95037662063914
-24.347024997110655
-32.21035632229845
-19.598206375559663
-27.53347041002232
-23.260820503283284
-29.23351541544017
-22.746669609879355
-24.025254184888283
-25.80925207253226
-31.154329362855158
-18.56473253129336
-25.1866271080239
-15.910802595643474
-25.364924717468504
-14.344298832641634
-22.61992163921601
-33.985442911312305
-30.474759291781318
-19.296619607708344
-21.086841625190935
-17.706586363905686
-15.541350995504743
-17.957625813844025
-25.823362873160477
-24.023057975755414
-21.362226034552783
-23.312209937019723
-29.14742453239012
-22.921804235735614
-27.945420560767566
-21.60133300570955
-21.57582122821637
-20.266147613875106
-15.194449822613365
-16.112225204473766
-15.943241352494546
-24.72415240832047
-18.08013088490236
-33.44725188243984
-13.877968693922611
-33.60211366932711
-15.931560088125671
-19.452189166308948
-17.513611734120914
-23.824474662726672
-14.563570309043115
-19.10761043095509
-22.521666127677378
-19.690672883058177
-16.89022994794712
-15.04218790234529
-10.342660191293902
-14.313919127637213
-13.880728693163384
-12.82841378920621
-18.848677616625643
-16.62540762591057
-14.978572565390344
-17.7304415562637
-18.359137624067984
-16.565680380793474
-16.214610889329535
-14.653264609421704
-21.894761474832215
-13.660901664777306
-20.17399645671695
-15.039765044966245
-12.78202358147977
-16.877682250136665
-21.907850038999655
-15.757577666780264
-32.31991662490663
-21.86534235805115
-20.809992201920466
-22.243050305780613
-16.08307152356701
-15.534095210230845
-29.831102162884463
-27.369842541752547
-26.616805862862865
-26.819344142469085
-27.309048692683014
-28.26187347361677
-15.91842028642013
-15.74193801155743
-17.22133097983793
-19.288905061831343
-18.63956430284676
-22.483220889391912
-17.040293163121458
-15.306566523723085
-17.996222144748607
-20.663078214714325
-22.84677761222057
-17.375049973281357
-18.163460252124928
-30.459446088875474
-21.490214803163955
-23.468188901286215
-26.11584596124414
-23.827130599415966
-23.728407848099685
-30.06703976701936
-26.37589979802894
-18.94992012090031
-13.840850447047607
-25.551919529359836
-23.62192395282826
-33.08066221789831
-22.041127650929013
-32.45622177523258
-17.736916067216818
-14.909971222021689
-22.436274933747647
-17.82927248524136
-11.634627727082602
-22.836280473821333
-35.44354003088278
-25.543125445161145
-33.76415465577364
-32.89735583264276
-19.146848575340776
-14.458003788508506
-19.285160023916426
-13.191535187518689
-14.497738501561706
-14.822500016331503
-16.122089345892142
-20.01185825907858
-16.01733308900123
-18.76493200820653
-12.464010829096566
-19.213951035065396
-22.450880286771046
-17.44437734107313
-19.03646085182212
-17.946783887487193
-17.05250806607731
-10.628811019516661
-7.236114486849601
-12.988301959631439
-23.590421207685026
-15.08620980977738
-26.03462290467982
-9.095011989700517
-11.432111384592389
-8.928891567812812
-24.440246663713538
-34.81255635994027
-26.67508359726854
-13.86863558181119
-18.52329172355389
-24.818524579892447
-15.434697217250879
-28.028452379703573
-18.7001536268696
-24.976133558081315
-18.86826198619422
-22.249706312299182
-28.382051364301347
-30.3108906857413
-19.619865543731045
-25.622811810421226
-31.02475169992133
-30.867536681782735
-12.874612568643702
-21.253313883342486
-19.298879305215287
-19.746571020581605
-18.455066829777376
-24.536246994706588
-23.529334091788876
-17.018298075435617
-16.608607650177163
-18.80303354609436
-19.126636202210342
-22.723395436712707
-24.544384223139357
-19.086484910327346
-16.736529069143188
-17.038133210506317
-17.141569950691306
-15.408334845062257
-19.47469438860539
-16.647592400652275
-16.2772472928859
-17.73711931951286
-21.45444846739557
-22.15372939208592
-18.287063129120867
-17.061303796070654
-18.982966689511873
-16.27245851201348
-26.95956026960173
-33.57757756972792
-27.21881129869165
-31.675788092374972
-25.527857060595828
-27.997949426200087
-14.203510036533682
-25.947070953687337
-28.558624954599317
-26.659873745409392
-34.030608567730724
-32.93331328329634
-21.02409475243979
-14.545079908762478
-17.73764664413268
-18.57776051032392
-19.432478164007996
-22.303413620748863
-22.282527848788447
-22.70512635970226
-27.658702448062925
-26.428835282676623
-20.177994699038084
-12.618194621260667
-19.866906523826113
-22.138154267551457
-24.779472640288333
-15.448863494370299
-20.633229092454208
-16.940848547037177
-14.875411887447875
-18.11873814772394
-32.66406747975965
-19.572153185529523
-27.177165098656744
-18.82993156862603
-26.66293118133646
-25.580481482410107
-20.366800733719536
-22.000411143986902
-12.606539418945687
-12.151928811830949
-23.675629250317595
-14.121049785957133
-28.120613648437512
-22.683782804694182
-29.32181152196388
-19.448338077865195
-17.66398477049814
-16.470756252186632
-16.60281871244527
-20.558080211070887
-19.264635053581937
-34.808706033003006
-22.674346979484646
-22.554003113651333
-23.927993194286593
-14.189318624578846
-27.434611835555323
-27.06629086465906
-15.124930259021713
-24.307405076242052
-17.0706661231427
-18.61031110127939
-14.54639130187726
-15.413251154472768
-22.041756464544196
-18.561936254992432
-29.148934688664042
-28.003044524598934
-16.632829039309062
-24.03094159464321
-23.232035199039583
-18.61778319320156
-22.813077645978332
-24.798298314408086
-18.17708052831751
-27.661214054576448
-21.216988938139394
-22.74499482742328
-16.22096598217139
-16.493599860128977
-18.879754851656344
-25.648230538853888
-22.629838899079427
-18.607167535728227
-16.219015197947293
-21.42466283667307
-18.844126982341137
-24.234326838270945
-21.324553968899757
-23.24585840395208
-23.894161635474386
-21.09318403261587
-16.403250165380268
-16.731007758499697
-21.41471916710897
-27.140582238510838
-25.85634951651347
-15.655726245108127
-23.89692642605999
-24.94063162524302
-20.84328705704222
-20.196531054400005
-12.079074971792426
-21.347030993620702
-23.91207412858546
-16.34643851916498
-12.551010903307077
-8.104399600306408
-25.30255709005769
-17.3027674291843
-23.214724302548127
-26.76050455998215
-21.85876033961893
-21.07087341363013
-21.016314975067942
-23.108187739367033
-21.770790143788755
-28.537292056925914
-16.3332620925571
-17.378475766594025
-14.4297561903882
-14.161188985565957
-18.072352033029325
-19.90292838567737
-14.315754780628726
-13.807956318175108
-11.94936123251998
-16.26661124966461
-16.369947892015016
-25.859715930624994
-22.2907955642809
-24.396507338748506
-27.690374228108524
-28.50917379076224
-15.79847776394422
-26.772918791088593
-13.085625117277466
-25.51374853029369
-26.91929550531544
-27.409126830718336
-18.86283668511159
-22.47495752758005
-14.222437125548382
-22.334898352918167
-18.707349518700255
-20.879386776701622
-15.839281854274091
-19.40867892767116
-26.857605680117718
-27.03490416983105
-22.54487373431848
-20.226599205869086
-14.880626598149092
-15.70526970346021
-18.997641215652763
-17.18931421680511
-18.44174615011144
-14.023710061143888
-18.70763286968861
-24.155976207804123
-18.898744889312972
-19.822184317834292
-17.528172816507762
-28.115540786578578
-20.127092970510393
-20.999949926216672
-17.518212946516957
-23.5970168753297
-22.19634186550214
-20.277156583231452
-28.61562451920394
-25.689913041305942
-34.99776649627931
-31.12110675188356
-22.938502806964266
-29.37001089994341
-27.63209764162101
-32.25534607365926
-35.78908570879278
-33.78406502336316
-31.683842321165855
-19.34841655715062
-26.484982685330195
-34.61742332214708
-34.83013407006221
-29.926904446469287
-31.653654351572165
-22.10093179418871
-30.07764761761924
-26.875762977439187
-28.317788498885722
-23.85357753750006
-27.824657763771583
-23.21599528178965
-29.045649730454276
-19.626161054622525
-16.75533164165742
-13.485946190253669
-27.097961757812858
-19.549243916462068
-28.483886964191626
-20.80062479964715
-20.2469402145427
-24.176264543278513
-25.487093510497274
-28.966165346552685
-12.695665563091389
-22.805176714968646
-19.649379521924985
-17.784981523780168
-17.347598993167416
-20.992375166211815
-16.945771770242708
-15.674074153463728
-21.078648121363234
-14.621454275653633
-18.604144568878233
-18.61138533365417
-24.408101190171912
-23.416872443037
-20.942023033816454
-16.69046724800599
-13.98621961564492
-9.198342321509081
-19.211956647502554
-17.05675146629249
-18.714661764773638
-19.833184168040887
-29.548172772298244
-12.19352178209089
-21.209705767057773
-25.823957141150103
-18.45871729764876
-24.006439038212484
-22.28799933496068
-29.507928005002704
-28.856608228439406
-25.084011041231385
-31.440282484702223
-19.203684267180986
-18.439409972920544
-20.847286355359635
-14.919053694351454
-17.396332817857846
-15.320381145972217
-16.49762429611699
-16.58807616655904
-17.66081605274434
-12.951390210417877
-17.525630282402442
-13.290119445478712
-5.419845420544032
-10.179911004928428
-14.770982664920979
-25.059926582113764
-26.321341238762592
-15.502387821210895
-28.04040414852743
-27.54513507810268
-22.428373616511514
-21.268178358407365
-24.89075030423869
-25.903303661095414
-28.85793948886105
-20.189562323384212
-18.695516964235743
-15.625096311985018
-11.458705778906815
-29.134810454141444
-25.701483437034565
-22.200924737366066
-36.32012862309542
-14.852207865340361
-26.76972089887026
-17.09324692443311
-22.558586036089416
-19.624596161476212
-10.140199188644225
-16.254887300524114
-21.71732240843503
-20.265918698642714
-21.548605217824665
-30.5017081815226
-22.155738899243868
-20.651327874932527
-11.11952546799666
-20.538396648600298
-13.712955896311746
-13.934065727140293
-15.494356244824164
-17.060691063749317
-17.10206752618904
-16.54668700833343
-21.087474621431603
-23.157956827202774
-20.30824720552615
-24.914812772652038
-22.034135911398316
-31.700633779797798
-26.67101102416936
-21.513894616349614
-27.41337105111998
-19.308877031669144
-24.667001069048016
-27.056807322923753
-28.967188856420456
-31.529451750037556
-26.70923743583003
-21.88994471066158
-23.67097437314257
-25.894564162599096
-15.977796690247214
-31.275163606459564
-18.37064776957242
-16.578220063483727
-24.44075893703834
-16.885935217836916
-29.613051604324845
-36.94926372455923
-29.67226194882293
-13.42826634122568
-10.60462814500228
-11.900616824042821
-14.870435709511263
-22.354420550150174
-15.928942608949125
-19.37248407484369
-11.634683517541866
-10.858814869323401
-14.252398696331353
-22.2672652141214
-10.409313589367649
-24.20211651718962
-23.042295347990002
-28.139718088948463
-26.384935133411442
-22.632293240898512
-19.4531899480588
-24.05088490038107
-27.502232450253157
-22.985917487107564
-25.49747649282278
-28.92344159518559
-28.090266114597505
-22.54667229137009
-33.608287835515426
-33.222921304282195
-20.68731625910311
-18.86325151178154
-24.985862293869257
-24.412982450731853
-18.998300255824276
-23.096063229108232
-22.907325458173368
-21.294913452168196
-23.356631305385477
-17.50865185795144
-12.89445537290252
-17.274274480613464
-13.171771728476273
-14.259238145225769
-15.56686698423502
-17.595820785158725
-15.142086359780667
-11.024224012157543
-16.070173871923384
-14.08365003050309
-12.827275985439243
-18.01585264191752
-16.839065312754954
-17.152590984944904
-12.882003666920152
-15.885616985946388
-22.698300815752233
-12.973515364824497
-19.24445952017512
-25.643865473952342
-11.544185709273304
-19.915959603208478
-18.83458573798506
-33.8214709767025
-24.755740403481568
-24.3259699466363
-31.905501011954648
-21.127819071979083
-33.685204125600656
-26.986830502146773
-16.2624438914498
-29.16489303048955
-21.56630540571833
-27.354588670574515
-16.942708476245468
-23.427960398421067
-20.77072779216842
-21.118242572696847
-21.99194401211792
-21.6924344207631
-18.31030700550301
-20.150720061985318
-18.026846333057918
-21.429911184427013
-27.903973942475695
-29.173839696344434
-21.978004401007915
-26.654362997641456
-18.66532302099119
-13.44368264123171
-11.426496725930313
-18.587221074693215
-20.203724791877015
-16.362234087304603
-18.374400057555597
-28.477616513044374
-21.51237283943608
-33.1135149270541
-25.5967199392342
-24.830564247565455
-21.51030455167137
-20.275373545379153
-15.11880086317893
-16.351763388418377
-10.108305825896124
-19.430509265939186
-11.164356697539745
-19.801134792653812
-17.74079954534193
-15.732592451959036
-21.355194312910267
-29.068496490326222
-28.084880941661794
-28.53033598718267
-20.583502864628333
-22.044708046788102
-18.237244325548186
-19.23470338606059
-16.524801357193915
-25.125402543740254
-16.075721887591108
-28.741066356233617
-17.681730050136437
-24.224223812404702
-17.65688511165756
-31.75889908071747
-29.80807959390757
-20.671539217928412
-29.27330826371214
-21.122804522402404
-23.278810428860368
-23.762522058455197
-26.411172485541627
-26.57135649054341
-31.384962500379004
-28.917224288983782
-27.886209388728773
-25.908613283239127
-23.886026500410345
-24.777249900596896
-28.880154634987736
-25.855403423357444
-20.066417946135285
-32.92924936503015
-26.14428185488559
-24.81708462788504
-20.763587548227772
-27.26202208976806
-30.786139547680747
-32.93206721215188
-21.599489911018974
-18.42931069716158
-20.51375978187259
-19.81303267513961
-15.43033747691496
-18.32895156804137
-17.618134852026596
-16.068370356079022
-20.753223421188334
-22.91002283562567
-25.610623452475618
-17.22496037018759
-19.782587145169774
-17.37141508493056
-18.928925671777222
-21.084739741058964
-19.01737342131945
-19.340288085580355
-18.918052831589765
-22.968110975046596
-15.310170351692738
-31.522719338287953
-32.673868547527064
-27.89936035425179
-25.31081588050064
-29.22430163908301
-23.401367784111912
-18.760988973577113
-21.080382063403682
-22.715974319020034
-27.17388330683249
-19.0497004656156
-20.104774709391528
-22.065905871966137
-24.323644437943067
-30.73233533349658
-29.35189346627235
-22.93273100500314
-17.60810730067585
-25.526917090199277
-30.086518173128425
-29.78263932949434
-22.217373679242513
-23.080451889781894
-27.00842738574628
-21.548212712047864
-14.531752405637882
-14.384087505104116
-20.59385669988186
-31.76111101155768
-22.896045293638835
-16.120754072326292
-18.7613338599952
-16.008292484085835
-18.860323181566315
-16.68055414618133
-15.702700841653623
-7.453947148837152
-18.184525139477568
-27.171214192932926
-28.448902057341165
-15.35787593761017
-11.400424446178206
-14.320240368716512
-22.71669642300417
-22.067812380751043
-23.26882192473811
-21.66632017496125
-22.429657338936565
-23.43949995846457
-24.732826130556727
-19.24211089704391
-21.93863022404566
-29.132086759103665
-16.988642335858064
-25.927497906665764
-16.539704851120106
-19.943247424909124
-23.257993444339885
-25.373777612091793
-19.98044857529173
-28.697853450937473
-34.944914951715745
-29.561455940037263
-25.47291423560447
-24.336336640676997
-35.64931705131744
-26.000595258107708
-25.898108993957678
-21.660975005282477
-23.432871392452498
-37.05815875307949
-36.14304572658145
-17.835214867748682
-15.364063385054624
-19.70611064773892
-15.798019905864601
-18.677835041662007
-22.739219818943358
-24.343087713162614
-24.61551116678971
-21.38616369052438
-21.361797807925853
-25.159580797828003
-21.150449240163166
-22.815359812723877
-17.58119608043077
-15.39858857672479
-16.033810780064375
-11.356557242797713
-13.606430362977086
-28.7869056682962
-21.783635237965722
-22.21205662656636
-21.43333786328563
-16.46207287034422
-16.109946691581158
-15.893880859057163
-13.504197667450343
-18.18888923688405
-20.763121562371143
-6.104984111434524
-15.897591586554501
-21.413695453240123
-14.060081968245962
-28.83843843817147
-29.45645081026169
-19.310371000645
-26.797444972172705
-29.05513349525267
-17.091348655308824
-29.603203790329076
-26.117476048241556
-23.929957472828537
-32.21238269350222
-30.589251001972144
-12.121505267490981
-16.91179210358392
-19.394495506547635
-29.075516611790277
-18.586705932114405
-22.028074889265707
-23.927852320029142
-26.003164467208002
-24.293093771833522
-23.933008192678578
-26.240950827874144
-25.336079077344298
-23.414257368152953
-25.38576614266819
-27.6804377118769
-24.20433051600162
-15.15509291551329
-20.876751822467163
-31.32682313432972
-30.850471864644213
-27.016669941817952
-24.797413240022657
-25.436165053259835
-18.87791389563447
-28.809425819532162
-12.448179330836247
-17.002119961512967
-15.395267109679608
-15.065181020716796
-17.42686840707869
-29.633367967439543
-19.140917439290067
-19.49894470885236
-16.234874653818423
-20.72556842921184
-20.67171277014544
-17.753916474962182
-9.40383215429381
-22.095442050635675
-16.8633348929354
-16.738218232799987
-25.84941698850426
-29.816048841680736
-29.34255095586603
-25.014417180123665
-14.334178793325046
-26.50583644131047
-25.67064911233135
-24.720436561742005
-22.970700274989284
-17.823504446162026
-20.105724866269675
-23.895602550070688
-27.20510638116832
-24.697505507762333
-24.297407616908323
-34.66494089381558
-23.30594717304411
-21.251049107666603
-21.914442888089397
-23.80178622722951
-23.168151233312408
-18.624678986582516
-18.711276610098757
-17.55622803183012
-27.032689861716435
-16.966114856520953
-13.333094246994897
-24.625674239363807
-25.265227242878016
-30.150696923930838
-23.648250812203532
-13.996805221874489
-26.744497614477922
-23.81440172949063
-22.454403075170912
-15.813899719571133
-22.829150980792893
-27.22702765984576
-23.02282575005517
-24.050527122720762
-30.971316712034387
-25.31924088828714
-27.188892767234027
-29.395420059603627
-23.41191683101146
-24.200402946281606
-17.861886559661034
-26.781317740818025
-22.158005791575707
-22.138454253838592
-29.57057183240973
-25.038624146650662
-20.23242756001332
-32.10357816153538
-30.25578587107025
-27.44155082855795
-31.22438903885991
-34.104231353616214
-26.012561638084602
-17.093493877477666
-21.139582085988692
-14.989071317635204
-26.153224758105218
-16.331924142751603
-23.072411829051
-19.49823877738242
-27.63446311549071
-26.13346884455241
-23.924559305711696
-27.4557008609897
-19.808306261425514
-19.31001080518561
-16.31130634644909
-19.630953805510252
-22.807467388870077
-19.9329431952189
-16.13587707384384
-18.855526463179423
-16.504564856498078
-17.971758108066805
-18.747505386508436
-17.92324348265747
-18.32383639591759
-22.394837962501775
-26.916106017360082
-23.29361594631681
-24.96442316504485
-26.557836298539996
-26.949980447044883
-18.290871255365648
-27.403967335872824
-31.08364248460187
-26.0757769449819
-14.994215276745265
-18.994357303470178
-21.462605431375277
-29.989728462406305
-24.44698129675006
-18.922156638101047
-23.16117696541999
-23.48006581714464
-25.305322225938756
-19.630799444638686
-12.8694282109679
-17.55881287189969
-15.966924019620993
-34.59187315888897
-20.14216338278069
-28.891706022132382
-28.538444114814446
-20.822874069652684
-26.72334426267359
-21.387740173602158
-18.549506063452093
-26.339903873027705
-27.57936650089949
-26.58650760270371
-15.911006180722794
-20.343059464107213
-23.48486066759114
-24.8198505065234
-23.50526895799104
-10.233389042898963
-11.36352172372833
-36.16572761158721
-24.305705041002028
-19.538500536081617
-18.40762485083229
-11.701735662183658
-23.02709241391154
-22.225079670139976
-36.74737713917827
-22.83878942431589
-17.09904185442024
-9.964547071458945
-16.514396273845772
-14.282996476577747
-12.606727404100603
-14.651217253263233
-24.987224861473308
-24.587272772337762
-24.687194229848288
-27.72963275184855
-23.399007040352238
-16.833511266203935
-21.628425594419703
-16.8068041038838
-22.900929254173683
-18.118776896222656
-20.741428743735014
-17.320470807367236
-23.28810338841167
-15.740479791309077
-20.54810611223661
-18.95109247378155
-32.345083741802455
-20.39748514370781
-27.92483422101767
