-8.837160026983849
-3.4008981097768327
-22.73454696914918
-14.46207082701638
-4.402268880860792
-7.137788292910493
-7.508657605663409
-17.1946183562037
-14.704444772765903
-2.0683501717045516
2.045354066000556
-0.7581613552940674
-0.3362070433228137
-10.273098691222694
-10.11971459466702
-10.011804166815736
-8.877023945822629
-13.999913440840242
-6.580458205651251
-11.36426632536094
-9.845332795718114
-2.073039041891427
-2.962340119242148
-2.686974153236253
2.0322737845154393
-11.654447709046446
-10.630000694684433
-32.91358364941856
-35.952594777862394
-29.89912853407927
-35.614455487492094
-25.64013999959681
-19.451615582771467
-25.09780409923676
-3.062848568498019
-8.195647041190902
-6.211522229678806
-13.163479082841164
-14.769288667095175
-4.289766497910726
-13.106654572566171
-0.4068912495318031
-7.194497695683834
-7.204043018839773
-13.375068100458257
-22.55530510105995
-25.25974802708371
-19.09895865447359
-14.554497813977392
-10.260128957593109
-8.450041483453191
-20.535854806078298
-3.390896679399056
-10.069188540804575
-10.753214010914256
-6.870138273642777
-15.144202031559448
-3.2476162435176477
-12.965863600800045
-11.337647817805184
-2.623838223031143
-24.033880693284075
-11.285561192424659
-12.201073709627785
-8.764636653850236
-7.901402614353884
-1.697633788971764
-12.3515715495871
-18.535811060929355
-9.420700401264128
-4.119961822328843
-2.0795945055959564
-17.842491558129186
-14.347474965615476
-4.869965887451368
-13.360812635094948
-17.58240873870978
-18.826915964341154
-7.541722770962192
-17.972913082088084
-19.177085263722397
-21.480786902518744
-20.65331420951379
-5.1801690280939106
-16.455334367181973
-8.421946724000922
-13.518777706081728
-7.09388509250266
-10.179042935973133
-5.497540507358593
-24.512690284143545
-22.283468756714313
-25.068098463767964
-25.313605335813747
-10.637852871117104
-22.129549855758686
-27.7858336438786
-20.101527601870878
-7.236408014839245
-12.360922227196198
-3.402769813172924
-17.313683424567024
-1.638194297199064
-12.189672128451388
-7.035901978960997
-9.181608850756511
-24.49703008949627
-16.243650611466755
-10.68681067916836
-12.938729350621632
-16.72419589650447
-16.52872316260502
-9.771433477163768
-14.315144276638534
-12.486158467060697
-1.6040592384567844
-3.8309280256884364
-1.4111674946962296
-8.918607029107136
-3.3599418510223877
-2.012258908827029
-8.623291351132977
-8.216206439898585
-11.541375084756503
0.23490743008341752
-17.63221109840415
-14.482855509430735
-1.9664582477389132
-9.258082346888486
-9.31819997569849
-21.549219236356528
-1.4008794005611662
-2.0583135085611453
-0.760571645287925
-18.527124310691686
-7.827954063059636
-12.416005826879953
-5.071725930240902
-11.127241671081979
-4.996049457102959
0.27262625253290196
-11.770963177769083
-10.708718954510996
-9.651392861276634
-11.169107149627553
-13.777581687723455
-11.738924112682568
-7.129048589014303
-3.0758707878727662
-17.0270685048277
-18.414324261431002
-6.6465293128815865
-9.81410447850699
-13.300746849501952
-11.647398717615104
-3.187884531261769
-21.37547063604673
-26.278922859175776
-21.970249451890705
-25.689973159673954
-10.63080812813357
-5.720177300521517
-13.992892661667867
-8.342353961546653
-15.766409392820954
-20.494671856657973
-10.740563936730346
-11.70194253791134
-5.550668555136959
-16.153538189332373
-14.651067402892743
-11.860417992749063
-12.11548272131579
-11.297442218811739
-4.373700310983292
-1.5807264046648548
-13.504727506364564
-27.635032671359795
-27.648505237888813
-28.252213726495665
-30.83209043181469
-21.296025689806225
-32.42609544989588
-18.893597748364485
-20.884676136106105
-15.58318157261271
-29.503440929893667
-27.73559103245094
-22.184301006591525
-34.50756120868618
-8.769109149989653
-15.30358499657498
-20.27698924173021
-23.997017503778945
-17.94134164225695
-10.999726017081116
-7.317281414648342
-7.048051573600059
-9.641359896852556
-4.576087828073469
-10.214327348175946
-4.057665810939248
-11.005649063697959
-15.735601487386852
-14.509571049354847
-8.461335097347817
-0.9553137466162127
-1.9944951801872364
-17.33288484630586
-15.601230771810677
-4.315303420129027
-4.599442960765309
-4.10995651739691
-7.176368164743057
-2.2994407547697335
-4.074468875756331
-24.319452784938314
-26.447198853497646
-28.594571173020455
-21.020371371548205
-5.219942445824991
-5.584976732311848
-8.263810320144813
-12.995511789540892
-8.624370188477492
-6.260586256435396
-6.9967922419679525
-8.102957570379523
-1.4133663294902483
-14.739986473477657
-15.509774997375523
-15.859919756357279
-11.648232554420076
-18.87828627908648
-13.674963426274665
-10.364381042677365
-2.7907308557362995
-10.806861207798171
-10.924874077115064
-4.004219325235269
-6.76382870372591
-13.043772209949609
-7.838833270157508
-5.17577753223512
-10.88197535530891
-11.533818390707381
-13.090321753463726
-19.610139301297053
-10.746134306612419
-24.168813127218286
-13.637501898929106
-13.19705990536007
-11.687655341172146
-10.482232648544219
-13.447618828341891
-16.452366857204566
-19.10940482629683
-21.55810512834782
-21.94066030324354
-13.829790872797712
-12.805460816382798
-21.543513537325016
-12.401624478361107
-9.67866546127452
-18.668793686074387
-22.933802362584736
-24.349170810112966
-7.960454383321455
-12.874349012033093
-7.4220389012002315
-9.604462910362464
-8.392958436829225
-7.246582689582091
-15.691584964283656
-13.511504371773555
-7.006742258393722
-18.76330868012801
-16.388431540750336
-11.18616966675446
-9.438885559955889
-10.28130404714828
-12.132376629768856
-28.82455706537261
-5.901960840728044
-8.18399661968912
3.086149102684626
-1.3323729856624063
-1.0485203733562711
-4.9745401432621215
-6.29343854021824
-8.350085321020007
-20.042404787793195
-2.047405096849694
-6.539778267586186
-8.86989414113998
-6.850789795609799
-14.392184822238278
-7.114716784535787
-8.656842082756164
-9.084130462052372
-16.83653454493384
-31.18615561076124
-7.116307520034127
-18.125481726520007
-17.42936709231816
-23.883682958889317
-30.090206505294795
-12.026512445758522
-12.316205629791842
-9.010189790998684
-12.382127273115783
-6.443318047908594
-13.245161841909308
-15.575325999975139
-23.99197128105568
-8.367988375706677
-12.784505325750306
-17.161847133695666
-14.324354985602385
-14.753011664956752
-4.939343671947569
-4.017005411496015
-17.15903260426994
-13.298199348854688
0.4177199195721606
-27.284722843642996
-6.229930877957223
-21.567882261736116
-11.906750437953157
-13.112411784349895
-16.556845818921936
-8.349644314912638
-16.404898934201825
-21.172905494855016
-40.38160591718175
-22.711385726046547
-23.01429081949467
-40.59113294338814
-30.374828102026342
-29.34726173091859
-8.313323496779319
-16.551644539985293
2.5116157249433684
-6.816075223220345
-12.125513776499563
-16.28165213095821
-16.658923762698322
-12.0990904829133
-14.704115258553959
-15.52218074613208
-10.330580150800081
-23.61249761145697
-27.913452013857658
2.353410207564135
-9.411323502482059
-16.52038026556641
-6.084330441938636
-1.067691475208484
-18.823343048586686
-18.022457616227204
-9.774966454070931
-13.906285352672565
-17.3100942225174
-18.689404331755373
-4.293448779570404
-7.9662494040942065
-12.576740263257548
-15.579220197917323
-14.458344623610408
-17.405598674959762
-14.490488139586603
-22.0624338577133
-14.154907530310346
-17.410890464641618
-4.227432212401887
-4.749357056906014
-10.563619439044189
-6.707526527030431
-1.0895785677689815
-5.969799521913998
-15.13775945066164
-6.266402738922572
-11.775465745732966
-8.979043098237831
-13.584764659119138
-11.122580757695884
-11.182581241129668
-4.915926009188212
-9.38672829950449
-14.742478824055262
-5.119098611172205
-9.815224231201235
-6.921214542067958
-26.9772489927077
-32.90123821630621
-24.4525718571482
-27.91462254833762
-2.8056060831527
-23.222364258162067
-31.687427804808326
-13.763952256801009
-2.8622847366863446
4.585035837081328
-10.71184366982044
-16.60561248478853
-13.29472642563477
-8.174999966642133
-1.2702814246104097
-15.082554105181678
-17.221558940242502
-28.28024025539795
-20.983023833903168
-14.936264647174958
-36.41877438023589
-28.504623796735693
-42.01896917771144
-31.88180628862309
-10.635895557112079
0.7715458629448761
-3.7127611410345978
-13.339956330139636
-23.85065070637142
-5.759256107716682
-23.38918158264886
-2.261450517520899
-8.635558948230535
-13.102999111524833
-15.200815715931554
-12.321025521264263
-8.145106340962702
-11.601669607311031
-11.313530566001873
-14.252347299183626
-5.985398441940866
-11.104387893989756
-9.042972591363727
-0.8426869497398126
-24.974556165451155
1.5492308097758212
-14.172769378443913
-0.2165685985083705
-14.732246082937039
-3.063682101046208
-2.1142641493548098
6.972924682908182
0.8997141813662282
-1.0896531028779535
-4.9565751945597825
2.3851487019040505
-10.083199406246443
-2.292378192860614
-32.23392139414256
-24.345916220853766
-3.847625253139336
-19.337995563610633
-6.4164379804985145
-3.833720978533705
-10.999408566986357
-8.914277241521756
-16.471668705485772
-6.765941482696718
-2.0689407054943807
-9.39842759773984
-1.4575694736162603
-7.216886965541228
-10.59301836748358
-8.051506541919878
-5.722453826954702
-9.758930740367365
-10.45102540068595
-10.202507093313855
-19.64672854226115
-3.6796855939551563
-10.800730762191051
-1.378469938777986
-11.037420621088277
-36.737219170005844
-18.065301481328113
-26.94529925187277
-10.696091869081808
-15.412792851582001
-15.993940677726474
-21.517254436734756
-12.233437200673805
-17.399201203229914
-20.185088022446713
-11.202814693805472
-6.014918588404203
-9.030173172802915
-1.6171451424523688
-6.283731336259169
-7.673411078270114
-9.267394521619288
-2.4650430186311425
5.5004190602191585
-5.849118206019494
-13.031929981167451
-2.619458127079934
-4.690238219998143
-2.9637614171693514
-5.426702797641905
-14.205976498925452
-12.432517455335905
-0.006035702592264158
-11.905429925906663
-11.324753353744427
-0.22598967117198043
-13.43259449847303
-6.810397435487879
-5.720387479358607
-10.18496206452566
0.5429518788111309
-12.06721846264416
-9.663030946907327
-11.688642159436494
-20.574823672666756
-20.69187125152394
-23.852678534150158
-16.190464337498458
-17.053741593756488
-8.516622002907539
-8.527973234413643
-11.115471176942435
6.081542868648892
-5.394588835994011
-14.56135915562626
-2.125851312758954
-13.990998030883688
-10.732812113872448
-8.371627020858845
-18.693278134266876
-27.054431588189694
-31.44981659335574
-13.091413332437801
-18.157830339310323
-22.1541584877087
-0.7182689158735727
-6.956388281507099
-9.660641425328798
-11.008166931696772
0.188038152037187
-4.230883302050707
-3.2435166968128897
0.0030583096514789077
-26.758580666702514
-26.81707856706113
-24.84302409973605
-24.658402157984263
-29.809188963740198
-33.72850162817048
-23.04126926913674
-30.936225190083803
-27.464067745516076
-34.1687009673841
-21.43783486794213
-6.086903781562526
-5.75202531615086
-13.500195291287067
-10.713433200383434
-10.596733930066495
-7.218472857603846
-11.857429843350104
-25.469510005693248
-14.084369390863856
-13.796120100947988
-8.525934289338316
-29.858414486418056
-14.951153326571855
-16.21923623443415
-16.967693442256348
-4.112788684302274
0.2278227912091495
-2.8750535900551455
-10.098772472768452
1.4819202673069611
-2.2569491022658745
-11.74927759333178
-8.432415947043214
-8.523017950206999
-14.999473098263522
-17.134730449559942
-10.048662827658859
-10.282216944367065
-4.684549823755084
-5.299795797719561
-42.053670769391736
-24.2187881256911
-36.29411870876867
-9.530648008935259
-6.764862522605881
-2.1355400988727737
-8.2051892342429
3.996388852347568
-9.969427499960567
-14.497195603203625
-9.520868055365021
-5.285822392774239
-1.0854603626215962
-25.72953854573705
-9.737540012345498
-13.602655684466782
-14.697657467531343
-7.197908045882251
-33.70072713403685
-27.626643782960727
-15.341404336421661
-14.639358636793553
-9.083254672612128
-8.006551946789045
-9.71057972403144
-9.541538730792453
-13.590206391075654
1.5760096676281634
-12.743958524196557
-3.614270382047529
-28.1742468364466
-30.685971860098384
-15.941080566083578
-27.367673309278914
-23.484290396350403
-13.754611439193837
-11.965205144351174
-9.460683204057293
-10.241917112900197
-7.535108663707007
-31.274056545663356
-29.385644381761722
-18.77571217857212
-13.829474094784057
0.6524876590997906
-8.771709764294737
-10.548293672759726
-3.365401406936094
-2.856127501491649
-9.145795178301032
-18.540721923052686
-29.472567924254573
-0.48134043667633364
-5.824697660883711
-1.5466331998905218
-6.887394284947099
-9.485800097125686
-6.109361268545559
-8.26194669498888
-5.194746665958471
-11.276613375835934
-12.315219749873172
-11.070323627217117
-20.670815076837805
-3.0874129946227917
-25.532500959970875
-20.286252889038572
-30.06472057298479
-32.26831693676144
-9.533783653395949
-13.35742433808376
1.6537535984317557
-21.17481984183282
-14.0609887838135
-18.22006994708076
-1.1023267438384288
2.130826216756109
-8.77048870020958
-13.3434046644944
-32.44397309174152
-12.141076320093358
-11.005918583228853
-5.090317298007406
-5.490208674448619
2.5790734908257296
-6.05202345579994
-13.819595088087986
-9.484204147575285
-13.581468405725857
-9.687991518922678
2.71521270116299
-8.640266221078202
-6.066997558787535
-12.910942301576647
-14.435264625020341
-11.415490468681536
-15.200724334864958
-13.952861532260137
-25.50420741916053
-20.868482496584438
-32.861161615957
-11.1695183718355
-21.724339835724514
-12.735394043417184
-14.037610457541618
-23.582514778632813
-19.388566182220163
-15.61060690837115
-12.502807241831185
-14.066092777532198
-37.8032834866045
-22.53303426082015
-15.047928359241212
-11.350387972976694
-3.5642396499068543
-26.81155318812797
-16.02495089336152
-22.04945686158477
-10.390174112169436
-9.878877449773263
-11.449447085920779
-10.754503921682067
-13.018139097497063
-6.210068722439516
-11.623884627142814
-11.002348740642896
-5.5198299240627335
-10.871534672134846
-12.744252361009021
-14.012307678773887
-12.732342826860869
-12.926412478429464
-12.028120376614556
-6.271629768821996
-13.77219922742909
-19.02110598628203
-21.75796536789954
-2.8010247850556027
-1.6641853327147516
-7.070444911943582
-9.028267802710833
-4.881102416986565
-5.8250394995522505
-6.5612238269346115
-8.332334316588312
-7.776571254428561
-8.05485178212448
-6.010992042192962
-14.64145331441177
-13.587000165468183
-1.4933957002292075
-2.018110856382606
-11.742017156157054
2.318248110710371
-0.9069422679322585
-1.7345582945736489
-4.7698199721942025
-8.00046943326927
-13.413171891410133
-1.2611709871422505
-3.5089036099842232
-6.3741012757113715
-3.209687365624733
-32.018881652123646
-37.18731107597754
-33.17086854954679
-16.481233976912627
-33.98328185872987
-32.886528852178884
-13.380122647707154
2.136016941578596
-5.857405656971029
-11.483569153974841
-4.408893232583615
-1.843666203828711
-14.895637192399597
-20.25652939822617
-19.80212441647651
-10.348634777305541
-3.027575444857625
-25.478078421157285
-16.799979183174493
-10.837848207282917
-15.330856565650372
-3.834746603702108
-11.574037846743806
-30.655278905160458
-0.020877747066940344
-11.306490669810934
-28.499836796778666
-19.367645155000226
-26.899665291746807
-8.13561721191158
-1.5482188127961933
-9.685385593184606
-15.376879861310442
-7.790460403152373
-5.141345867662707
-14.775277931483998
-11.471225909120506
-3.151624553647146
-4.689692124295732
-9.991973187253219
-26.646113425557317
-5.984448359552847
-18.606447099826326
-14.173779925419858
-12.33447996678256
-38.6923242997029
-5.7337750670402485
-11.680961175478668
-20.384212794434713
-23.83565283578281
-18.554971537495838
0.0367155457559889
-9.047452253559381
-1.282196713176969
-8.87279092237491
-14.613183711479806
-11.02090344303803
-14.979739590625826
-11.742993801685191
-25.174734357311102
-13.893016249078073
-11.080413001660958
-11.654082165473262
-15.849911865736129
-13.0989015721306
-8.591782880896943
-1.9686035374459294
-5.988599410425202
-3.204500284333335
-4.729552357435274
-3.0969357641157345
-9.922141363155369
-10.390361049499845
-13.996018615377189
-9.127951408447188
-29.93333403390651
1.3272868121665908
-4.967776313917554
-0.6945401004351908
-3.559892119812595
-11.868442755976005
-14.586859775490538
-11.017978374447274
-9.77596149556247
-15.528611799468102
-15.69457175885131
-17.518389367409103
-9.606707218109634
-12.110718126247736
-29.284543332713426
-13.099804322625896
-11.954464768138603
-34.00824896167644
-22.830434453644134
-24.371062796670003
-22.735196355774338
-30.674760965048314
-31.926480150549317
-22.34202036585931
-18.133977723671023
-10.831774326494706
-11.680134081979052
-7.739335027196532
2.5133655642417274
-4.590329464899831
-7.199577498920888
-5.201866564893297
-10.472591089425464
-11.733434975941108
-12.663345860371159
-9.169809819323124
-8.312649888264488
-6.944948047052719
-13.3838872047413
-17.798010762778734
-6.245744920180275
-4.993484152058951
-10.46541389062103
-12.147662481605572
0.9974318287989341
-3.0114483422780367
-7.438714810844708
-0.84303861919242
-2.600039662802324
3.170489422128295
-10.929345127509386
-7.14969177448377
-5.5293111488101445
-4.733873971870288
2.9718313326676906
-0.23399899178819794
-0.5847496686561797
2.076269080373123
-11.06684715143836
4.959512689928136
-2.8259975704968383
-10.376251812599563
-6.166025656390733
-10.594712927116696
-8.199516911073871
-2.984886127120646
2.0806633256765146
-8.772777229796233
-4.939569558903894
-3.5396481956828865
-15.474189565441094
-9.961806720290497
-12.124669734093281
-13.192076564248197
2.966060723786242
-0.8782212928392212
-2.024927200247226
-7.8507417566280795
-0.08991088335860642
-10.04485970776187
-12.774249347930354
-9.229158026780063
-9.870705136315404
-16.139017961811096
-11.084541065431221
-7.951178069152913
-9.788157007545465
-3.201595307287757
-14.138179153531386
0.04220923121893705
-10.20215071288629
-5.553733149255937
-5.871577076834111
-12.345055112215189
-17.709462050048938
-8.777582523770075
-9.772180324790455
-19.60501408213171
-1.8642904327217593
-14.912939045005256
-11.910537215912075
-6.059833474321252
-11.925417973613804
-7.671476976263904
-6.484940683563554
-18.411481808711997
-2.5368063924940003
-14.217095547010018
-32.33369470496362
-21.96432233545161
-12.792514448256771
-25.586152641463606
-11.149977827192018
-16.945955257022593
-12.798255846222808
-10.408473290770345
-13.69864662221277
-22.057274348160472
-15.116406747558361
-11.221641937106941
-14.332809740803587
-1.8971289509710694
-16.444756154964114
-13.886123310280425
-11.20100825831009
-9.946411096415005
-17.41982549340422
-19.107975028198773
-25.697651678132615
-15.988499916867514
-7.947959416538293
-10.560404343195007
-10.877119435458141
-11.894381968914953
-13.707003597934857
-8.82991787815389
-10.025035415192885
-13.091801283773236
-9.535337278248065
-14.08313175818785
-11.122405350892507
-10.45717383422091
-1.4791511584928791
-10.003789390231137
-10.713647759937881
-8.074785259245267
-9.169452455049203
-5.1857089038260185
-28.37993750026063
-18.06043754614857
-30.96478393554143
-20.85050370746687
-28.73494402598478
-29.264943072343943
-28.39885276305868
-9.953341273656623
-15.700646888506853
-13.490465861946927
-14.66356460589876
-9.905227676172018
3.4931615493304555
-9.931441953418787
-15.999780903528855
-10.607442976417232
-10.71129363104335
-12.61350839273663
-9.267542112526677
-13.0730050926343
-11.093402716407127
-5.110974618610225
-8.801972092976381
-11.94125743451935
-11.514234667740954
-11.062744163220977
-4.921020314864016
-12.792612493366665
-13.413209518065571
-8.138805785728245
-15.128770608777465
-10.688648454059297
-10.36844544148861
1.7150790500660484
-23.820155262861384
-12.26702130586916
-4.835669972212319
4.1085441086624215
-11.191992488279077
-16.53058082088078
-31.88882180102215
-7.767906855154404
-8.611531487450215
-18.28404966075095
-30.821046540879944
-16.482465025306585
-25.92810591726154
-22.933371413645798
-20.835846037144137
-10.735195441376831
-0.32839164888730465
-12.362083249541342
-0.3032558315954148
-6.712613014652177
0.15021138862353922
-5.432111119822718
-3.886926641289822
1.5556068905825278
-7.863097662883412
-3.6945262024327583
-10.624666593414695
-9.714749461828994
-11.664522122218505
3.910294019281192
-1.0104499995637077
-11.115499474855717
-6.318863310791578
-13.155482504047324
-5.415544776047298
-7.582626672132093
-3.0428233774007865
0.1802413302532635
-9.160571785224821
-8.702220561458958
-0.41936654597370193
-17.219237515337063
-17.914055867725317
-21.38142573721013
-15.392031250421326
-19.937910158201895
-16.456366324905385
-2.869035654323419
-6.8685507600073485
-2.435281613524161
-8.745012335416721
-20.043513184313348
-7.069593940952682
-0.381216585031412
-9.150985411561102
2.0886073376748513
-5.117932482041475
-10.97798809346633
-13.438936883184235
-6.797159674903064
2.1328600657557075
-0.4404061161211583
-17.448589149311534
-12.299969889509324
-11.693239631636327
-9.498604558849749
-3.925766960993208
-3.313626809420226
-17.460004036962573
-3.319044867251037
-19.867846623895673
-25.11466439972292
-23.1376329538355
-7.982537163571436
0.32010029922323113
-12.208623439142759
-9.189793939549904
-3.3100887404748534
-28.211822257376618
-29.954201230722504
-25.819773637181314
-7.498423746066777
-14.749851179608278
-7.230019663646694
-13.269680197755363
-13.432040426722445
-12.28183993956636
-1.4922698538614512
-8.878144449693508
-3.6980020738097714
-12.567581138419126
-13.259964985840462
-26.161246452143658
-13.728754190314195
-13.660869706596579
-11.8157811391129
-5.109492521494907
-13.860837107668551
-24.630408700534744
-24.349651292105477
-5.909936933851576
-10.670150478228937
-28.70123718886876
-31.881663763666275
-8.021413844264153
-7.198294696231024
-4.438922399225909
-3.6832077708794557
-30.756594132045635
-8.051712558823859
-2.9049237322225494
-11.468853543106391
-25.285542464743088
-16.223727852500495
-21.7470022958954
-10.6022881713685
-29.662309047124026
-13.112448053596417
-22.112868483593793
-14.24773459486427
-24.16382189631633
-25.399102846601025
-25.070536288879744
-18.277033770839253
-13.962385321594454
-26.02996549271692
-14.288030962358441
-15.092984618397928
-24.44156032296668
-7.54998515219474
0.460061216599712
-26.635498157752465
-26.31552649356523
-30.403376758839112
-5.520720148824687
-8.84143052366214
-2.907991778670855
1.8237118077800076
-4.756205573658264
-4.63616930251581
-4.093311224683525
-0.1896803826937017
-6.893705412797434
-24.613947626752186
-16.68041981951648
3.1040782875945894
-2.2192215103648394
-13.733694972918109
-5.691547812663202
-6.9838162937292765
-3.1665532769084734
-12.695873207595575
-16.11338892695973
-8.192361214323139
-7.656594154380251
-11.44317126206505
-5.616931232669835
-11.038266333298765
-5.957170151433488
-22.506641763573995
-14.368707371682383
-22.29817865372489
-11.534557681053109
-12.746699202679487
-12.85308892645854
-6.012522932586016
-34.49191343274195
-27.335197194081744
-24.23671110248994
-12.695920214526993
-0.5322514860387528
1.152388580343363
-5.900695113361557
-3.0767924876147816
-1.3599596922469743
-11.263686423259848
2.3374733797987943
-8.926272372809684
2.3759901525281393
-9.025928397757134
-6.9429688762743
-11.390566864712412
-6.837338255188236
-10.136559668288058
-13.243078994965181
-15.361711211106048
-10.189215349825076
-36.11643765203282
-34.751448379241445
-22.354539951638735
-13.809442053532038
-31.39612729968288
-25.023442888175055
-31.02825217931283
-26.97899106313448
-30.265663148597866
-37.96744508926011
-5.68506576904845
-5.928023450054649
0.9795795877728786
-7.093143253112732
-16.046761767768878
-28.39773635323979
-11.718193228819537
-9.100916590130932
-19.02149563301996
-19.29788746290579
-32.850174197696056
-20.81771491686859
-37.20415577288661
-16.30894385063923
-17.626424216379128
-15.10167258223413
-0.2807152520542431
-6.397792319846822
1.1101505364312203
-8.982824585935042
-10.336705409967657
-10.939974901234784
0.601893343429424
-16.48352927481946
-9.386669258058696
-2.7572161787084966
-11.560128572372285
-15.699956405946637
-8.217639821824427
-15.48364292862766
-2.408285273847895
-13.73124903603253
-2.188648939865253
-11.708821337971195
-7.345301018759493
-18.470851528085973
-7.932985368825477
-11.464737448648329
-6.518104441366916
-12.392723761953341
-7.319532592071901
-7.001238565288311
-14.815649129195542
-19.20490517092839
-11.429637214230887
-4.1700524731461215
1.1452702692863639
-12.408461113514669
-13.20651602691158
-20.361463478229304
-13.010064873368087
-19.541261990921818
-10.43896140324162
-4.2901434174383155
-9.16960701821678
-9.681824696701248
-5.744254696742601
-23.248503213789334
-13.605291048192846
-11.537628258148366
-17.730901632353834
-16.80782346927377
-8.834685315187336
-3.618428957798777
-11.311575098584328
-9.164678388881082
-12.323845158002147
-10.81714496489699
-12.35311853348771
-10.350828983756521
-9.099065887202144
-0.26979247962305664
-8.331525354574332
-0.8778022563800079
-1.1504769392797485
-18.478491644657666
-9.047852650299049
-9.334926138131465
-9.837063493332064
-5.27926764786757
-9.963893244670963
-3.3942520913427288
-23.211692205738046
-23.29060861527941
-15.428177897941424
-26.2787087511933
-24.23008157961177
-21.992213406907194
-30.855418066427553
-34.34812709518417
-20.12206875898248
-26.67815355179917
-25.77580438866041
-24.229232728530953
-13.654697987969726
-10.41798265662984
-11.709562952542612
-8.733177679695565
-7.895115285573887
-12.264602345322938
-9.833981046208837
-13.654383293469191
-1.4620500552919005
-11.246408675108784
-13.76880938364489
-13.52634931533088
-13.67150902651187
-9.614894607193081
-15.774814972980138
-10.132110118445713
-10.232453955690588
-37.366646721076954
-31.229700411686668
-29.986435462666893
-16.873673534237213
-13.515435217711701
-13.039064854680774
-24.786487239148556
-27.885100911015062
-2.6707698074515136
-31.185403571669482
-19.642757080999907
-23.686912726015247
-27.049205189961107
-28.045067168561047
-16.024405118208108
-0.6587488541484134
-10.426149795597095
-3.645574743779177
3.373358393385569
-4.5471746975478595
-6.893756565667964
2.7614366806619266
0.2502073017367721
-1.0111798222288684
-7.862941820009656
-9.405182997238668
-6.955069914043754
-15.6954947735802
-4.214911055087949
-15.153866791189309
-11.225823889829478
-10.984505866129979
-5.592509044285402
-22.48757729927741
-24.009423374500265
-17.1994782645639
-4.390176133405355
-8.752909798737022
-5.524656110438315
-4.555783723503012
3.598754148932734
-14.46007268621797
-18.419015230181508
-9.914849148052888
-9.269209189684403
-27.071858093081687
-20.304452834868457
-11.230841403703337
-14.4922528086514
-33.57925854848106
-32.38329869702785
-24.959904698347813
-24.32790903733985
-33.323230471003725
-20.235551334994106
-14.233497234303503
-0.865898912963047
0.5549363335366522
-4.848072183030553
-2.4214169865420985
-10.381683714681401
-2.6736393399829055
-7.341481704943064
-22.460489632456554
-0.14745258884522627
-6.936738989786768
-1.9786945954260844
-2.2069145625491444
-7.23338052273318
-10.328134752549772
-11.107379023291621
-2.98997426607842
-29.412837822207933
-15.34809384107458
-8.157566166146822
-22.410557173061836
-14.829259837253197
-12.312124071746219
-25.565445436738926
-16.106399492668984
-6.39023557062562
-10.264451962655556
1.830806917546397
-4.409428495703743
-14.015991388820588
-9.18221699939619
-3.2144147425340535
-6.286857942934738
-12.16787846168081
-8.416901741844423
-11.061930653647842
-4.559438336505231
-12.063911126122647
-9.402334386476262
-9.31319987891387
-5.342243647577874
-10.286532750587298
-19.226887010896284
-15.000823292371834
-11.177789290219216
-22.468861607610457
-14.677978827773032
-8.37326519171478
-14.152719745094835
-16.00960676033216
-22.30530660806835
-4.632758489843617
-6.967221667638171
2.0713065889421287
-10.122052576649498
-13.713334772300406
-9.775173815397544
-9.409901988985379
-18.39251571502978
-7.688446368723088
-2.760437631684624
0.41722716615674216
-7.134283785283749
-9.984019848132647
-30.14499716635604
-36.123074176501326
-11.703713910311215
-13.404152724648213
-4.444642631662688
-16.117805992983087
0.6096626552081403
-27.717699417828197
-16.982611081524784
-8.278873065196287
-12.28538811457831
0.018887640152556173
-6.072780419558008
-2.6560589986744425
-8.283725339019824
-10.683047034058227
-14.075571095677553
-8.286125725656975
-19.262653747298764
-25.81725656575513
-8.556490028197146
-14.884082284471038
-6.58879277196009
-13.406816445334982
-6.8792814264093884
-13.978602136298612
-26.694451427225665
-6.449826238528246
-4.047524151633304
3.215715394109317
-7.9298730904439125
-3.799933232774009
-11.502858395921855
-4.160787883823232
-12.720452667379213
-7.0428778080813
-7.112118137639698
-6.461176464032526
-10.363333176393155
-29.34281721847212
-27.279651639426227
-31.77543336003574
-27.984896663225754
-1.2753180990491053
-30.845460886211313
-33.015571569441114
-39.70893573897516
-27.860714487168266
-5.277246619342947
-7.180240961733247
-9.513229221373074
-9.146350855371018
-9.054907527331224
-7.152831227881784
-3.437306767194954
-24.93346176829551
-35.24600538694691
-28.42158955336761
-25.925487099106128
-36.701379047878845
-13.979102575445765
-22.24949631465188
-28.67466044878839
-11.169221748539357
-7.7831063392081585
-5.592093610876894
-6.472763379211317
-5.582782934226113
-5.780230782882885
-8.008367234889384
-5.858665984405407
-7.802630471023335
-8.094291017378815
-2.0956652892529775
-3.935777986544421
-2.9302511769039015
-5.246099975938765
-7.090733560180558
-8.391914252087025
-3.665414685692454
-6.152068128664448
-1.6742665714262284
-10.59529980574145
-14.416140659156014
-24.864602214814653
-23.36284292541024
-26.01622701924655
-5.1176114769639245
-8.967370165628768
-12.094912435892539
-14.935742370790017
-7.590073816489522
0.516840656201083
3.8010187936643156
-11.830549862731214
-11.752632552206173
-2.6897465878975773
-13.689845534012719
-10.633670651679434
-1.4495646122084267
-5.628049775043557
-7.5809738335881605
-6.129001093236539
1.4815057514515715
-7.333417097628049
-14.259094135252372
-8.20301872520367
-6.570728890116978
-17.08124231605246
-4.212825323560917
0.9164111495130722
-10.205204756744536
-9.772314575504911
-14.408182822308774
-11.359082882803763
-12.943902043296006
-9.643125713795165
-8.331500278090438
-2.763006538311039
-11.829250734498428
-18.42005258759839
0.5761762575602312
-0.026190980164152222
-12.980119527203001
-8.643014120188816
-11.578751194897329
-17.796584644817916
-29.594166060493876
-2.0407299394326515
-9.943706398150557
-5.684975154126519
-16.186575329964477
-23.740357596393466
-2.866812428756269
-23.31394323733825
-24.628528809622182
-23.42398617172374
-19.00322680815599
-6.799732068130094
-10.729309899938574
-8.936265812151657
-1.7493343886187915
-6.422358617975604
-3.2827518767658326
-9.70885985088077
-8.768019495771924
-3.3143012758545964
-9.3867840351842
-13.051974351316407
-11.2277338898685
-11.366211998621509
-5.7488743454336415
-9.581838808030845
-12.611735793954558
-5.575361771169522
-11.635690968418736
-8.862283066733433
-24.899667995920314
-3.0581763610854864
-2.63046501744496
-12.505328916622346
-10.392762971134648
-10.293508669367192
-8.02154770431838
-11.713310756770483
-24.403616851041715
-31.324272457802678
-25.474266524799503
-6.675712630476966
-7.387773984193807
-8.018681854540333
-7.83855997558495
-7.585315305507287
-10.603412514585052
-16.78476192841299
-12.260820619531039
-17.677544105194997
-13.81935168799506
-13.654281856493057
-21.607255369294975
-3.5927387212586908
-7.2612283525547525
-15.877363570451813
-11.553191817851935
-7.414651280728169
-11.827923876111711
-8.002177049446868
-4.47745051550158
-21.80926651126603
-21.56584950222658
-33.727902655263954
-10.073039819409637
-9.03301622226564
-7.999185483022771
-14.51675679674192
-13.452222364624077
-4.866927361659663
-6.344950864525764
-10.678515403683996
-13.10014991127219
-11.88382825542159
-14.318810602247027
-10.539040892693297
-9.671832937777594
-8.045626709438338
-8.554639100763396
-17.34885226204829
-7.093768270661229
-1.1290138213303713
-2.8638866167731756
-1.1735831336118103
-12.412186042363103
-9.973394435505181
-2.9832257552395127
-11.69762574112029
3.665298189262529
-5.247913911516459
-9.980261752344504
-12.338586682028854
-4.747780704826813
-8.829049654242226
-6.275893786114803
-2.941488982063703
-16.25959733183908
-3.2096737078471023
-8.785235305865676
-7.090410199510213
-4.728265529468619
-1.2482280950071605
-8.06414041250223
-12.831684753490592
-12.388998605924751
-1.0237727228344262
-20.906254188537716
-12.08081760951923
-15.950129544022548
-14.939296396330914
-13.890436841811564
-3.493528431169789
-10.701343909766432
-6.5262248988338705
-6.811051664870966
-3.3187066645788477
-3.321188681806639
-26.664991886533326
-12.901807936032764
-2.7305298169785903
-1.634833960719309
-21.824041585501483
-13.309642566895128
-21.674986847600294
-27.803708595638753
-7.958073784878355
-12.486341027560147
-11.578210782064254
-10.26051657349462
-10.020067951160318
-5.427373334091087
-1.8037500587385225
-5.0197102705328405
-8.14799896588805
-6.457763290081083
-9.573733401503507
-3.6566605676151127
-6.0727930688365
-9.166250515165547
-10.44031827288985
-16.207023344915044
-12.363224756842136
-9.31415041604697
-10.753878543737649
-6.204317333332238
-5.324521581326941
-16.095093919047432
-10.894378399092512
-10.156798450806292
-2.3277523666346056
-2.2367648873272046
-17.166192355213216
-1.8137673370139353
-11.918794856395461
-10.001069973599279
-10.16175402305823
-14.510068639042508
-16.346372181366718
-6.552075034786377
-15.644785228528356
-14.006568769415058
-12.251923528234947
-11.190920228096296
-4.671884113508952
-12.852131944885343
-6.533740943363483
-14.269398747317211
-10.458555936304563
-9.520594187489856
-3.465621639874662
-3.40510230833579
-0.037393197874855844
-8.970887930059618
-2.9409934999132297
-10.349753143607277
-8.999757319282285
-12.78864495576493
-12.513934430223426
-11.609559719306862
-3.667549587410072
-26.520652595447615
-14.833756246793527
-11.666643614642503
-26.76113122772013
-33.22093451418502
-9.603653193801982
-17.25576315250829
-5.069955359410766
-4.004744113021282
-7.694355208817189
-0.7134966719612628
-4.837226367223009
-20.299917082350298
-2.7288446460109164
-11.436561681773302
-7.141942706228974
-3.8500611500409114
-6.537274381999563
-2.120259114814644
-11.352925589984967
2.2464372041150646
-1.7768414017464522
-9.002377961253432
-2.9716542462248796
-9.027029465901888
-11.345796711728429
-24.59739600689317
-23.691987149579596
-12.391861338938256
-11.176214749655834
-17.16294582794969
-9.473675167391747
-1.5778936884263786
-8.131415771551588
4.5915979612418525
-3.7032477883598887
-12.514024286028711
-10.355876273890622
-11.365465151770373
-12.312906728831562
-12.676171109341698
-14.884269498242965
-18.367792254198463
-13.084134531523738
-8.771112633798413
-10.86263991923526
-13.300098074760534
0.1430811327773327
-5.272827440487973
-7.753414774189043
-15.767639455053867
-21.3630957854454
-1.066237177082729
-10.311255558953635
-8.448543841636884
-13.635589213514308
-9.785421841573687
-16.79625241606055
-2.4897831475587324
-11.492071996542329
-10.493657808461329
-15.899527965805156
-11.866944467859845
-10.160434396487474
-5.426221583296098
-6.425951086569512
-9.981315492549342
-11.047936014060497
-17.558506017020548
-14.013921425391004
-19.090898054397066
-7.136238864711771
-11.348606208193736
-18.23739465061861
1.2667877112736967
-27.93250201072398
-7.912847773499051
-2.0086385131681173
-6.736688598514009
-12.771045821349269
-9.901889680731433
-12.153341813373837
-5.7646169082793755
-3.9573463222509595
4.644426522684501
-9.68432114177468
-12.445439457113567
-8.729590026298212
-9.872698943900152
-8.696839278721054
-2.3124155757837457
-7.196038548588554
-8.482148502437036
-11.302037872834312
-16.08359264152695
-20.31471985682875
-14.82115417978511
-18.625657370641783
3.6088559195799377
-5.338448063199124
-19.762926192636748
-13.135875067470902
-6.953425144027502
-15.83161815461904
-12.331962977495422
-28.936655939726734
-21.386661719618225
-32.5830040408571
-29.303881040247475
-26.284107620654154
-17.839751407375537
0.7178101334479194
2.361994188748426
-7.271209120869159
-1.8221032950805771
1.7912262118956441
-6.1474526777512075
-4.186266595497699
-10.947174144765754
-3.785898166774576
1.845196671719986
-1.3286738221495895
-10.10068476458234
-6.052968163562628
-9.339642427046897
-13.786393765057678
-8.182434060574638
-14.02764771035502
-0.6283906246610655
-0.6785771928347799
-3.525807550715209
-4.1069031208559075
-8.905567208621445
-7.82695238236923
-17.11288727182925
0.4071691529568824
-2.431518262520747
3.483642646838174
-3.645262445524992
-4.440028230693166
-6.851262296751603
-17.122848176898472
-14.390100083547889
-9.284405278480856
-13.98418590520188
-11.780083587525752
-1.633827595027654
-11.561787998229782
-13.101894847558299
-4.286018207788803
-29.70031973449666
-27.50867774327582
-3.1081071934222138
-14.729390992367641
-11.24659526282538
-9.53221524358593
-12.234454837962119
-11.507203414745597
-7.39777919133919
-4.200430139624551
-13.85046631350724
-7.826053036608833
-8.549865964960759
-12.6767867934198
-11.392755456183139
-10.097223501635476
0.6336403780037223
0.2931888800182918
-11.421723249145678
-7.000522037966665
-15.55861787666548
-11.93846269045158
-14.888583612021861
-5.859186438808088
-2.002119656434459
-4.6836072342314665
-18.079441698286686
-17.397553319114756
-34.63059664246332
-28.583432229662648
0.0684914920061388
-20.488067125024095
-25.877899849425496
-34.08227495140083
-1.9133873292656478
-11.001615938627385
-8.83019843005534
-16.874243891832826
-10.401790455536926
-6.901859113638054
-9.252527819501921
-10.98245330363028
-6.22450142699271
-10.364938848438548
-3.4696127817643827
-6.0803728155195245
-29.813800264451444
-5.413051141001802
-7.410524313756099
-11.74808616696371
-9.016292176907378
-7.737465127915897
-10.171483702766565
-2.6225310223938223
-10.58078483166847
-19.34196908374252
-24.00587521129249
-19.754350979835777
-8.19565824453224
-8.07744776899429
-10.876751768092163
-2.196370250817104
-4.862699056476217
-5.656485863484328
-3.0174801109905047
-9.867243013030503
-4.570263632221284
-15.295657161460696
-5.112963594686619
-11.618740339344775
-10.625117383877509
-11.670685708740557
-5.837141339641285
-4.436917082919827
-16.38176502866142
-6.720006615808799
-1.7628480765827348
-11.887424734566004
-6.598420575207122
-11.349078814449047
-15.282217518604604
-17.697454140069013
-15.228645490449448
-10.814977912139078
-13.166744361696388
-12.821081861984815
-4.3368661483831445
1.6965104329867629
-18.569797456049564
-22.41657095837115
-37.853015300012764
-25.37846661902846
-34.389059492087846
-5.1391273066852
-22.82118312997945
-31.834711475673757
-23.838287805872064
-28.296177844642692
-10.450791645413382
-9.820764728258137
-9.133784412587111
-13.618544267407088
-15.987334801934818
-11.999021087910535
-9.071929839952055
-12.84613659142196
-13.615247898307086
-10.23224213891682
-19.53227399612105
-20.14491684072936
-10.010205561764558
-7.781800790396058
-8.031464271120928
-20.170545364810614
-4.866568320642337
-16.650228678110775
-8.373251403968862
-7.309434116027159
-3.0151932497502827
-8.402743045283124
-7.979571277621531
-7.954595149002188
-11.703444015904509
-3.988569012487403
-3.724068881610677
-6.906020194441375
-5.160472004969222
-8.404311492736788
-8.475993074096522
-8.483986627229484
-7.398530194536406
-11.711895099073786
-14.649349231453684
-11.894589815706247
-7.3248046288489235
-13.287785767254434
-15.48528420402559
-17.0342557223231
-5.43467743610654
-12.611224951149921
-7.659899664533562
-10.428792808980056
-7.360271270531975
-5.402335020372831
5.55345635539809
-10.073776458639628
-13.979242333447758
-10.803010034209144
-0.19658492783703707
1.1046648646844943
-11.197925597465641
-8.340194026738459
-16.201072995528165
-16.721719134395883
-13.524541113747027
-17.26714164620549
-17.358428274692756
-14.146837008192293
-16.50636835577194
-10.258975389344712
-9.52108138735609
-12.205222284239689
-15.708350652275044
-11.504660716366743
-21.84644379109972
-4.65611796509571
-12.711054504750585
-20.897484286996836
-21.290894216901606
-26.682398069001444
-9.740170520832372
-14.446546634558693
-18.164236083370238
2.1624780468201266
-6.177529785678402
-2.278993261056634
-1.654298670733354
-1.0903131182795605
-16.871962534062146
-7.377746456792597
-6.341318107385543
-7.7957064728635785
-14.118472990952483
-9.040502803086913
-12.385562336035367
-9.727638396376634
-9.885535105681548
-11.322208274979488
-5.034871886135122
-7.075444313148413
-2.948970807372209
-12.63710359914494
-24.827470999595576
-18.426508286680264
-4.6042982959729954
-15.312975683883089
-15.811134301915018
-9.624128503918218
-11.53764306705827
-17.82615850279167
-18.214593975224005
-7.701181800541448
-10.79707310554646
-19.57459836098375
-7.225185686299891
-27.288916436324165
-11.842805869536392
-11.936695515172872
-4.135654311601311
-7.8173225081715
-12.31056568622219
-5.077692318388667
-14.031175591043855
-13.62554641260597
-17.741102128764318
-6.590365098649329
-13.768014824165697
-11.971817516824412
-19.938987112096036
-10.634687150376912
-10.355059592976332
-9.241085858731957
-15.931753207697682
-12.147024479508403
-16.62263471789453
-11.307286676947491
-19.118807475144706
-13.440644744308123
-19.825733359461694
-19.585106824370975
-17.77289431802739
-7.978905031837417
-10.949687248486121
-9.156874236872966
-18.331890485991472
-14.607427870617911
-23.784677325847294
-10.886746378050649
-6.251599003542282
-5.9594048732434715
-5.443822639807937
-7.849277394099122
-15.421488534715742
-11.1975006604014
-11.709548970055572
-19.5430772739969
-6.9213471556234225
-14.163406480237498
-12.64520858106771
-7.114096333167765
-11.994507351606956
-12.326856650086796
-11.3873216299245
2.5853343152360715
-4.218930590144538
-4.758070232370375
-2.987213728507421
-5.878235827298485
-8.293847704516445
-6.655640627050043
-17.301095598677406
-31.298256802977896
2.655386777219885
-2.356771775479743
-3.2032853811238127
-10.746386167586842
-1.7906193927396714
-1.07073410075418
-11.344122164862242
-9.27681084565755
-7.566403398692373
-0.4684849940200415
-9.459160849447183
-14.313939347090102
-13.321922053930237
-15.086840176767328
-26.74195398601985
-8.879484357837264
-14.155750784026086
-13.463915299722174
-7.7627561320223
-9.649363967746524
-29.35906544862035
-26.587413417811756
-15.392880269723545
-35.17894000623555
-25.580176751404753
-11.5453058566025
-27.551668982501607
2.5600550913097173
-2.531084284567484
-15.732182164067538
-4.245632263947275
-5.973107838490886
-9.622101547877815
-5.186092905855201
-8.64688359200396
-0.732667165692753
4.508125648473399
-5.622296009632041
-8.914372276440112
-11.232423858299999
-2.4438514159719347
-0.7254488367310898
-5.408624234765107
-4.314396265215219
-6.80734793511515
-7.08494427522605
-12.47850564977847
-15.450417538918494
-8.39432749292375
-9.90612961208485
-19.417370787987906
-17.061665430697907
-22.017760531674284
-12.346770802006755
-6.619525084585504
-8.65694381364409
-10.04901967562423
-8.386885807369964
-9.819032397472874
-1.5587508559347967
-14.568886728178601
-8.891795144117125
-0.7695130417700256
-9.534357918192526
-15.206592537143557
-14.830685222929915
-10.852215353795241
-15.281491696916905
5.07677101204699
-5.6177101271918914
-5.42408946192095
-15.26901463989326
-4.391118601433597
-0.5410061736276077
-5.092024949526817
-11.688456982327352
-8.834066380826997
-15.909813381331638
-7.986347572004714
-9.860506831091524
-5.424116835983142
-8.502566340869208
-7.784337080499778
-5.6269017752821
-3.8434211176351276
-0.6089149051134761
-6.48623944378577
-9.555598107239259
-5.442227584576976
-7.90594676376309
-8.942379592167825
-1.862060542404759
-10.427673930606332
-7.260062056875466
-15.409096583510212
-19.395922514225276
-5.136172266364145
-8.698269346379611
-12.167191796872878
1.413839735055511
-15.232520526780526
-8.023873871842454
-8.930862446174274
-10.8627777947132
-12.038663662853104
-13.262072966716815
-7.05961822913612
-11.863159191528894
-10.364303940247886
-23.767156318123916
-10.82857280157151
-10.104913712716474
-14.086309920020533
-9.727076454960923
-15.19149379189301
-14.986189424419166
-12.650719720872175
-9.14898124971866
-9.161875116080353
-2.0847331713148805
-30.437133328379176
-32.35697078517845
-19.739158709268544
-19.84695532382428
-27.32684429414354
-25.978879224365468
-13.03250944446393
2.5379402368460795
-1.4473913816651134
0.4910103578739111
-15.143487855996305
-16.243861132724703
-9.88077962616995
-6.727109931985076
-10.206729946284556
-12.388181275658106
-6.938275313734355
-3.712086107364155
-2.8892154904788434
-2.6726271655820373
-3.4006334768564246
-5.436279011177287
-11.446939966733368
-2.026098955987777
-9.20023405758132
-2.325397610332544
-10.780418369739195
-12.761288212343317
-12.718008691077031
-11.025025928171885
-0.095829649561054
-9.051090229066524
-13.926092572784391
-2.279654891412733
-9.399920687254891
-10.970413505410974
-7.107507134626228
-14.12780973055235
-1.991688379886785
-10.124184482374801
-10.984361286964539
-6.4671165573896445
-21.689617574856612
-7.723702145162516
-14.140017685094577
-10.050965845461874
-9.340888715213637
0.4386879244534967
-16.467462504792575
-9.630153722221266
-8.640059543650853
-24.04463256897596
-21.2189604746249
-8.045452155581504
-9.757171751972628
-3.7020081504845024
-18.45853378763376
-6.445364116721482
-35.13233085055967
-33.95765223037406
-29.90397664832744
-34.98717841344991
-29.509117804712556
-38.98021648907417
-42.248782386867745
-33.79239914398187
-25.22884513348968
-21.79239358519514
-5.7630792821017565
-8.252617195913231
-12.504109207406692
-2.8958714479215217
-11.423667214947969
-18.389764106643995
-9.659107777495024
-7.62790142067464
-8.3738460060713
-6.425065409810916
-13.4004849768171
-7.703531968097533
-23.070882985122545
-19.38913450180636
-21.456279405205706
-16.00576118621422
-5.994727706347245
-9.98583377501225
-12.361866899386698
-9.070518742322811
-3.6673950321417905
-8.185318513049786
-17.727195168754477
-9.848997308558651
-10.795350199677607
-10.633621828278159
-8.004816269059539
-9.315372936609862
-10.01607088139879
-4.6623458591213165
-5.768748591000758
-1.1145696234482259
-7.017909493458703
-6.915863712151776
-6.708417581572142
-23.607664341777504
-8.25175928801529
-14.562262642561855
-4.4064894924771
-16.418294562999677
-8.53362958739158
-9.075585484193216
-5.314155246772245
-8.742330657408132
-14.57639858307725
-7.991626092135352
-7.178564270334725
-5.825713558193449
-11.139364753356048
-10.620423550708729
-5.623459456909913
-4.083498671682669
-14.991581153847015
-20.49677271564765
-7.294901169488178
-26.99955100910683
-18.51467849698821
-13.480875871545656
-13.061018167177068
4.592458696585222
-8.469807179026866
-23.51895127086032
-22.29096425281682
-6.331264752541678
-21.203968991601734
-11.58957880655489
-8.175286768729698
-11.988761029869238
-9.187005883935626
-7.298308828703238
-11.378594756120826
-13.129655704385613
-9.079463150020665
-3.972933885564597
0.41746742071867615
-10.349743565968772
-20.756468443842163
-18.329484856556707
-4.065089755808231
-11.15078980898241
-12.0492386631948
-10.354721469366122
-16.23168885060166
-0.31036830993028275
-7.137411823381125
-14.796820572227695
-24.854941172648246
-25.00375914438554
-26.650936867856675
-0.7866030232249415
-7.1433675438861
-18.521448163595885
-19.551833606241196
-4.3090374693607885
-7.937348556748137
-11.792397176153163
-10.383291335077693
-7.442979805180961
0.9839112823076057
-5.85210021735822
-8.758857488148706
-3.4436275820173883
-10.05845483003272
-8.317322996022884
-16.563141983987094
-9.272489194578288
-14.388269432714694
-14.264072056383114
-36.15589149737903
-22.33944127891064
-19.437286288628982
-25.00121189535356
-16.434880178990177
-24.88383389733319
-15.807144323571112
-24.956611535226873
-13.721601544168958
-12.339416283382413
-7.133525394612935
-4.381479197428373
-8.621793531503457
-14.730685317006404
-5.3712442933081235
-11.596758321882156
-9.936901507959458
-25.197562039670277
-14.09814810703022
-11.611938968184976
-12.071897456285996
-36.339879115149195
-26.77408898370517
-12.146820393148595
-23.207845290352324
-21.009064409155563
-6.314290839635646
-1.8127750604023447
-2.2900465525840232
-20.374231028324658
-7.056341444823033
-10.150343825069335
-7.376465544686042
-4.9246220597429655
-10.358079571551762
-4.527055259737633
-17.002691248321455
-7.841459258946202
-4.695910784567598
-10.567905489377075
-9.8001352634897
-3.8748673753916947
-8.626139861053915
-9.036875302948282
-11.036048012118115
-8.447114417942778
-8.015770763504584
-6.252511328195993
-8.69010138108385
-11.336053822868088
-4.093287350327969
-3.16053341139947
2.400989284293871
-13.837388310316356
-3.291890073586792
2.1483269444541335
-16.41618998685547
-1.2498366715756504
-5.889455367301238
-9.323681327227732
-27.11511227828585
-15.138264801449438
0.9492656653109677
-10.251416457321028
-1.6317787144267015
-2.1480559773589754
-2.4449413829673006
-5.7475376438081085
-1.6204887801710157
-18.637304320459474
-12.698132267134213
-16.1681443019518
-2.0195174046824675
4.179647146272899
-9.304032492782682
-8.013546410049237
-12.037966982601048
-5.059436673093623
-14.14705902259906
-9.688847489750586
-6.173061152071597
-5.958329915174588
-0.4252173444708802
-1.010697336708139
-14.611713674057924
-2.139597254217634
-16.84981564683406
-14.690093133931487
-21.68184985920566
-11.758944559892818
-12.321867165772478
-10.042609804158218
-11.505139434206278
-16.80971148992241
-11.837869118293977
-7.967536718958556
-19.25302190345715
-13.527608638627402
-15.149957857048893
-15.850716546822198
-5.790854887226132
-10.197313724711968
-9.770579700646579
-5.2043979179155215
-4.1031062704792625
-8.528792920515077
-8.436643835933445
-19.578316001691213
0.048111699954382914
-7.596858139511749
-9.92253900834423
-13.999504355717306
-15.317997177968092
-9.116422486473056
-4.237564204037092
-26.51060107215544
-8.018333725464398
-12.520018969588786
4.8036877275553955
-14.730484093917571
-6.892948276938974
-13.236915606440402
-10.644528027624943
-17.762081272873353
-3.294855204574816
-2.7255815823488376
-5.566376675863626
-32.608157677630906
-25.597927809437426
-31.110615445142066
-26.07414920260093
-18.410393716210628
-18.204169434108906
-10.416774930549636
-16.862411076308803
-10.824382318170592
-12.22563300108796
4.125435399634277
-5.211168994119273
-8.601442000910987
-13.971340748781714
-14.486099045080955
-9.321203208026681
-6.579081402082499
-11.110986608737871
-14.744894472304829
-14.272909697778456
3.8682736415825403
-2.6316569112060897
-7.066941126850594
-7.451893639173434
-11.179531463651664
-11.531696951677304
-3.531625776719597
-10.523859837511004
-13.862932099858917
-14.263909165694262
-4.729462331352963
-10.301218588427687
-2.1008132591777304
-6.2459480057150785
-7.556699598605924
-12.238453712560307
-3.1386077685499956
-0.8246311075355273
-5.829018990800623
-30.14849886989348
-8.75183323376391
-4.265355414638812
-6.1305350791337005
-7.851943810709267
-1.4769431147762209
-12.50234239033169
-11.56820056960574
-9.347554264742833
-8.492765920783814
-2.1918204195708135
-8.761634730221253
-7.132829905618593
-4.939323891861918
-4.01825476028435
-12.875451495494868
-2.70175890426912
-12.9499326604628
2.200028274887579
-2.385253172149149
-3.2587649317623004
-2.352867551260342
-25.395202348267524
-40.35228287566048
-23.561838381804122
-3.161413544089278
-3.2523633943484676
-11.378250779336756
-2.9682037178281533
-3.9216792413655313
-0.22356889226313115
-10.743873171553275
-7.802260333995591
-13.476086859750176
-11.99180216297125
-0.8534920334566038
-0.05652757592334012
-0.7814349158171296
-7.9718870564479545
-3.1647903771882824
0.5607633727002437
-9.974837730989435
-13.187500632327612
-9.84551670662249
-6.742471532844988
-2.1676737936810397
-10.163239243232084
-10.307933885852407
-6.016217179452756
-1.151831574906911
-10.712528794407191
-11.106019926081412
-15.29449023332603
-13.057877341096958
-11.661717863918796
-15.580778308921904
-10.471979426912188
-11.145713234852451
-4.447524256807402
-0.23349352727973738
-7.953449529617764
-6.479817721671633
-1.9275622105091195
-8.491060293160285
-3.4625492757896907
-23.269646401249652
-21.09169383115586
-3.6043049355855743
-8.492886125369523
-8.449868306289055
-5.868830016612499
-5.604638699439505
-14.532683783046124
-10.74138329138075
-16.084590153823004
-25.92555650016952
-7.280045433681501
-9.814880542474377
-20.207219487204455
-30.680277671392496
-18.33848959677088
-28.88939265412224
-29.536007009297776
-31.350637095690367
-28.883875282458852
-14.83617902021592
-14.17042522555493
-28.662839583564747
-12.563360317498613
-11.880901618059987
-11.108569586770539
-24.48697196394025
-19.569809748375327
-4.986554089926056
-12.200608031491615
-14.147121393789725
-4.737319959818215
-2.508257152001157
-5.674781188609238
0.7832939099761838
1.1339739409760767
-10.145309751292114
-3.4521858327719315
-5.979989204454668
-1.7630149876099708
-13.187019220640305
-10.8760530144455
-9.715613297502177
-3.232029288558252
-13.157878475405088
-10.342133085029495
-3.2553766852059915
-3.4836058415930253
-1.9065162897305115
-4.438910034293407
-2.934059478297728
-1.7939232180333704
-3.53115115921554
2.985605159039931
-6.103318337882829
-9.2325799465773
-10.452784028676021
-6.654545433538232
-15.385884871778181
-9.580907057631972
-5.532780013572708
-8.753168327645906
-7.7605742425034805
1.9035201659832133
-14.404781616269833
-5.1664199105866615
-4.650235052938022
-5.0522800736144085
-9.549574871030533
-9.17463137246553
-2.73769081011714
-6.112816881954377
-5.1051819804499345
-5.60066775052119
-9.431081829033165
-12.392722044852235
0.7561557895743221
-29.730660693065545
-13.130471128000103
-11.355780714848521
-16.203590902948168
-9.282502796748673
-16.580481486720945
-7.901517536482896
-4.288244110687323
-6.525161605856809
1.7439352913192678
-8.325168974255321
-1.7521365341959516
-17.589600306901183
-1.2713608654176909
-8.750091340274864
-5.007824514257482
-23.25038160661105
-26.18744574927048
-30.437486003277925
-21.575342927093914
-23.25146655028895
-24.699923636378603
-26.323820415833936
-22.1861723624953
-7.7654954303611206
-2.583337185094244
-3.8544496906609282
-1.7096381546574975
-10.476591021542156
-18.32831652363575
-7.690512434714385
-9.67029105488077
-6.151064409281535
-2.547577156570817
-12.61634008162217
-16.397492167378463
-17.507846863190363
-9.636351365217443
-8.57542533798987
-10.358110865569898
-9.43439168564089
-15.319441730581776
-12.098878975317994
-22.552182801293995
-12.935341436850386
-3.7775284228091692
-1.27099870975281
-12.643161247873373
-7.995400349172481
-10.688908888006395
-19.643125037938574
-18.992211632443766
-13.178977575816337
-8.287353815355651
-0.218824244937597
-4.369894514155618
-2.1911068373009854
0.34322018617329775
-14.619127948232887
-13.43104245702872
-4.439842078601782
-5.6604750560191945
-18.881123785353445
-9.793455915559626
-5.784282286396099
-14.758520490268861
-6.38576137398567
-18.347803052888437
-29.934185256588083
-14.87606796158453
-13.894530088100893
-33.2816117710529
-16.810080318490144
-19.921130488398624
-14.942291552417235
-1.7378873912822783
-24.500590594082453
-18.52681651405479
-24.556531739765322
-26.128065187634704
-28.122995516078632
-26.102007773777032
-25.340966724998417
-18.844899020160305
-15.419287514875336
-6.6394840015044
-12.569503051526308
-12.714343714836765
-15.578504129862232
-10.250468995192414
-5.692023297585081
-12.885739612959235
-6.911391863160347
-12.055027420459723
-29.720451782284478
-27.4864443256969
-7.364137575261381
-16.984407973931027
-4.7907871462956635
-9.496155130634989
-2.691457586261272
-8.598148668811284
-12.452404881386954
0.5776684712512576
-0.6863178240696115
-0.3472428383332584
-8.090240864303862
-16.1398490675164
-15.031088468377938
-8.336077836198776
-9.281855119939578
-6.829431613841479
-1.0592571071476904
-18.319331394378032
-10.562060216436869
-14.600086804615856
-9.282759919565933
-6.14602093783779
-18.055962491873572
-7.21808696963793
-7.13647006198007
-5.812812372393992
-15.282807308077935
-8.955584019707743
-6.057316666892341
-23.359273420613846
-9.920520211499415
-7.784862329173471
-10.310479001106671
-14.552473797662834
-18.19746455870147
-33.069319559108244
-20.847348787892763
-21.2402472161394
-32.0101040780987
-38.130356657970594
-34.89622310493631
-4.190460281929191
-7.354680805004229
-19.2231515711902
-7.145392309579179
-22.744509408181656
-23.125609414732004
-34.82867781579147
-20.825425822437175
-3.42434397390171
-12.803838421069031
-13.028451049291341
-15.697659850190611
-13.959075774075139
-18.6822134234854
-9.975988960840894
-7.371300444242628
-21.066616049819558
2.093633012617552
-6.324079620707778
-12.117347401417106
-18.952265424593605
-3.8083323762015198
-8.910899034411017
-6.197404243828011
-16.45806969854248
-12.057866532161334
-13.726396381827406
-24.57686536377262
-24.53635046401196
-22.497666655606587
-5.132876806028628
-5.55878619776729
-16.637526616133307
-9.685441458910542
-9.94250872048082
-9.154616299386065
-3.4967106715122647
-8.694226716007321
-6.997942364243375
-4.328720459564789
-4.432963448379436
-8.876765564339856
-6.208059236508333
-26.312407186014656
-8.684362408585883
-0.7504710842515507
-8.309932229673148
-9.179050962360026
-14.141534452149862
-22.503786500126715
-14.41531198800579
-29.83784022934526
-20.836902724619637
-3.323191778101613
-14.347355481637244
-13.331265539814375
-12.096129692815383
-6.163926863449305
-5.433670460536156
-7.91689558990803
1.932560609875864
-15.604994543855149
-4.907353868061975
-1.9902112806519519
-11.3816883143786
-10.319309072580715
-13.224844652434932
-15.412927283157302
-14.425411648142457
-17.29155785322975
-9.622858658538952
-5.132989644458707
-10.42877840202112
-0.36972704284250923
-8.606709613773905
-7.104037006699741
-14.083265969719179
-8.982010327859097
-8.576122804062212
-0.18522866347247202
-16.642701036403142
-18.936375975148962
-4.216967873549432
2.8016279096357017
-17.435506320332447
-18.66101280465494
-32.94069343975363
-2.406021934248834
-2.3206356889837814
-2.609514955262533
-0.8486305416241535
-7.859292284571989
2.77720809336061
-4.22389042731578
-3.8207195237663143
-3.2019592181157854
-20.78664500709846
-14.19559119825939
-29.574464688291837
-13.551597590029608
-5.30043291922259
-4.828279280170113
-13.669915884318595
-15.393112899061467
-12.415618790651475
-24.738405233635685
-30.1441718858175
-12.34921883433266
-18.494300232196366
-30.598333644284846
-19.939723927451055
-7.836664041376313
-10.307100248648583
-13.839613616738447
-14.446730803135047
-19.762327014051817
-15.331806295095461
-10.914847518720087
-17.561709959130198
-32.29191260731043
-19.73178280707752
-10.368512225677168
-15.263362526379318
-16.958396684128687
-14.791801876725298
-13.021383450581013
-10.063298437590419
-11.47848381818585
-15.314690047458349
-12.475345513728403
-11.301909626546342
-5.001840125532254
-2.382318560431372
-9.480129057531613
-0.40637553242356006
-11.528104255722171
-16.36226454478051
-5.204799331024631
-10.33343625876114
-3.8067616886826983
-3.505721123536354
-19.820036780294167
-9.490384273676597
-11.9589309835062
-16.173028150607117
-12.253407508044404
-12.826628270227662
-9.562299708097541
-9.725092406597632
-7.041634368249873
-7.127243373252952
-8.343294176422653
-5.985025040618119
-8.841276598659142
-13.387341922563998
-6.471481017649911
-1.4060457402312636
-32.93440222142051
-12.719867914605388
-8.51008152406705
-8.233285925403862
-11.315541137634671
-12.60860596130199
-9.760091832755556
-10.26344717580178
-4.817627150920373
-7.145777604368707
-15.248505974904077
-6.945206542248041
-23.94091572169456
-20.797070262324553
-11.732494876039592
-3.7240412760871777
-4.814178002228312
-0.7134897997568004
-6.3929577935668185
-18.742875847464294
-9.434155444779975
-11.936733116126852
-11.887874451969864
-6.436661619783457
-7.250558920899982
-7.0603780822741875
-14.793993295091974
-15.892022226441554
1.5348633217890004
-1.2171579701794073
-10.319695621425023
-3.8734219327397383
-9.83081698039475
-7.7218134672615015
-8.73796413635495
-10.7629567173325
-4.832404459271608
-8.299026555035095
6.237264513060261
-8.101041486065359
-7.4134856134663245
-12.66535938427436
-6.336228311571912
-2.0085591233339777
1.438714628941515
-13.491344226469094
-2.0167272260128044
-22.61226000883796
-0.05948567655276804
-13.052933111008961
-3.138887871442382
0.1962316374817341
2.5238927402769473
-2.8722798339704845
-4.003282424668093
-5.45005319965027
-4.013039498775257
-3.25905047762593
-3.0008336135060816
-13.281005492679462
-1.7777742005063661
-6.392957759444343
-12.36568395346895
-4.092730771059918
-10.173158316539475
-19.052023003614465
-3.6821115926428263
-4.304994017209294
-3.0615929454887993
-5.099062793247693
-9.389204654492218
-12.386218324415758
-2.711625686183467
-12.127426141876946
-15.975431749524887
-11.974500959258553
-2.2449638265656535
-8.924170136956096
-12.082945648382315
-11.195846275408782
-18.380829069244427
-18.99819220140912
-11.94147266141897
-8.71965091530982
-13.10411360375177
-16.95439818046662
-10.137372972175953
-13.158872752442754
-12.708991226971118
-6.330322753029336
-7.172593074586011
0.16845842014630108
-3.481353390669743
-5.481473187747497
-10.740693906240018
-3.1507062477928187
-9.387382533214282
-9.824668473001104
-12.211192647291078
-10.390693117199017
-7.476479732672068
-29.447580904618576
-22.900869104038534
-11.6845537488908
-12.48700052751683
-15.721373234445725
-9.393429829146218
-8.889194621621511
-3.800626563434246
-11.835958415106916
-15.678931531255273
-5.9195226669894225
-19.201090898349666
0.3888256656739202
-15.317147612273438
-9.425761777175179
-11.280951101759882
-12.726582464720316
-3.539231354865322
-10.18011644120498
-8.16399386048267
-27.06465385783651
-24.535055206313263
-11.843266962586895
-16.542763516990153
-18.225666012264888
-16.45310270769894
-11.594985012149515
-8.000615456670051
-8.15986405180313
-14.841028529854658
3.758550163479608
-13.293427942365017
-22.96533214713456
-19.35973170153642
-14.970909375466817
-9.719584803575565
-9.756961912475639
-0.8840590254169882
-6.927843648442909
1.3331093206497329
-6.855309329661523
-13.019778820129893
-7.697099420431115
-10.172060496782393
-3.7244341597918194
-7.642828871145504
-11.64254135907207
-13.719210251757833
-8.558064453706688
-9.158561616166425
-16.323675529290785
-2.8966940689289427
-18.987243343367943
-11.218768282307806
-18.876192334411755
-10.559719331084542
-22.11869904768072
-19.942501736219985
-13.01833121472558
-11.986269233253218
-18.432236920457783
-14.922328752110475
-5.7816908745526545
-12.520692954676887
-18.117194632037226
-12.443384725385787
-9.851944719689394
-3.429675391388539
-8.719093754328775
-10.557487000163622
-6.5046970322003235
-16.091251385964263
-12.632118559842906
-11.344720747519581
-7.360081254037883
-14.611573056710675
-6.773037134672229
-6.320910040588032
-15.524501207530562
-13.438688054516351
-7.338634643459759
-7.0275362949261435
-10.073989985221793
-10.076369738342343
-16.903689239674712
-28.238789941298577
-37.65724662965927
-28.473068612652437
-27.080175190944512
-26.8383798834092
-19.726498594286127
-9.351273483886125
-15.023410038323021
-29.064685118463743
-10.069934874993372
-12.232012538515775
-22.221935220612817
-4.5425506533751765
-27.709903262302355
-26.394412730757914
-24.79792199107552
-14.573965649959682
-25.571472469490672
-11.01791466704097
-25.614556274586008
-19.970460166563903
-22.804201905029977
-0.5941036021847452
-20.47717202683061
-18.427723696040857
-9.2890135269798
-5.091048726798043
-3.683497995135852
-4.7917948259833665
-8.339782251099606
-2.283121272137244
-8.71137483122694
-14.185143782311783
-18.133666698673565
-6.81604341283775
-10.225140867609127
-10.939125115859767
-6.939921050045811
-7.3714286944044645
-11.998576102807853
-11.918143852201474
-11.484940921582549
-8.648355638997778
-22.13417386650159
-23.683898124265966
-21.18530610272382
3.297258947406611
-8.050967580600307
1.133679418482096
1.4913649649567375
-9.088701912230547
3.8533152482482365
-9.405866833202182
-10.541396062250733
-3.458899961456673
-12.669755875921652
-11.453153585439964
-17.951535082961044
-12.94066648204641
-18.46476524260767
-13.734980212287176
-22.833880546899266
-31.928130068929768
-11.650998630078028
-22.751412194429662
-19.01175117466847
-24.019841466275615
-23.522768919561678
-5.9894693241584065
-2.173650451247724
-10.823187083936759
-13.379467962404952
-10.382800632224672
-8.052164606791735
-12.487891104070641
-2.8306173232234713
0.42102238127302627
-7.434191252898579
-12.32685868224221
-9.502388792724588
2.640893118399589
-2.535395982768023
-7.751013511190386
-0.6363249904012562
-10.667558155994868
-17.368843502084914
-10.215896284272787
-6.405462359851072
-17.43467277816474
-3.2399978910739264
-9.806487914005068
-10.36514098473647
-13.356810402318914
-6.97555626846821
-16.49080859174613
-12.451659223606981
-11.942182248095989
-10.08969271719987
1.5992573904918927
-9.840533009774894
-9.795881542345803
-9.954483459332977
-13.854667166161036
-10.807946489902072
-9.625655970628024
-15.573806481139727
-13.350962431368089
-13.195169496843207
-4.765913683306643
-14.022560241586511
-1.1457100177050208
-8.4915780294468
-5.209126446669394
-13.720030946681227
-5.837023452347218
-12.703881889639604
-4.968980111645784
-11.991824880585042
-14.356754662713826
-6.017364784217165
-10.613550510197403
-12.097358129193864
2.4971049945758423
-16.329699722034263
-0.5196578295686081
-13.337559561395313
-18.085770440586074
-9.218973724490716
-25.988659705509626
-21.428158521884114
-15.263969840178582
-13.655227286425387
-10.948268470044482
-7.938892276268626
-20.92709681253094
-10.232322912153611
-2.9825136034380737
-33.69950858111582
-7.165319807426336
-15.085124719599285
-8.35067314662753
-11.610556155364044
-9.060270283121861
-12.111107156282102
-2.5123841038054984
-8.348919249712242
-14.196873525002971
-4.601406190894835
-16.787711050050007
-10.532787535562864
-12.10302217118965
-18.047178308978204
-5.727431808561079
-14.022566439505901
-16.706471016585546
-15.52088392869365
-4.084312580332178
-6.144293316180594
-15.725347989839978
-8.806349903127813
-0.09227916817830106
-13.034516195874907
-5.40238081870821
-8.086967837858182
-3.936101174096848
0.30782886720693625
-10.563170155434442
-9.341885232521168
-14.416693226008743
-7.64946811379788
-24.17831015819507
-25.2081462299081
-17.473040137525498
-23.185600460497692
-17.48605242310193
-20.87151944539615
-21.89498144217613
-23.74837673655439
-24.461223893645055
-21.61615252204396
-22.216510200977687
-25.89740156779726
-24.347905536120066
-12.391489700156397
-6.466330186393597
-10.612998234967423
-6.663237054896317
-10.715720738507024
2.334675516784543
-30.663211590772985
-30.968524565396535
-31.321858046641864
-29.645352055012392
-27.671054718268135
-21.83491002980118
-28.474318474370058
-27.503956264840728
-32.07568847172001
-31.533474290330474
-17.630457610993968
-26.86696100127282
-26.533408507881443
-19.63605205957247
-18.90606323637409
-19.642704077626107
-21.830472469291784
-22.3051966997861
-25.230782010719643
-33.89864725568401
-19.99830532337507
-17.87042658138831
-19.90632113472876
-14.503222940670593
-9.363052376304513
-7.366768095272555
-19.03922212860865
-11.43230506680041
-9.379017183599935
-13.20755597809718
-7.475459688968556
-19.6776460393043
-9.080695335684652
-7.723156156263165
-10.163987397354195
-6.767202976046121
-10.936349061467958
-22.401227890184124
2.434060962910607
-12.08474561511155
-10.493087624787563
-7.093423593112494
1.3218618852422566
-8.166259108383969
-6.5092881216096785
-28.183052356345343
-14.57915010291459
-20.601148460577853
-8.50907823808091
-9.592314750432244
-1.0510869447364612
-9.79857338447389
-2.847742488565771
-7.795689518338987
-5.570180173219743
-8.25776607713427
-6.8847129116519845
-5.142582899008346
-9.594555703780848
-15.702919752007311
-12.594255829386162
-1.7817909787815651
-1.5350790694635243
-18.265379834067
-13.986323140142417
-0.4241041441033637
-10.502129903688548
-11.259355791706081
-5.537293920540108
-3.570813081993144
-8.413127733010676
-10.613479447226368
-16.9076558107881
-7.139548311063955
-3.9133947927720847
-2.980788543943813
-6.599691534360737
-11.731585248057954
-11.828282349467777
-14.306776165317437
-6.312912940480068
-1.8372294913642833
-6.7422058850710265
-24.7226495251301
-14.112022642065057
-23.555748261012614
-16.574644319895487
-12.97189643423593
-26.251723952404024
-21.323840086118295
-27.255339935033533
-20.165934111423404
-15.919593843661005
-28.630790054824782
-4.0913781327289875
-5.211858177898765
-12.888293951784291
-9.457913460105338
-4.643152051987599
-4.940471847173235
-7.377751047162002
-8.376295804481774
-8.714925319124763
-12.77444328614387
-20.731281394609915
-22.137348918977473
-4.995313803143411
-7.419080326909167
-25.006493866174445
-11.53948156796921
-5.176142566440667
-12.807142351860218
-3.1864292536292638
-6.115585913137574
-10.347460970137401
-4.889485617440123
-3.225722359500068
-17.599054549201266
-2.413063401421894
0.5398601364066238
-3.4590293489343296
-15.27546480049875
-15.98946872608698
-14.449625797258989
-9.533981728294517
-5.460993722400314
-17.46353885996797
-18.597933127390114
-1.3632386382682142
-4.030800959219459
-14.096785805057406
-10.95969122699563
-14.732642636720962
-11.282748824885282
-10.278529183383657
-9.27665622567411
-12.84141136476413
-10.840073647933892
0.5858270141755249
-4.543660955388219
-2.3006157569549295
1.7089500256410588
-8.684448048989744
-7.715214777033616
-3.66471789337389
-2.0225761971831346
-7.240509403631428
-5.420155934848097
-14.559819373712642
-22.874851934052593
-5.3802930621378735
-8.205064331043868
-6.366519425148374
-9.093372410645365
-3.3048992537255373
-8.69689743363827
-5.145307746670902
-5.364835989184861
-10.801039773056651
-4.894976781355545
-2.900753833964865
0.20023419856326008
-11.536816547871636
-0.2695429433993759
-12.259607915952637
-8.62897108084249
2.2768004045873447
-15.31326875696788
-4.906774043205493
-10.080732373879977
-6.083246239761991
-16.494598245269614
-5.711520762308258
-3.6040429692717026
-14.215627985258376
-7.657266219241938
-17.443230000625935
-13.360620944010982
-1.6450610163746244
-7.9291243107140055
3.2537514610364084
-1.8693312905394244
-2.2894532592152173
1.4107821807573302
-18.268555699158995
-22.537798946056142
-2.8768096386270017
-12.06868257975572
-12.616206137158304
-20.703089486555513
-13.802713894663203
-7.604453100623154
-7.364149372941142
-4.440924738148542
-6.043163395009422
-8.325110219692554
-9.140293041804092
-4.557886956236459
-14.065981787479537
-21.67477385933778
-18.066606051813448
-17.17874311428082
-16.060771389406714
-14.238398712816725
-13.651779524392893
-11.07523041684939
-6.071773410379201
-7.546272361659227
-9.767985086008615
-13.848789634804668
-4.9071347940399335
-11.009044638079981
-0.2939545573817135
-14.666225683494684
-12.43382020196854
-14.523623108530018
-20.0619302887961
-14.162008295242188
-8.256437852564861
-10.80293934142033
-9.792204053635679
-6.896428591884412
-13.931403158298043
-8.012287160927126
-7.652880316617274
-9.627527235488273
-12.101725183131684
-3.3584839436463447
-4.42219748242788
-8.113661232074302
-32.761266955518636
-23.476136948224898
0.4934477223219176
-4.780165782025797
-16.1430946653099
-7.200997191078039
-11.582954056161146
-13.2913415719146
-15.741471565559422
-18.54295774920171
-11.047479936183466
-7.778932675088445
-7.722575951753981
-13.20467231528107
-5.869033750204331
-9.037978346579038
-10.247228545291946
-4.10999473392452
-13.397520257006002
-14.000087024652963
-9.082050982489243
-4.84935178191029
-9.379160249883082
-4.176758415840595
-3.9573287674149675
-12.29388841937699
-9.11758683590142
-10.433443191429234
1.06589780715254
-11.198927407488696
-8.246902653488899
-3.54930099557458
-7.793871384691904
-9.4358239907539
-4.181789152749269
-0.34008406165623306
-4.071114168311263
-5.7937237931679615
-8.743235245120676
-16.11157312477639
-13.177037521339779
-9.1160386515552
-2.529934841183004
-13.09502021060299
-18.490884333435933
-19.146504686199325
-5.052401985213189
-7.61931976694685
-9.6469288954479
-9.113482993388594
-30.37434695420292
-19.061945613526564
-17.13363770222528
-21.51019602578146
-12.731811735687936
-13.341225662566094
-14.859482260949548
-13.30543975692005
-20.235934194266974
-6.83402189932017
-11.998571669429182
-17.23255393530685
-9.413107119555317
-21.901317203412045
-2.6266905496656108
-11.113920612277319
0.19318206431648832
-19.585739783586536
-8.777200653235404
-21.12210241351291
-14.20854410910994
-14.173042751978603
-16.956429758734167
-2.5932308357724416
-12.647592617618702
-15.14757609761169
-11.185236031959136
-12.96467436486552
-2.8058749471966316
-12.030872113232416
-4.204214692637297
-5.117578471014838
-5.162179824837242
-6.921996910721241
0.3616032449300768
-13.162952255899604
-2.233380863354114
-18.82089101044476
-10.832963600604334
-14.385449539689503
-16.914988583385377
-10.81778953583763
-15.79121727515701
-6.54656449936871
-6.116133249584781
-12.664019807512219
-10.781602776049958
-11.9259305699983
-17.952318154548706
-12.630341138731897
-17.60066468191063
-16.853663785442095
-4.154563547260764
-15.751204340560463
-10.696242019551423
-5.239144824388834
-5.428584218555059
-12.160727221494845
3.882728413142118
-11.677707839101043
-8.712704184915644
-4.600025535955947
-6.759094302748334
-15.36946649577376
-11.94504469111411
-12.503544943997596
-9.606503065088685
-0.7270938579983302
-6.503602179274367
-5.056431976744459
-24.4387120762982
-6.458612952259315
-37.201627267695244
-28.022574971543694
-20.626859088441687
-13.173357255599203
-21.609333958210012
-7.801309218133266
-0.8597183115209148
-10.316757597692163
-12.16490203612264
-7.02538563177481
-11.445623268330557
-9.624261707573062
-4.554406487346256
-9.878703700104879
-10.810737509906154
-11.138093395889499
-3.0178156140788985
-11.969174692922806
-15.766055967876778
-32.11841277856213
-19.712940979854732
-28.30372185847691
-34.000436843584474
-30.525331994418522
-26.004142508597766
-33.064386725864345
-28.395838871953366
-14.561196375741709
-18.54059764611682
-25.570560830452536
-5.658246807977328
-21.147900131592422
-13.837942409976385
-9.024500288248348
-25.46306371832999
-25.448605176489714
-16.629765455220763
-11.293920017283533
-8.851088584183834
-11.116588207237257
-14.053893122637405
-5.883277068485022
-4.241638455747619
-9.640559053344667
-11.941182150665352
-4.906639911904509
-2.570912283571282
-2.0149640883892843
2.7437336326966104
-15.716663343365646
-8.88751293996657
-3.204324694767159
-12.844735321585013
-20.718448033706018
-26.88441731665096
-16.845950558761295
-14.402977822295426
-9.393737171101144
-20.38766781371909
-9.809740274190197
-22.41968459184251
-16.970333577294017
-16.879918002920892
-24.564771222455406
-20.711812919774438
-1.5719726888986258
-5.704650763755183
-1.4812273433101169
-10.883306509688019
-18.291587027732206
-8.249604197992127
-17.328371460900037
-20.389432399547843
-14.006831299573818
-22.4017570793523
-28.328152112579176
-1.4233645460010536
-13.696414271308768
-6.920145834550496
-10.506638120526894
-8.605336674216467
0.12413618100566026
-6.388010757827487
-23.343078545968154
-7.0110234538730225
-7.35840983264594
-9.330077965839152
-13.559776432881996
-8.655626363052612
-6.208372154031366
-14.159125977331717
-15.82424899372294
-10.931656503645499
-15.022183658983106
-7.820496223763474
-13.179878903821262
-9.89156936322643
-6.478870930391167
-6.6456851700587265
-3.870739085534389
-3.7933127085839686
-18.762897101520814
-1.9460436876327094
-7.330562625260505
-13.401552406888214
-18.093648028902216
-5.598812965547879
-4.007926940061715
-8.549198175574041
-7.4857437164591865
-10.406491891743926
-2.271745470052469
-5.770510899329118
-1.5820891365910121
-1.036261192766446
-10.152868539819934
-8.475963713688056
-13.860335403982045
-19.864571171769786
-11.752951988231452
-10.720246412847917
-14.775830965507112
-2.504543174593813
-16.687039081782473
-14.370136589691441
-11.558472118291682
-13.15131429008899
-8.825515489317326
-10.135306729252171
-14.291689167696699
-15.75323482707796
-7.108764895807742
-10.809338092375334
-17.545077802444332
-16.08667995468808
-20.705065739263503
-30.236287233314187
-5.799143659427582
-7.2534307827386435
0.4103917490562381
-15.272402643835381
-23.45073411484485
-28.67585045762191
-25.9486841314263
-4.214816869379813
-10.656659975800274
-7.070071296899677
-3.8651385962005733
-12.032951954560229
-6.019906195240942
-3.0890495446692654
-17.742928902700015
-18.721044771277484
-14.647343859830286
-25.375426879009865
-32.26291291772891
-3.2122842057830034
-3.2905666227663914
-19.387841876277342
-2.7421986524959756
-29.756983142798674
-6.086273410696265
-6.851971275146116
-2.289902310272801
-6.9680170687592415
-15.229556026354317
-13.243357431231281
-20.749150377197097
-3.5319640100957486
3.3001969462312246
-14.007456840349427
-5.272633153602143
-3.557766843988972
-8.946371340881306
-16.668494107934492
-14.537710441624924
-20.06473947236759
-25.337695915326016
-28.32909347856443
-25.182795538276004
-15.567036323088352
-12.119905689187291
-18.601491082941052
-12.427044042655353
-23.90734256022982
-16.67852215843991
-14.148054564291108
-12.71706898384663
-14.322277945363716
-12.613397284514399
-17.040260818010843
-16.55840522865494
-15.141326127620324
-10.225745358225304
-13.53279973629509
-12.590460739573103
-15.926462268458067
-12.234358558836078
-33.21574467117627
-25.538525641738055
-6.80240555347109
-5.11161977683302
-11.361799097260327
-12.31784951680995
-5.376326498787968
-24.665756504554885
-2.805347831618384
-6.221314263808317
-1.18470496250535
-2.4011074781344917
-2.6927478356198904
-14.206786576698391
-14.909059129477036
-15.69193483158245
-13.469314459566235
-10.681797427467714
-8.039238956824747
-25.991589900279322
-23.655056721903854
-25.836968164289445
-19.504498603099243
-14.620038563232086
-12.72098339683199
-18.14032288546533
-7.835752495592175
-16.8288044735634
-9.037938289624428
-15.281000562409233
-1.3424508266475144
-13.121908509397478
-13.065491478982196
-18.495798789957064
-21.024065919760623
-33.24463355899084
-31.832504065302604
-6.571744161731623
-15.913013530283607
-5.011634386719685
-17.964759378829893
-11.886189484163609
-22.368628951315802
-6.081719799802038
-4.892979104358975
-10.427592464126057
-6.920542439077185
-11.190085794126382
-11.415391105371263
-31.09263486824677
-10.154182902803717
-7.128918375976497
-3.9591815537494313
0.3968404219202881
-4.466838759078769
-1.742015184354404
-3.499198256684263
-19.779526446886614
-0.9049741572958538
-8.610444079321976
-8.90421944869665
-18.075853285780056
-15.986946367227134
-16.163740634547445
-12.915217851085956
-8.42220865674475
-2.4890849262136
-14.63697171609006
-14.323606557166649
-12.954117344717844
-14.859338589872166
-14.572235144014229
-34.42622997486363
-9.326396278422756
-5.996736419285508
-17.099435483350497
-1.303364455290847
-3.2921278804759027
-11.141187624559429
-10.641422295106956
-12.143461080260948
-12.872649390226389
-18.380930892951483
-3.3940274840715325
-12.012498149393208
-11.493670084192713
-4.736700107037397
-18.37654446199153
-17.2772118904141
-20.318885398799033
-20.687390282658892
-33.33598379229774
-10.013841297402575
-7.1487056975001035
-4.39030032372931
-29.729715261199402
-35.44783405676018
-32.56579442201724
-14.823324710795298
-17.675892156211333
-6.782849094601119
-4.953494700207138
-6.148111036204028
-36.75026503137392
-20.839248644793777
-18.98171292510127
1.0535955533077868
-5.443592493947456
-11.06509236256688
-8.583655369406713
-21.696174583954175
-34.783238659307315
-23.718893130010663
-24.13405547365806
-11.963822003796743
-11.274293667097936
-13.316719403834163
-14.775010218346623
-11.506214704016408
-15.628219413073161
-7.125332805588137
-17.309519178896466
-25.40711866849334
-12.954890236410947
-15.168268620804852
-15.617466000720178
-14.905643236045108
-24.229305582095378
-18.280064295273156
-14.505817566703392
-11.065307497916884
-10.764551584849755
-7.70998615996583
-8.997284749221755
-10.10436066522248
-0.7825975287606752
-9.775021087581948
-14.20454028568522
-20.81571840260124
-20.05031263967475
-21.67875657062259
-9.433934250333223
-10.143435803865408
-13.808849312043286
-10.05967218899405
-14.357926631756342
-13.620236881361734
-13.670286271421489
-10.714335398998571
-14.427503920561087
-3.416878486084684
-4.559783229832981
-11.080835839616611
-2.8088692923199474
-3.8906593728526317
0.16178199568824425
-26.843302053435607
-9.151797514334177
-26.05495580333767
-16.580857462781026
-10.011041089563847
-10.645184082582269
-10.693081996607695
-15.026385160487344
-12.824723518455365
-11.017411017147445
-7.815522641340863
-16.553882240189957
-5.753869780201207
-5.627459762692581
-13.506924778255424
-5.539745062826746
-15.471423878036248
-9.559541178872578
-2.891371927272388
-2.6569498965035567
-6.3155727008430205
-0.7903270738004924
-9.071429800119404
-7.510953946051989
-13.945969477547306
-28.97543579609454
-8.941829003179876
-13.90078296559146
-9.416909640438845
-10.091910379247196
-12.802686050988932
-28.277183615427894
-2.818938462094067
-8.044468793859608
-23.946288435670663
-23.109740196534357
-23.75222734200975
-30.699593301442878
-39.81687014441869
-19.993523326214778
-13.672884812614488
-10.24999117065725
-5.165407955163065
-6.859413668381126
1.5849824472384775
-9.287175685034107
0.9935040067441392
-9.143022221948279
-6.653258266334312
-28.946656591472482
-20.498490768741316
-5.833187896235792
-18.615248035219018
-13.69085619114825
-15.454777229714374
-8.321863969214956
-9.8946679677628
-14.905811738864365
-7.361110098525831
-13.100137328493123
-12.161897441957159
-6.36851402011353
-12.36021258945462
-0.6211646056766824
-5.070381317336395
-0.7866502678021021
-6.324401072505612
-15.836853910589259
-5.856520244624896
-5.456316274486703
-15.811715825278405
-9.073050323826205
-14.0590363139946
-15.146545860900382
-18.3473603795268
-9.672877986499849
-3.14279998545911
-12.930156294298612
-6.10633421321366
-7.017711018020442
-17.074535493991213
-6.339491346132451
-5.939130570695056
-4.913810849881322
-10.400202379959651
-15.492075093622837
-6.36920384662924
-5.747815438901455
-7.781912899840982
-13.833657456048506
-9.979041603253748
-7.588814807155501
-12.219877629273888
-10.038484131257889
-7.555979815076519
-16.427503320643034
-5.136485460826364
-13.411376184440641
-18.468388377931937
-13.783713501754896
-20.75642234316063
-15.146419553914917
-19.76917455684734
-22.800897177201506
-11.021649189957813
-10.889176401367656
-9.775285052791531
-11.25911210988081
-7.554038557753611
-17.936610073966694
-5.3639211320138855
-9.586102266575434
-5.030997399812209
2.134484908745245
0.5637461554293868
-10.616723354946782
-10.469710493548375
-8.408684555451504
-12.093347283510205
-19.187006874319636
-15.79654855841197
-6.216192408706792
-21.67894959490409
-14.47188874835355
-38.820053953185464
-27.510231151647986
-22.9083697906496
-20.264200890297538
-14.6492843636697
-9.224735637808124
-10.097011326291131
-7.6784232790166485
-11.062459263131974
1.8710652618056898
-14.436356170321545
-10.080419735891255
-31.25303724211295
-6.499250019067997
-8.217685818378314
-12.595890624418736
-4.879310610867581
-7.167024736907159
-17.71087914026756
-7.86184065999322
-1.828553849540267
-15.235092263944551
-26.07894259565757
-25.219630053833516
-9.296862154731503
-0.4419783442706837
-5.528707404205122
-2.8648047988337773
-5.266045468587443
-4.225409511051506
-3.9915772107065948
-5.170791356452767
0.7852053276281303
-22.504056590398086
-33.607541462896286
-33.5796333760359
-22.022444440575477
-32.868003874852675
-27.190151983792735
-23.742038614513657
-13.402812862676093
-8.797296695958693
-26.891773484594573
-4.981959586028125
-24.116716967842876
-21.336666670743803
-37.935926478674304
-19.024253904110747
-27.33007517853289
-3.4236096867686108
-9.080102015707165
-7.831492616720283
-12.810299304840818
-11.007146757610702
-14.346262006240579
-13.691171913864954
-16.704914665088907
-17.38150706573098
-5.15092540940455
-5.678045004815377
-19.25256557152587
-3.8772497550226497
-1.4032203035861741
-0.30258023608640094
-3.1520336301646825
2.2415072054625025
-6.513477855622348
-11.564195264584717
-9.112907642965954
4.1234841728179426
-2.4778450559881797
-20.532074918369943
-19.856605308484767
-22.704399527383913
-29.004649052559234
-24.0921878402468
-10.705318413381384
-19.090603020183313
-11.640728880816468
-13.598630940674063
-17.274419045188438
-6.298206576142169
1.7015624262042266
1.5732191058271603
-3.3713143073602154
-11.006891815427274
-10.91572883727628
-0.9959888997569166
-3.9416958720616364
-8.310511455181974
-11.9098490807785
0.7247106782567911
-14.647781765870729
-6.305497158428658
-18.295740221096978
-11.235922214283825
-6.95922400056449
-19.36922174134967
-3.6913958611522517
-8.044568052812568
-11.183460170180965
-10.494942210044421
-10.43871646877511
-4.787001964962119
-2.9862299153572156
-0.8820117794488986
-1.8546968556749768
-8.314312892668305
-9.822848144895467
-19.066307237445734
-5.741968829682627
-7.2118194528030415
-20.300592121493885
0.06055036427063243
-2.6426227640897118
-0.7038614749724061
-13.841762526889184
-10.981233294915363
-11.899656636627519
-11.544211360258544
-7.209734091751699
-13.956055469674446
-18.205014671020287
-9.189987278880025
-14.151567370133748
-12.452420561083713
0.7250859925104791
-9.539281009416655
-5.721918152881617
-11.81124817848746
-6.913734630336542
-18.993126697812137
-22.196899703028393
-17.212656247299556
-8.974956117347741
-8.966053328794978
-4.338675097126927
-11.391480129415488
-12.77947100036158
-12.060634684470799
-6.397902627185033
-7.748705230589234
-4.324325198347182
-7.9185768674291594
-8.2331074975069
-15.560192977780794
-5.736449609015585
-13.886415965488574
-19.920993738869484
-4.841186224409512
-5.4165130459800395
-5.208755859689504
-5.269003840978872
-3.2499806548620533
-9.325787169093353
-13.404816274271294
-5.424901414835137
-14.43560387182693
-16.917502928928513
-22.591261328100806
-10.285900587327333
-31.196730797520893
-25.177055095010793
-30.531445843801244
-29.212836150769377
-14.087304211612519
-9.288182354366263
-10.415211147916999
-2.774312060761652
-18.30020831720975
-19.63510294069846
-24.868288066060266
-23.406975647058715
-20.61726981234476
-22.76698156915687
-32.527634977903645
-19.959914175446855
-16.204661025778133
-9.236222334533934
-10.572200141303021
-11.691259259306022
-5.391044221513557
-1.8238343727343889
-9.695786986132049
-12.562444257489307
-2.691306787948058
-7.906440855866315
-4.829441860836198
-13.34416990361444
-16.482036473142976
-5.56454931343562
-19.68311758550788
-23.47001124754621
-17.83843395310842
-24.011660216887485
-13.709493542119557
-6.2501722517379505
-6.285516209977125
-9.674289217852749
-13.19368335344545
-7.540312135076135
-2.7416602284065874
-0.3664470964225792
-7.54877901607545
-4.747904485615642
-10.337402108243985
-11.745088166117071
-10.620644953214665
-8.794787917143154
-6.329826079405649
-11.506096617884324
-8.424049132535298
-9.754110402667036
-11.677985776195506
-11.983274314260697
-10.286938934690777
0.6233002211767662
-13.467899559886504
-4.171911067972481
-14.564549487141605
-10.631419364003662
-17.585602060380282
-19.5245449835043
-3.9159910467199577
-1.1863403416308458
-4.389756451179352
-10.475366927869018
-9.162467252312815
-1.1356975248455505
-18.19288607035069
-12.826163071354202
-18.386931706938444
-25.261264291658613
-9.842252745687441
-12.273393565380903
-5.931477181118877
-14.140175350539742
-16.186148653329177
-7.823909976125844
-6.599915592707216
-8.971074721246989
-17.934769987217553
-16.7547383753598
-9.845595217882877
-4.366666609122731
-1.757007390441487
-7.8081906578749525
-13.426797205441638
-7.47637910014705
-11.72241816875188
-9.624727980158468
-24.992872717136738
-16.94114089905261
-11.922902507576477
-12.522993600729905
-18.478964314167836
-4.593491431131525
-11.086922137894017
-21.520747303250914
-12.087154851760904
-10.090648159375263
-8.099710279498431
-13.647095425171987
-9.836269709208587
-7.97983821862077
-10.415417194551495
-15.24857270027557
-15.126076180834744
-8.434010744098927
-11.393689225239882
-2.477930000099512
-3.3886815268158372
-6.349322292776577
-12.015625673475558
-8.980186363512232
-18.583644399470472
-17.555241433171123
-17.71333973211063
-32.60482746992106
-28.727458204965238
-10.509858555692862
-7.08934717814925
-16.01770610455063
-10.069862819061346
-5.8180622077397395
-6.611171844326755
-13.9890559458781
-12.764253305778492
-8.07235878787547
-10.062125002258519
-12.448329056671
-10.85667928290474
-13.70090968971651
-5.529619808983586
-19.984958881206175
-18.43965441320205
-8.429526414563728
-8.132095115233568
-7.516312597534977
-1.0776154313676827
-14.621911841065995
-9.803270945537314
-4.002459079665986
-10.98354462643313
-12.072087053285305
-14.539958672977455
-24.486814228771543
-21.815343201505307
-19.847948009844693
-12.21298787895455
-6.2658740575962
-6.163843664660167
-1.5654383992394045
-16.08652656276455
-18.820121900255653
-16.78761851192221
-15.876870495478073
-14.597940189453212
-8.543893843245932
2.2928912838112083
-8.494121010758285
-9.186905722788655
-12.787853530436966
-9.313950466428622
-13.311860628138081
-18.41206189252347
-7.626932250623902
-3.985058183500808
-10.523152150168976
-12.702236261256974
-8.00950086913144
-6.515103308986742
-11.72087759376764
-7.829706875613322
-13.406809136491155
-10.224400260309736
-9.517189887928573
-13.39906530803314
-11.165663862868602
-14.74174846525759
-12.641702523759967
-6.1116816914096646
-3.9444731820017083
-14.72207435718574
-13.261406361572277
-13.59179533345074
-3.916907703229665
-9.806921976522055
-3.8564927163865654
-11.476972802333737
-3.6094893752841344
-18.511872808335298
-31.222934614988453
-20.811323477252397
-10.35200812793261
-9.573473079637168
-8.86622226400808
-9.014433992413313
-3.329880599340793
-5.426319408067741
-13.591833379624912
-18.686932508168766
-6.6624358418341565
-4.677315517346706
-6.2959794722277
-5.094754697520106
-7.112802438074155
-15.302035924468523
-18.72623928522362
-18.193821544072968
-14.686145309622916
-14.724791748739499
-15.943939092182113
-21.46016963733223
-21.190129120207256
-8.925326110209816
-10.747159614968705
-4.949853175401632
-7.561423788935684
-2.571798328197186
-14.750966720139743
-11.896303965873923
-10.318500362279885
-14.558736386683016
-3.7300239083027797
-14.531264723648327
-12.376762369628942
1.3242476584794574
-14.558780615192866
-12.779382644443011
-9.507043959198981
-5.749636593870726
-16.69203412873678
-13.373831501588612
-15.98129031076106
-7.359706116472736
-6.547268228414573
-8.435604047992946
-15.907945575770299
-10.059675311504641
-9.60138004578964
-5.808127271546425
-1.4124604089150843
-7.372617737592158
-15.138579513771234
-6.317820621577582
-7.331544647761355
-12.612526023318217
-17.85323605055897
-23.912341060656885
-22.66613107914404
-3.9749612168668804
2.2795147323334923
-10.329712367190652
-13.608711373774725
-0.9252109430924627
-8.374144241738048
-9.44703033100896
-6.825261032966459
1.3643870330697112
6.1758234710044455
0.5995512320341199
1.198331229397862
-5.708731468556142
-14.786931638798546
-6.274662369499872
-16.61829826376042
-9.386168208261921
-9.873648936954847
-0.22782044982709238
-10.378508299033804
-11.950723359680165
-8.854598208453051
-4.518938135956002
-9.675837678010101
-9.145356238714147
-18.323757835443654
-17.436739222104126
-13.829162436533288
-25.81589207127304
-8.296853607137521
-14.066345284870685
-13.52721658453115
-13.143299557666772
-11.62415785454509
-14.892093574368015
-10.865776903568985
-10.563374633787468
-3.3033460172937374
-19.83366522479129
-10.160151315826567
-13.590041147131878
-18.48093212361695
-8.517378183516097
-14.9624119994937
-15.81177471569493
-2.201702484481814
-15.72631221757247
-11.994475691635824
-7.99608504592603
-6.691440481331295
-8.209745942133676
-18.173999403095618
-8.933252150829176
-13.738789332166778
-5.624171922279395
-12.666936633612156
-22.351549600236417
-18.279536328088028
-4.189375711774673
-1.1237940086535438
-5.642566171959075
-11.3412337509356
-9.146859051934655
-6.480715747097058
-3.8551020045178035
-8.321903711459562
-6.777460233552393
-14.427409531633813
-6.840008467510785
-9.465629091062624
-12.90679276936956
1.1612124866810483
-6.311925587353077
-8.233260862732756
-6.510088952826944
-11.400531791887456
1.660466985968199
-2.4242348990715037
-9.600340197839117
-7.421202898394856
-10.715148463291612
-12.268007452753025
-10.198055228564144
-13.952489000671761
-12.711743202581172
-2.971960612918739
-5.541874951335203
2.1454267834813834
-3.116700525620743
-12.321823628860145
0.529844145082329
-5.622862605779964
-31.725549440482382
-14.034535150106265
-20.87107884134283
-21.70962504427795
-26.161363683735033
-26.655502807058415
-11.055244231457898
-5.613586080354608
-7.998161785749431
-10.547848049445236
-13.109520673085655
-7.90077193017963
1.878811476346577
-15.176010833830823
-12.682888944441665
-13.132224967614675
-15.25844739513093
-1.3246160769519548
-10.582085751999777
-12.155863447758975
-28.99812572725876
-34.80345683933978
-4.785617647741162
-6.0580810028404315
-6.715039527081764
-4.933333190512641
-14.578876711993411
-19.392349962742752
-24.764389823733303
-31.98998621270828
-27.81949049538905
-30.50958006047115
-19.393145203408512
-16.323697637974547
-14.946824106643184
-23.747067206806715
-9.60906298326673
-13.631349594768249
-21.206943308913285
-19.434505053180473
-19.01002111206338
-21.880705160039476
-12.373767847507885
-9.635273506289458
-2.9354680650765204
-14.293521321792959
-2.0777152701538313
-6.363670267951157
-12.209030997617623
-2.518206256340508
-21.64150974405304
-7.973973401704345
-3.2266462082499627
-4.199211133778441
-13.781353098702775
-11.50513807101559
-9.560204536050701
-6.364052218976861
-10.570004284726206
-5.677544651564977
-0.8296472581206107
-0.7987319771694832
-1.963367123971878
1.1236420817258477
-17.384397623030285
-25.68322844298158
-36.606444466650785
-21.596901847946004
-19.323947488537442
-14.172936264886104
-8.339535210759003
-5.73808075419803
-8.512148514547349
-6.379165533620466
-22.47944402578539
-9.02623302556853
-12.647400459336794
-26.69143103759457
-7.2286811259523205
-8.165969311461318
-6.486589063723294
-10.157805647244473
-14.986878686704323
-6.88179991391597
-1.831176062933153
-16.21673653524733
-11.794787357425307
-6.034536739275666
-7.813146570594519
-14.220520809188649
-7.396479894395554
-12.200248286463875
-7.640066117443986
-18.050623820076773
-4.656312382724778
-1.3765753082776033
-8.562387510023395
-6.847318323888025
-10.469541775847514
-7.524528910238743
-19.280402085331712
-13.151973202675489
-10.923997159077405
-11.893018483420654
-1.7989033156716516
-3.480006356536933
-1.2266462130622635
-0.4094487980597066
2.6682866522748334
-4.500276695313367
-3.6122258310198454
-5.576473980531535
-3.242065140952935
-7.721820730384991
-3.4790286340431322
-8.970894829320414
-7.474553019979695
-9.940614005265147
0.7657528310451518
-17.924054199950326
-3.7361641011005773
-6.068661026168879
-6.981270170108363
-16.06463644371343
-16.890291049841377
-17.42757254486337
-11.179947343914804
-5.4649835559348645
0.7413294806346187
-9.466615567239902
-10.199635972513661
-1.902502186729432
-17.280440717074022
-9.12251074743789
-14.052550114383497
-19.674739191783292
-16.8046813427006
-19.357117397379636
-8.951751682678964
1.3092443332591408
-13.353863108610597
-8.508136886183959
-9.742003837257844
-9.940921434920629
-8.029739270113854
-25.521626660091933
-6.870611677947242
-4.9415896138349975
-4.410744172431574
-7.49276237906197
-6.303618043767978
-4.584926790528689
-9.881459395534362
-14.18015257338576
-7.023457461922739
-6.080002488904915
-0.33212009961765077
-14.071159666689073
-7.911876686664547
-12.456362262742353
-33.48334739988387
-20.54740127002802
-22.238589140250266
-26.755464010683376
-27.808664532812458
-9.38023878961436
-12.539990827719407
-10.158580053495285
-11.183945010532812
-11.089063162306314
-27.529035493965434
-16.7339508482358
-19.061754802840518
-25.059342179348942
-32.36250472501234
-3.09637353415566
-8.846893360660466
-10.470841979632116
-12.621379607537964
-11.566462101629362
-5.2730317354701945
-8.591786057027
-18.660261209787734
-6.898782260398502
-16.67948554071003
-11.086937804559945
-6.948860302302721
-14.396828126370693
-13.525573154920203
-22.51169601753564
-26.282410564206895
-13.079113299229808
-19.038484413151146
-23.658566528115664
-21.601602635998255
-20.742571061009272
-8.551498303007154
-10.563181536209605
-12.126993988010245
-10.1222264030711
-20.825639964085347
-22.426461325194502
-21.176863264533885
-13.850610119387948
-25.600565666514242
-25.661073424609615
-15.255423709879551
-15.40350947956409
3.692813307608759
-7.421475810350593
-12.682869614569885
-4.5094576230481955
-2.4360385152337827
0.2951249182284741
-2.3043938206927415
-7.77130622288411
-4.168772156373453
-2.150799004928384
3.5172611659774127
-14.334820786110399
-15.0074593335024
-16.27960900702113
-4.654805125487638
-5.8070690309340165
-5.285585601923476
-10.99908684469602
-18.63421065761922
-2.3830630847816536
-5.972459516065626
-0.08336929656812231
-1.8264663526514902
-6.368561725557182
-6.5012883573257305
-0.5208018841744071
3.7897339606187046
-17.030178637422434
-19.078650254694296
-20.07523933275406
-27.60978072699543
-31.39679698691959
-27.325525881078455
-24.956514539103072
-23.477656370206855
-15.214096890668689
-14.634461883768662
-12.648474087216385
-10.147703805582701
0.8341704108971193
-23.71298149643652
-8.552754619820995
-5.678041235671328
-6.292250061877542
-3.3023787280397414
-5.686576112623197
-17.289912646088325
-15.066739188181643
-15.630258836286448
-2.1411839844516223
-7.818553516221783
-10.321226807594094
-3.7396151059606026
-13.151762952936341
-16.070576516772018
-13.064849170584509
-4.92485556111772
-6.186954115191909
-5.62883285313276
-12.87753985701455
-7.065855883305545
-8.325890491659766
-11.674909491192608
0.8444397973125106
-3.3647395318680573
-3.7527146366671076
-1.6885855060050545
1.6920389089613401
-10.877558779751801
-8.223819103659018
-7.227504799467173
-1.8067340878865643
-2.8832381323498204
-2.187756982467178
-10.302702745127444
-4.0533893880408165
-7.801834378877615
-1.9881801791376574
-11.74191911070734
-15.661977972292735
-2.137017686817625
-1.3764199614590638
3.834550814639762
-1.5311420126587123
2.7840049862164946
-14.580221302722016
-14.02403445422732
-10.416092778485641
-11.101319898624695
-31.29080988057693
-16.05822638501887
-22.23506321655674
-7.8122044966728765
-19.077217986804676
-28.312387311813943
-18.050287148238404
-9.824885607250735
-12.283994813399893
-16.85589542937629
-13.21872211539872
-7.431154285196612
-12.282363326768525
-15.025169353316379
-11.572605551609733
-18.002806400750124
-14.165173370135754
-10.231526891811171
-12.144409759641128
-12.64653740064913
-8.414594716612577
-6.484545013319348
-6.992253675383232
-17.719486027002247
-9.92104148925582
-7.634964839464345
-7.889719719677572
-20.78212344498312
-10.274192986000237
-5.8641729251472015
-7.225146826804583
-13.263035730222022
-0.8673883065983468
-6.666482246351862
-14.079761114387669
-13.370370174542469
-13.127991195279101
-5.718663903063835
-4.569848382609717
-5.574094397355907
-22.82889440217877
