0.7400680043632275
5.042142791235177
6.734689102466872
4.446984566935966
7.351714194755561
6.5781797027380895
5.487516531077724
4.826955971143444
4.220131488596172
5.4398345048460115
8.63694686953045
7.059573864611552
5.394094294326303
8.676080501932013
3.0851332748649
-0.47624192427097006
3.025376964893791
2.174943362902106
2.5555461143845086
4.101061762180359
3.8804192484766196
0.6930219376494582
0.305812626870351
-0.05670917271618525
5.716606451315735
6.158851467508622
1.405112959811186
3.1324914093583764
1.7051172230663159
1.656153914100825
3.2490046135247046
2.6442989958386702
3.7346676095726163
1.2779957045145538
8.219620376568828
5.744858787563591
4.136484260778149
3.7143616038701928
2.5261119702211796
2.0652247417507894
2.3973480271113674
1.7625438826860316
3.9698562823829366
2.444898783589294
1.6626765173094162
2.839030199521389
1.3613967452643945
0.616418443113566
7.939698777668423
1.8215911580276123
2.187901128755712
4.282747047928601
3.360085069691814
1.5717818892139854
3.4867215733283645
2.3762739161734165
1.3986613258791087
5.47774807154962
1.5160478483526458
-0.06619046766888903
4.168415070253473
3.4511397344577626
2.5342871629663133
0.039785733937347745
4.415732329816663
2.3971161090998865
6.667375859174606
3.9654717573382383
-1.1854991743236543
4.449592626708592
1.3497930739408242
2.0443526661893587
2.785588283085687
0.5040634321047088
0.7077423351961298
3.720825500521138
3.0606098100439496
2.9215135545816797
1.5583779720620528
3.3272586001149045
-0.27687743499067163
-0.47968852441144494
4.417082417930931
4.011023725831025
3.1498007045114993
1.7024253883240676
1.1323712533991444
7.062354394702859
0.7581960995806987
3.843351386815387
2.834273658156922
4.253010707753061
5.770058127633356
8.293800470128495
2.8837711516984834
4.481779026912305
1.2974248044718737
4.631660863350071
0.6614733647109661
3.1185020441649196
3.4349409872365726
5.163492124195273
1.4097584368139686
3.667929761001247
6.960087412590431
-0.2203701320950633
10.562356656062194
5.75329991488272
7.388283385694147
5.7123075131844185
-0.5459660760689748
2.611628552023893
1.6792381124007283
1.9782795951516872
3.8117579080852795
3.7008037827163762
1.6848049553917457
2.197987027769011
4.385637309595503
9.953992573855363
-0.0950011466232428
3.9788827963187505
6.219747490570961
-0.23633105460527817
2.652660138866233
8.644566812202067
4.745216785956903
3.1739553819428235
8.185952608108906
4.171584376143415
0.5818891781360385
0.1837825135418354
3.516825454656385
4.9474997794770035
6.4261224517534
8.90443406237194
5.55451538852645
5.785999609222926
5.818924162943754
3.977086365507125
0.5250096286537356
4.562677423049881
4.079438148154806
3.4238610599910886
1.1732569504102333
4.822750498575921
0.8370881773234421
2.34800622302606
-0.06443508890277366
2.2795424481715574
5.650736984028452
3.4759003620679714
7.7904168503076034
4.936200271072295
-0.5650535688587196
4.6989137715227836
1.7781124702854645
2.5223354452938125
0.8754017173412565
3.120901962559362
2.883673878704321
2.2819405353718465
1.0169408068128285
2.4436160520622283
2.7210285390189246
1.1015803560757973
3.5669086228627664
0.595667139357976
2.676435603524746
2.0756272458251788
2.5213537301046216
1.769834028552018
4.1846379917755545
6.6963427287450665
1.715311053094415
0.8613859226007665
-0.5972947535537568
0.46016536597797125
1.0782370613007846
1.0121448237816948
3.4532340641602866
3.7599347043800897
6.495273032592596
2.558921294385245
5.032392295790497
1.799284464064482
4.896449060305132
5.710845870361234
0.9967925429129787
0.684355188947646
3.3231906331432546
9.132597324133581
2.7363119783648933
9.959135589664395
1.063769288442627
-0.11134055890507866
1.9332504977943443
1.9709045122114695
1.244503733324892
7.973590383047598
1.04797344607357
5.42457312820774
1.4524415258338208
1.0659677375152286
0.11368904203481467
3.026291374607295
-1.0324417508218047
5.807382717616249
1.680733118345363
4.895297567781793
-0.5487030422263866
1.9440511931859803
4.4050752176435335
4.009396667794665
5.897440508607788
4.98479592667672
0.39558648103206767
1.4642433843445197
0.4003046881490207
1.0046210621818357
8.145848776900541
1.4719301439403565
1.3444539751148181
3.727005800396434
-0.6325676374749245
1.33290965539422
0.4622835763415658
2.4543031777296496
1.3524836608174469
1.959762655753675
3.43003092862825
11.380418582224289
6.945753713791921
2.352211338700789
1.8949485913413224
2.3465596363918277
4.810235147915185
1.7089703249396964
2.643930997300264
5.468931879234503
2.485836506056389
3.7627088588299493
0.2866362688903801
1.7117051475837304
6.08882578315787
8.143736011595891
4.260953414860438
5.444720143947256
7.2100727104725895
-0.47732214683692
1.966888092428534
1.2253590889246329
8.62436925254751
1.8722746692057535
0.42302156489806586
0.46577847213368895
5.8624464214352034
4.243490618919346
4.216886505161236
-0.8770492867309617
3.3192658640649304
1.231199069995955
3.370888733513514
0.34208415004878123
3.9174204148519505
5.557853693904695
5.3079320166388735
7.439578839941619
3.0432538799506132
6.415981587603573
4.46386649740539
5.424226856190828
-0.10606002447307805
1.700026644498102
3.969144625238104
5.484040251551816
3.7065025912576344
1.0942618091463472
1.7960888642400161
4.541454441295865
6.13032318077674
5.938336380840636
0.7837953007019474
1.7224602124509187
2.5831760869596607
2.6542398297464596
0.36686418094248807
-0.2258277854213364
3.1915042520405525
1.7615341920086345
4.049766387388717
4.997970367800814
-0.01068740376957914
2.582509574845528
2.4795799950878608
3.749148170368605
2.7386148075635472
-0.061071840260062314
6.034765348217739
9.283933014420812
0.10059576863523124
1.2418595327834823
5.833901752715605
2.518322438967281
2.4992287419686288
6.253819864300337
2.315866834521755
4.88863010276386
11.06697556132568
2.631397548527739
5.895359741164139
4.819259641883848
5.155675765361103
1.3638835036085242
1.7396452932905526
0.21767873315704067
5.517394839471746
4.169773893667743
3.1507370357383184
1.6968954129918268
0.9825903059823995
-0.18848938245297944
2.429774132037421
-1.9740995757884343
7.320613593732192
4.769651166885783
4.246286955230809
3.305105928841156
7.631670834237416
8.09201651173657
-1.2856007869713766
6.324637677091748
3.3841359676615275
-0.6568174303883736
2.262156197143461
-0.38836499801988333
7.895993093823799
2.3498833981123814
1.8477137388107945
-0.8943324803621903
3.827948977085748
6.545768845311268
3.5729809188250843
2.3432984972370154
4.071835327712026
3.503506018153411
1.9378674432825032
1.1116267002354894
3.1054905902775314
4.368728642761381
1.8093143788664354
5.489925999809321
3.4663576676472534
2.9168140047557554
1.9298744807505734
1.6820615864225785
4.040414489171822
2.5340949190611313
7.154284019385715
2.775380862864068
3.6472984834406232
5.526919583801763
3.010670273813449
-1.4874214781304216
6.725263541711556
0.3105468358754103
-1.1992491055113097
0.6893407897881884
0.03594396639457509
5.119472400593682
8.25007269719356
0.8229281667294668
0.303814260721322
5.522992531307724
2.2750600607517955
1.7871988804090573
-0.03221579597758356
0.03285954726546769
1.9007721303491965
3.719575215897696
4.100016666659708
2.607185445912325
3.0734184709145325
5.6986824189048875
1.7699741462243697
2.1686228981060047
-0.27355576186492725
3.4441317248496204
1.3970085443731688
5.280480344676312
5.703505708981094
2.6700529045748658
5.431358056724762
4.925689990057142
7.601402677483312
0.6151437109156183
3.414904995144317
2.5753722584375205
9.722684674513978
6.099965291844829
2.006608026010051
3.717134204438609
2.562752431950414
3.6287294523699716
8.11872711113758
3.3228935507700856
0.14714498710967766
0.38021413469582765
4.749339708978897
6.621426238173758
0.6559434017656992
3.674879470927438
10.205354490773228
3.313234459207778
5.407324499629176
5.458761096986131
2.790196326829665
1.9136453160611182
4.687751048219741
3.459547939989297
2.2270973776542973
3.599073790372933
5.277193878432335
2.2540492545858397
-0.45424007596676785
4.295438512434736
-0.9649317771712755
2.200812543364556
4.123669605203382
1.8324598780802828
1.436215965402663
3.7057398742094856
1.1122376494959685
4.3401364391248585
0.3648259581571659
0.14695978925843411
5.3287469452830205
-0.7633770204230352
3.089538991699307
3.2570850724155225
3.4540152249836105
1.6671867262035136
2.05084032974354
3.2764955063749595
6.183142517901047
2.598003848911411
2.5912218516680894
8.001908192996959
2.183104033447613
5.436828404744806
3.3117710814883146
3.7062113475273826
1.456981010978153
0.3703627159764392
2.9444367055811025
0.9293877477877934
12.763045379951183
2.7950058524451706
3.733354611488778
0.877066913927304
1.5419851163551936
3.3936898749559647
1.406989309798453
2.2163592929130838
-0.7649947367026899
0.38237517074851785
-0.04096266147000316
0.7514074128393267
8.109332111499835
1.8551430723553264
1.9219741649672692
5.681290875241322
0.5080023450556174
10.900538377936185
8.976432077227727
1.0776229332042953
1.7261352076842815
2.5173121360967294
6.20429308502211
7.0278307022567805
0.28358681946429903
-0.9021896340818731
0.9204418274613911
0.8428629391232785
4.506173323903704
3.0011741278054376
-0.11988507064157446
2.2276565166262015
3.792712065958876
3.8108285094020813
3.814262785688716
1.5706531942943973
2.8730120459455497
1.9957061388039405
0.30972313769238935
8.57760481366363
1.1285952707426863
5.833980970231272
5.787310939332566
2.127897410301409
7.135496631467672
4.555038351889985
0.20889273056072477
3.231152174054274
1.6295990298817309
-0.14411144032940398
1.278179546611988
5.013529007981475
9.29087614058898
3.091657230899431
6.178085376038569
1.494813170105862
4.275015010006442
4.649680332732973
7.119168004627385
1.9221598460068008
3.1033310486610537
7.719492289993269
1.1048908723417075
4.088971748399674
-0.46362575037398956
5.110541020669904
1.6864159394292135
5.949275726000404
2.737738530698271
3.6819569415833495
1.4268121074362956
2.382571443438683
4.558651246418128
3.6376221833553317
3.9652329011385756
3.8792505772099317
3.4721835891200454
2.1841842631969253
1.2390783966178658
5.25501403124937
1.2689508579320505
0.11574245393400953
3.2922880906281375
8.006483296486053
2.3611761293786797
11.257789947346994
3.107734105760027
6.880535201772392
6.358965646220951
6.109164692886239
0.13656253470721713
1.5713665849006246
5.9823217071371655
-0.18681328916104234
7.478490887566181
1.1130109743513272
2.349188426693141
6.524991147028536
2.9477198891331304
3.215747773689199
7.394357531275393
6.4227816739148365
9.82811197129245
9.070785859281091
1.1980431922524146
1.2360893802111332
4.3965961048794355
2.4839971335249533
2.100455780937015
2.4486443858290774
3.260899651077251
2.6576622874926312
3.0355886154012786
5.695962175799562
1.387863378867395
-1.4918422270966099
2.430313924588835
0.2029921562803203
6.708206219064243
6.208666025466606
4.197506382734766
0.9027354060271049
-0.43351121806234705
1.1176069261512813
0.6769339041292138
3.1439311853462155
4.962016573203468
2.69099675646039
5.907327540038681
3.298231809328502
2.204532292967152
6.531971008636812
3.64451533284616
14.131583310048269
1.262459072613702
12.698319104404812
5.254544399717373
4.973929509921925
1.9402014637927563
0.6244370912863302
2.3486459413821863
2.837849601800772
2.337089036155699
0.7260315534522175
7.944679888293645
-1.2790241272828573
0.4961243258224235
5.49662623316863
4.094731241607297
4.631781153996545
3.6902801415825026
2.282170012134317
-0.7232466921523526
1.8731444046697694
3.5511800737960098
2.5207488023519926
3.9793483676680688
4.50436793991337
2.6100711713827716
5.392428853487411
6.136798271112972
2.8397780580166723
1.2575057428048575
0.7043633866878884
4.00734375864176
2.0797912827766716
10.420571509278236
3.6526316639327403
3.676904106381946
2.9965613755068823
1.7458525401811218
4.990216494456076
2.50385574844106
3.6534819571140753
0.13659553900546118
4.158245064654661
0.7895584742773383
-0.5865567825109398
9.721237068832032
4.123504042813499
2.367506860380994
-1.557197858457101
4.313879054429679
2.601736378622955
6.800674299530749
7.268544624667949
0.4502477662298572
3.582423940257578
3.9588776337418445
0.8416570569780564
5.048477188990474
4.957099447189879
2.9919866323557214
7.0164838146255954
4.997937736208842
6.145078824219764
4.166332976299264
3.600948108112715
3.859149374884712
1.9809230924319918
3.973089323182923
4.454222054564084
4.667720804674106
2.9120083521485705
2.9299330827629344
4.3841485472744814
4.139756774822999
1.2287197615522236
2.717080049749325
7.75399983325566
-0.48934488863063796
4.06296770760613
3.5808715665729105
0.022534731154357446
8.068442165488971
9.876127234699716
0.8489137882305104
5.473788326647389
1.8287149518636518
2.691544724378004
3.407571491001374
1.7942909188603209
0.5801763452498401
4.445371398091205
8.71396757909597
2.5147424941825673
6.935494313235666
7.832616259683763
7.22382998217003
2.231220156520801
12.99260197511285
2.620556571359779
1.6711763689697423
0.5347003539888899
4.310873748234441
4.264663146513849
5.57995939547575
3.989838423143085
7.259195390696439
4.0976176774378334
6.738467256198817
6.5087967960257
3.9537272058639585
3.7046922120480015
-0.13347203136728447
0.4234603873728823
4.680321589264049
1.2700081713874567
5.576085313047701
4.305785060945614
5.94842621303595
0.2924253499384572
2.988792631763588
3.466437853336131
2.155133654296935
3.058039456946024
4.720059766635749
0.5807060425608833
0.36308563504588
6.066975408722597
3.800510440106387
-0.14855072976788553
1.99995312762438
11.674285239030922
2.2362534447109885
3.1903798359321596
4.166302865655818
3.352432478544399
4.992231595019571
0.5873437653994806
8.337978426332773
2.793544485069873
3.934823112484424
2.9445504461131846
5.7815283761454115
0.7984014166556815
0.37207669872124716
-0.669047298586699
1.462135195559093
3.8404450434431707
2.8751211709153184
5.798708764471923
3.235780152961891
6.649369208819223
2.109740849989767
2.1401483311474205
0.024620825136997926
5.807062076480045
3.25768869951711
0.5622582478703902
1.8501360866739551
2.225486118660047
2.8246524525405663
6.36010311348359
4.787893834122191
1.7150104295980064
3.3382166605152905
1.5799762475936898
4.064708124843257
9.999104062011806
6.643083801484401
0.6705645706560713
12.47230759895948
4.852459791536517
5.8727857658934575
1.483254502561279
7.017453591953976
7.626745099132174
3.679435791968968
0.40938714562365286
-1.8918012031002296
3.2770723449136683
2.066095013619801
1.9591805890925076
2.6635235134019712
4.453644413245157
4.225024115308661
2.636492219338079
1.7132084475838878
-1.4206326591839091
4.302315977438298
2.385285208068733
2.667962286578122
1.8065241081314327
2.1338221892473737
1.992855079027131
3.897325411093061
2.5764522286726077
2.3914477484348997
5.313401042214631
2.482941289872932
5.085593603641261
7.00916920733049
3.1153837589192226
1.656656905905317
7.117089453298458
1.4444124475029818
4.080851043893778
3.9379800270304366
1.3293415218690638
6.769276560111542
7.799603116538029
2.258020359528719
5.010248472602639
-0.6132705028355404
3.9092915306556595
5.046052150191204
2.103391423934366
3.38084018202984
1.77707801550523
0.4845597321477285
2.955042581075924
2.7720625982833833
7.715503408424925
3.1429216619478564
2.7046195961510966
1.2423517686461765
6.578527716105267
5.962794077981102
1.4986441981710628
9.930392446757118
2.521254970519464
2.609786054095443
9.657922744611575
4.126307485968036
1.8730932248691126
2.0990585219655324
0.4896786398316656
5.221504348513902
3.5875531233267077
2.859706463125315
0.06039957224549176
1.9009982413663193
0.8600604099040852
4.439529977055482
5.92165096344906
7.650757911282867
0.38134779124706275
0.37342714686414963
0.6936593303324181
1.0607450918257058
3.050382163734568
6.100189734346889
5.925951314434497
4.441834507943582
7.64933345664574
1.8193616109931368
4.598552403698891
-1.0566034913362725
2.198982581093013
3.5949389287184275
-0.2866390955463015
0.05355126752686845
5.331499439748395
3.4804606670993863
7.8950765982396005
6.599940591556333
12.400730387428858
0.3657264096822843
2.6227680046666264
0.2943926709646425
3.85342455149532
3.197131576752322
7.295813996039709
-1.8700886289840766
-0.5973042698426988
1.330126315859339
6.390931404518328
0.6129073333527735
4.2004987341004645
1.48646264727007
5.809761129208082
1.7285959283474261
3.2483364661610965
3.6699905085857463
4.894511591693989
4.689634141586697
2.7457086752849906
5.514766733137305
0.5079965866559463
3.6501540127129486
5.608862350339132
3.4960772674306577
1.5324089815403217
1.6047374084560309
-0.044380510941121
0.38863183103620386
2.5405707943531137
6.829347704904561
3.8013766856056956
8.116414696232374
2.6971120335899488
-0.0931964687388227
1.8771761895533718
1.444216900063746
4.6789333675910925
2.3873455779836155
4.645092055563784
6.6149150318473975
6.774716277544473
1.3384603655031748
2.3433640786400574
2.3815570596644697
1.1967797774857265
5.1719193361344935
3.8024046505515696
2.494503061502964
4.403476069147782
1.0214706662190762
1.5984391907610602
0.665337795904845
0.6893956261180937
8.68829166829718
2.856334455924155
2.5790250172600953
1.698214285430375
3.1037279782837177
3.871195752026991
4.287579450958707
2.2635420930522407
4.123938895548029
-0.0714222931377757
3.4271111044177345
2.0700180660185366
6.246594355770707
6.916910129085731
7.080156054942135
2.4007178129641535
4.718609885643988
-0.38567663254569384
4.5246705699372525
6.7905680476982635
1.713548123467572
1.3352867399028692
6.42018969178849
-0.580660001280441
0.501376201923873
8.032824672438784
2.4762607307871964
0.6007526710395784
5.515049732022376
9.748580976407743
4.386744199760812
6.870661367912852
6.244287018711496
2.2295531101245873
1.516081260271755
6.435906218482865
5.1261050272423425
1.0101203020259049
8.04702777866171
1.8458281329881392
-0.45513867249662215
-0.32921619390660195
3.7195207768651475
0.5137470904192543
4.326572023968796
4.728458872988721
2.462132323320022
3.4941212872941385
1.426050347486098
5.055487447274593
5.071683009373066
0.9645054894780088
4.834580007316765
1.7168496752048135
0.5428664768043281
6.340516753599466
4.281646171259236
10.037491294712174
2.8117961734752424
0.886789391315663
3.1167705460867996
5.33471112564265
4.175821127368402
3.199614914653334
7.6699477080423115
2.2174860058321157
1.7862161547212456
8.113082861919406
2.5980627206875853
2.4032692715927295
1.3707867695014329
1.5893434569715519
3.26260661763614
5.722438034005333
3.1501072032276434
3.176486545651211
6.805184539541575
0.7057516997376815
8.353232470444578
8.399819519954484
8.565718679749493
6.914529129178346
3.8149093520056274
14.695180641760151
3.33777823514159
7.398023678917717
2.4097539984945247
5.2717407553249895
2.810673804136835
6.499364134815867
4.367172183194377
-0.6932144334469068
2.575314069035006
1.9254145640055929
1.2762699045936339
3.856265220626118
6.756918036417288
5.010450109486312
3.9253784971128067
2.3364922419079353
6.455294900129346
2.466484498561677
4.851852811369345
-1.7798291325239795
0.5971646547210576
0.8622479265175669
4.484956676924797
1.4212196268526875
-0.28121014287870105
2.3785420032171727
3.2800313265023298
3.411341541757654
2.9348692313896043
4.186230629107419
2.031179714476717
0.45354096240568936
2.5388370980593615
2.1679222634156137
5.013448975077999
0.6235831829622094
0.5369383738459738
3.5907310803689407
6.934343136100715
1.0409691106250134
6.879879468227469
8.920354986253333
2.404953497746691
2.5256561453684756
-1.2296993775637368
6.801138400694185
11.645717221589887
-1.3117007473314386
7.7698425511896705
2.097900236552362
2.226738746430347
6.095397282929249
7.699697170236564
8.905279368430714
6.531192792105208
7.129128272929531
7.619749059596691
2.4952510816251374
0.7782469563564106
7.25281519414614
2.440139167403349
6.159501579315858
2.988390175334475
0.6184686523494032
1.6834171986376116
4.194724464578033
5.466538186955093
2.3331443479453178
0.45165195863886537
5.208309513710867
3.399398370870317
4.7797317214444215
4.043549866718076
4.680598849516726
3.0770643839372496
0.45408619348907897
1.5571371224011457
2.2346509287480747
5.811981806309024
2.2340507412054342
4.437197709379267
2.6337070646887906
6.221360329338806
1.1312428194461601
-1.512305880430088
2.4493071828247297
5.043348116722534
7.011422125056367
-0.7224993403844688
1.7902391475029473
4.983981540528769
4.143758029110749
11.228750736025855
3.6465473486105884
3.8319300795301974
2.820158055944643
9.199054169823942
1.9810519290550608
10.816807861260129
0.7465395776716162
5.007974687256805
3.7016220847642742
6.211876445295656
2.7915345756417524
9.95440988483185
1.3876901368592056
1.408939708144073
-0.9917610667509844
7.172251812172542
0.7307950036687436
3.8991178490010228
1.6418111246692004
2.3412743726929066
2.2485648391466073
4.997283410794594
2.176734977351027
4.977127701964744
0.20873168696418626
4.78739079702501
2.5847527129463557
6.272157181049082
3.6156550842599313
-0.3938877025922926
3.6816061258565527
1.37726243881324
7.956154263400419
1.4004309218122577
7.209479552185263
2.7930888841293466
2.2744218473794575
5.208479570261415
2.9442084368426595
4.93678441504393
8.6035691801558
5.979986982753941
4.528924310213437
5.32034426203275
0.36566547025243773
3.505147484556451
3.192405112642904
4.93016782940409
5.393168422375666
4.015849266672135
5.662027941387653
14.16858325275235
5.390342742735216
-1.1431584153030427
2.955925560169252
4.414882928883219
1.1012240348867195
5.684795141958062
1.6400166864334587
5.843699751108893
5.048623592965468
-0.36560192314689977
2.4696747419184626
4.06789998553419
2.770963930697649
1.2114322722618562
2.5185162491280986
9.491650084907095
0.35059838179029235
3.231065921315328
2.3479089334815404
6.116376597384798
1.3405922734779345
2.1918000806136773
8.93035096115226
3.629363000635127
5.62033960616426
2.5070609298375666
2.4018591535029237
-0.34309675497688297
5.982977693185677
4.5244038279719305
3.053250686303044
1.9021353617992658
3.418159776203656
5.077284578390443
4.474413494548189
5.9263670323011235
3.5120248342045297
7.3765058567021695
0.10019148357375099
3.579955481350499
7.742149220761046
6.793026778589368
7.334303754860589
4.921784352874083
4.353318828493788
-0.13587115740260713
8.329331612118946
4.9241557578138755
4.3535871435658935
3.4922281378048785
5.384044019837236
6.033677637774982
5.629335045575592
3.5155755851120536
-1.073431711747666
9.107231900975329
5.098787605608916
5.578081111597808
1.8254952339139927
3.8691141063069727
1.0286514075841922
3.8818879510271636
0.8215863099018271
1.4867059932413422
3.5611811828340176
4.261056820312134
2.897949899655946
1.7746037724332218
1.1067914503633682
2.9799205749467137
9.464044206526435
6.187217705280591
-0.2490802781931509
4.099470226622433
1.1387556684028017
1.160550945978416
4.321809128387643
8.512508323418956
0.44713763423855324
12.595284655220308
2.765379290702679
-1.2651546579161796
0.735638213237262
4.479260435032641
10.634189967725268
2.0255480016413654
0.143900315696338
4.256662210267035
-0.9890957410130709
-0.18607625768767894
5.990707052220471
1.1605359085028115
2.4252494860439158
-0.6358654132959363
2.656338772155576
3.416541177011933
6.75177462409299
7.529546287895813
-1.2931824087538033
1.5557757342838472
2.541443515817932
4.696087474131328
3.01510226995524
2.387295066305558
1.195241191431598
4.916969572637556
6.304454195613938
4.9297455099163
0.6988900011902451
0.6992476685626652
2.7862448551022503
2.0642359913018313
0.4132086485643776
10.573408151528811
-0.11916367780225834
0.4681971088586401
2.8526091106241487
0.7091721043217482
1.8333241394184985
5.758040989902252
3.4982140863717555
3.894992295990212
1.1882898490037075
2.5951182055572626
4.097433141130572
3.1924892685981905
0.3215780580940535
4.27666959412936
7.945693662699271
-0.9501878596648963
0.09796770298233845
1.4126858835461977
5.37543752059402
4.820035285539049
5.002914773472088
5.138850154603296
1.7712291796253978
-0.9701714066643425
2.4679227677513547
4.395013398351698
2.8050978201397956
5.805555377203786
3.6306760836320424
0.07824962482650563
2.1119919680220614
0.4282802033539048
3.84353043206782
1.166786484552163
-1.0840853275922102
3.9552420617284554
12.351484773451359
3.3787787798601423
0.2637179919751995
1.5348393006047094
4.854612971413037
-0.07243332003802883
2.8785074036542877
3.4299991916856185
4.580844381474862
4.775548959398617
5.605733762919378
1.3069332393263025
-1.2911189243584755
-1.0966883189917338
1.7754132132025393
4.466365916235008
6.36816669656209
0.5344919536480255
1.1777046261340678
2.8787280713436014
5.051131714694471
6.433156909894259
3.6615741438878073
6.54380412554429
5.311801636463619
10.170502759835253
3.2765759047490333
14.048447370395966
13.499835996421535
0.40569542995535723
5.422007985798767
5.631248660360807
8.134128838516514
-0.9023544116121855
-0.14864100670105884
4.3172196225289525
0.6405332632401867
4.458251199651163
4.6079522542346405
10.958564881098537
8.867640424916676
8.036315793111367
1.7038356491089184
-0.8975180235649015
0.24753261083111816
3.4843581865707534
2.5980385453706067
4.319506966010727
0.12693001109628405
1.88694817365376
6.549211990164242
-1.2881420868700784
2.0706416118545654
6.295551003111487
5.731263626060797
0.04770144535911047
4.190352977800689
0.9084639056544275
7.62414831640732
0.2942886439666347
5.154605807285393
3.213115087592735
-0.6872727257108097
3.372684235088548
6.11567131106336
5.927705239352341
1.180169795831293
6.118129389417261
3.52743843642455
4.650730889738139
1.6477635997051945
1.7819828176999808
1.0086033881004068
1.0020353927272951
6.049433237749978
2.072534243746333
2.0843822455309318
4.932998500803018
5.75077770447696
0.1344694838793934
3.9850902667865826
3.0221460580353185
-0.8163952402376546
3.7634368469524295
4.575533648136672
5.531373353097291
2.91356606749085
5.047495757835751
2.3421761822487595
2.1472527744044942
0.9338724164010002
1.3651521073387982
6.899207300694198
2.998713187582551
0.5732861562242795
0.6537445464907365
3.1730243292424736
2.6664258076037597
6.619256024957578
7.879535105084496
1.5753999253519275
4.230812547541709
2.4625667158544493
9.459815777109775
2.5547251762447907
4.664866618646728
5.550191915617346
1.397578637831174
5.099252140290382
7.403072881615299
2.168767555341307
5.933622916804227
1.5321138239505434
0.119845734947153
2.8436683657131394
2.521411777239164
2.2632690119048626
2.578158183140152
4.885556731646671
4.8751013821092375
4.3358024301555185
5.91410867240938
2.6813755540408035
-1.0393290453132233
2.8892720364546745
4.1273770446626985
4.47727741884975
3.1685346952852935
4.455034737026779
3.0903153246019746
2.1624415733500646
2.884443579827479
7.089393441690879
1.4721915076215677
-0.37188521689682996
0.877309832029879
5.246680988498127
4.492463765468863
4.107780498901202
1.7944673917048808
2.7619580702017417
1.0227219788882038
-1.3580146966765798
0.84446602859004
3.1475969122664758
0.41202754959325083
5.259696955000838
0.8743983824141242
2.3926967670650745
2.4435538626850537
3.9444394403936283
2.0742559117523323
6.054855836884158
2.311378639016034
2.453285848155076
1.918646336199929
4.007001136558145
4.354186540349058
-0.3904691410931496
0.9645501088137995
2.0311101777483893
2.1942763227315103
4.0014178788745
2.3773130355872922
2.9732594999238273
5.474045081900459
3.7087693393245114
3.1067655494649022
3.114835965593388
0.9005796118798863
1.0202527313042058
2.183195875308364
4.273344299165175
4.3740518052996205
4.218137402929093
2.1737817346486743
3.4717541274515997
1.0743369223996744
6.0599214844971465
0.6972569480592785
1.3510711566951037
9.011205770662695
3.7096714154775388
2.172038947940922
3.4767416184739828
2.7455843829938362
3.8416762338568797
0.07996725738356955
1.445515571931141
-0.7157545305194604
0.7224989854285466
2.247551527809299
0.4741949221936186
1.6515888266062686
-0.8387990691244774
2.9536027730284546
3.4201651847259633
-0.7371202663490174
6.39462362995431
-0.5829268909286899
1.348679339491996
4.396105130055963
6.170775549212587
8.816553431087923
0.4474700610222032
0.5594562071399605
8.752951662495056
6.129085938817244
3.364672522297737
0.26420897892713213
-0.5834521520893327
3.592948843966717
2.9483078990903966
2.4536001515473185
2.7880634676209217
2.664744634328379
2.1476492380305974
2.382444486792796
4.758066954372616
5.832377010305784
3.9422197781456485
1.2153322810135094
3.244153185792044
1.1259568045262796
2.719444700722611
0.8562029829912395
2.6611850256127427
4.3130672581216345
6.171005332383785
4.471556123111631
2.391278466795547
4.631598351531637
12.935843482874224
5.798141269999303
0.31486821683026645
1.160050782936689
-1.04504479867402
1.105446710024756
2.8223010227004575
3.361897133287393
4.447967704403731
4.045905812336387
4.46651628105295
3.980292358521249
1.9929033819256565
3.7341517300907423
2.985119508514328
5.029842979059803
2.0992030757590707
3.114856662222138
4.368990817561841
2.6651202424621183
3.379194336562389
0.5270032191427428
3.996440049057905
1.3468228176922463
0.3137277982543267
0.7861646137748208
4.999038205830487
0.9582035236154265
5.783113217089865
11.169583988770722
-0.10923929232704876
-0.36591214770254193
-0.6741741009007485
-0.8510938961965637
5.016800955079661
3.5086653850746856
0.38660806180613827
-1.3637003793026008
3.178786578892544
2.451230997966506
3.9580253153164366
2.4931402113801027
3.2718337957131896
5.97543406053625
1.4712214336257645
3.064935603135339
0.11872389789261051
8.58796342678856
2.4818843680143132
3.2582872714168714
4.221328059052117
1.3974527859370263
0.007207719521995282
0.7219521784076839
4.255100435395473
4.460565776785667
5.7810329068981305
-0.7709444970290951
3.883938527967082
3.2985585166102287
-0.25974215937449074
1.3195682590730184
3.3604149185256666
1.0883029734543013
3.86541808349656
3.55484159940856
2.00003708377225
3.615867698922578
1.68526894252415
3.4135229230263606
3.8400034475406017
-0.6851132517224218
3.456315616439129
6.021535053708668
0.6163180461955511
5.051305933754388
4.007265192887346
6.082739685277011
8.63722153893008
-0.7038784218346222
9.947494578433773
3.9498454322326246
0.12181082958934414
2.8987233235518186
3.3851220228156924
-0.6655038549115085
0.21877599724488375
3.972390350192048
2.3689552174266044
4.558761305681577
2.6195317020317272
7.6750538824400305
-0.03972084544242582
1.3020446337720684
6.499141487536378
5.325264699589197
1.369922019389311
4.182114809467494
2.6075627870941016
1.4124779267813072
0.3085303341378216
5.4169302486665725
3.1760057404570534
1.5377505831953573
8.513708768195324
5.1629040307960326
4.505742909896501
5.321878782950138
0.4619284457976268
4.280457814452681
3.6826669294120418
4.084887740919888
2.606839722043668
2.671900839371043
2.858045333068236
5.021363793715166
6.199818199611991
2.5502087229643835
3.9427357447635583
3.7554227400193847
-1.0258237031388353
7.791306327064243
4.946431461028279
4.499235556392202
3.0765900254618885
3.8815618651971433
0.5873969444060665
3.6151310076523986
3.8192371005482793
4.662416333817174
3.599966803196679
6.155921502711135
4.381140403781105
0.9570865490746193
-1.1085200342401336
-0.7267438876529996
4.222557920395794
7.243013504317032
6.0661809232684565
8.555418182983054
5.051636686728922
-0.8756762050366222
6.9034360571650915
4.125290432448798
1.8913691212873407
0.2709260906161576
-0.6491030941071011
3.2727287086646837
5.4294913122655615
7.182100071803925
3.73718366354582
6.0329650460758675
1.2803350608017166
8.239518061097396
1.7081614153794549
3.452296839822645
6.253240964707329
4.5684281560801585
4.628387713040354
2.015063494055754
3.074707221543658
0.8902133296623436
1.5549725877192495
3.0824148234223454
3.2782210213263583
4.8200041745630955
2.994040335006575
3.7785371899727407
4.905041675392718
3.132955871342765
2.1447581537941973
3.2987981614969244
2.649181995575904
2.392544808286075
-0.5827170193263003
1.5597222506565043
1.1371782607166263
4.304467420617816
2.1007303942129214
2.160857355436771
3.426992231991314
5.517935473898886
4.473818097184331
3.5439989703674146
1.8415021829934546
9.902555703598848
7.688131901661114
3.9585849834135187
2.316037163053579
3.5756613004337847
8.07603557914345
7.429049696244876
7.292063735658839
2.248810540361377
6.115967108313294
-0.9941144597141628
1.0091814902097989
1.6285465331340752
1.5165499857882414
0.15806114003753158
1.519093895379891
10.706644758252603
1.2932833405537254
2.611748223737833
5.044328979368677
5.283006535187295
-0.04843367688646436
2.7282719663630535
2.859191717255169
1.1559013362363417
1.8354521810738094
-0.9321345648798962
1.6597693313983704
2.5675371339012463
0.7153414031776751
2.1556042910575908
3.9385549658193773
3.0434438678375364
2.481536462632205
2.995902904302804
2.8588851762467122
0.4071445663277596
3.2384611260745753
0.8373604412311362
5.0870823623095225
2.511565440775592
5.03641577267858
-1.6752594453629646
4.65409192549993
3.7970942365003344
6.045354440629503
0.3328648714721258
7.507877244671669
1.159375430987684
3.086425169105194
5.829500264632385
2.5371276172877755
1.3229024717817817
6.087330848971087
5.549650978595332
1.2177630464833955
1.2092762046048082
4.441116061764598
4.382456919457375
2.597709821437659
2.609023358868349
5.4163576045103135
4.857767742261035
4.61104384319823
3.360414675350918
5.449964117293246
-0.4833873096360533
-0.8649116455556287
0.16738218924076687
1.0026228331015492
9.229731635236888
2.512408203731548
4.390331152555084
5.285868732607286
6.247871680719041
2.894627400213585
2.8343512665470603
1.7097004078815619
-0.7308996596615811
5.385216110689715
3.7282573708620133
4.401771259412655
8.669578227971954
1.2070264526388197
3.5435755210323654
3.166082442103492
2.5613924419136764
3.3646159247074565
2.435224591392533
4.203746332502443
5.026472541489964
5.345100414945328
5.655314967413156
4.613229299472923
4.568404879395896
1.5645132088056883
-0.26067797585555974
1.1852583327758732
10.33492679782255
1.8373430226682874
4.770989780966916
3.221387805699724
2.007610904215691
2.9210636888863326
-1.6681730974552929
3.0789561992024175
5.544465810881702
9.381468683415788
7.653336005904789
4.4198338442973215
6.860755300231675
6.194294606195937
1.452345578617237
6.58531922200213
0.15685256103979142
5.969841846100582
0.2997680859144164
1.7423349481644717
1.1769440775250133
3.6758500681189084
2.7977643969567167
2.0645812592230937
2.415925525226444
8.103471335111768
0.16425266664302873
3.24789562552398
3.7205339507872885
2.5367644545957306
1.4113840113031302
1.795127142435078
3.7282314402203935
1.684527142250469
4.090890088707912
4.416744854665984
4.6459606770105495
1.926827734795316
1.1207886429664145
2.283524023197209
6.572577417416613
-1.3879212436679644
-1.26738519248386
2.2316081541910417
3.0624712732737356
2.126312460083951
0.4993771844787709
1.1603585280993247
3.353733946881177
8.303798928126398
5.892665084807814
6.300932343041089
9.097356437936796
1.8059372630920159
1.288639463011431
-0.02811169149156676
3.8218236332126714
5.5694910832746345
2.3059784435231916
0.20901799507067542
-0.9824551176198989
1.146347475411993
2.33340136852293
5.073232504837134
2.207891360094423
6.938527676555144
1.6212311111967985
3.5297889244798495
4.313810353990451
3.5020659825835567
-0.838284056003259
2.6026412285806604
5.6434229382504135
0.4488626150037013
3.8446083849380104
0.6192934752086083
3.342930594199942
0.259330030175912
1.618962232053735
6.302962734232761
1.62832266424825
3.0254386768501766
0.6354605948132444
0.6991257380087501
1.9398526443036803
4.51060884333551
5.751013698616711
4.117400648542358
2.4437902156073084
8.174257143493826
2.458907210349914
4.007887017640394
2.280233654783981
3.1461005238089155
1.2406180986085869
3.3045538086538926
5.833126465234178
2.3506720416601206
3.1885879039376626
5.15528362912647
1.964031128951567
0.09375830429047904
-0.8283170566914986
5.558144512465281
0.5277951401515178
1.2615198606806517
-1.3292953895424
2.5754958724133656
5.973049998684505
0.1280255429363879
3.4314183993750142
1.8692812109619799
3.0130569269281735
1.982354988388529
2.1566720195735543
0.7599342527544858
-0.24160093276059197
4.880510462692364
9.053338315475342
0.6493183458211774
1.95740364233736
0.9628597986272035
3.884872058978822
1.2311745033744033
3.724731621042607
2.2607360458355017
1.2531673518730366
2.711368742493702
2.3340251684647475
0.5049938816031583
1.5685788444746436
2.006129092830898
0.46903837604465515
3.156687062222627
2.5679957868132277
6.9380222715050355
5.0670112371768035
2.496862124262449
3.1005413328872917
6.227617504822429
1.9916816345731838
3.2609450832139197
5.85014746535805
4.060779817609342
6.024479991314232
2.2458095689617297
-0.5586651543510768
4.234295662173848
0.33893007562886535
1.5024827491994817
1.7556307768348818
8.297340496878808
2.6729857501738525
4.034935533094769
1.6748123142560691
2.679519791839783
4.295124918324094
3.543571438061665
1.3936427810093257
1.2780356182969232
0.31042300369342196
-0.2828440512270804
2.7897267654397915
3.8039948111967754
2.794724114102013
2.008158582259204
5.672480209904208
6.370195770814159
6.553251359172359
3.479694485385809
8.534720742322005
6.420611234689479
3.2782446786153656
7.102446715824868
1.4377679316160963
3.196990985451797
8.244042466973122
9.516519509845391
6.104563148069442
5.537416493294309
0.9002199983345086
5.469198180775753
3.2075247586595204
0.6119642702368795
0.562386928632608
1.2033061511199459
5.038730956104593
4.697896385601141
1.8995627431265645
6.956356303784737
3.451663147048995
3.4216381108141714
2.7935305701843056
9.674627815187678
-0.9948446376022221
2.8897264996735377
0.0377088327024413
13.640917892717505
2.4223052773162266
3.232712323958144
3.2153265075957926
-0.6386111185245154
2.1562174926464
3.0751231888406028
-0.9093782921079842
4.198617875780032
0.6748666672550058
1.186946947819682
9.035530582637774
-1.511547944624104
5.100779010414447
2.680510914677283
8.665888250159822
2.849755659554557
3.510991545789884
0.2407799834673515
6.714161597063313
5.188589556640133
3.350096548519731
3.0612919029446575
-0.09539809066036464
1.6590214905729321
2.0149365878629464
1.8326092574964528
4.092641821232771
5.666638457070849
1.2614350584533383
3.4996142839378352
3.9655326063088454
5.272413009062586
2.3457664050912785
5.036599509746573
1.4723751259861957
0.245781001415311
0.7155592265180062
4.0011184928225365
3.3908523144576264
6.148528813841455
-0.16274936493551417
1.601926280059254
4.668840115636664
3.4321325593341334
1.8118439317939692
2.4618312228171346
3.1204670389467224
0.977007652186842
7.682021764132008
0.5348411368830583
5.2990747971474566
3.599308453080163
1.688257379516099
0.21203857249709468
2.435532790268796
1.9019744113555714
5.509587694791728
0.1774467626945866
9.26255553066522
1.5751983859337488
5.653426438408172
0.08441791542823801
2.129326116796282
4.797528427839155
-0.6824563720875777
1.9760183533676468
5.535570899750129
5.544844199522072
3.9848049897438793
4.1522257929029145
1.4953293031883306
2.3616312775972617
4.488101470339193
1.1758283111408212
2.780446084541329
-0.6756950192294193
2.5190669739743736
8.78258872794543
-0.0759740853133557
1.346154092064624
6.287279205535505
0.8687975568168971
12.631873487695438
7.1330104468827304
8.540707053497817
3.0054626782600247
6.378680656386108
3.2400289341027735
4.0102746026212905
7.698063930398142
3.2486163601591773
7.443024275390914
7.366048634435225
3.3220148436493284
7.118063380304102
3.538852917855772
3.662391267401163
0.3437454433392173
2.766413745229428
3.1136430689793233
10.318788660938688
8.58875510629096
2.4845269219191977
5.528831372229448
8.53872704464235
2.2839518794178684
3.3623141654456403
1.7611128901102966
2.54952770398346
-1.535753623457392
2.513759297000729
7.554453044881464
6.2312940500354195
9.099642721959656
2.3216635675804604
-0.20643737938563955
6.677752811537239
0.42659064363812926
2.1591820732640183
4.8898030251383835
1.1122248092289773
1.7588709237611597
8.460614462929936
1.8776358525984387
3.6449777340169565
-0.8558178640463138
4.805546303698527
2.742397650376284
9.663407071743737
1.9407774869348557
3.6205575515280044
3.441968494389926
0.8668771986205334
4.440769464158322
3.0373040644164875
2.688797045681466
4.03423888757831
3.6199754729913565
3.455500089774398
-0.05351682440535288
0.9570627032598922
1.0630507015428996
0.5912310407987089
6.160290374934773
3.0095144924456863
2.1936831914589128
2.432109939136231
9.226224292431391
-0.2155794774272344
1.5810286914147205
2.2760283103281296
0.6514341258636116
4.143676378456627
1.97809411647424
0.06206888107901193
0.674658436493013
6.5758074564247595
3.392584335251989
0.014639446740454587
6.681042339394952
3.677570868495689
3.485587617778783
-0.14259822402678551
4.8489551602548655
2.3822419703656026
1.6963368567371762
1.566238846919832
3.511097363220971
9.962999563870312
1.640855835757695
-0.7202809434024691
1.6035543427780339
1.744552527148189
2.3069049028337267
0.762012109215821
0.8267820374846717
6.002641283107383
5.107284359780545
1.929503741373931
1.3921755928666537
4.465895435386175
3.892638015623335
4.744557016830296
2.4018515398760862
3.598672626111238
-0.3628097004514789
-0.010136732042167917
2.586998849872184
4.969405472979018
6.5283627399684265
1.466127738593125
0.5786631363057346
3.715426336956206
0.3441964258662512
1.8759541947244873
7.905608689251737
0.6657023198289531
7.786202984582904
-0.08117684642483497
6.748433854634577
5.069278748029427
1.3465718878832167
6.99780475294134
4.127596863185882
3.8475536369082675
3.1033068308951828
3.218899673163155
0.17342201415010644
0.3076924843521368
2.515099141897142
3.3987182567107594
1.858904636505338
7.409067312329789
2.8942084871326363
-0.18398893443563066
0.10472865643159501
6.75207317240006
7.916592022088012
2.942269524138994
2.610387219907389
3.5947563803375653
4.903286255278358
6.576836890231241
0.829667701292998
3.5814969086252217
1.9656113151066663
1.2945308841074732
1.6157531912047713
3.3642172587008763
2.379383939651848
0.7688663979819133
2.1126682145198306
4.657015853668556
6.997045609564025
6.190818605130793
1.463814349608257
6.515745817392798
0.5191847463135337
1.4151063543622506
1.724212697576947
4.635953165094463
1.4375191163889964
1.4835007013941315
1.4061004394649042
0.04711977752653032
0.45124108181638833
0.25991946330230686
3.951805350122259
3.5604234997753865
5.170863789826768
4.555678835316106
2.1788222829797266
7.29380095068324
2.274819032010103
3.071755092133391
0.7684549740048889
4.033193852608347
4.452650888689895
4.299329852833574
3.563690700959877
-0.7555346537785483
-0.3846118287318503
1.0370216553564848
4.323276747149845
3.618752899450012
4.025497355596008
2.123311957102396
1.9466769404865965
2.74492598909433
3.1346527430306987
3.9914409678081224
2.9381100905799253
0.31639902026571776
3.554875510808365
2.168116540558584
2.801079268694778
4.6697465836591245
4.523151718959826
2.452912936032924
6.797997530936835
3.755774858940518
3.494112118230916
1.6621301302714386
5.0537048767823265
8.922495463627104
4.477835419237748
1.7325751067946842
2.723716963072948
-2.1455705134365
2.1662358502656267
1.0646393120579443
8.294529061251582
0.9471676775543435
5.987385636772254
1.8173838005541387
2.4187489322544318
2.6873078631666685
-0.1628226182930268
-1.2732793622111485
4.854147523809077
2.1827222359835994
6.160817969898333
4.720977336044524
-0.01281217439003035
2.125438089758919
2.16645818980247
2.1252498046828783
4.754373196628995
-0.9369330892154809
3.112024710630756
3.389186254776365
1.8504775982174422
0.6561645885298606
2.2906809034860265
3.3442194741905444
4.590224724741407
3.1723576470566024
4.047088229052694
7.224655638490281
5.35802107182132
-1.0274534090572627
4.377630029147837
6.194819166689516
3.442416706524738
7.286121334047237
7.490436596041031
7.536043024281644
3.578714100097323
0.11004445481895438
-1.3819227120954658
2.4579262046293784
3.7395999065945285
3.67039944284218
2.659561558787942
4.733518130479326
2.418922407739445
0.33824076822524746
5.599111801011252
4.785787828330716
3.1019910251533194
1.8904782435801413
2.8144272069829355
4.914053828954666
0.9097873530867914
4.255903351266323
4.568415976182655
2.9986732845226527
-1.054293959484018
3.881155417852696
-0.8054258631223356
2.4035328541297893
4.967825030071207
1.2830788716567303
1.799908858408918
2.5796826002826174
4.769346619728276
1.4929793962918132
1.6449644660983984
-0.28343798648712887
1.8901913681687326
5.438241057770825
7.741022443636917
8.22158719158398
5.097056168285858
2.410037473084913
2.6975735677675763
4.157027890016083
0.9850313360927107
-1.2367617545549812
3.7792604700656085
3.7749938430644403
6.424960216164372
4.2409276421608455
2.403989100302809
7.743740738994362
0.7548340054868288
2.1915553060930213
3.0045712769489628
1.0205193379998159
5.587949694846386
-0.23475362139985734
0.3619254023084409
4.033766267118707
2.0819837402534285
7.408747064697655
4.1165246612020105
5.071257905905444
0.3607126669863393
2.2329281189311025
1.9373785136511392
2.4528508718758664
-0.003509802193864174
3.2613663702958955
2.877849975884466
1.0015100287553502
1.4143162403079588
3.4047391027320972
1.7072562326389742
9.456129328490281
-0.5070366126944921
2.830043171141532
2.9126485266730984
0.9062712129479904
0.6403246994364122
3.3208277979332554
6.809543058856615
-1.0226537403758869
5.066010638521883
3.670119272816428
0.9487241491809016
2.477168942480235
2.029369825918409
1.1560825862726125
4.445726664920242
6.18495755369861
2.0659345096553965
3.38821043331518
2.3827753693922613
12.810632280954751
2.2243869915489087
6.376184287341019
1.8234955499900578
0.5493193882683545
2.3310089940094634
1.242576734342154
2.6520984913716017
10.380451243181701
1.0840705061350386
5.722408597047044
0.6459452790266047
1.785339385617064
4.032176909068615
3.586561013605101
4.167140694122535
7.059424763842684
4.0734646387034035
0.805599719071745
0.30660510101214716
5.05890699356322
2.0975137391149827
-0.12358905553352799
3.365010119770785
6.2894392136809305
5.636251959192783
4.11180982286604
2.8217787865448716
4.930332301911424
0.034882587629762374
2.598829222447417
1.1745499371453163
3.804278316848339
0.6204090802704079
3.093658085584412
-1.3220614827281691
-0.3562074766195915
4.392970268857325
5.918854430222295
3.4818043005958934
3.8036848954324243
3.762054046925541
3.4237875161527898
10.495008254633763
9.461533150213349
-0.17065503341117505
0.48685465278351836
1.6010116584060852
5.991379573735475
6.21421711730207
2.070520237905554
3.3086251109350653
1.4599374259140245
4.196090842917342
3.5930507277404775
3.385305748083943
3.3446490518448857
0.5876841757702237
0.9787017545821143
0.8177431446140965
2.217892402901288
0.20394977921896795
2.4888549338233
2.4796426208046274
-0.09218642522738424
6.892779111271484
5.169688935580179
4.921488812725765
1.738738905702474
6.696846142970177
9.176469724920455
6.5025022808774615
6.480015979590643
5.572859433286491
4.774256795082964
-0.12239744016387036
0.4482333798835612
4.193483892664931
-0.09600079097377145
1.040409190223753
-0.36421373151248027
1.7692381476359313
1.2028531124953685
2.182926112465746
7.822236264504592
5.52102839204061
2.9651668123112387
3.3147259509487057
4.516678443147753
2.510237276822342
4.173379865781268
2.837094090267037
1.4752773780833293
4.031699791890483
1.1529673012933723
4.529642618305572
4.85562897095275
2.900217801048597
-0.5645696590694831
1.1942165544788523
1.636356856690782
4.053384993015774
2.5128263160892232
6.230512919307479
7.620292351791608
6.735620322052128
4.509747395054902
2.7483061355630056
0.4446533829856414
3.6574097175554203
1.0427990177009494
3.55987169213466
4.437477010443026
-1.130716414714032
3.0014205236489424
1.877024254745991
3.3993746092349357
9.149323022495004
3.685986738832922
4.356932907544844
4.371345068977611
0.578607628344966
2.1104768859653134
1.9762021287999267
1.8385670139412007
4.393276557100958
1.4654303117124823
0.7992297826193573
-0.6247698885088282
6.637754350018366
5.33044581676784
3.8508999146729237
4.077529969550877
0.8649215339832914
1.7660023375968608
3.8364186012648958
-0.7659695501441839
4.210903304817592
0.05851941940466432
2.0155734596107093
3.5913708251708716
-0.29489507879989996
6.70520288271825
5.762456111229907
1.1437464834448203
2.2377001479031957
4.961349311825148
0.3782341681822061
6.482214898581318
11.136055046460433
2.293766882113432
1.4850378616103341
5.271687330139214
1.7131273207218005
-0.5018958223410612
-0.9061937571825487
2.419242134326181
5.777629261688148
1.9723791577487633
0.3765220481286
10.135795535198849
4.82273288550015
5.666801459044531
1.6774983803094037
5.801197286277292
4.241332263962993
7.275996232335328
7.087061356415136
0.7167792239234552
0.7111877192850922
4.251720646992623
2.587844508823421
4.633779772790457
0.4278913000031407
2.8902456524368247
5.670943121067426
10.536091026442431
4.698095483781844
3.0418136945374004
1.5447574516049167
4.255392494547385
1.7096473070221596
2.8567094516123612
3.1994628034959054
1.0949848490873657
1.849157554449393
-0.18171366625410781
2.585479231835416
6.9112712316532035
2.746224200531512
-0.8215768501495679
4.542293277939626
2.566084053970316
4.996797670566537
-0.6318572217879938
2.5655352282248147
-0.18817549814524592
2.6386063264990187
1.741075073352192
0.39182640936835084
4.8294914452913735
4.761276462924624
0.174316113719848
3.5781543747684292
2.416801184630809
5.586716545682931
0.3164912005821201
1.4938400084777839
1.9304903683747339
1.9161678548860548
5.7578579624250015
5.606530960991618
6.685213542346155
6.086531068260648
3.4862782035161137
2.5040342891994833
4.316065325226554
15.363793282339337
5.950631934497767
4.324214146211329
2.396438577026766
5.805495849774135
3.5426864019908244
4.749192411015456
7.605701218074674
4.045413984165369
6.844030679327848
8.208372287743723
1.1897689239007265
2.8059131320039965
0.5285083939717635
1.5339819446423428
5.607028147528562
8.693684283154967
3.589817167701821
5.976773740162734
6.66740551768165
6.384386392464963
1.2820451002564404
0.7801024113490991
-0.868342176986469
2.711731112853921
6.818508818269983
2.0116162977691996
4.5532099663342
-0.5698661000988858
3.7986077227601145
0.6762383391753829
5.102041258132838
3.025850483583243
2.191983868583972
5.025343847234048
2.404023720480975
-1.2650953087529337
3.7695088978862032
2.6850975889768316
4.35564047853909
1.918134430333162
5.931647000693225
5.746627338592322
3.7622842613266934
9.564792201014042
5.353853158828691
0.19261963390129086
1.374925740021641
4.439238634846934
6.401268766264636
1.9638322776623123
3.4922238013908897
4.185646347483008
5.835458313655576
4.049257590818388
2.4799052307074794
2.411234823689231
8.130333584841189
0.420478387234377
1.5474304743933809
5.250407803674767
10.685746389740679
7.2005542107765255
1.9196690261855553
8.96064296208361
5.727274205187199
0.46169337597470883
3.6650957339556163
-1.095471666148433
0.005391349722365879
2.3041972664635364
2.0486287869087727
5.132324831868459
1.3832390068273446
2.7390428880830906
6.083563359356544
3.403737964349214
0.9600131330681261
8.341450630105495
8.014053858641551
0.9273558981735566
-1.9392806747682112
4.188446023412234
7.789884275429365
2.2075036001683994
0.6816679207011012
1.301269205578586
3.2103032563929492
5.442230493919466
5.471727726259903
5.270931871328671
3.2106852451631473
4.985559045182408
3.2200883778283
1.642939840982574
2.4821342166299174
8.893736579146546
4.550851567926727
3.7682651888233845
5.574369380156345
3.3928558177282397
0.7494252121779755
3.136498356509937
8.205622228296862
9.014753266080207
5.3654020115969745
5.932729150232796
8.778238861810395
6.491372933193418
1.7128737397341838
-1.7005953376080785
2.137430858046643
6.300917104157925
1.0313246179800144
2.849661545616729
6.077443346216978
0.5933179797467353
3.6986067584258824
6.633893951022082
4.057859445315124
8.833680447682093
10.02754134125347
2.9385110897135953
0.047518264956311396
6.234207169936808
9.906872215485025
5.355412155323542
2.29606559069192
4.316611423317795
0.6965112716336517
0.3314365907442547
0.9945893164855466
6.041594744793823
1.641680835824592
0.3462870216025169
4.675564951550699
5.248393538522018
5.970681346511487
4.972056178643217
3.360121798606131
3.031587963935902
5.32369743455546
3.631795410478309
7.218525079271752
0.6997767341186967
11.897027199919444
4.545903601209934
4.5435664022415825
4.16990942238238
2.797067448635808
5.58823040065374
6.585542137897103
3.0679188903391084
1.8245102520863785
1.0740427519411457
1.5782378310585448
0.04934374320653695
3.7161583011994637
0.9170626338242288
-0.09923397164951792
2.4103029796102056
-1.0806486418057997
0.7795636661648608
4.485370967652913
5.683229223788037
4.24437717449817
1.129894721150573
2.205076067457111
3.284095843671862
4.2169755964088855
4.918173535703223
4.663693939623712
0.24432306815002391
1.5548562838134075
4.074187209594781
3.94063431019855
1.017866743752455
1.5173106388326927
2.7308417242032887
2.7970688069614216
4.672835263191725
8.476314186077449
1.761182293588425
3.7724401623774924
-0.4674632137442643
4.771882952104315
3.4562795261676813
3.2874822063375793
0.5730051134335196
-0.5856472177542187
2.4915064390672765
8.434337308238
0.42283000356078027
1.01973823913778
4.420872353019774
8.469696141068557
9.347704226334745
1.460563200227897
-0.3752502054955971
1.1860061852360797
1.2762615636390366
1.956799332614156
2.1241654915345527
4.54504694851382
1.0954282983316146
-0.5197216358630337
4.642052684464223
6.861910287129724
2.7902861836622495
5.134848539681383
3.7082227734805526
3.8212789220976737
1.0143130587895801
2.5704260244714
6.300391149069246
3.0348948915947562
1.629149717923822
6.795920563219161
7.766251163952597
3.5720557994006468
2.8265780316138622
0.787974516994649
1.0245305151630806
4.860545944910799
4.635622297320816
3.910357711851165
4.400905189934175
3.543137906690345
2.3792265965653687
-0.6189418895656246
-1.2056559515338734
2.3926450306073868
2.478231529067371
0.6945227848714555
1.0164398012365732
-0.1454154949390699
4.573212471842619
2.6709318037098773
8.142809001985992
2.464225533028683
2.1141591074189092
0.4620104451481518
1.4813884302387614
0.2808277009937035
4.98881726904319
2.0486659478295546
4.548251326152912
5.211008165175793
2.33815813058715
2.103771499940632
0.5586250542653409
6.0811115994828135
9.704929871108387
3.1739400311432435
11.294280452909934
3.208690399455662
4.762235645203964
7.699380992562033
1.8567695054416395
6.34308317217315
5.744617399466696
2.3098088553629457
2.5206793942260877
2.591788472968798
4.88757563051269
0.8095012404641182
6.206868835207596
2.231007245527174
1.4640178400633173
4.7112883213893735
1.5113485025965392
6.185576249096445
3.4072031453403167
2.7006971303624203
3.569401908627884
5.928912461732313
-0.4804811562339607
3.5647069101363056
9.74758728727127
-0.065737229990663
5.451012406244171
6.022236967924929
2.6904536075436316
6.152684909494652
1.292494255053698
4.377488382477998
5.159533178870601
2.1367598239446
8.660242802388499
4.399068416758022
-0.9195768509448672
6.8625357715092505
4.639519791956974
5.5026898368704025
1.0591735772909756
5.127986307191301
-0.995115410855544
3.5532082297442176
1.3934137332495369
4.061674197584609
2.2478179332121426
3.1612769635169418
2.896394714771434
5.383547241537775
6.301478601278727
3.276731074247359
2.1809772398527216
4.131128760734287
5.531966782712614
3.277373264050783
-0.6611818799769256
0.4589249113803654
4.257440178661891
2.095260619747739
1.0617878246463346
2.6499404516415948
2.5029588707258252
4.935641544068125
1.8549097481488206
2.466063303571384
5.20361528542842
4.258957160195711
5.562396911040937
4.153697253556428
3.1327266689586253
1.5315816410985386
3.8633539572991404
2.6164857922278615
2.4739535038418397
2.624711364971583
7.221982488433847
2.108449512233622
3.265127161038766
0.011010379639545265
4.82016212506182
8.018293779366083
3.4369671484540305
4.811562499478003
6.844155506623181
4.852931534786696
4.368259255177599
1.2418431596413666
3.3202143385614793
8.334283421965756
6.870578461398998
6.908354098441244
-0.7592124688549328
0.5351527657186093
4.7722857851401566
3.7093239520024808
3.862537185246274
5.084469821666259
12.887075588522347
5.739395586341232
8.105390631678992
1.1711914630309144
7.185520727256891
10.158267992189142
5.9209581034184975
3.4668456339733575
7.118203748956048
2.1983737576146973
3.4227639572629363
9.760128076837791
3.4927295395832787
3.670679533415745
4.477597085781023
6.734528583596689
11.207052145566532
6.086071827117998
7.848305856379387
4.882896535819058
6.979053926859262
0.2991929026487239
-0.10515554773830751
3.8793394058906845
2.613858147165027
5.949986415080116
3.7460406047862485
3.5210998207362914
11.507774774911939
0.33143739370609626
0.5498223542147544
4.599793553711219
0.00423982834730996
2.6186213513394545
-0.19010519428558537
1.1158584342551232
-0.6644547247954633
1.9835324053255332
8.663582051434815
1.2557193897663876
-0.4525164735695217
1.5824112681687068
0.5553168320903036
2.4874710006405665
0.9605701020733406
2.3245562605276695
2.5526208216818485
5.482916690387119
3.3134634792634614
3.766727520156789
5.426608396364434
1.9153518721014524
2.63670691334898
3.390397638445384
-0.14306595211395906
4.279111523848091
2.5721181558533397
8.201779813749873
3.6004299722974102
3.975881798942588
0.7634926562042186
3.1591086007709777
1.3349605819838235
4.4485991079263325
3.174513347954358
