0.7969272892236368
-1.6543811288078887
-2.321920906585955
-2.610789489170732
-2.4110240422763907
-4.095702712445313
-2.2618826656259405
-3.5422539623876657
-0.905705557913606
0.9801574344261046
-2.7551154287362074
-7.151441194547023
-11.260098758080506
-0.7371885181723645
-6.885654873702665
-6.281946432355176
-12.720316393829053
-9.152573273915959
-8.095283724475562
-8.533399326632876
-3.822464470889566
-9.383362917314727
-1.3176591631832328
-9.793364871485949
-5.445486336551065
-1.9083992223351123
-1.8905523856709299
-4.932992263055413
-4.33981555996237
-8.326431311268085
-8.760885538538957
-10.906185279178178
-4.300842037777095
-10.852079549790174
-10.416587910504013
-9.089482214658942
-4.443748237178342
-5.65863706608894
0.512004706293619
-0.9438831386495042
0.05680015258859994
-8.936896225208493
1.8639981337620684
3.1618575894759555
-1.353971339574757
-2.246994464257099
-2.573279447881135
-9.613326361240738
-6.455576570902983
-3.0229572612725546
-6.822184257222815
2.185356927430327
-3.658456874532269
2.4220576902869055
-0.36047450358200295
0.44954727253036575
-0.41833676764501093
-5.0251351958532275
-6.330897754409827
-2.9028409405160494
-7.622507815635023
-7.966470104041901
-10.731743493821215
-10.392438766277516
-6.343427886596862
-10.690364383230122
2.2237883022195617
-0.8168844345099244
0.49803872715634645
-0.339047050699965
-0.12074783962396807
0.7257254510706188
-1.1112670152053186
-7.095917028947234
-1.8717718961301095
-10.82282682259125
-10.824801743809717
-5.146284631762414
-4.4254859863535145
-6.701771173109517
-4.511902856150834
-6.0829553094278666
-5.413595143540736
-2.7536414128457443
-9.87491124952545
-7.891892986366941
-12.763022046349242
-9.542513179850758
-8.644405313874488
-9.663974653604939
-9.165566165925183
-8.291502316552648
-7.2251451863496845
-2.9518492652227453
-5.11167581316257
-3.649193255998954
-1.802275177742096
1.0365842564159715
-1.5083274460600997
0.4793750200078295
-4.200067128468621
-3.5862677216782837
-11.282626752186584
-8.8631705193201
-6.640726716031032
0.7666607769275887
1.6494564534829914
-0.8079017079231801
1.0723762714161456
-1.2844889216820792
-0.7247986623790779
-5.202764230014399
-6.266545070218306
-6.220419686160977
-3.3633983639099623
-8.501445258745292
-7.436692462099856
-1.793518035641277
-7.596475470443523
0.09238700865370508
-0.8413742967781461
-7.2798853277752515
-5.6896328166713355
-2.5307134351792007
-6.375042037829462
-7.258540269037863
-9.213789799706293
-9.675012248102298
0.6488513123360349
-4.3041067068174925
-8.064273619065986
-9.37931402501358
-3.7529702789584363
-6.533520287658575
-7.146744359898509
-1.729294951196505
-0.8650110736716594
-4.778857914144106
-8.088246991868543
-8.94644494549981
-5.989926013578985
-12.631000201783756
-13.004426816637798
2.9622066380115823
-10.32199323602877
-13.07443961212359
-3.7672892719691697
-1.365319822224908
-1.730952864819611
-2.9556539135498667
-2.276653730739678
-9.278344523464233
-0.15352131885141285
-5.456776939142195
-5.725454880491821
-1.9843003574808065
-4.390912010584859
-8.822055867484275
-9.45539715846167
-11.632596770457546
-11.258113659346549
-9.156818885342146
-11.546676033712709
-11.848921932769835
-10.074312115844979
-11.526005526705502
-2.6975810487309135
-4.864393850656941
-1.9591044844333294
-3.9746586475637025
-0.08194635526474947
-10.934893804594564
-9.71482666267292
-3.7180090149591796
-9.253987041769538
-6.8982204693010285
-7.881460804684741
-9.982842514893857
-0.028022223277483382
-5.183416905941978
-4.03767498576161
-5.0689553713181885
-8.86733749898271
-11.182876883835277
-10.751297446759159
-7.161708405990481
-7.316757250274952
-3.013910557789317
-0.7359032818446074
-4.4283991577318265
-8.37083767178786
-4.558011118559971
-3.2345635842353095
-10.601094083758522
-13.185857916092653
-5.877940589383733
-11.018027449966814
-6.45524502839702
-7.873955707736928
2.9946859967465977
-1.530482218338045
2.8170334182943293
-9.195096506306585
-2.4733133647830643
-0.24165674585231733
1.0262235089840908
0.07486367786513703
-3.1441943853807954
-1.200036660225503
-6.298351029928175
-2.105456285454343
-6.237576984292684
-0.9421078827190703
-7.614077072864211
-4.572414373661517
0.0014603624047860864
-0.6581961988670494
-10.93716731158078
-1.9148421865895182
-6.466711140213648
-2.4853565261008495
-5.8487215221906155
-4.372834596730673
-7.47846299342277
-11.552994448810967
-8.244670285812006
-6.750573737638794
-0.5262857779383538
-10.381503399042316
-9.775324092934662
-7.16454924805244
0.10762611356952423
-6.773491485811332
-4.621788195790202
-5.218987864702753
-4.578866117233957
-6.110951000692754
-3.382587942529291
-3.1622542972839645
-5.145492701269251
-4.869478216022533
-3.6575390958271714
-4.501011572889167
-4.597687228896266
-9.640915959229185
-13.253907325924072
-11.529479830364124
-12.313143942225798
-1.6852917215604875
-6.753892195728135
-2.8646737603492234
-7.549259370411264
-11.75936808022022
-11.32805724861961
-10.98229612460262
-2.680347083000029
-11.208643906904676
-3.978044479544855
-4.066489790966713
-3.6293276638970005
-3.7121739886224097
-3.045978096767696
-7.614275836715597
-0.22597775664281472
-2.2842673070279447
-9.728546261220364
-10.24957869314713
-7.972870783390722
-8.095187540185128
-2.9939533114015164
-2.600555082911146
1.4051676958614063
-7.666044973466402
-2.750466812659231
-2.8875845701462124
-1.4343865636026
-5.726717753531462
-11.33460190836919
-2.993352675469915
-10.376513180145851
-3.612169345443075
-2.1388939980379433
-6.6933720396907495
-8.626991869447988
-12.240604489065362
-10.114297010739579
-13.066096133127912
-7.301002595784058
-8.000942125012077
-10.451476941498356
-7.988912444059454
-11.359939612666121
-7.979130331821025
-6.09424493530571
-9.411244715645221
-6.048082591930051
-11.111784482583214
-11.348028853281829
-8.67724845069471
-4.79278850775572
-7.186473708305692
-6.950735099743103
-6.405858380073367
-5.9394389200368485
2.376185802963753
-0.09587944103109414
-3.180921803915569
1.3364824230518808
0.8417624381590278
0.9954041778197269
-1.2434947812369337
-4.1041736364594685
-4.062700176704718
-8.665390143119296
-7.634473135329733
-5.298637649770287
-8.542406630690667
-9.97549743186425
-12.174337184714872
-5.260091412069025
-7.280438345295175
-6.484393471231132
-7.730898505978311
-10.748638493569747
4.185626587406465
-9.874131927286633
0.5765655028548018
-6.681768623627015
-6.549871574908206
-3.0145159270700885
-0.03333552941611173
-10.851923235676498
-6.757760289108201
-11.09225908248428
-11.081810626400816
-11.452477733927935
-11.201106031713776
-13.044241112822071
-12.00852337724354
-11.171154487432602
-10.066034784004422
-11.776781733212598
-7.077297053720489
-10.273087849429723
-11.27549286113437
-10.530529594979233
3.0532795581125693
-3.5013205798904607
-10.708193969984984
-9.159073569950698
-6.5244138492386705
-8.886206306589258
-4.846889909450449
-4.262090910641644
2.542482722803274
3.083278290765308
1.592096480218752
2.1829342244247103
-2.4486422453573167
-7.149021721705187
-6.101730096128044
-11.730392847829561
2.0031006875059063
1.416578873450458
-2.1256738588266346
-4.349478235672926
1.333103784723246
0.48542786980925445
1.5404493708164628
1.287803448708116
1.8321579696935826
1.520850889054998
0.6047641780130322
0.525821372116611
-12.352956380185734
-13.19554723662197
-10.333535274882347
-8.74139015121886
-9.462724108342037
-9.29601693278951
-11.116128037590775
-10.482925369191602
-10.683065046175557
-12.320817107381007
-10.715227202271457
-11.268450235330322
-8.406855422921328
0.07185684739409082
-5.0809663094700745
-3.8050422582990477
-9.146086157671931
-9.524310201021617
-10.72149137496201
-6.820028369127753
-8.982190204326148
-11.005693598559045
-2.101366090859278
-0.18546886953803332
-1.4006330393572086
-0.8671461302143133
-1.2864209564420483
3.7191493267266234
-7.728958276321014
-12.973105388282443
-10.250143992351669
-12.541312679790328
-0.14024031326083164
1.1339222025510858
-2.955128620713073
-0.2109884241344946
-1.571161455278899
-0.6547472448682021
-4.776357358170667
-5.726208945843565
-9.203328537559953
-3.5073673158878815
-3.842420013980934
3.532097793238806
4.018760982515577
0.6412095250335463
3.9149094987273756
3.3158158953548194
-4.133926280176222
0.5192489660169993
-0.11093545822048112
-1.5161457083402707
-6.923126486000197
-7.302445387290297
-7.195898519394658
-6.223667238067986
-5.7320136561776
-5.880751693838331
-4.067138471575932
-1.422895179052909
-9.881110385822376
-8.995239805571506
4.07250095387748
-6.343659690352151
-1.422496331223917
-4.721571272320145
-0.6917822307869104
-2.8429280128257792
-3.8692131451828744
-6.49410076738491
-3.8802288303529426
-4.642758721204207
3.291216878643458
0.38609586257422546
-11.511004413781526
-2.2777853990732324
-3.9699488321739174
-7.503648822858216
-4.0253930854133895
-5.7322432968796235
-7.9695281772377635
-4.216074748346371
-3.4452705541105217
-8.882007393959139
-4.111258986039845
-2.616645896441441
-2.1326573092879255
-11.620078764648744
-12.10115148387016
-7.322796269357221
-8.632420154007788
-8.792691704146382
-1.1211873463884685
-7.583907416240491
0.7424466508670737
4.847528756913301
-0.9490595232016019
-5.787792490164148
-3.0867863494781287
-4.810962273412744
-4.097087178411519
1.781522731985109
-3.911492368698437
-7.0453265819714606
-12.451120765010101
-9.284389926186456
-2.0929260586551885
-1.519275714146775
-4.968602783409845
-2.0284859577423675
0.008568927374188462
-1.315094617206534
4.573017449504993
5.291660706933264
-0.22598929690450298
3.7256263577770996
-5.568182528659035
-3.9369756339096735
-10.601225895721168
-4.125799691972383
-10.926807610230213
-4.49643102899533
-8.74709133831643
-4.725760417162494
-1.900836317172673
-5.9045212381315135
-3.7918344628189447
-10.465985765569652
-5.943888469299152
-7.085380994105155
-10.076357786658468
1.051154450942645
-2.3472528550975564
-5.765893487553633
-5.4795765644980365
-6.693506307287083
-11.748361212869797
-2.0874790099464273
0.6611591570206405
-5.7460730301406455
-3.8362297651724937
-1.477369177351413
-8.344771869521589
-4.608650783460735
-1.2686186027242843
-3.3760407204920644
-6.58598146700132
-9.958418363005974
-7.5534496464099385
0.5208567402842466
-5.44652496065518
-7.653938282260498
-3.5051608914056698
0.8112355798812187
-3.7769900130393115
0.7413863111938896
-1.281909617444094
-0.966143646143562
-2.1795615331887532
-5.71694197185241
-4.024042031695231
-4.082161975697156
-4.258130270530254
-0.750467295001559
-3.1936075361622094
-9.67543402112063
-0.30842539229135957
-6.543073940869256
-5.745891282563771
-5.326484058328958
-7.5777157755428926
-5.13570210989859
-3.476347196194666
-6.745653052348593
-5.857250817058219
-10.359344978586162
-6.570795402280327
-12.249331318674942
-12.925701015026792
0.7765139634999123
-9.746061960191232
-7.51693336647464
-7.367602429794704
-6.552747288120216
-2.8657564685449186
-6.538504503819977
-4.263857195784619
-10.95526536732582
-10.75257732089294
-3.252002385928405
-13.103365747301531
-8.117843141798518
-6.531853439289229
-7.767482531362424
-3.2258023623386176
-1.708106516137121
-2.430703269532457
-2.360762557970992
-10.253059933427812
-1.6976163046675519
-1.960872436979575
-9.34041852787135
-4.843670003671452
-0.3315222575150365
-0.44827069985711177
-6.0193316628869695
2.46472604453297
1.2067186432361683
-3.39855845714832
0.07222615016263934
0.9593775252013541
-2.1086532499409163
-7.633887428580882
-0.4931050704724021
-4.973315597469018
2.4125828695998592
2.060157315468807
-0.9222333397966547
3.1363264629574577
-3.563822628963951
-3.5727424051489427
-1.6138507446207004
1.0947228808651772
-2.3902263489627344
0.251509584888125
0.6073243527398307
-0.5686342034152547
0.44606889280766726
-0.29137047806003435
0.578599967688318
-0.15607482141201556
-1.0661906412374722
2.2807116722802103
-3.6748868110526582
-3.83838517923245
-0.7853115619969959
-3.5035266680897186
-2.88688348817985
-7.008254589061018
-1.4296267805868483
1.7129515994282176
-9.014768400049846
-6.732735200548944
-0.35501568459880417
-5.511554081415006
-3.5682199455357866
-3.8431955698967952
-11.275276144827966
-1.845498838964945
-2.1279085764683683
-4.447366760923886
-1.6616801382894704
-7.208287109151144
-8.003420920550004
-10.15853145946765
-11.540434553275386
-2.8004429746378507
-8.767754609093505
-10.706422741945556
-8.137624032275136
-4.598689315316554
-3.1045075591382076
-12.61487043734575
4.08272386723588
3.7371299061888092
2.2329713192309453
-1.0134049848665965
-4.0684690550575
-6.801656495041277
-4.895976515208785
-4.038261319098308
-6.764268376445856
-0.5860906983200238
-0.01875741724980684
-1.8763670534484191
-10.218736251076137
-0.3991583867706221
-7.127027567807978
-8.907039548411568
-8.77624094839122
-9.682762091577734
-5.317792409872266
-4.471331656222457
-0.2238346472237387
-7.216806660625085
-11.772027977900994
-7.115625370798837
-12.983332018365502
-12.79489187541709
-6.544222592142626
-4.487682797619369
-1.5732262762263072
-3.8602116834217592
1.0297877441993921
0.3343279516857829
2.0600342025116953
2.4207307575598307
0.6501086208998692
3.4292979287671264
-3.4557378105259335
0.22766337244967616
-1.0196997634701512
-2.6687067077592155
-0.5758368730318706
0.04082570258228002
1.5850743161926713
0.464782225299325
-10.675439825396946
-11.565959178512092
-1.477171994803095
-9.052291890336196
-7.546416910865085
-10.107682512568967
-11.234604400841992
-11.18312208103852
-11.9919478135332
-12.18650835866723
0.6649841691951832
-0.11073890855549706
-0.8337476966110178
-5.473703884156505
-5.043439406867873
-6.863733574069343
-3.534143700952174
-8.972005507604752
-8.022189933976929
-7.139430886461622
-6.365460389823188
-4.092594121740621
-2.8172720226043326
-0.6655968932120815
-4.167521387415923
-9.520366837005819
-10.148760930445512
-2.751213988600168
-10.891297643032395
-7.809104353526121
-11.65736645546024
0.6439535252998656
2.258126663684907
0.5389702806736734
2.20251216769974
-10.692230645707102
-5.773221945159421
-1.3628967840868205
-1.8840245471953883
-0.36192406016073253
0.2371778938966136
-1.961908009928548
2.461665129514794
-12.05799855483012
-4.484365492206619
-8.931571083196655
-10.351393675012366
-14.185253192773187
-6.3079103945220645
-0.4027278215022312
1.1359314660572557
-4.345155957748283
-3.1492017439068407
-3.0425275133475447
-0.43587586089611063
-3.7510458947157934
-6.247009465533266
-5.07515823355098
0.5934448594828762
-1.209293222793001
-0.704004212106133
0.6708302030229617
-4.355536060002502
-7.301809894454966
-7.559059554876212
-9.98572411183797
-4.369376761382893
-5.740227060491049
-1.274957542053209
-8.397811962740086
-2.225504458723818
0.4002210121841918
-0.8686966846206978
-1.404560386362746
-1.867586890317186
-7.647315771509205
-6.641854289703807
-3.835918194273369
-6.173207110346103
-4.882014888239069
-4.144992619168049
1.0097074738449603
-1.4138907681741075
-5.792632406893269
-3.1065867176195123
-0.0344337085457852
-5.115029304450201
-1.5155142985227854
-4.259932353661998
-5.467063784506952
-13.399412278374474
-7.062567526512211
-0.1503103552866789
-11.196350290245306
-11.40990119341549
-10.391881507639777
-0.7395091107132941
-6.511596480263952
-10.425834061782286
-3.5387673604027245
-4.586411233150423
-7.667641228999783
-2.133030872277195
-5.233796584505422
-13.06002183420527
-9.176052862161427
-2.8575677266649073
-0.30687658108003757
-8.541317238942025
-8.340368606499986
4.958210745154697
2.538340350173709
-11.162585669638483
-9.718531680667102
-7.261232689526448
-5.608623372157063
-7.8729873743537135
-11.793735457177402
-9.12779701102712
-9.939067598552572
-7.4302268185280855
-12.033952103324204
-12.33179932511923
-7.616634043825802
1.806490266489115
-6.249300331858571
-6.77623532537009
-3.924378328274749
-1.645956244574613
-1.6761427518801348
-1.5841679619939097
-9.05044768545745
-2.3391026915519726
-7.509057613702385
-10.909117507799564
-9.780618546762296
-8.76531528993893
-12.658444903526558
-7.631964025978792
-6.246670638836897
-4.204921638769323
-8.49118153286496
-1.381562600705566
-0.6041731075811569
0.28842379491713466
2.8722947588785837
3.348009131988602
4.127919711623225
2.216737749502151
0.44361556516955836
-0.4063190734609041
-5.919843944674923
-2.88111349151905
-3.655488398935127
-5.482413137739072
-4.4353398761985465
-6.374081666392641
-9.383264317668903
-2.6352550619582997
-2.2839358753916503
-1.723135783205202
-0.4856912468225587
-9.27128803446329
0.9650342296164667
-1.9424107852313872
-0.924512885085375
3.979766812683998
3.266784768896408
-10.013924741509957
-8.104241840624091
-4.807176532352475
-5.574047659330704
-2.937125260312909
-2.331160015025145
-2.9239700188952726
2.8606570918284406
-3.7443970377024316
-3.031905674083474
-1.473532223216383
-9.585978745206027
-7.403310852131524
-6.061291774081429
-2.7244049249522346
-7.655879511133965
-5.379031111657689
-8.468028409763722
-7.123344740886374
-5.308438766921145
-3.24697481688219
-9.046980841245569
-11.392938586819884
-11.387810737045175
-8.867506065257508
-12.461414910212948
-5.354910033380941
-4.781889033284159
-4.15604527138125
-4.444952814148127
-7.578387518671736
0.3104438299610486
2.749475031038479
0.4054762972763779
-3.333961276174925
-4.478851318583093
-4.6854656006991995
-4.899904059354712
-9.716056883637544
-7.230801111250817
-2.5862369059240673
-2.2211402849588846
-1.5083456519443799
0.7846276368858012
-9.5139021757126
-6.7240664043540335
-6.842952998806763
-6.420985332435598
-7.822710356403913
-3.9400510570302307
-10.45861411364271
-2.541909416268545
2.916337597151608
-6.38097629839525
1.3831303420813439
-1.7626005910309295
2.676349950232334
-3.6682961211004916
2.4810173910045212
-1.0050723595582212
3.7873761513882096
-7.953296934315013
0.37032687268377007
4.347209174626722
3.484472702066086
1.0594658431183657
3.408602548948806
6.696106970583704
5.268849297990709
4.4824926792035225
4.42529487881756
-10.429435492468567
-9.72576031653904
-8.906017272453868
-9.25142103810226
-9.260847579631342
-4.29917458399863
-1.4238055036730355
-9.386094520767326
-4.982500756711166
5.341535015933731
-3.95599903240432
-10.569346987599511
-12.265440086330855
-0.1445519661908805
-3.3185959139816084
-4.839110213403058
-6.553591631521602
-9.181190107203133
-5.941733033103933
-7.365047434162165
-5.505087896640524
-4.035895067761105
-5.010639886601876
-8.297262103200847
-12.287014357105468
-4.020015893679448
-10.04188281084365
-3.037071723360614
-5.096772452597348
-6.351677366479171
-4.88327716913251
-1.9092698172890454
-0.07933192425616165
-2.4295159902143286
-6.974816189667491
-0.22269639620214488
-7.393014982229751
-6.364299801494948
-10.743219505661235
-7.586109093674443
-5.076671658840001
-7.115351966808857
-9.447615393566444
-4.965815374350983
-6.378927515136192
-9.111009835632382
-7.5618566580636735
2.032009662713344
0.6859268015909635
-5.012928391864785
3.0580364927064947
-5.278299856985885
0.31334531066171345
-0.43795215613298555
3.249772596751347
-0.7418763208631824
-0.39491831553170625
-7.179012002269239
-1.4523423297103406
-4.973177198769946
-6.9974952150192475
-10.435773494157086
-8.7117972001987
-10.123894894196027
-11.315586031025898
-12.8365407942543
-11.185311921291959
-3.0596901841747415
-1.615795174882794
-8.36454790910596
-7.230526051261714
-11.812982711789896
-5.990024626954073
-2.2464929032168066
-4.890577053146471
-6.056686224255939
0.06497909068077146
2.4266048636757844
1.740903625987007
0.40489306356831145
-3.4810594237347297
2.8741639449240375
-3.5208050947000777
-0.9083415268188166
0.23762067181379098
-1.4440455691506668
-1.9332980325112994
-1.2393956277030767
-1.0545829596566674
1.942407188462354
-0.6916157457558243
0.4011090199712888
1.5879633281407077
2.4636416943321597
-0.505255564541176
-0.7545297995842942
0.8339506147977227
4.199501758358439
-3.6655459084935385
-4.681005506606891
-3.5712725429441354
-7.730765838253181
-7.647663962763208
-8.200630302725484
-8.189727196668366
-4.381560307694484
-3.8624713803450277
-2.8980701525012584
-3.0236158128147848
-2.478252264259245
-4.6265184731756435
-4.097553929500869
-6.725757155608738
-4.55476657940339
-2.285824844242824
-3.217539908038197
-2.1391639588360634
-10.577639555821253
-9.075568142894863
-8.755780211026028
-9.656758760811515
-8.207297033350368
-8.94388961667104
-3.318574629690768
-7.044605868908295
-7.068561848331029
0.29927799035079117
-4.673340875681342
-7.20158876921343
-8.162390677516381
-5.150757148023379
-12.390596322428847
2.7138248870933195
2.12307810177761
2.705382050819739
2.975372467273165
3.5038488282905593
3.395828910493597
-11.313569234205962
-8.636318265659645
-7.882024900623522
4.035387908863733
-10.494249728724318
-4.122976731297204
-11.141869037785268
-9.686152374982177
-8.069571132338398
0.6751617673866033
-12.657532092576563
-11.331107493281834
0.7714294221225035
1.9492319336548398
-6.825538612241255
-3.4041028388308314
-6.876943720648776
-3.9208585738448436
-5.68786784339414
-2.779874157851112
1.3877886815271039
-3.013936665918823
-4.9817386426468815
-11.953828215070395
-2.7660899374715404
-5.3322790647039575
0.8536207496652055
-4.602361743290906
-1.026141428196431
-6.182852268632098
-9.131445618473503
-11.10197714888183
-10.9369541542797
-11.988895624145606
-10.050358197482216
-9.4012233985455
-9.317680717201698
-9.258568138020912
-9.70671231277841
-5.374810555252398
-5.2171203391697505
-4.847282483853885
-3.888630871094337
-6.635877400281474
-6.585628581497863
-11.085134882080709
-8.37826771733245
-6.463979737459615
-0.008325566262719075
2.8535539191616905
-7.644637413059927
-11.238625930944355
-2.4844394556703806
-2.067276922874534
-8.79315824884208
-11.34489287563307
-10.867089658510398
-12.151363581269342
-12.526612380654283
-11.240705710808852
-3.416669116106345
-7.874544210178798
-8.495683904139822
-8.169616359223918
-4.111022580146876
-3.858837682977079
4.101032169211572
1.966577677078408
-6.3407992045085715
0.6708107027798578
3.431546135155997
-3.002235548506648
2.440050539196532
4.986007627739038
2.4888696748635706
0.848983778122413
4.190931817422094
-5.378435217665194
-6.274962117302149
-0.7047371738099115
4.036746049899852
-5.4898952127301115
-2.327155830576629
-0.5079920990914171
-8.138944546412759
1.4253714571605987
1.4627205707857578
-4.451637616969581
-4.727547998656661
-2.928323904722771
-1.080716104740754
-1.6723023184020014
3.2591473998683256
0.017314607974595386
-0.28125417948591647
-3.355622305082861
0.6903691869680462
1.0374749060204407
0.911497255458787
2.051131446610629
-10.784333698782474
-2.0891311347785457
-1.9563566824523146
-6.327184142100279
-4.759255545458768
-1.6307356574696144
-3.9826263932780646
-0.1552750207511031
-6.306609018417118
-0.433486180467912
2.685564053533911
-9.589444557829982
-14.084986045565167
-5.388902565776979
-4.489378663789747
-3.860623232511617
-9.934080499749543
4.342865157332029
1.0326164038680945
-12.572819440304865
-12.421068643964489
-10.855566517904592
-10.891656188979173
-11.908234689123724
-5.764619711323116
0.6325983808581654
-5.220817796054071
-3.733822967800476
-4.149551602275167
-8.084757471190276
-4.380495267574017
-11.466438083884313
-10.417068707688301
-10.176043284193643
-12.744835850538346
-11.07752504421731
-10.780875866730693
-11.118433329153659
-8.0836890806776
-7.031268033706214
-3.416647491299535
-0.050080989804459186
-2.316089997221693
-9.37194269960138
-8.343911015886656
-10.702483199478127
-7.002906804517921
-8.758451270386743
-12.839123682059375
-9.256053125226542
-4.587380247033352
-9.862112200129559
-9.691293179440644
-9.911355750731882
-11.628978896212093
-12.959449962823001
-9.417304155639037
-8.666605733199933
-9.167273263817316
-8.787247903516295
-12.368008787702966
-11.54331194881461
-8.85394681295051
-4.862498703981064
-6.457938055911678
-9.46450535410409
-1.152794675642756
-5.499528716841576
-1.5415609778887933
-0.530572251021042
2.2462747966814085
2.5781039174639084
-8.149610305062907
-5.523433903175969
-10.64035383457955
1.536457701139877
-2.283922171471376
-12.897433280761046
-0.9934286452768188
-0.08742159297174368
4.635046626248899
4.023703914971021
-4.3020979536633694
-7.7132960821139935
0.6860796484794056
-8.194335369006968
-5.01246979189708
3.84233382035568
-5.251930326805883
-0.49158019134650077
-6.814681433068647
-7.674206380552329
0.8928375827668762
1.2539897695441389
-7.302898614717068
-1.8477661512574337
-11.731117426513123
-8.865996335230882
-5.675011198496879
-10.20468355302506
-4.478607347222481
-8.091905724852564
-8.939374499940618
-7.988444908890836
-10.640979603986498
-8.66706615549802
-2.7359440060351976
-0.421956287541692
-9.941125916436832
-8.996118968540125
-10.987285768047148
-8.266969290436414
-9.332662979423432
-9.481822453714727
-7.807142843490955
-2.4478713121045343
-8.557956232625518
-6.183223436930906
-10.648606714678115
-5.008546698807248
-2.976754609431838
-1.5406901483883977
-14.801218173891211
-5.581874556922463
-11.741342864089349
-12.366309832153231
-10.746652908673205
-8.94386037057777
-8.320146258268789
-10.362473893036073
-11.681395088857112
-9.237222687079775
-6.323671470547961
-12.688265442088396
-4.61366558335125
-7.828279804020367
-13.424144996335507
-8.63604653245558
-6.5028155459435615
-5.224279599864133
-8.597602889445499
1.917321308815599
-11.556918573950213
-4.561343606155234
-5.931848302432326
-0.49434701502340983
-2.0334006150221757
-4.150614762026256
0.38370962571794687
-9.261471230718229
-3.653035817264727
0.48069451083002557
-3.2413865859456847
-11.393021233918201
-10.769596611032641
-10.59875933177426
-6.627853039193863
-9.475919023011144
-6.431511616675117
-1.8680465471522778
3.741241079335095
-4.097033432284249
-6.681272256444622
-10.189807935790254
-11.202911398472638
-12.668585568163579
-11.546947094303402
-6.446672559698505
0.3310437764837326
-2.879686533385077
-6.563212541278881
-9.949617709674767
-9.457261292754733
-10.418396829074645
-13.194608420221037
-11.670276250363642
-1.5689540376413453
-1.595714295043019
-11.193397950587357
-9.946756324713663
3.7009696727338612
-10.997322312043357
-1.4942332526401825
1.553571860252302
-3.551162601923089
1.3324424699200046
-3.269139608142824
1.5292383150742823
1.2318482881557256
-0.6867444742416087
0.847360504077197
-8.194825378708806
-1.2813660900316342
-12.301113619443365
-0.500084143002125
3.6064491653683035
-0.2806271116045904
3.4964567157189053
-2.2825471664165935
-1.0540520708631447
0.5199853689253313
-0.9339889669934758
-0.527170883048067
-2.478587752793351
-11.52853701325273
-5.175235124133385
-1.1927594928232415
-1.7868398998181967
1.6716898848427277
-6.603823757141202
0.19913895525416248
0.10296771801025284
4.661843580142138
4.786413171234958
4.6695649166327415
3.6453577754960502
4.37014085061416
4.425554697676364
-7.501334602992435
0.3704356671403639
1.1776375971072501
0.2874925180735519
1.2074027820811357
0.9357787589014004
-2.354413048730339
-3.3136705468849943
0.9845258392326972
-11.046899512969947
-6.8138099486450745
-3.844537461043369
-9.007365563858762
-3.8664938780537965
-6.708769683287213
-9.81322283469531
-4.547891872263964
-6.786591368258595
-10.734120977401727
-6.196229907085842
-5.090765681528854
-9.684207274285242
-8.151982171407079
0.8119337700701816
-10.6028618036929
-3.956993460613015
-5.3639245406448985
-4.107398988658783
-5.764068597885144
-5.206320564212422
-5.084953614590545
-3.594099500544935
0.8354172443257271
-6.2349026179032085
-11.209547815007761
-4.0772906331013905
-5.932905620962976
0.66165763361776
-7.375713992929638
1.1724411364032297
-9.900856242207118
-1.8388727472656528
4.853560533303574
-3.0181141436062844
-4.882955094190922
1.9238588193191828
-5.512485414087551
-13.26663145192925
-2.41303766239158
-3.883997728169061
-1.2658947482386291
-7.650693228369063
-6.902349809387707
-1.5167873126906013
-7.2883880412293465
-1.9642476718452988
1.2611831975174403
-0.716678999371269
2.638196170176056
-6.06361898585461
-10.79936047090493
-5.928210074426996
-10.906502056012764
-8.959009842330204
-8.75103292132856
-9.72042073312015
-9.197309421196351
-12.779948506127779
-8.851159644858427
-11.362936236018339
-6.313828545972014
-6.171008142569
-6.254331681535277
-1.5181009654125963
-7.724414888422613
-7.094469265036373
-7.26521459250789
-9.994226802575987
-7.621479119981318
-11.44366517871785
0.7779872112313646
-8.422646708625487
-0.34633756050899667
-9.334601134927018
-6.445420752718843
-4.177738207491752
-5.971560944923487
-7.991503817418566
-9.63567109674749
-5.340459788610553
-2.692279787894563
-1.406398540247541
-10.304569321826495
-6.433475166860947
-6.467391442351744
-5.818749645653213
-7.3033105609186215
-7.18472747806827
-1.8031322928921796
-6.834001131228865
-8.401399247611096
-7.7691966992724
-4.109962763871906
-4.737970048303804
-1.472850872811996
-8.930227250331667
-6.763815348256568
-6.979789031310464
-6.559224426848542
-4.67449375467534
-0.8021378090377538
-4.967489112415086
-9.98723333839205
-4.879435444708408
-5.622851310368877
-10.028909165388761
-2.3058821800356357
-2.795524236589599
-2.100643589679241
1.412479889467455
-1.8978240928592485
0.4609633000421538
-1.085988328000861
-2.0635231156704696
-0.5740966071419873
0.026767018644767493
-2.3334905012253735
-12.607762824612156
-8.123139682645451
-6.750974684845687
-4.274814761813199
-10.984076702603216
1.0503538169518936
-0.1633137800660971
-1.28643334656419
-3.8503984740489425
-5.741883980922378
-5.089341554470632
4.440720679845405
-0.040762919580558776
-2.6710059756556586
2.076018886290533
1.8869709811539603
2.502995140320218
0.5151579930581973
-1.1799027875804098
1.9665514401222604
3.9145255483008947
1.099668405914495
0.06128164888079923
-6.463857322287183
-6.609590830951777
-5.244936738058489
-9.883203257523949
-3.6620464261840695
-8.169350115352174
2.6691524274180907
-6.071277124532787
-4.261306819437246
-10.43601399363563
-7.069084028901286
-0.2572421697219993
-6.284628576066016
-6.732607969439417
-3.3969090031185987
-10.057078084519654
1.1125998209542867
1.9375519272901907
5.002279156096975
-9.210820579987473
2.8992515035071666
1.5942634132009812
-12.404386873367203
-8.161914821741911
-10.940742593545119
-9.213769191438264
-7.7317524177485515
-3.561376281119759
-4.076025985483071
0.5931961676246464
-1.335161111849711
1.0387437646382915
-0.48000658265645235
-9.932967687942243
1.4571684096028445
-8.105587936374354
-4.0145089051306035
-10.208443546751457
-7.939010386389506
-9.494470102046186
-12.218576570288795
-11.236799415892374
-10.736092523717554
-10.981331069373782
-4.879706122573182
2.3478111647780384
-3.7657751388052425
-12.452558596858337
-10.982304039921155
-9.510245451566156
-12.114861300904344
-5.998725917037621
-9.794334571344956
1.0347386075210037
-9.744271048849525
-5.433238979757918
2.18924729895215
1.7985864247901335
-1.07204159220294
-7.508297889749468
-6.786223690330426
3.382119764044277
-7.694789452184321
-9.049912476749487
-6.634517001394087
-6.740439500308474
-9.95061414930407
-5.625451188548669
0.3531976790344198
-0.7013400011804036
-4.621507660143061
-2.751893024517325
-10.038392442234299
1.0406561095171685
2.1411793952160867
4.051017304623397
-8.711726719640813
-2.9074349176360323
-0.2869999408906152
-1.286725264775498
-1.243629805823001
6.304767962075458
-13.539738265364452
-5.01195212951417
-4.424774441091524
-1.6530647224648982
2.5595229335099856
-13.425032433276957
1.564493580683396
2.093151978047477
-3.420706114095369
0.9220384106188433
-10.286308501479121
-14.397744696828095
-12.170723124474051
-9.67957318437935
-9.862996889222526
-0.14294164336739268
-7.8867184978195715
-9.925133528495955
-8.928969083218556
-6.6330848044615855
-8.257782749427259
-8.19458688117058
-9.452434358746935
-7.175337598891302
-9.519846276252423
-3.8862944015894794
-2.408031808851128
-1.8895148520471945
-1.4718376762515266
-7.092525038593743
-0.7335973037164527
-12.699866425180918
-3.2556822843324715
-0.4856992212978295
-4.134934701231117
-4.406884651549071
-5.521861585282263
-7.021399638410294
-6.432490016252642
-6.216316175322671
-9.59056508221914
3.1099945045649378
-0.16768077363740197
-1.0555169016840849
-0.3014649563174454
-2.6105408316003436
-0.2437259810941279
0.10032126734435942
2.949850914151423
5.200890921030689
-5.772871658297903
0.5131973993752887
4.06937079037708
-0.5865206964216498
-0.23136209740284386
-1.7929616772475274
0.6083301785905564
-0.46909457284031086
-6.5881719503622005
-12.44063717339921
-8.89494079048643
-11.955156930413184
-2.1629121687036292
-5.518784483096987
-3.073424771446899
-10.968427499660331
-12.323358988992972
-10.76600656540987
-12.301990825585445
-8.846634584114856
-11.829154791936313
-11.014118957603312
-13.901776715105765
-9.772719648788051
-11.6064339046258
-10.554408677835212
-12.856755355978475
-10.512989878156759
-8.804308835501315
-2.748364686180537
-3.091652496093952
-5.111926771540542
0.17145943382161066
-6.400807099257577
-6.589826322379136
-9.29081853600983
-0.2272425988168365
-8.52416398537159
-4.970530290715786
-15.068621640509033
-6.935318005384746
-10.308425130444487
-9.273540618196927
-8.70192669014809
2.8025516130188746
-1.8834040971414612
1.1958493038348783
0.6707636213016075
-3.7925531071142404
1.680574546487346
-9.11720197574023
-5.967977232370295
-7.949032876298002
-6.358763368468162
-6.054255936422903
-2.6922250834737005
-3.1062729095189727
-5.8286750966320096
-8.671567699012446
-9.178147277125877
-5.540686881239758
1.6299445775715107
-9.725094974849
-2.54879812033076
-11.13932787978572
-10.580928919560495
-1.0437153921589697
-9.491911404391272
-10.238947106646307
-11.369892085199519
-7.640570189884135
-13.518570850004425
-0.2923405566333279
1.3068986117659682
-0.5948835208636418
-0.11268383080129318
0.7644487890977969
1.8427796309104378
2.080576545483032
-9.811255552707935
-3.58497572846016
-10.603583631328833
-14.187265410023755
-9.99685727549004
-10.106954455795625
-9.35437802369259
-9.738533837989678
-5.862186871740642
0.8853742146548704
5.072702756078183
-1.257299937973027
4.15389941160069
4.7298869279491305
-0.5107455884604661
-13.723096932542344
-2.9859955334985857
-13.841786764875176
-10.10736185850525
-1.796222310371523
0.70063596291756
-0.02031555879783964
2.050962347846598
0.14825766346077318
1.3086603506751306
3.0588903558904335
0.03508039958411957
1.3628164130103386
1.650296108072763
-0.19151184405349686
-0.3834751039201709
2.01463403352323
4.2737563117297555
-0.39604024756206657
1.7923262262651782
-9.279131358354945
-10.258477403194139
-2.0039755777867785
-6.472394990089618
-0.17683619638736015
0.9848681577063281
0.1879206888628362
-2.774102801714017
-0.9549935620162586
-2.061538534815461
-8.543062579306415
-5.625824870223905
-7.862742658340672
-8.803546434642984
-4.766602070585227
-4.4315993399542535
-1.7156028538413761
0.1776591253201456
1.718900889780426
-1.1251330094885172
-2.2470454899273253
-4.66110167364103
-1.3087803806155762
-3.7653276563480613
-4.961573772273763
-8.105479001061047
-3.6969527493351837
-2.969029271080629
-6.296523950176176
-2.2396304994741607
-0.7306782698971215
-3.2689829666709485
-3.504687632112566
-7.17197745532051
-4.854502294040514
-9.489177343903512
-9.627856396572888
-1.4432056049454323
2.4810380926450435
-3.0422609446038393
-6.062164344757491
-4.330414130464533
-5.456186789015714
-5.360456648327338
-4.676325431697337
-11.548713503558371
-3.210203405987805
-5.480249114837674
-8.106222169024369
-6.105022810899125
-7.741276242914541
-7.334228418148522
-0.4360467509847945
-1.1145546112549192
1.39791778714237
-2.74158199745211
-0.18213239635635015
-3.2779322820085
-3.9391043332106315
-7.329854089827034
-5.654608438281632
-7.881484537135381
-10.103311464634173
-4.204056794251473
-7.096609422516064
-9.173129991304581
-5.8297578187669465
-7.127776013174192
-3.991580883691961
1.9858386818005203
-3.1708127412131484
5.060047666473223
1.1824884880212188
-8.95803961706433
-7.387746609711375
-9.071864514610892
-5.0396217602486155
-5.697968817818847
-5.475768715602852
-7.358262584020008
-7.370496384622102
-10.74785219394642
-5.670617840640367
-7.079008282335846
-7.139334900291278
-9.975810202744844
-0.6585042332035347
-5.222216485372772
-11.141866885842497
-6.6713663956873965
0.7052033615891382
-9.140650523102515
-6.097199671358977
-3.1199504297780187
-3.3749161195301793
1.9337226738148725
-6.399842860446334
-4.239632467557543
-5.688183984967939
-3.9994949004633993
-8.201676976833944
-8.814895011652128
0.48971928574212376
5.706765243549037
-4.5085330156820795
1.7311913677679127
-7.283262603550752
-5.84781175969037
-4.280500010949322
-5.962123199400169
-7.91941708702128
-5.578115564097161
-3.368375900405402
2.486464303469192
-8.641695845773793
-3.8615326803361905
-7.749481351130932
-5.998742947205678
-6.751747052029751
1.8041298932850443
-5.912484242191355
-8.025394747487788
-9.42974693146599
-1.809777732779195
-9.368133722649162
-3.5610173291883997
-7.788223850108678
-3.807004580048455
0.35570582478436075
-6.7679364718634565
-7.014739596765059
-0.9648612680805482
-6.310313646259776
0.7754002311079202
-2.6849315571415207
-11.78276388408055
-3.5389487760851295
-4.955522072960141
3.759808799085624
-5.734490607080042
-5.220549286051845
0.0838581106784747
2.11912321576018
-2.1999040196271675
-1.161485733531394
-6.487671581423543
-8.022813466660978
-9.542578244911773
-3.1063517655815622
-0.4541877218722292
-4.81491877209182
-4.093354957785332
-4.844344205989053
-5.177560243132287
-8.819722259746378
-7.119227491748782
-5.7566934502256455
-3.261875911002117
-2.6032432044363434
-7.717926844969927
4.149469247150755
-2.317701651332791
-2.346618312922322
-2.288283809630777
-8.884813844102585
-4.428134793366585
-2.947158233497704
-0.9990129089031095
-0.09103747902936932
1.7622213728127676
-0.8589744606796357
-11.12618320244726
-4.751295580365868
-8.345213034438965
-8.064666645568689
-13.616930795016259
-10.752802020411078
0.5418042863495822
-5.144568401401223
-4.863516886822174
-2.021238417278391
3.4080068672273356
-8.238153160168252
-10.710871784163757
-4.329613848174116
0.18691934704242508
-7.7741025118460545
-12.724117353375151
-2.0015755944730467
-2.883475977290862
-2.741971280025508
4.486228322496227
2.7665376281028893
-2.1650314565477617
-10.156520654256965
-7.326706387669021
-13.434585660574172
-5.077654642506829
-11.440235152621879
-5.661853173313037
-2.0650297661311585
0.0407369708159071
-7.046358521058874
-10.231222640604337
-6.880620057669803
6.161239824518102
-5.5680890158221725
-3.1042349213518827
-14.526153997780987
-8.96439349383713
-9.778586293932802
-10.026584520162556
-1.445986145986665
-5.799277071143552
-9.667146425473106
-4.445764760069384
-5.066544714566206
-9.749832056739415
-11.245677217438857
-5.807582389114159
-5.833762040878259
-13.941340002919862
-8.259325056357188
-7.373001666048794
-5.047786969351538
-3.6861307216844597
-3.795270764266321
-4.093229777228798
-2.9214406422749017
-5.196062289794963
-3.6775646406388995
-8.945539089170861
0.5095760977289125
0.8525926609626651
-0.2716178434797083
-1.3883304678851895
-4.544606223726456
-3.80862850821958
-4.520864552311926
0.3630929152725435
3.2167048084567997
1.3027884054813674
-0.42380622977845706
1.393707883014784
-0.9299807444016015
0.3593636805831486
1.2529886899648608
1.9666565437798667
-10.255634068354894
-3.2952452567990913
-7.696657582988953
-10.11910741096377
-5.808092052470153
-7.1943655632430765
-9.093930337609118
-5.165045701295808
-7.796523514201211
0.8603377106182455
-9.511414137452467
-2.687378303489715
-3.062603251856602
-1.5775536580828444
-4.7060120086143495
-8.180438580179205
-7.08370420100579
-10.607883096789497
-12.300960752730377
-12.854448933667442
-4.218666591684866
-12.381682495760796
-4.795710348448487
-3.318845233800885
-5.294806437944549
-7.064759861985484
-7.482100164761668
-7.052366708099244
-2.3728678680285746
-11.38732015465557
-9.483931517402972
-10.627788869058373
1.8188488068266395
1.5431150037249355
0.16213804848306435
1.0555295606123334
-5.588699192842315
-4.118683024308743
-1.1393474649490778
-1.8018361022648572
0.6906374455017259
-5.531327779066097
-2.454876698392851
-2.2673904615734397
-1.9100644151427622
-3.838124041056524
-6.154183215815245
2.805685918690597
-7.4949854611792555
-10.814049922162269
-9.478637628987993
-4.294979681734285
-6.599712973123461
-1.2187618866705436
-7.522960222980435
-10.751208558562674
-6.394112365484301
-6.6162824439272825
-9.874459653456764
-8.90973773918492
-0.8562962064852049
-1.9569931677920205
-0.6335081033001573
-10.480736779127577
-11.028296407214548
-8.121588767226427
-7.935582613495951
-8.244119778879368
-9.408274881406237
-9.552697375882694
-12.94157568718764
-15.129121916916503
-7.936907861492297
-10.398563152615624
-11.933801595124306
-8.906939787248715
-11.637207239621265
-3.762266686440416
-10.049403128961325
-12.588557315347451
-12.208345718591985
-6.266772769886632
-11.93789478634672
-8.232502299238114
-13.819020000030122
-4.979426778946095
-14.48702343665
-9.647679680615822
-11.011928737187366
-10.48100995403575
-11.05539201615581
-11.180853441423647
-11.985317273077834
-9.45439147544521
-11.677871732681743
-10.668705749682777
-8.80134398467009
-9.637482785899925
-10.441115294116752
-7.3196639895060915
-11.371758970598682
-9.844179141000104
-9.922407304338128
-7.403173588054144
-12.572079060908742
-7.536104029625563
-8.44156425910706
-5.776361391905715
-4.448125739919547
-9.615015874997452
-6.952352286144101
-6.850047119509127
-1.0425680487701514
-9.05540088073447
-10.984408484402255
-4.4881874594614
-5.539976886581178
-2.5849507392284217
2.928261216094195
-2.804421628596302
-4.395199329824213
-4.8549193758718925
-7.464734608635057
-8.632187092920653
-6.884371783258221
-13.491339780126319
-8.49744969376179
-10.020767179443439
-11.233838245028302
-5.631835138853905
-9.554707248629864
-8.618733716923227
-7.339977681171046
-0.17845611142426776
2.6880796928279844
-1.4106098360631334
-7.836148037621286
-7.000295889452713
-4.38337028989797
-8.467010026181432
-2.5767617014314146
-0.5241888976096676
-1.5775114475272554
-4.272643608304479
-1.949385675398688
-1.9856895700693937
-7.852524564395612
-10.6465038426016
-7.535262918907096
3.6953842834543207
3.751188068925109
4.201094509862804
0.5241682500448681
-11.274109057912261
-9.478810120675321
-9.88220296922682
-7.105825093789898
-4.623729079217476
-7.637586421510061
-1.929877076673133
-8.602990851959076
-7.488536777134916
-8.985349131463709
-10.42372857203969
-8.121524521783195
-6.723692095982264
-5.019530903250434
-5.829943058492307
-2.808472850797563
-3.5794921743565826
-6.122733089661883
-5.412853276606669
-1.7939002169721232
-3.700680754930011
-9.768025280515875
-12.141578612197447
-7.113260694858454
-8.672223996419394
-10.535289788362912
-5.364331790535405
-4.45596210295962
-7.444992351447954
-6.63637558003753
-7.590325149805305
-7.620882507903764
-8.482357856486654
-6.323714699311314
-5.13394272388121
-5.562300639476516
1.1293216448682082
-0.5876071611198856
-8.9911009977746
-9.092321617000986
-7.473752766346088
-3.23399619003352
-1.8272343647112346
-2.1188242565984305
-8.692742120601876
-9.990939120318425
0.30906996365393113
-8.695113670024782
-7.410188289986485
-6.594491536628799
-2.9068819317860193
-3.0765624827125384
-8.66778064215212
-7.4600078034495185
-9.923843259101247
-1.4567794328128387
-0.25538340453072994
-1.580690317494883
-9.327691860384888
-10.349092799447792
-7.435482247849747
-1.6086673002731389
-7.192200642193154
-2.04703947837443
-5.227244524044835
-12.124596555782519
-9.349397074098425
-4.5435545428192965
-11.03853500360636
-12.59584681010543
-6.509036199945416
-0.28967139904717776
-2.063790392028784
-4.219234575287553
-5.230510411411646
-1.5959959772415382
-1.9923286904661133
-2.6212811767758715
-1.4234773597530646
-0.9795062992714402
2.0909055311810634
1.2214889816745576
2.9922104465893176
-6.549114950253735
-0.037677110001910874
1.7736592001288698
-6.0441846333762035
2.2735502639916056
-2.5669415615063373
0.3295707659619458
0.11144197427344027
0.9274395223341019
-7.804169532808762
-4.634121379245881
-10.897884321756232
-3.1905584463920045
-4.0468199811740835
-10.337580378425585
2.3344474539823565
0.4059536685448166
1.1811952869642652
-6.573831808382291
-6.013311872527987
-4.323225233607898
-13.190637969809078
-6.018333538491352
0.6520379934857157
1.1260689654213745
-0.064643455727879
-5.555015773633414
-9.442404184443713
-4.148783358313297
-2.199718385633182
3.661463438077801
-10.731245279268618
-8.943108803292596
-11.72537853150029
-11.416581772508488
-10.98313310644929
-13.491177896524631
-11.235171144183461
-13.269862987474898
-8.49531182195562
-3.2597576886646817
-8.279036117341708
-3.1660109832831345
2.5656645053673426
-6.169177589193
-10.58038652137407
-4.254346693838164
-0.8989570377860501
-2.821688075842773
-0.8568057428189032
-3.31958042175963
-0.35574952463031173
-2.2222058549938737
-4.888680351524675
-7.707570528621984
-12.870333406232337
-7.845652255430784
-12.808960281082097
-5.131744480598742
-8.695573955790207
-12.11743706376878
-8.318775391724744
-10.936698656420559
-1.2650706827723908
4.406329833399866
2.413613749552029
2.272359854517
-2.3105945903326877
2.1632751026661525
0.4595091177994943
4.855417992089123
3.6169932747624465
3.54898781506402
5.1415063473054445
-6.95632210699723
-6.0147711565944135
-4.495814475653776
-9.398377995055382
-4.990536793013735
-1.6808709025473716
-3.0074476689651566
-6.412280654087725
-6.202378973656222
-4.021000167178561
-5.388511254331234
-2.035817154198524
-3.731721632283523
-8.53710123731839
-10.058276933327528
-9.956230550657626
-10.053345717207712
-12.944352681497008
-9.19592454492345
-9.420610362262499
-10.28840393858867
-9.900573022831393
-10.922422350883139
-3.9819641532241556
-5.253098794619712
3.740908918159401
2.833180685365557
2.0933901045545977
-11.94272236748896
-8.63297970506786
-6.220041919099641
3.0730866401845818
1.3707435533256898
1.3785349708749135
2.62284383795264
1.8012227494452362
2.4793915403145665
3.3523002240433546
3.3477757893210915
-2.3713252933958326
0.5856889329442736
-2.632049146649598
-12.095314538406154
-9.759919894709617
1.0661593186569662
-9.54892395797243
1.4216057345264828
-0.6557716114738881
-9.377572625427007
1.3319580781338605
-7.21784507270866
-6.448148729506829
1.6787002543272203
-4.195868440121431
-1.02888015393386
-0.6240551850709739
-1.7150102298715542
-2.207932724659381
-5.192496290571712
-6.637923399910027
-1.1748977448641191
-4.762926150599514
-1.6066309778354537
-4.752928366730671
-2.9139031153016015
2.0169659145371854
-2.7924728594638824
-5.572737735156589
-9.587549113650155
-2.2791258563102423
-4.355700474318567
-10.413724986276344
-3.038238026824212
-4.232520029461252
-9.470926139314493
-14.7903406734499
-11.01737056817959
-9.617213293015162
-7.841930380813228
-10.26900686306971
-11.01278041055304
-10.406965111201657
-5.577983437806697
-0.8322633170825653
-10.541386339852304
-1.9004439994275122
-11.392965540611492
-10.698721169891115
-9.917177471186182
-13.642777786164437
-10.80349603751305
-6.685487979002117
-12.523682176295832
-7.729109522578133
-9.394738497194755
-9.99274924955528
-0.18500881650462664
-1.831746253614002
-1.183037162739372
-8.497990618545622
-6.956742437067183
-3.81255050321409
-3.663857243543328
-1.6418060488314157
-3.2177961560903743
-0.554070233444065
-2.4076953411022246
-1.9441021355017372
-3.59190541799952
-5.8994885063141425
-3.2306693298432285
-3.0855297824861045
-1.1328380281212809
-3.179801157713269
-1.5517542041864851
-2.2976102157872207
3.0639146732505234
0.3939996812904978
3.259288417135201
-11.248428868069976
-5.369211884932483
-2.205321008974985
-7.012974804109165
-4.868245716459461
-3.6917986415825848
-0.1317629373393392
-2.899925739099004
-6.684118473550448
-2.264966327718806
-4.1184054969202
0.2742999564924564
-2.5591521067707776
-8.072751971187596
-9.449822670942211
3.258624664926409
0.46642037395702174
-9.046725967909408
-7.395020335658628
-10.933069533437608
-8.746415455529723
-7.716112040417796
-7.730919925061595
-9.76235825927362
-11.82039321817749
-1.1208985106789175
4.977232544860717
-9.36944816777466
-10.172278700134768
-10.759731495018437
-1.7963036015403269
-11.556793880517537
-11.065057150716527
-6.0212909530612855
-5.276111538796295
-10.420443171902999
-6.930451267503349
-9.584302631320874
-6.377154128349986
-11.196419509857622
-8.577513753162732
-14.57262176564663
-10.733572273312992
-0.9337065287031119
1.0039788162359713
3.3804704589479955
0.8910756681700738
1.6089227080254045
-0.6600668565285566
-0.28490601248676084
-4.198834228132899
-8.585040851720912
-5.0460911385361635
-5.127071120960597
-8.898999995660068
-7.852499513623173
-10.859989335670056
4.052009232203704
-0.2030822322230883
0.3330172861957843
-0.1890827010149958
0.1789550333605896
-4.142418803598645
-5.062159748799221
-4.414819982494438
-6.72123900924485
-2.619008797660493
-0.4295502156629629
-14.558161217639693
2.5029097045481583
-7.720412696860574
-12.054334774384532
-3.058817050886188
-2.7432521866795323
-12.215974405997777
3.689486895590807
-1.0512233713258488
-0.5417384250922073
-2.065827061524841
-1.5135126220121817
-0.38316952807123794
-7.990939402329311
-3.7353264510100477
-3.390289687385758
-3.4907006750600487
2.7640378665063174
-4.019168264887469
-6.282016768268108
-9.407077447085355
-8.300867406197018
-8.379988857320638
-5.362223500497107
-5.775963013871099
-4.231994379272587
-10.985875322696575
-11.021720599995323
-9.692318825631464
-7.427668886391054
-6.625144259943053
-10.558663821829793
-9.280246105879394
-11.909118196757351
-11.976259240586153
-3.94084362448973
-9.506781145164311
-8.96510906783322
-7.828812905198621
-9.857422892474114
-11.370415551803482
-1.3249635884043092
-0.1547988485735634
2.108816920324057
-5.64907658004876
-11.150850838030651
-11.950370141765768
-10.4774604561652
-9.302179323042495
-9.798824880813134
-4.636732450964389
-13.427115965877606
-11.873214873377677
-1.4491362606495244
-0.31992130221182546
-4.857517772920014
2.5780631770569102
-6.7587239540925665
-1.7264031467881367
-0.8725130934930831
-2.2792813319691456
4.636406013020249
3.6351105471264065
-3.664230058262725
-5.541879721531338
-1.7363247539918745
-12.236270933609259
-4.19833429731371
-2.952115676291874
-10.149218376322493
-11.832798319978544
-7.647432446368113
-6.479026048140174
-7.139760685530839
-5.775627323742386
0.15532290211790611
-7.305995872447982
-7.238645957727054
-8.370931142813065
-5.315644462785256
-3.8921196338248816
-0.9664875325974895
-0.6397298798639643
-0.7021952499219406
-3.3598326549639985
-3.3088455419383678
0.7936675176402797
1.7522482239117285
0.03308852577921817
-1.6744930876978403
-0.8427958995976788
-0.474095393857513
-2.7726041750573667
-7.998576900970705
-5.5579844227854975
-6.953579343066961
-6.0837599054625
-0.6753994732656823
-10.639590104166496
-10.477635501288702
-7.412333204098976
-8.706083354253533
-7.74736190475163
-1.7859674001102017
-0.7345242854040539
-9.226640723936216
-10.281019211280416
-8.211262404331817
-13.261561158469434
-11.603972372874377
-4.884543376945544
-7.140293625481508
-8.409527102466818
-7.9398365652768
-11.4287632916689
-2.856962329006676
-3.0348394488574404
-9.948308537759933
-7.756538757569
-10.447978432012185
-7.635944485764206
-3.5354289387670077
-1.188890496714083
-0.7914385774329772
-3.064088761168519
-4.236567472811482
-9.095512724458054
-12.685521015007659
-6.9321557198537995
-5.270196385477288
-12.253754645808508
-8.982830831253283
1.606577065569174
-0.20075351760815963
-0.9300975252573085
-11.658104619563275
-4.881018290939233
-3.008160886697106
-4.7602965517035845
-11.140887720964582
-9.930061587600413
-5.9406110014080635
-4.807932436070907
-8.492654821563377
-10.503491601923374
-9.632265937669153
-6.48689544200639
-7.206090373605786
-8.088828571519187
-11.415204410370627
-11.721888086889049
-10.302770775577281
1.4460846665380147
-6.246373535524306
-6.751032077406084
-0.21451282250429804
-3.6810868614768752
-13.819257897946638
-6.583730888992205
-9.975842695157478
-8.02159432490103
-8.330463163745456
-9.26157764720019
-3.510413184672073
2.0532938741952718
1.9821470160400778
5.327656892733249
3.4824596419119067
-0.7664770355753439
-0.6986223272146441
-2.4591017480390285
-6.783973070166139
-7.159779674726235
-5.682268848138781
-10.82335218507129
-8.267893050095392
-2.6048706860116484
-11.302947914321916
-1.8308104980584377
6.260056469861691
1.4055925409856453
0.08752625074520992
-12.050681080601047
-7.196192468982996
-12.217638839063303
-8.23102685627434
-7.287095197071346
-4.675076899943599
-5.4113974647055105
-4.47791732522752
-7.387374650114133
-7.1657725504510825
1.574643984409417
-0.5696031913980875
1.4449661443450608
-4.837840398037495
-7.394710640022512
-9.407650573165652
-9.981165221598587
-1.6816831940129224
6.4104882907911875
-9.663644033746035
-4.313602880407814
-8.724792880311028
-7.537306659208179
-2.3456288569163535
-5.954167857969061
-0.21357536676409516
-8.506765642088196
-5.476322240210347
-7.46033765063015
-0.0069566697662586385
-2.031869372655608
-0.552090659348409
-4.575957765019028
-9.3055171051218
-6.968146447906517
-10.871671687817917
-5.977205780298261
1.3827598908942504
-2.114587693336357
-0.19139033198069244
-2.527945919415817
-11.020234301755243
-4.135580088514222
-11.072949651528381
-8.922274597798175
-8.899382514461797
-5.662461137175039
-9.72048320171494
-1.2893722226043418
-1.847448723371571
-13.299337213569178
0.17989155015489477
-5.2883672262279955
1.7865278502854753
-3.364600629286465
-4.2956534421288435
-4.069274408666434
-10.02902148096001
-5.4508184917577385
-8.764229944602297
-0.545987893102023
-1.2536152570382497
-4.075938259867613
-0.00804127394561771
3.19727566639956
-0.387833122863642
0.018603314234541424
-5.972338462385316
0.13214272560324947
-10.509873723373719
-11.146406796685454
0.73215412347881
-10.123612071808056
-4.180022171890631
-1.6125425272531322
-4.769376769751151
-3.7135423129225344
-7.666457840933154
-6.630437851444645
-7.151908220585048
-11.039102161486705
-8.503378263104972
-6.690783176622193
-1.3013954909351002
-4.34596353190865
-4.777235570658204
-7.496986505721441
-6.840695965334563
-6.525856100859786
-6.790498542252912
-11.639613813249062
-4.3136701199521825
0.20050117912291343
-4.0961159526516555
-5.733770197936836
-3.66882413087012
-5.039902631830377
2.5578294432554087
1.7928530046597968
-0.8552624623923986
-7.9724194581884
-12.044579831302537
-3.4330596865015996
-1.7496299599412255
-10.794073612296799
-11.8409449784565
-13.531018958951705
-10.288016082591671
-10.668802091773797
-10.649399356788422
-11.623962584025602
-9.98576728830053
-9.909625309657551
-9.7551989547598
-1.351490601558443
-2.5901138130216657
-0.03537447733479704
4.878661410731782
-3.598480146690907
-1.8101220434164842
-4.352170597328831
-2.5974227905958527
-1.4299790439966258
-0.7345289131819981
-1.9899714216627977
-1.328364030910112
0.5692222067502968
-1.0238123449514251
1.3137849914670816
-0.4770140041992532
-0.6244226360128078
-1.7801647328796468
4.326687725407787
-8.25831448365883
-0.08625411007525752
-2.2526065847225936
-11.719737364152058
-1.522573194585922
-11.406208507746506
-10.186845813533427
-10.611310237921055
-10.456128756807704
-5.155880871446341
-12.627889220219979
-4.325903866494337
-1.204910743434852
-3.814725836448419
-4.600077159412927
2.253451959837265
3.4035850253249373
-10.11813889785646
-12.021770361604357
-12.155023652491309
-3.104181473897039
-4.161079269551264
-10.122965528273642
-12.085682181536916
-8.361983186760389
-2.466970793221392
-0.9815007535155016
-3.308392479719497
0.9591594288610308
-7.731236887186517
1.30161663610214
-8.536127527745483
-6.692161480397254
-10.011861229366223
-2.8740690389365264
-3.7411084440652216
-2.506487224566489
-3.7698375562599598
-2.2767581474117913
-12.123953645332932
-7.205396098418543
-8.24940807050994
-9.32589324443299
-2.721978546352222
-2.791090556372414
-6.97951975393399
-12.090090406281403
-5.61361551690685
-1.312476855262064
0.045042035562079086
-2.277443130570144
-5.516505522668983
-5.62025220596796
-3.2970313690263806
-7.863377656651085
-1.386669336536408
-5.245160161441662
-6.189576668627547
-2.560797121259527
-4.277423836179384
1.0180174565249804
-7.4289809089034415
-9.43779335719175
-9.307615070399509
-10.494840236380941
-6.161721673131806
-9.577839893990914
0.3586597284279902
-3.436069929871964
-6.21835559651955
-5.0522092755760974
-6.7182263074037945
-7.669808546740887
-7.87010180224462
-7.244584202086333
-5.947450101654881
-5.796301301092271
-6.68911108505792
-5.942142837654764
-7.1310657818216665
-5.131318614473353
-10.262830632871406
2.273624075670692
4.0042869398505125
1.4518490270134137
2.9476243296967946
-4.6835816769095775
-1.211665631019009
-3.9214679013771754
-4.787703206311031
-4.721058395513224
-7.6905095413458735
-4.599979567712446
-3.2127363377101297
-6.434462715213694
-1.5996415310932992
-9.157679753085171
-7.028593963404369
-6.781557220994159
-2.4407000953098517
-6.642867079568604
-10.516202096536666
-2.9412621744008494
-1.8855258387513194
-6.561904909564165
-5.256038891311766
-8.269415275595943
1.9805211413983363
-4.336219396446372
-1.4032135985365697
-1.9298824363516875
-1.2086063580611368
-8.432959098205217
-8.212237762131059
-11.50088011613189
-13.466305071440246
-9.374810710858723
-10.992183537966266
-2.738840657071103
-8.836518563840992
-11.794693978657055
-7.812098713936181
-9.039965734977512
-3.186291424016858
-6.090213997228297
2.4843816395259566
1.338839121975259
-0.18745154116655494
-0.3086911932039733
1.888255729281191
-12.662741271147487
-8.173216561770456
-8.017605922965416
-12.68087083376305
-2.2665321556553693
-10.518520735187249
-9.79563648161463
-12.136308339636745
-3.2321323140156664
-7.704356924688396
-1.893306306549732
-1.028920949163686
-0.320240530030782
0.8117292558841989
-0.3478669405458841
-3.2906099612619024
-1.4797549565071972
-7.09514212643672
-7.346571781661768
-7.058764753042193
-6.441583379326643
-7.725251558278417
-6.801111364368043
-3.2573583382168265
-4.998715236068759
-1.3370593267349293
-1.1638871996524784
-5.546385215163972
0.3453271339271491
-8.950964013533367
-9.298874673154875
-7.64287691320717
-7.111850635355628
-8.563692263611513
-0.6678559722356434
-7.1482526406338085
-4.293781018182268
-7.279695822228257
-6.19001018760766
-8.126429123373756
-8.495829497447998
-7.481391400144381
-9.448986952900459
-9.738699808359879
-9.147917321743336
-0.8529399183354742
-13.466599002082726
-7.524393749724416
-0.3663532039365558
2.5808331497379497
3.8091368667280845
2.253468476166466
-9.15536865473661
0.16942532334989435
2.112718004683531
-0.8286389857433822
-5.5088198318971155
-6.804994477061973
3.742379123615703
5.199419130071884
-9.030337391603242
-7.335513268161465
-0.803433707741722
-7.055194581709206
-5.458863854346852
0.7859907976725922
-1.7548386282022177
1.1918204044641996
1.3282252166350208
-5.058957425035729
1.5308595130345852
0.12296902532863996
-7.6227688787019225
-1.5643146511621158
-0.855918300856052
-8.913851859738156
-6.643611853039506
-10.798214545463825
-7.898740854551807
-9.069500208065811
-8.092948814251816
-5.421076553730364
-5.72776673295096
1.2844209584560886
0.8342309448814373
1.6304227190588665
1.3058999248543608
-1.6200711562704935
-0.531435372066908
-2.434777844012085
3.9642311026089203
4.076152722700954
4.564849601093231
4.270677479026339
4.0378878189309875
3.0404417823736924
-7.693259537771319
-9.909056026650822
-6.604144838322196
-5.956348783788844
-9.33041507241349
-11.551220809074152
-7.456620398279645
-11.343753199616625
1.908775034134786
-10.420683179235354
-7.838870580112744
-3.8855000360835414
-2.9685667386919055
-3.0273347759036704
0.19505787814763798
-0.6016541699552689
-0.8051714812354915
0.3377574970163346
1.7064085099858959
2.264732054503648
0.738849151859184
1.7055810589326545
2.2082359681421924
0.6863580672159459
0.6258243291913594
-1.9925426732055882
-0.8548664039189049
-2.7689918078962243
0.8467518114921644
-0.473433592403381
-10.176453601872696
-4.666778573840382
-6.030467733111606
-3.3672065064694756
-9.918648799928466
-12.330915225375778
-9.162075293253949
-12.185817062543633
-7.032122336358131
-8.590732199249077
-8.072665249546503
-1.4865884937199756
-8.213386946585516
-11.470011200968969
-6.572100984539643
-5.174755723914357
-0.6397606900326829
-6.494901574009635
-6.977584671855609
-6.970523346420593
-6.488698011293012
-10.871539760642628
-12.228879445856377
4.000656943767191
1.6917598713037523
-0.15153433555646834
2.2860153138649175
-2.365287931041027
4.152268907085129
-0.8920779727149541
-3.1829727059094326
-0.9517052705726683
0.4860192674210875
0.7986391461313302
0.18184352814337346
4.47827786064455
4.40933766030428
3.7452734397494503
-2.8543897205312376
-3.3213663651603946
-12.90927763841259
-2.2860547527035617
-1.0897261068221618
-11.194398018052617
-8.391467302361292
-6.637339358174179
-11.010948956875808
0.0949385631320614
-2.1286043938253414
2.3206701909176166
-1.7833990335280832
-5.838561408850431
-5.851477720045128
-6.2696118801956695
-6.397588191127745
-5.323362694087122
5.914524968399185
-1.501513294872595
-1.4029706905803199
-0.6139703349721102
-1.5554196300519214
-10.370604013964627
-8.570164367440631
-7.256332101653319
-9.310857855224349
-11.874036066233955
2.406442855951222
3.3027228780858695
-1.4204389988221042
-0.9307181876662836
-4.588567127451777
-4.015908859989599
-5.215904592930188
-6.929676896195134
-7.37292491972298
-2.535204198205463
-2.1773560188232643
4.018507438251252
-2.186259534705837
-8.919775132505393
-8.872510502170634
-12.383744549992084
-7.536698160246255
-7.427971299172783
-8.36497452704683
-2.923949811591331
-6.686626978773739
-2.0215359817140865
-0.7770283651293091
-4.110351094780444
-5.1832003330978464
-9.36248769550187
1.9812550220369844
-1.9528522984046277
-9.828006929759567
-10.118367392994774
-9.128860682238008
-12.166889254405522
-5.459068272855559
-12.94711485834098
-10.869383477121055
-8.540509646043157
-5.864826040461367
-9.953465511160774
-1.1310762831208616
0.9909974332534435
-2.2607341555777456
-2.3263941484729194
-2.2624504463472395
-2.484062867178208
-5.75899444754133
-5.359241450389263
-10.921361068562707
-10.84991622610428
-3.8270281511018367
-9.473860737384719
-6.869098716252931
-7.299107964928135
-7.848040580970839
-1.6079833657730966
0.9431193984046333
-1.302479766285547
-9.883248533857131
-7.542817045677593
2.60165217096072
1.1982122391591998
0.5169816203334832
0.4421712966500815
-0.9403387061196807
0.15186152433471767
-2.175514807658935
1.335202165266511
0.9208579272641437
0.2361019450377997
3.0872420969425756
-1.7145443689264346
-0.2833256463078999
-11.062500551665119
-12.490130168728722
-9.944109623305994
-8.782782945706476
-7.113902063645536
-10.264884751744534
-4.512618040475203
-5.490339612225563
-2.3087071116220628
-6.257134818732314
-6.114364929850844
-1.1708178105451057
1.2733558863580772
1.1377193630106228
-3.5298373871247213
-8.237723904122017
-9.228686133957382
-2.3109314887652874
-2.8677143959948235
-0.34696048290903736
-6.592804785664647
-7.12829680600051
-8.360256316777242
-4.600114278278142
-8.854871578277486
-2.4799666022555527
-5.391756072635417
-9.744431216735414
-1.740864487341839
-2.175106035348276
-4.72913203979463
5.150775411854135
3.1717745876387293
-6.9434960700973045
-2.917896373019797
-6.59089282424585
4.355031010049883
-0.818836621860437
0.4060454871232426
0.036344948004272126
-1.754489634419746
-10.594192722863601
-8.072256018638473
-6.793603530057387
-13.502910722651487
-10.837160353597962
