-34.16466197323652
-19.419384850819366
-20.76837073047254
-28.646233525121254
-23.995228104876723
-29.436648509373
-12.398200957190031
-24.976237126501946
-34.30592039630115
-30.873308476266565
-19.751320426867107
-20.952006153382406
-25.01348303212587
-26.56981751004204
-19.23441125430031
-19.198902803694004
-23.410352912411682
-33.298756187791
-33.531425216198144
-34.254248572824984
-19.865723399984002
-23.777898314356797
-18.110264785540757
-23.920224365404135
-21.207049938517102
-15.969478337801254
-30.00524993591391
-28.717505691303167
-34.38358477449911
-25.93689655994883
-34.57390803440489
-27.154027801084684
-22.77917771004431
-24.79049579477147
-26.64920469266726
-32.29802936293855
-27.705397037153986
-31.216428761752077
-24.512192170088657
-24.37909555504863
-29.60781815528176
-22.046004086202803
-31.451862252358804
-26.49141733717509
-22.958887918393632
-27.63646672311516
-35.959829831449916
-28.875857109869493
-30.016584729415953
-25.751510271179775
-34.5290670302589
-30.43163672017034
-19.796317850205703
-30.03288528448566
-35.25426483570886
-27.738133426243472
-39.36104115244861
-20.602994333615825
-42.39234726601313
-30.76482374967204
-29.066532828017877
-23.5077784781158
-28.273570491968748
-31.378559685677175
-20.455282803869046
-16.557847267982858
-29.918801252848585
-21.271214121088818
-30.28580091235012
-32.66058660780518
-41.454526546878704
-29.80057193061434
-34.3549597222528
-35.75278631174601
-28.12329501883395
-33.176502713334386
-33.095280247230605
-19.52759491123518
-26.07213602536371
-30.272884945523717
-27.04098435293674
-30.435071344107023
-29.939647844894317
-29.24173749285778
-18.13871410504766
-24.475611825483114
-20.01524570671623
-26.82454430259674
-29.762479742604473
-30.889604216638954
-15.58293970214709
-28.759820713707345
-42.714178644998725
-27.771243772449207
-32.45850655868284
-27.159450901345174
-22.81971299854985
-18.036160765615993
-23.120154784147807
-28.973590852628327
-15.369936904388204
-31.723069124811403
-31.85169306599925
-30.067931519743837
-23.85427120944599
-35.915602018588196
-27.35542949735285
-36.8536086470366
-21.41153170821382
-17.93686652093914
-29.744340860113333
-21.677753152997916
-28.278102895999396
-38.33087334372271
-18.12633953528602
-27.400368463428734
-27.97297712005946
-37.327413743387254
-18.06505815843844
-27.56279622109784
-21.228704710744697
-26.7637559569417
-23.429718549702034
-30.65708964174261
-27.734738369511405
-29.859115163821514
-21.191659848498077
-30.075820026561715
-32.21478280436228
-23.75809742782922
-34.943527173197715
-32.67999464897633
-33.05495635868624
-26.29213340172546
-27.904995371819375
-38.607002984670714
-23.04882367666714
-30.304611190658633
-36.44938377523825
-28.221682589366758
-34.92701610122731
-26.08866221364527
-35.31995006587028
-30.099833319820625
-29.325821446366568
-19.69854602555094
-27.89499753764235
-30.933576266359346
-25.4323456056381
-24.61666041969715
-35.4753211883391
-28.863724502134225
-24.708349391923726
-32.644397563027965
-27.079043571063654
-23.1030845569422
-31.155375788038906
-29.339638927977326
-35.083583010324965
-25.197470655322945
-32.006793982813946
-26.393190073346293
-24.90413144066021
-28.899578968861597
-31.228953734828288
-25.761059475669022
-28.733787291339567
-27.313438124189265
-30.65456571073289
-23.595574230733362
-29.570003334689186
-26.57584294725379
-22.738127720441632
-27.998512083535616
-17.17712670645902
-29.671419995518114
-31.418466300697233
-32.488650625043306
-31.57763677805704
-20.270047015032425
-26.451604727649567
-32.352034234660024
-35.82199207060073
-29.936441518431494
-20.109168884041658
-26.09558794111315
-30.511339557621206
-21.086175528928813
-31.723303818079202
-34.50125540902528
-23.374463856056117
-28.359945657449337
-34.031199690991386
-23.68967842859054
-36.038030871601855
-32.362173916877104
-24.159143125799613
-30.768244297749057
-30.9805325461772
-29.49873700494514
-27.822974310090277
-25.433791110479675
-22.71178759722313
-26.600055015045285
-26.777954444152545
-25.410717969613458
-24.67901376179307
-28.454355625703613
-19.24830520443262
-22.601222598951274
-31.65032691147234
-17.649099485834117
-22.154462798243365
-22.63072386794427
-20.545694947810624
-16.264004149607437
-32.123376927975855
-28.813940157364733
-35.813024167237074
-15.285706114847745
-20.614982928058634
-18.2906345512217
-23.609996376873752
-27.69733853886657
-27.234464973611313
-28.035749480282373
-24.776570484835048
-19.373275988531347
-21.098204394032532
-29.54536712289957
-25.309103962431443
-34.62703379720412
-14.069680343949727
-17.18498255745004
-24.592919667864933
-25.2181220851045
-24.435751775109328
-31.473195027428243
-31.831551222136643
-36.67596507787304
-34.86508037206571
-24.330263173058263
-37.92385276349241
-28.657558727325778
-26.916572005190858
-32.836512090906965
-22.93123477807615
-26.38100697350908
-30.736254561309313
-29.631732602885204
-28.721984832665825
-42.860549328318115
-34.33593407491213
-32.47777532932355
-36.38547133293959
-33.69961529679777
-29.781218769398393
-23.335526493355847
-23.844078211113146
-29.05623905280649
-23.641346043482155
-29.144565893713917
-27.637075471465863
-29.752480326115347
-27.62570369083631
-28.086781620492438
-29.25545339920967
-28.647798021308525
-36.21852668682766
-30.61306403946703
-32.60193540612121
-27.262413971867442
-33.97345593134054
-34.01557484971974
-36.42012108994446
-29.48264818999266
-24.60246435119906
-23.995929141090485
-25.826071854695734
-35.53732400843136
-27.845739517871124
-25.10363278263742
-31.952526399390337
-29.319021294036496
-25.122409771342923
-29.146166767210772
-26.698229217112242
-35.33269315906232
-35.087097242752996
-31.35280578841339
-18.266343841110064
-36.45180170218238
-32.44792836041178
-27.54194951235721
-32.77202900093676
-29.964501359543554
-33.23353380506799
-26.264683570076826
-23.533877747075916
-28.8005175352192
-36.44810175655661
-29.037649936510032
-25.359894691915127
-34.784679231997146
-29.66266194707554
-26.363084440905652
-16.66419808564485
-27.950339184670312
-24.14039888948006
-15.413417043850455
-26.78945780706286
-27.911248800293738
-23.60073768888374
-32.29650956417819
-37.55019690010244
-23.728381445048885
-26.59840370999229
-27.082301411190954
-25.90434384324354
-35.619030839656666
-30.32575718684283
-22.728601412505313
-29.24680334998329
-34.03551464682798
-25.554666880947963
-31.384287588634663
-28.59036948940863
-27.04958561043639
-29.8055406957007
-28.54989754772025
-30.263450528966324
-25.466098142535152
-11.70141562708313
-24.275687510681518
-22.659055453670902
-21.844136377858863
-30.286048011408376
-24.06936772261511
-26.95497002529563
-31.049378698594353
-28.24767521957727
-28.466811481421672
-33.21581533074736
-20.155568318914113
-18.376827349845605
-25.181590795588086
-16.384546036121932
-28.0863390302561
-28.759115243648026
-35.98452518795482
-28.3120648265254
-21.21853359653674
-32.03791716744002
-27.20598247161676
-23.67823037063925
-21.53334582186706
-25.592891031267776
-36.01150332362816
-31.64715250967741
-19.301280758393766
-36.746409480406925
-27.67702441548542
-12.834497037558851
-30.64885594176399
-31.113181613063745
-37.22103017528246
-28.150937666068494
-17.22697808666323
-22.30631763025256
-16.24248887203936
-22.050657674320618
-18.417645899221395
-17.79379049445776
-31.650913948989746
-33.026030687791355
-39.60145325631859
-37.68763231798462
-29.329786425385734
-27.520876296568765
-30.99728025525468
-34.678294794421134
-37.19946395325468
-16.456532058380354
-25.493088532894692
-31.296733855771215
-24.502272324382076
-20.010241137819044
-20.68103022746848
-29.607934161498214
-24.686071114158565
-21.664805343686968
-23.256025884818875
-34.37397773723248
-35.4023011466045
-30.473606436439958
-24.041656054155467
-18.550017890199243
-24.745273864478868
-32.50540378842334
-35.2515797332661
-26.16224738838713
-30.091093968025717
-31.96504318023112
-29.909247189526837
-28.33956449845703
-30.225632740700455
-26.77688303698272
-30.007964098184047
-36.33269747554191
-34.335327801573214
-33.40550312443952
-27.7791641386481
-26.918454651050666
-26.98114637661191
-22.96969203308997
-22.71351107372974
-27.937657298194658
-33.743656937547385
-22.691483623611823
-20.56343471689274
-30.480902399366016
-16.04038163761136
-25.332630516422938
-23.998176578636127
-25.234374780569617
-26.532466266726566
-33.369340882624044
-30.672024115657962
-25.68776456222116
-29.20723219184395
-34.551423200993625
-26.49439129352084
-26.627598699083507
-29.168841893435406
-29.648731061996607
-25.26623745204447
-24.85086871564055
-34.394470320634795
-29.562737399570672
-27.45729005985728
-30.162397033067144
-31.138493366315444
-30.854629578039557
-21.033849525339004
-36.120705363767755
-31.611929635371194
-24.499161800425085
-36.70498732280289
-33.290747665176
-15.956573259657112
-27.878873089685996
-33.3895166559744
-30.958208245769953
-29.078121577786508
-23.640349926864758
-20.383241011357455
-27.534364557076763
-35.83605014790611
-35.326792855865236
-35.05581594276252
-30.479841916529857
-30.603360896612283
-30.14653924417579
-22.594419182066424
-35.89923315124846
-23.279151384998542
-22.772053698270952
-28.51244898111821
-31.57543735634416
-24.71706829633792
-34.51717811176838
-27.018901237050947
-36.17671755982174
-30.661634022864735
-31.1559201101276
-29.159229108606446
-30.33212235851459
-29.283049852163224
-18.376497127482793
-29.112800241039594
-32.83665954343087
-29.0310255196107
-29.042337838220256
-35.964083849081334
-21.92068454019868
-29.741674944566554
-26.556191769769967
-33.044517093505554
-20.492384874329026
-21.736408659884724
-30.44268289571237
-30.424821439836645
-30.150415809414625
-27.263874714657486
-27.67122664761304
-19.041044825730083
-31.99682871680054
-27.44396901278146
-27.92915248500167
-33.03247825598902
-29.122549703992384
-32.219909810109904
-19.36127886422628
-30.85682792755542
-27.541129035891508
-30.140744585186884
-27.350858775977724
-26.30140295903707
-28.600093101640226
-34.76273809559803
-26.143806050092955
-33.994244988941816
-28.83848345683355
-36.450959877696846
-32.37708408888528
-22.071291034425844
-30.583955384057703
-33.835602661688185
-35.288312900999884
-32.03466325661324
-24.584446751650205
-26.692488600111204
-24.293639795178407
-29.51842637113115
-32.76820284584995
-31.651116872136935
-33.570954066079594
-30.620214336082693
-24.156767011003154
-13.686229463637687
-20.644889406092123
-34.26919110827445
-22.88072099464376
-25.671207171344314
-15.489419199025939
-27.858075135695287
-28.61416722770496
-20.449195595345508
-20.04883869811301
-21.325302730121578
-22.778530970467436
-17.0051183750941
-25.953633243126752
-28.630411773745493
-34.936748897503826
-29.81572865386839
-22.341992544414275
-23.284431752745466
-35.45662041508431
-26.042995221424142
-35.13418017088165
-31.177066930117324
-26.804259365498936
-22.46029691958711
-25.225099470739114
-16.894032516342133
-23.434865680922925
-26.9171300044925
-27.984347231848197
-23.65346801722991
-27.669714633176657
-27.587289356064353
-29.481140448115752
-29.419610990649474
-27.425920960353793
-37.03869917500967
-26.56157769959045
-25.65710054542212
-34.37867200372964
-34.93931425490947
-25.111543755194155
-21.30084065927648
-30.91884877814096
-17.431012553772185
-29.095060060500337
-33.40541390327499
-18.515132663398457
-28.65620210678464
-20.611966842386884
-32.465723370365055
-19.902801191145027
-29.75138361979363
-28.518378895438417
-22.303767710711163
-23.278844799925707
-24.071070731226417
-24.569287681145536
-28.268983215968316
-26.368303696857406
-26.218806583622126
-29.046743523306958
-27.97708128108361
-31.458453993827803
-22.375114190963437
-23.805992355683422
-26.707624721851754
-32.460672586939296
-32.59838027924498
-26.34344885872184
-39.31674499942817
-31.947387822867782
-22.763470604785297
-31.305015168081304
-24.578821766215313
-32.9878791232313
-29.007590859520175
-34.89027350542404
-24.43839550767988
-24.697333713313007
-38.45825129764319
-29.446427549758937
-21.20067699788759
-31.956981644852974
-26.169621637955338
-28.95260609395541
-32.40268611522783
-20.7843668404732
-24.710683887279295
-33.17497120765643
-29.95752225806939
-37.264058570319825
-26.63631835825444
-28.31816636074489
-27.660331747938084
-22.067191266396947
-31.077640192380382
-30.07976246025521
-28.780050402018563
-29.527062873652653
-27.225170166401
-31.055625470659805
-34.99247517189288
-21.96580723037043
-24.054047914054756
-19.750374958683402
-27.459480411944796
-31.656029466150734
-34.0033589514461
-23.425842302348407
-37.421253153376966
-31.081929504110864
-32.51998819481048
-23.111951725505232
-29.54103929582337
-31.287047930867242
-30.69934864286151
-26.66129293961894
-23.831258443301394
-31.648419202156653
-27.869833827386284
-24.76672320635999
-32.89915031121657
-29.010777535831053
-18.56078078927425
-30.19919929349841
-27.165717197332132
-33.92541059164691
-27.162802458918115
-31.313967871510307
-27.835766448458443
-27.196718583596848
-30.315219416377587
-21.481055047817932
-20.69738524530271
-28.52686466411707
-20.082960735660677
-22.395118664310417
-28.591732209320632
-35.549167842580445
-30.340876904281195
-32.96344357153575
-28.48955062387516
-27.79158934816192
-22.461202067884432
-24.419031415901223
-26.37478044567089
-27.307948638449655
-34.04494959632136
-26.7246397021022
-25.551989957925787
-21.884442069966994
-35.23089551963978
-14.902029256007777
-24.58174638647995
-27.318186040477116
-25.39893915497906
-31.95271561797049
-33.84640413754464
-20.773176634012714
-21.871255883805226
-27.157009843726026
-31.112363335720325
-31.74620340077699
-22.739080187176544
-33.89091745234178
-26.643954790855503
-15.821735667393883
-35.02586901516474
-27.081251390034375
-31.008341532055255
-26.572198395329856
-27.92251263622383
-24.748912028981962
-26.863979557822283
-25.6257983993902
-20.89395723056959
-28.170240955682818
-28.922331351035382
-26.148097134465793
-35.51603097151453
-28.417380265237135
-24.997107716868403
-29.576324206465586
-36.21466895384981
-30.935485697436423
-27.307076442911615
-33.05840217073036
-26.780187147216687
-29.413704975736962
-24.400072008900217
-17.6238228470817
-30.425365437737284
-24.370657488216054
-27.885500569284407
-38.49011658083097
-26.51865998269686
-27.151384705605754
-30.985652134713423
-26.65049817265895
-23.98466274871065
-34.30476953902938
-26.747239810204096
-36.098967763717845
-28.593359539092415
-34.665304546056106
-33.01439084808374
-20.649308732224313
-36.61697499192618
-16.694417307375904
-30.9910128417932
-34.76761332167672
-32.15954746827019
-34.81048950534493
-26.53818385965959
-33.67209857285608
-28.348813409080684
-21.03761837720063
-25.773194123699056
-27.073740079299412
-26.955914464432702
-25.262869134361935
-34.26999164226016
-30.305978215475115
-16.233683817146176
-28.58299435342745
-22.352705029019738
-36.2539215618961
-32.329980933574205
-31.40955677208933
-32.353280361006796
-34.285336974276895
-25.84569908098046
-27.72699917395252
-20.08009657322802
-32.83038811048829
-29.128092707208275
-24.40555507673083
-25.332027367693634
-29.584350735299136
-22.607760620780457
-25.177802779005134
-21.426221752290424
-32.85778175313169
-27.6652431338966
-30.885397163357638
-20.011073686440376
-21.476574921762342
-22.868474435972566
-25.963033319830807
-23.72900679405616
-25.095737831239624
-32.992641278895206
-33.49042355476384
-25.473493093124816
-36.80413318326724
-17.921201150457563
-19.8879208467482
-21.837971102837543
-25.010968220278677
-17.105190687597975
-30.220192641185744
-28.506834654959498
-27.65523028100707
-30.248363244366857
-39.39317156598282
-28.562674032587406
-27.01667460068986
-34.1606832727459
-24.894002449707788
-25.875942138310936
-35.18811084848263
-33.87238500793566
-28.91267679756798
-25.428163284465136
-23.777650960778665
-23.78028939615284
-22.618429671469595
-24.793135862292722
-25.343095191752518
-34.22448207543219
-26.87063856847392
-28.6915230132297
-20.592726320412087
-34.4191864727368
-18.044614356638522
-20.735720269237746
-22.02464163558593
-32.38617997587967
-25.83330443743383
-35.13538006971577
-20.061816935142357
-24.450353993240434
-28.990590882311878
-29.153839944146284
-21.454963808877274
-24.409152765997504
-31.152739674248117
-25.41485648642729
-28.256688422575458
-30.30442363915417
-29.736076454251737
-27.88356947290486
-32.21984065084024
-29.309812872064587
-18.442189659410417
-28.724419670604053
-24.848765413734718
-23.585656896561673
-26.780371157098074
-24.60374924355144
-37.40330013800769
-33.42025134702553
-29.7449810045658
-27.256731005447726
-37.4277138857282
-36.096450364541575
-27.989462932249715
-26.761988501847696
-32.21068470886608
-26.80414737255714
-25.046335486754845
-30.342915048881686
-30.270399601559816
-23.847239258068296
-22.106816849642414
-20.143145844849254
-28.393695046284506
-21.200219339248925
-35.23030557364031
-28.3454252848285
-36.87397706233812
-23.095457071505137
-36.63138858912588
-28.250043321000568
-23.972544934871067
-36.23164937895447
-21.15683749308264
-25.219938444064933
-27.51152447399582
-25.56795074489548
-29.253560420450242
-35.24014397223485
-26.952409644948965
-26.429023481463325
-29.269763159808676
-31.737674031972404
-28.031936684123067
-38.647298985001505
-23.63220642533563
-26.41004768948752
-30.841455649860848
-28.887904968306835
-29.06943263397531
-28.823420916020048
-28.49273808372329
-32.030414250869484
-25.736322238364103
-39.40878778165657
-39.11918498731933
-36.82477840440873
-28.638614805740367
-26.70066279631512
-23.451908433194873
-27.487192426648562
-20.130436153092845
-30.691594932204154
-30.102640233175144
-27.328467136343534
-26.846182772426836
-23.47885313073087
-30.078016557998723
-30.66607252259788
-23.310052521867213
-36.045330418697496
-30.426686584032545
-26.344665566413276
-35.05000961765359
-18.426278643955584
-28.256041761928117
-28.366893673029274
-31.339569247202757
-34.478413890805
-29.9717395958247
-35.19559242341684
-18.9804099670973
-23.6868493949874
-42.331191456282376
-26.536645358858408
-24.321179704298963
-29.077463158798935
-27.230224672619908
-31.133561758276336
-28.68907425015168
-32.121060255770324
-28.049694603451762
-29.364111604031045
-32.22077337748383
-30.202352800943117
-23.731155089049494
-35.294132333116714
-19.995837636765465
-23.36944758523822
-31.937032741244735
-19.41166277127968
-30.478873547308666
-33.69395156291078
-35.29819403980902
-33.33243427729555
-36.479547278376536
-37.162500453798934
-31.168998191522498
-27.60354532754264
-30.169530887813146
-22.52199954114726
-22.92499206469403
-22.937779819437225
-26.699855923957358
-36.62105589800929
-32.47347811311414
-26.729377410892283
-24.253550119037605
-15.017858789018085
-36.31240413073724
-28.30240265212504
-27.702190719553258
-25.500301055352274
-37.027101255872644
-28.91882951803496
-33.969351921297374
-15.180901398073853
-24.262069935559428
-26.60222851135224
-19.499490997327733
-25.34259529962076
-28.12523210312409
-34.06865948728538
-23.34778986271168
-27.387233677855747
-22.262338650625615
-32.942277242023174
-25.688593694803444
-34.63623716377704
-30.72006773681104
-30.96518615004728
-28.990948236602875
-29.87777816477776
-28.3902695105267
-31.27624279675714
-38.42044640074397
-26.11567815563886
-17.490331237456434
-24.431849681845332
-35.436019995328174
-26.179900281547923
-31.16969025215507
-26.147783433443273
-24.001543494605286
-25.562862031451406
-29.527808072711714
-25.08905485929565
-30.567518027265933
-29.239793158432185
-31.262711946382794
-41.93913116473584
-29.51244003830992
-24.983419512562357
-29.706550502820463
-29.540954925514384
-23.107692740560324
-18.25844996331314
-30.064625286887242
-29.38688160373531
-41.15240828215381
-24.218723231934558
-23.038689806428593
-30.46890367020034
-28.313592933838365
-20.630490792031964
-24.66084555032491
-28.56746855428745
-25.08559521004301
-28.598037931557705
-35.119075551505425
-19.096228941299145
-28.792634423167254
-23.786058401596616
-34.9259849605145
-28.308256725492186
-28.52177100862061
-29.60523037429237
-27.496662791870456
-32.98803191427936
-27.01540878388962
-34.430224403362374
-23.525514202852786
-27.585180028033683
-31.356312191442868
-17.16178866086926
-19.031859722840927
-25.44484318463146
-27.434957732118008
-25.410276838595358
-26.852046961564533
-24.680100294869437
-27.333079619901575
-24.52596583782627
-34.18182914991546
-29.629206573900767
-34.03901691585247
-18.8001659545311
-31.9145816422167
-28.99578214435911
-27.75948184111634
-27.187421780465463
-22.4714860257903
-33.050890754428394
-28.566346682127794
-25.374473643573715
-36.058060252674586
-22.341576709210365
-31.13485520182138
-30.421847246327708
-29.758215349644004
-31.62925267933185
-38.040165989544455
-32.90222046840632
-32.644628497275164
-34.273758681870234
-33.194070543350946
-29.889353966716406
-32.81775754034787
-26.917546048903816
-31.525515524587195
-34.782053724389456
-26.58052064517974
-33.01280673360303
-25.525949574397842
-30.489522818655992
-19.982326711132764
-24.620486597236145
-20.53274663619391
-19.554945176450182
-35.39928091652472
-20.82153107163311
-26.33631802162448
-23.949529786296154
-26.809496875941292
-25.790215663363043
-23.947431644790004
-35.253366765941905
-27.145548844279386
-23.047647987163973
-26.263475908004516
-22.724730104346094
-30.582326808852308
-28.131886469390373
-25.094078551559694
-36.53782575132301
-21.70585280993994
-23.64862413368708
-31.195780035583233
-22.49532595990797
-27.341894815367517
-23.33892159831934
-25.77928801842052
-20.737253729784666
-19.007735665824107
-28.32603595914256
-23.131854290597857
-30.8286224495415
-26.962964710509482
-25.070355010262134
-23.98807241725431
-26.301428610107575
-38.17131073794345
-38.16570492027097
-32.12323157186174
-32.43179545895423
-39.62141475654274
-24.557074824480903
-18.84743895821436
-27.126800483356025
-28.77531467090504
-31.868442436784726
-31.161641752284854
-29.829851333507516
-24.93853670048931
-31.155026822318252
-26.45729704923579
-24.21865592376412
-25.203982996284612
-27.161776013959905
-24.133746012589604
-26.275980905470355
-25.50485846860159
-18.832263104557946
-35.64262761103247
-29.13740748082744
-31.11881205391526
-31.709973342617715
-34.09124359242453
-31.31094045108048
-30.194074730623086
-30.803590870104266
-22.433860384983376
-37.55400266324475
-39.468675831155295
-33.75916685683578
-25.95911309663211
-25.59891306851018
-31.825188567196676
-25.904670089232276
-25.975830689854725
-21.551310764282018
-31.596676600330653
-28.05291592089182
-18.53640333615634
-29.818249511011274
-29.259045009550064
-26.88728036675402
-29.96203463240475
-31.920043069657282
-38.93258266457662
-25.014262911753406
-32.28112157451595
-28.80446440796014
-30.160900496197932
-23.663763994360934
-26.715434705949804
-34.854014886345354
-15.541012907008955
-28.22136504445875
-28.550738098808196
-29.466231655481057
-25.113851486869557
-36.29446508749653
-31.235938069377326
-29.065829252892577
-26.664718972991032
-27.461962478033843
-35.1146636369473
-27.060703970425237
-32.99242640250457
-30.263351714893
-21.595531414657685
-32.588437444877485
-27.805067197095223
-13.965455514015805
-33.83816631250889
-26.45700555921207
-25.68145212454966
-26.599069986389697
-30.300773218750223
-31.345799609859753
-19.45287968468245
-26.484170185484118
-29.104601767714172
-27.54606521351581
-24.196757479963985
-14.391433977354758
-29.956306419614904
-21.13415327587969
-22.690766735737157
-23.993858110290606
-26.6385380588248
-27.007452323054434
-30.808833669629934
-29.23330414029118
-29.380266822023437
-14.955497134172802
-18.194491918283255
-31.228151707419308
-23.131042521163543
-23.695297913376578
-20.357171169845515
-22.98657717675083
-30.415943424167217
-20.89417941908001
-29.483039865722475
-24.050503343164326
-36.17236503849855
-23.234475667654202
-27.10595350731043
-27.853849264220027
-30.79207264402413
-28.760229608622993
-30.292271189375896
-23.329349163246086
-33.90740878054321
-28.484961582060738
-19.438076940485672
-30.71504358550616
-30.238141211731147
-29.68709181687332
-22.479137760026482
-39.040481695057395
-24.90429103855242
-24.624662359746658
-30.1806642803532
-37.05973997775054
-16.723294637403356
-24.653908445474833
-26.397174518022098
-29.973407138906857
-28.18411345928871
-27.489085096011195
-20.342675097754324
-28.52111613801302
-32.68125211950386
-34.53464626249689
-33.78685318249085
-35.15700615676834
-22.841710352763428
-33.25019150176908
-39.99179970021567
-25.201439784006112
-23.60764627081783
-22.979549631145616
-34.204507734896794
-32.31002197025663
-32.50822889155609
-30.51200410682268
-28.530094493130882
-24.235898005591967
-26.0347649020474
-30.029502123863395
-25.572100107235965
-30.52679500224989
-29.446849171154053
-28.29148287078637
-36.22260892378948
-23.663701853544506
-22.080598265692675
-28.126799122917543
-23.925262255570384
-37.3301044180373
-25.52655333822346
-18.886522757067425
-29.39093771293257
-26.59014303621696
-32.65961935082065
-21.610822022471872
-27.401446557547956
-29.99193992005815
-24.302383442944027
-37.44842775494338
-26.430163240470783
-37.03209743795176
-33.159863875295315
-31.35201021559263
-28.42683898720709
-20.058816487382536
-31.146925967866053
-25.301968558035195
-19.01695840379484
-35.983170014130714
-30.956226435881113
-29.277584882361495
-20.566460594771655
-29.125031556051788
-30.57678945879468
-18.362912879412384
-19.490522962009504
-22.324685801232313
-24.551755123306954
-26.027741718632196
-19.956779163260755
-25.138832927318383
-21.15251092725933
-36.70066941162381
-35.1500373210162
-25.260013248734353
-30.77375020068191
-24.44134476242778
-33.121965379239526
-27.304141045094354
-24.51971364160539
-30.287777855087477
-26.470417093669106
-30.956579813585037
-22.745294135254415
-30.708107785644927
-33.57377979140516
-31.48660604414739
-30.508908077137647
-29.914113742779364
-29.62665791603385
-33.41572811249905
-19.838262636853027
-19.242781467766374
-20.911264586765483
-25.472957065668623
-26.117409029372364
-32.537977374634316
-28.829956956785416
-28.391141109119815
-25.626200048988785
-27.084815659005926
-32.47980898804414
-21.97871855005209
-29.54922686170836
-35.81405265269259
-23.642067408428588
-20.760977115952304
-18.862266167645743
-26.220650627996292
-22.288298949176884
-30.803195543235976
-36.744097406405736
-39.608948151181046
-31.893407997618276
-33.300171378904366
-25.939547370148635
-29.935078188109827
-35.19930084593902
-27.816236117131663
-36.29944488616432
-37.90853374426248
-24.502762102356826
-32.061718933686564
-21.517947182350515
-29.78592517324637
-29.36761508217139
-25.859950451832542
-24.844254128957843
-29.09396471256717
-28.453518282128066
-34.04296424531772
-22.83987079557182
-29.986385103734555
-26.58390005795937
-31.44066354826942
-19.096840086030404
-30.596282137337802
-31.25686322140134
-26.966856910501882
-19.96544551347653
-29.81943111799601
-38.49937754535066
-25.435868628487498
-36.15315549829068
-15.687180609905909
-28.506602778574752
-31.042941662931902
-21.06398685700185
-24.83197754343751
-24.669710129972856
-37.738737656473575
-29.69215137492968
-27.213502145022616
-28.014978151044254
-31.81247152936357
-29.72567802221704
-25.192433117945974
-33.80322701445713
-28.77771164642224
-29.42426822568757
-32.443132340171296
-24.345537573470217
-36.46358503330555
-30.99798050560402
-33.848294382713405
-30.415080506773755
-41.491170646009174
-36.3410062341109
-29.928007403660693
-43.73322863086061
-34.10980444667305
-29.712137110617057
-30.36555730436485
-18.99204952342931
-30.67309510208993
-37.07314557095118
-34.81247337136915
-31.248635240447754
-32.69226062365796
-31.57077084526282
-25.82101448169183
-34.12808434968714
-32.366345392560255
-21.265082026920464
-22.01827898862728
-28.27013823268823
-32.808257754225394
-19.492307369842152
-28.948682389382064
-27.419250513719476
-21.682809194678857
-21.49654597263149
-30.538793887386436
-29.506100141625428
-26.558004756977063
-24.597952612912145
-25.668200770400944
-35.49039872051921
-27.07578407796405
-24.20013548664089
-22.47590858805679
-20.614144819092303
-24.38322812591997
-33.20287384536577
-18.629140731795058
-27.185328879938087
-20.676329999811912
-33.94607257801692
-32.16916084014722
-32.11877635305244
-23.427134401660076
-18.114000308309983
-27.793086634601924
-17.99249621521678
-26.462351576340367
-29.80815347350795
-24.912007783590056
-20.908319000282603
-33.316396446175894
-31.697567118589305
-34.09805239145215
-28.284769729749595
-25.42974047371923
-22.441916531426063
-24.492148648789815
-33.9704498575504
-32.748765982626104
-23.385569421165847
-27.25023707352498
-31.13216721855993
-29.656134893085813
-30.39042135438885
-26.172979579673196
-33.39617666633768
-37.25317592943656
-30.647423322855488
-32.22411109912673
-28.05498561773048
-26.44843046518644
-25.459194983237342
-27.511079345136814
-20.933936689614825
-29.164490551371827
-31.984180835627555
-33.97944564702602
-31.248807269831495
-24.09641300805419
-30.65157615404359
-23.65415158970123
-29.74363946592988
-32.83045752681818
-27.932807348975707
-22.03591988815574
-32.447606754806365
-31.36287479967283
-31.5173289871191
-18.230222073455217
-29.13352709899477
-33.93960940574883
-33.76740178486628
-25.999849424390426
-31.823956131108424
-26.97908145999929
-29.139498760211303
-19.794135103973446
-26.51845226353111
-31.567447945050663
-30.69039010067513
-11.694413036960583
-22.82718144685682
-26.472980305056975
-23.814287122160795
-20.781319894886245
-34.76407922320776
-39.88793516389566
-27.416014271007512
-27.101546747736805
-31.48166882386874
-33.86971375578317
-19.777587290192404
-27.041010295652967
-27.472475380884884
-33.44203575765828
-34.2397266654646
-28.60555369406398
-27.85811618398582
-26.945090756943483
-22.188841057988938
-34.73320529653806
-33.05796310142067
-22.921423519895313
-19.907105595075205
-32.73308477209438
-22.04003387803966
-31.40899753684875
-30.534116979837638
-23.328702527359145
-23.63440281723037
-26.31940690788462
-28.546768861705836
-31.736641826436383
-29.02719097439833
-32.929932906760456
-25.306902217817324
-26.055675962759665
-33.515093095776784
-20.24115504246572
-27.654937859917844
-23.332007596781782
-16.4243056489573
-23.841101881523752
-22.579110738986785
-35.0739773972795
-29.32477544274625
-25.80623790949788
-29.659587719995613
-27.68415846906231
-20.27284875172335
-25.820353710311917
-29.805960917095593
-32.66223364184678
-27.728686015932773
-30.21612699625282
-35.33849590357388
-29.020054775362006
-32.35549360106789
-32.98898157996005
-24.80306588818094
-30.290336806279903
-24.921263793200357
-26.33904508808354
-32.19272840942
-26.43663597653137
-27.087288125213515
-30.68248156294876
-27.878679242684456
-32.0203574136799
-20.710224713088717
-29.554036478168676
-34.38106776483796
-38.13496626767834
-35.459871215270766
-32.535404614324904
-36.85897619053936
-26.54689063988583
-25.29427406884242
-29.806535259654144
-22.37933842133353
-23.469558894953302
-19.384456889302733
-27.35465413748132
-22.07141782121476
-33.046499447274016
-27.685920116327544
-25.812224316737883
-34.882595931904845
-22.608616801950134
-20.81070880682003
-29.78821685364109
-27.005502989518654
-32.28403121006773
-21.411277056400984
-20.356711402037387
-28.814953067840808
-28.696053889321806
-24.34356934100829
-26.6818262122925
-21.21909895342644
-31.766164721568266
-38.94048925511584
-22.970081655271848
-35.64423833473818
-33.07679006093031
-31.02877431299848
-28.0607063565676
-32.69452424931007
-26.181847632312106
-28.915590980174912
-26.75252811967792
-15.656395494303965
-26.722935561531703
-16.77838676982349
-19.866035083440515
-27.619623542924213
-29.508056771045467
-16.922228133122587
-40.1533563985631
-25.71522066222612
-32.6420689295244
-22.249429859082948
-30.970565804665373
-29.168411399947743
-29.269662859932154
-26.58083245176772
-26.613515554316187
-18.863743464027426
-32.770650173177756
-34.09891856181758
-31.16080966116823
-22.719422131384782
-30.663854180050194
-27.65972033527271
-22.752999035099798
-33.503246832320784
-39.402346011854135
-28.333781919977454
-25.383797332975654
-21.194571680010675
-34.21175946054826
-22.6911663024594
-38.452563431020536
-28.810975608641957
-22.957582746212353
-21.818516816834048
-18.096943707589816
-24.24545241531893
-29.103641166357953
-20.12096373587292
-32.27872354925685
-24.537041621126733
-6.847725696071507
-28.363933194836868
-35.53912644512475
-30.310287926783253
-19.1775900468741
-30.393055173259707
-24.71633180414969
-34.69394886291521
-18.455521938492907
-32.182813504747905
-28.458892897800453
-31.031322992262034
-36.05916777520584
-23.140539564855345
-27.730904880453714
-25.870057158599614
-27.020524076711087
-31.15441917681188
-28.896579833928392
-20.035934035022656
-16.833806981293968
-27.67046859817826
-20.492059300815825
-35.44158296556798
-24.802770242678555
-31.176390532851286
-22.93698467522526
-30.01892915152542
-27.825925371844917
-20.013770416912262
-35.10432806271449
-28.661222034798335
-27.51481955710151
-31.92099590209182
-22.213341799040563
-35.21729591421432
-22.3541972959915
-26.062450731914144
-35.214025174768366
-36.40096018417944
-27.56791347305099
-21.11973090506622
-16.679588736560873
-27.499526148345037
-20.141446567232393
-25.806446210732467
-25.90343176542514
-37.13655411710499
-31.766245124472356
-16.391128593621332
-17.414010868575318
-29.255498543887292
-27.61329916530854
-33.92068992072043
-32.09089599820788
-31.405708511822986
-25.628636934519378
-25.72896535175017
-31.379641596894952
-30.420925689265914
-35.76669026054943
-25.54439300130861
-20.229726564405084
-25.107813428435506
-31.466619137076805
-20.592056677944758
-17.68072387737281
-31.386290491636228
-27.22832906454336
-35.07923609298301
-30.075950441393452
-24.801235109624116
-23.669846336453126
-27.042595075047334
-23.503554117431822
-18.575974864719655
-25.5366972552372
-35.4857508541111
-29.827502487458474
-29.614541293512698
-33.3936848452481
-35.35935350798552
-29.10713075927098
-28.23618787974839
-32.579487439095466
-29.216241218137522
-28.039502991210277
-26.229811770937474
-31.1986737604471
-38.728286308263286
-26.314002337406322
-28.83322954228583
-33.08349950570672
-26.961817176098098
-23.77781711433417
-30.602236105065643
-29.19958424363074
-39.79445451680962
-32.79840421879507
-28.738762798051205
-35.55656350678584
-40.32458849277805
-35.94941156546984
-18.547894273085653
-26.694115042025874
-23.434799192762696
-26.537256030334632
-24.950611730503894
-27.896747359749774
-25.46408414350742
-19.87223096574332
-27.74408888528395
-34.258255705297536
-20.763295305507945
-27.760409733711256
-33.79965248915673
-36.90819036878612
-28.0826389029248
-30.731769624057844
-24.55828612492577
-31.944505801178497
-23.978681936501527
-29.44086312461531
-22.94978567246866
-30.715411252648423
-24.701360608646464
-22.083049249618036
-26.124660500739168
-26.440587340616474
-26.235949827336718
-22.034225766752453
-30.55942886266979
-25.44850915580631
-24.06792337816487
-19.915694329157528
-20.545332855450887
-31.30504298888252
-32.9128072649214
-22.337435870197965
-33.371309201201505
-29.794874354899708
-26.780525197831913
-31.99509575537132
-31.743802273945633
-29.73192931966455
-22.84829570861804
-14.136604883988824
-25.828564903613653
-20.56593475593842
-26.62965593477408
-23.543378055615044
-22.596796316536594
-31.695659348821792
-36.0760970550995
-25.38717549654288
-34.376476159426005
-31.86371088803096
-24.894073656579053
-24.854968939110055
-30.23988533749184
-22.271155572383122
-36.37797797154948
-22.719166178866814
-29.499638309459797
-33.13717619399921
-29.932808481055662
-28.397757926282146
-26.125125622948808
-26.064419174100756
-30.209548161259082
-30.74995537664371
-35.77760337206324
-26.81055957409503
-24.45816913350175
-16.20119659897735
-32.91536000324804
-19.137455489142162
-30.31354828061542
-28.183327851692376
-25.433605767667828
-34.10828221769144
-34.1870003623481
-21.51162247054487
-24.682985075085547
-30.36659311121752
-32.309222653069526
-22.111600595467166
-26.486810112734567
-21.522283552298504
-29.086610730838423
-35.24174245702167
-32.79340192871663
-33.47647033992651
-29.90811360700281
-39.86269009278077
-30.333848230890837
-29.005782048925564
-32.58277484760178
-32.02974944911924
-19.9726011003638
-28.155864973469015
-24.813548971475093
-20.829991660058155
-29.06063954263794
-26.673047499770867
-19.640077258910566
-31.029295763037503
-26.098238419132347
-30.55628974257533
-21.248733063588034
-28.50252983506939
-33.10284611062258
-26.481856366489716
-35.61723629838151
-32.15030601400822
-36.5087744787909
-26.639307132311522
-27.38451281204168
-29.781555298838306
-23.18677307529319
-27.26120205190827
-22.919049677370406
-29.893495882427974
-14.669499070336137
-26.089107604317903
-23.69754905018763
-25.233113994371816
-25.138104990753842
-24.44018027831897
-27.07466945040684
-30.071265443286613
-33.42779549051918
-24.2271548618046
-22.845980308486517
-28.767902864773493
-37.31470143564931
-34.15593938189592
-21.399442033565087
-30.081800230904374
-33.453345534325074
-14.098888888383776
-20.851458430547197
-27.644629535611898
-24.36809447003546
-23.59628806367624
-35.06413142671392
-32.932001496560176
-29.30317070685935
-36.74845314379091
-33.729968730885034
-34.97268885205568
-29.346043369975185
-31.454764981217366
-18.214153631769705
-34.82827341085057
-29.609391605497862
-32.18256992768387
-20.609386106294163
-18.562765849950335
-31.697378201979973
-32.33211944607561
-29.70938999858533
-29.073312544136094
-23.69276941425268
-28.347027231023763
-26.69997931653147
-26.481947315353835
-28.664544853915196
-25.422208987641646
-30.67619749611365
-28.185341161250022
-34.18330071287546
-24.03200661926485
-27.41525374649804
-24.402443212529747
-17.437960684382414
-31.447418043998443
-32.412353373623624
-32.072578136239166
-26.897686435241415
-19.148679199474522
-25.308890516445445
-25.062730980907595
-24.0469911907374
-27.731890801182608
-32.54018014099476
-33.97072714285369
-20.960246696825536
-27.766480401270456
-22.76499916153088
-27.584070132772727
-19.62605350346619
-31.58117645713823
-31.671467686093926
-23.405216904098875
-27.609018222754713
-32.42088801864433
-23.431411925911043
-12.148600104632344
-39.54023049191105
-35.86974978627969
-27.561871792911248
-21.137983836617096
-18.96371289012673
-24.395630439976266
-22.385961236871946
-30.998773527811167
-19.018099496739357
-31.992349218259285
-25.615716676425833
-27.12855131656405
-32.048815134125135
-35.29198904497258
-28.797183370165747
-27.0787190787698
-28.943090504267758
-22.363809403068323
-30.405174528320828
-26.610430093464814
-27.858000833859734
-41.90124248211286
-32.92103946753274
-24.4333921406322
-22.30643686607789
-13.402334562869093
-33.96891692557648
-29.3312265036892
-26.444655199313054
-30.121056611492982
-32.56383730268913
-26.665029259714387
-30.988095903037326
-27.097532341582472
-30.099800225264524
-31.70660464537564
-22.24672297742827
-20.69204105619859
-22.31312371991023
-24.268170312709785
-27.02137619225982
-32.24189148582622
-22.38882999412737
-29.607495536701315
-33.52062429597869
-29.001507838131865
-24.254747507640985
-27.90237541019064
-28.423578377305645
-27.46310176149557
-24.325717496159807
-25.211954844222284
-28.798960637518682
-35.07972054598606
-30.13192536864085
-34.97534297368958
-35.77036380084978
-21.954925161356115
-20.270984661604473
-24.54703906323231
-15.464262543623786
-17.294266419629544
-35.02117241705625
-26.53829500101545
-32.14631557647111
-16.586488254456622
-27.659065776886475
-24.419148575817935
-20.70983316370297
-26.72869502259676
-13.201915725089975
-29.618667942846038
-35.919042364625184
-29.53619307010794
-25.07923787082725
-29.023592823641643
-21.513515196162285
-27.50012053179248
-26.0185752273646
-35.51992185773415
-20.70430430153501
-26.38925999167614
-28.326770885135844
-30.534510956812483
-29.67837153964924
-29.200738854176933
-26.09426961511182
-29.92709221364519
-37.424060780809796
-26.694344750088902
-30.429919591130194
-37.12880499705662
-25.486806978784458
-30.93721143129543
-22.932222592302338
-26.832129760257306
-22.954684326003097
-23.458544859322075
-25.16931864156261
-38.67365473943985
-34.77614600867256
-32.46198305180759
-29.856028654657486
-29.394303943648953
-37.06658273831093
-24.504925866637958
-29.920352155565723
-32.108654714043155
-35.19648097750468
-35.94282250703569
-27.26953188683731
-36.89771252262228
-27.230007001596164
-29.592106730340426
-33.27965656717457
-24.907673732124373
-34.517564276703766
-26.1123293319283
-17.048136451064597
-25.787329325309017
-27.676566684607472
-29.93191525553232
-27.395142268828337
-34.25843573583276
-14.15368888298303
-29.943914740971977
-22.75129987552754
-27.592300960317704
-32.35103673460131
-19.153031875075943
-21.81809547956423
-29.940179176554746
-27.544076462269814
-33.56487713280877
-19.50165900729676
-29.266741493444343
-21.48533691048945
-16.623615112399623
-23.817019207592264
-33.141059104891745
-34.951671155975774
-32.485535653011524
-23.482212272526873
-32.33021636260164
-35.86141963998142
-30.557967137004688
-30.670888142475796
-27.25726449677189
-33.065804045353886
-30.315392919603887
-27.29617134245354
-32.41374692802323
-32.53068822558102
-37.48491921641919
-18.184097305913355
-29.588395942577904
-28.889627781784128
-27.86224521817701
-20.72031734813422
-21.10693003694572
-31.12080486658537
-22.386317061052566
-24.20652769329334
-25.971623430462593
-21.442443004072906
-31.030931526758103
-28.493369514540518
-24.877275304871148
-21.362620408538167
-24.975504834799583
-34.402924184491816
-33.425893041900906
-25.49440888071567
-32.86036257350676
-28.531966325285516
-31.19916598739127
-21.571263162865954
-29.054535242071175
-25.39552726249589
-29.583182339725028
-25.09881254157867
-30.46888778545778
-31.47979769488796
-34.39943924006877
-24.630095455645765
-28.266230265384838
-34.27375974697062
-25.091769656032962
-31.678343990553323
-26.676790073161364
-32.66196810881201
-27.21560934429384
-25.160045647793595
-28.41582057125732
-30.318637974854536
-22.55541606026941
-20.743386963126937
-27.138625094576067
-33.53875587360757
-36.46643290767795
-25.528500774789677
-31.01656207660274
-22.020860338474627
-30.911881827877014
-32.43811722005456
-24.769502729500758
-36.30419535914089
-23.148190599227785
-21.739167025386063
-27.398388729200004
-27.949048025475008
-39.71531816741021
-30.558162995817824
-24.375693541835734
-26.055729014172098
-30.036458623961437
-30.10765544964292
-32.83577743325692
-23.11091076942015
-30.313795130275636
-30.738059219924864
-26.29032125660442
-22.515820743298686
-18.898893816989176
-29.71161420701522
-42.203491924888965
-29.239978235545856
-19.027621957896947
-29.785609254431
-30.154038320096838
-18.534722498231574
-31.41761612367327
-30.263895368105878
-23.835811336062932
-25.786875140550904
-22.564182410837272
-27.866748953338522
-24.100992204421274
-21.269732922129915
-26.74248512346021
-24.104363165267678
-31.922919206335465
-32.30202404461498
-35.79983527910539
-22.153094957493508
-20.658849441441095
-28.250339087323013
-36.23554811756179
-26.246563897761703
-31.175113184404488
-23.387240700576335
-27.805936503223343
-31.134913830596318
-28.50465749005041
-32.170651580654464
-30.749448263435283
-23.854574685522355
-33.54088775483572
-24.406051258770212
-28.01229965599566
-24.92168415980889
-29.7523922203294
-17.28597791121298
-26.150914395100187
-27.427851400555554
-25.961399790920623
-34.2094738100038
-30.16087532969264
-33.04970159893939
-27.184634694174854
-26.165519329607196
-24.9719880780236
-30.51200045556575
-20.318206153660277
-31.4736976133061
-27.263088593533713
-35.0097498607897
-37.04485208847866
-26.67101296550603
-27.94516227900632
-18.223112936603655
-32.04185768860822
-30.988725875648505
-30.545236875638075
-29.642781764811268
-30.67692800332282
-34.94493658286858
-26.73192322795441
-21.388639179365327
-25.204734288732052
-33.303267354196535
-25.63011615629848
-32.24495340108616
-30.6217119017283
-26.51951209124521
-27.877222665506945
-17.769956643654933
-27.42722162033987
-26.764034947669256
-26.242913939267503
-23.8660088790405
-41.60694735467925
-18.00835153400435
-24.308021366088425
-24.583180548718016
-20.938896512372875
-27.32754766116254
-31.489279022911496
-18.614399756071457
-28.162938135356644
-20.551786591603282
-28.27842652677926
-31.486752826461572
-34.74113528000555
-26.222228773338248
-40.151856023770904
-23.118278845254153
-29.215493243063307
-30.59050027511759
-26.700615359600718
-36.93093618581428
-19.583354854628297
-24.467274587566212
-26.623342514670544
-30.677218628522994
-28.771899851585037
-38.56605899453551
-26.473600327315545
-28.587618888295864
-35.21024958621858
-29.10233982382406
-31.41203735817532
-30.790635958111555
-28.039540281438285
-29.014847728741547
-15.446922575313344
-32.91727754530044
-28.150964890335164
-30.347681466289394
-38.70564830676053
-23.498655016717358
-28.167375501215368
-28.924253323309365
-22.64250148936543
-27.897589383273974
-24.19390986304404
-18.025255573979496
-25.316006730534934
-31.552375691846816
-37.7978681522915
-35.351067180526954
-29.703011245076844
-30.496557373676367
-31.247036177638343
-23.56215256726813
-32.64931156025502
-28.78918880186363
-31.42966698785603
-32.69549106808603
-40.42891520915771
-29.536012713527427
-25.71999444933585
-26.29283466422858
-27.690504248408644
-31.586191260830304
-38.65413222064362
-36.190305420249224
-28.885292397694204
-31.102046652453712
-29.495792621880085
-25.094363438128298
-25.544855888547723
-14.86713867112618
-22.274957824924197
-33.65846064376388
-28.833312692193164
-21.686088266279896
-27.818201502487998
-26.7434914059515
-20.59852433920314
-23.935097983268943
-15.473238545944653
-21.37485613530703
-26.202196699081924
-27.62983728906694
-31.514775084888463
-29.626171891510612
-30.101568972782268
-21.710146705507835
-27.546972225655637
-39.43917417562883
-33.569476470687874
-30.27709430761385
-30.198551103171226
-26.029008764730484
-28.279483276403983
-21.613985103697622
-36.48862554856616
-24.99930500436075
-27.247527437358528
-26.365317362050703
-25.577829446577052
-26.645607428559273
-33.89020538882824
-24.13754350630208
-29.372261548611164
-28.157235659740785
-27.601942514921546
-32.05226212099009
-29.875764824950636
-19.10426724480901
-26.51178314375646
-18.333428215548434
-30.190917452171497
-32.659255415524
-22.286784583439314
-24.422923015925548
-15.556600990072319
-27.58352449375773
-26.521429943755113
-24.29798466101595
-33.503115673621025
-28.598477189132637
-39.04329753337219
-31.631514735983785
-33.11359389670727
-35.12361179448947
-34.69068332793669
-37.3776442451109
-38.72105106269137
-28.115072654917338
-22.49571099959992
-34.41732693757665
-29.081783071901796
-36.61159479047532
-36.15743531092366
-35.282383906859984
-25.47403895925911
-25.751433593025677
-26.702740139551494
-23.417332171395685
-26.253570970289125
-28.500222650120477
-27.365558648547918
-22.238895215390883
-30.41453255316649
-28.52920597180823
-25.953952707869416
-23.531087877967856
-33.18773255245157
-32.57966923608764
-25.263404094021567
-31.579499570684327
-20.73388692537894
-21.246443083950567
-28.544587277306434
-28.649050652040046
-14.921745177856902
-22.42959638224952
-28.880522575382933
-27.19055699666615
-27.94948906648837
-26.60861998020401
-22.20392520288843
-36.211712177060825
-28.154473078752666
-31.616014991642352
-23.091626361322696
-18.269727848498718
-21.83265185592299
-27.512809752006092
-29.697174562484545
-25.720129024814035
-26.493657455562513
-24.27850854110916
-19.03515711567143
-35.25006405954505
-23.34520560155743
-25.892279592577523
-21.39841836725288
-26.796018839672755
-30.478710085431835
-20.358091164533143
-26.516838000833133
-28.206400088595675
-27.105534926153396
-23.129802000135307
-22.268613821594478
-31.568241655336806
-20.18018355611209
-34.45697482926344
-32.93672697463676
-28.963864162870053
-35.41805372032193
-27.928852775708265
-32.91736808772805
-25.18061291427319
-32.98239092920468
-26.96066649087215
-37.55821351093988
-36.91316142233532
-34.04559037536773
-20.27920698315158
-22.293476777080613
-24.805757600951424
-23.885373593141328
-29.888654574892016
-36.928812484041316
-29.224649146482868
-27.257971654650447
-36.04233542913766
-29.35298923806397
-29.050980358541672
-30.077614873305734
-22.549004745072047
-29.45553599211482
-32.00522541067037
-24.170715777650166
-25.313238592817996
-30.213810704327614
-34.48214309933393
-32.63567056559553
-33.794390661195735
-29.49274015266797
-30.85850535215323
-24.18757199124049
-28.700716710854365
-24.201153814086076
-21.59631777156583
-23.83405614597463
-19.21288997899726
-32.093969572366426
-21.59206141084129
-23.378483805337922
-36.05058698833543
-34.040871287462224
-32.92669469228466
-33.25485990820108
-39.377934862511474
-31.68748289875458
-24.306290739413825
-27.81117696934073
-15.737366120415182
-15.899187191536448
-29.46956319920352
-25.213229327232725
-27.238201584103624
-19.03757856212591
-19.778093087182114
-25.255480162772564
-17.9576896511603
-34.07996404786306
-35.815944980776
-29.28432290408864
-30.938720062325437
-37.24207547998003
-27.616031090160774
-34.86492819739301
-26.97054739642651
-26.801203720732968
-35.4467040834352
-18.830159662314557
-30.355872054353796
-27.710069067181166
-38.46834130241034
-38.29556892707332
-29.22703085399399
-23.68708630594879
-29.341225378265094
-18.627328159426007
-20.425096199468232
-27.516927051331198
-28.12605178318997
-27.376389237043487
-29.523294610487994
-13.178067356014223
-37.526690272927844
-27.440363452155715
-29.343406052693705
-26.69000790260614
-31.37701553830272
-26.129886000193956
-30.988153023037704
-24.476371162389988
-15.399574273907572
-33.612149967511364
-27.159102211079414
-31.446147360738987
-22.76641367256673
-34.00953678348364
-22.640989702117277
-34.63544208924024
-23.765558570388993
-28.785517309899113
-25.49196958779547
-28.112210050449672
-28.168642884322686
-28.888903897580576
-36.39425411084849
-34.554543000437924
-29.020485936213134
-25.322774601815908
-31.69616920795122
-28.23094189487195
-29.458635618003903
-22.291444943239433
-21.489425538579418
-21.264053808438746
-27.255664983962383
-30.20739606746404
-26.692020418041583
-26.58278200186363
-33.60377294667207
-15.776913858488864
-37.77133913123642
-24.59854919663662
-31.388199797911845
-25.874781726992566
-20.72004201705505
-20.823134566049767
-32.69505408913258
-24.76908832074556
-29.14134727149961
-29.495793673197483
-23.737905910015265
-24.163049530833888
-18.31537552787509
-27.563716745725603
-23.94917747029085
-32.99044147310721
-21.399962574197374
-28.399618425277733
-29.57230235190989
-33.26426193143446
-34.5836295016521
-36.56438838602335
-22.850586328379677
-16.93020037037551
-25.987898368097575
-34.07330357349333
-31.48438202830954
-30.947143087944877
-35.36875103245285
-16.136592817701942
-20.487014645601604
-27.207967751040265
-31.68948133168628
-29.247812315875485
-17.321047051063744
-33.60445591666793
-29.13873480641827
-20.60426121157602
-27.821976107882985
-23.57545831971101
-39.43077210620764
-19.902093970180346
-24.454706141884955
-30.93231007165018
-31.577826878633907
-24.93438768838505
-29.711274023042293
-27.70006163872395
-36.16816233799557
-30.898823888720315
-9.989115960266759
-23.639903820638416
-23.24912908415915
-31.457257242545758
-18.25832728112628
-34.509593207265354
-29.398397745765468
-30.297564263313692
-33.28215862329361
-23.901279315233573
-19.832508683471097
-27.8057420931035
-25.444603288982343
-21.890898930323672
-33.82535081210777
-32.54571871647464
-23.562416365329184
-27.1737868786266
-29.428772387841164
-28.7217299200302
-25.649802975511577
-31.433155020442932
-35.082582493567514
-34.34775869754552
-31.088608609219193
-24.291028873070466
-17.345835663461614
-35.90013062015185
-16.589673542238977
-38.870059538673345
-26.035938509845636
-26.77493631651006
-30.7087824116677
-31.602474422811675
-35.872078054944254
-28.74816982463465
-27.76522941201696
-20.604503959797917
-26.545337465658946
-34.17957963271764
-30.852953851019407
-30.867743919691925
-29.336645792673778
-27.996580125672665
-27.30239092555405
-33.925220330556215
-24.483743694312793
-22.05182005942032
-18.10534717412434
-22.878111486766063
-20.28868966354793
-26.114759141939608
-24.98548085567041
-30.994624225416707
-30.133945167229648
-27.24416626370636
-27.4684408154275
-27.725507719801662
-30.63170022117579
-33.830146483520856
-28.519492509146318
-28.052709317180586
-21.428449462032397
-34.72308652736559
-24.871731695936575
-38.17133800968852
-29.554073723830854
-29.108184289114526
-31.50486636977628
-31.48453997159538
-28.144392074057784
-30.904916416410245
-26.654799594630234
-31.2221442498071
-26.37250489699361
-20.147793544807996
-33.526928719559486
-31.076722101088976
-29.446964578962344
-21.510917950333607
-25.56290926398311
-23.719764710666276
-35.77262919065006
-30.125697091377376
-21.987419834746397
-39.404643705464835
-23.83363897363796
-29.671732962548177
-31.78220531479164
-30.04867049125764
-24.537096702780524
-32.27420288815503
-25.731133058999497
-29.238723500292735
-32.256055262866305
-19.887357582431463
-20.437140005586027
-37.694242543892734
-25.267506122886786
-27.094552270452585
-28.10582978633148
-29.919422259332542
-33.07998292469048
-43.340558061524035
-34.647586058434996
-26.975046909414484
-39.99211863910885
-24.80905777803742
-26.64174541056706
-31.087241994475715
-20.299723928550893
-24.979090638249733
-27.073391345807895
-30.432627688314284
-36.31674909066687
-22.69988984800821
-29.615087909393786
-32.34483405709612
-27.176915533786442
-33.60122698773777
-35.890928080358414
-29.465115475619033
-26.67789843259945
-24.135186469840217
-33.71537032696301
-30.15368461168115
-23.563672591383117
-33.91618521157616
-27.572688124109533
-28.705082105373258
-36.26260217314092
-18.14344321598113
-28.299808273703384
-29.474912294965254
-21.568146873164437
-25.532126272609347
-32.17209364765918
-25.40298589149079
-27.480966457926066
-29.439618491508014
-21.104552426902778
-30.80697361604367
-28.223143107230346
-21.37927225534583
-33.01468479325218
-27.966169726162505
-26.640637570818832
-31.469918263169728
-35.140437569331354
-32.75528977638362
-25.13090591739349
-32.42327718942912
-24.187561771305788
-20.531620573407338
-31.13457509947049
-30.091853867228302
-30.119175751327838
-37.778870106782655
-27.63846405304242
-21.377598973221975
-27.183271542402736
-26.49542042450036
-25.915022803200323
-19.041938027325706
-25.629475208746783
-23.20536784298262
-24.670604990448332
-20.426643907017713
-23.470315381111902
-30.082858505450275
-35.07625047732547
-31.21114739883643
-23.797423285803028
-26.646938239031435
-29.54065893446389
-28.121655904868447
-15.220713766113569
-19.8444972634827
-27.36643043568088
-22.670897748630743
-25.44062790181264
-23.743880670093645
-32.93477977628178
-27.6555683470501
-19.892519814818904
-22.149987554922653
-34.80035926735431
-30.063965196612244
-23.663799046437095
-29.244337386332063
-21.864560549653312
-34.45778053603897
-24.754820949656384
-24.416109885787126
-22.01513994668761
-29.88653060995215
-20.351582795052515
-21.789930727806855
-31.55995758382344
-31.48754621434273
-32.951953291652664
-30.474834625539046
-29.4454881862882
-29.11111615772282
-20.310075324138843
-23.629910594566
-27.74672432025971
-30.135090079593766
-21.089985197364324
-38.39338149341057
-31.140780085693557
-26.872764366828623
-33.77621330879159
-34.98988819498054
-22.969172850164682
-21.465007851561115
-29.251889432480027
-28.815484485766213
-27.223835628395808
-27.346738257131623
-25.129327840709244
-26.742197069004035
-25.15132808841645
-8.786821153395703
-15.885302227776343
-31.24487320842636
-37.38162439483918
-30.181734324448414
-29.018686408537334
-33.746796313732546
-26.427790493555023
-40.12797282463327
-40.952210921667
-23.898033562101052
-29.67525397709432
-22.784513022226186
-30.764015525407334
-28.125778650761433
-37.3155454604064
-25.215286560757942
-30.514376688625426
-29.263174822491873
-25.290838812786063
-26.51419246011953
-17.279215906433826
-23.514398909314238
