-19.26601322727297
-21.19805124651869
-11.083341383328673
-12.942197073012913
-13.671802953485965
-13.703966014526273
-6.344686647678589
-13.811458417819793
-11.059323412984153
-10.317918178533183
-9.171910990212776
-9.801632342538255
-12.151286337379387
-13.234897006252943
-11.710640482267145
-13.165006933481184
-10.6679565666409
-14.086209948779457
-14.921166438439807
-13.228481105762826
-12.022829575097528
-12.380682605054975
-9.742977532458937
-9.673511450026183
-9.808029515904334
-10.24916004167704
-10.866335091157591
-13.910751853616318
-11.63740989998506
-9.425001187413217
-14.214541417115477
-11.329440836419987
-13.62046878281045
-11.439854131031472
-11.588873688003211
-10.329656023298742
-12.91158702860055
-11.526619913552405
-12.4654775334007
-14.040112960848147
-13.038209585174767
-13.481443464808368
-10.134970477567418
-15.339689291977097
-12.454653210137344
-7.0579151144515935
-9.79199619719831
-6.3088254961306625
-12.271627264149823
-11.454815714651538
-10.637994050611901
-6.805655602063034
-9.563524107408155
-12.503669990076162
-8.462376449831591
-11.106262824501496
-9.70038667457429
-8.953774980287697
-9.901445950416363
-9.476609738915315
-8.349907727230582
-8.32878483856499
-6.882523477535851
-9.593088485594027
-9.043478926509309
-10.100707339458882
-7.875912868003305
-10.416811849515629
-7.654895018359403
-9.760981981929865
-8.688905060306556
-8.782501805819868
-10.287908666202771
-9.428030144097784
-8.075949239068903
-8.934799899418906
-8.041285819794835
-9.461341031205784
-10.708286597475698
-9.32696334586582
-8.039688559084162
-10.056629073604114
-11.540051793036321
-9.373863760850346
-10.543811731843883
-7.248880089673746
-10.796004676431135
-10.293337582260245
-10.178821444285022
-6.90119826703426
-10.677883179267697
-9.915273392982751
-6.685941495233742
-9.269228769850105
-9.340981555468412
-12.036952878586966
-9.551376778021812
-9.507348360860739
-10.949786101449256
-8.404099257609802
-8.103344364130523
-8.595777140318802
-5.380218803557275
-9.238609549469963
-9.636360421910243
-9.366980766371043
-7.604139249210543
-11.159718476648889
-7.554981771851275
-10.324408422936607
-6.748053827804384
-6.902410116602104
-9.68942491937171
-9.334967159189029
-7.894180059959829
-9.659603788380606
-9.184266099443029
-9.620565238580454
-8.601043465316579
-8.504362756938079
-9.799799806578381
-9.959781677993627
-9.530417525400248
-11.21493354314229
-10.8205591435807
-10.302323267860478
-9.047503430556121
-10.378834974403633
-9.47481573862678
-9.431915860831701
-7.961170538128718
-9.784603700462013
-8.774042233850974
-9.048443350670013
-9.195122474376227
-8.34189452577221
-9.820072188726385
-11.647840296533925
-12.260845057827284
-9.995292694932681
-10.161620144176055
-7.753279222608539
-9.265401180700298
-7.855887852794715
-7.685990256058991
-7.230969792263
-7.052557810100671
-9.547988043376566
-7.906009663429297
-10.84962975695723
-10.345665811325723
-8.685983922103537
-6.560321605258351
-10.492393265563567
-7.441153468966019
-10.784418989630549
-10.618812579398984
-8.301640815919418
-9.12004474994239
-10.112441268378637
-5.284780573845288
-10.650265929454594
-12.394737625322161
-10.082846064070733
-8.424242094574346
-4.9541041562314465
-4.017074527866398
-4.187382406788687
-5.1848723313133815
-4.202938826716088
-4.1287721424946495
-6.086795620341178
-5.975777094533108
-6.145274453471661
-3.5525569004611572
-5.620999877199148
-4.898220407987978
-5.976692402558095
-5.180383344213514
-6.004974902382875
-5.8170688686780645
-5.815346273154073
-5.525432981120507
-0.5255418758480149
-1.5255055574376921
-3.4075262901335104
-4.1582291134152065
-4.5531126577786285
-3.486368360527559
-2.2225357391450205
-3.89485015356136
-2.7409572051051017
-2.4947082633697977
-4.676629842668568
-4.302132558054357
-2.769049525058089
-1.9903923317140562
-2.4538385268805816
-1.8702950352016592
-0.5579719534703574
-1.8812852699674694
-3.090442728998624
-2.6091045080802706
-3.007360119876587
-3.2762525946243093
-4.412861293101476
-7.781954171521601
-2.35711444070106
-3.151899934917894
-2.47896419745972
-4.190976696275308
-1.9334210318075562
-2.7556571770767078
-3.8532369997688543
-2.2040770511009495
-4.886328941871019
-0.8387600014153969
-3.5343941186776116
-2.989904647021376
-3.2587435353174277
-2.9724157345715505
0.12943188981972387
-1.7894269267925993
-4.477183543596693
-5.137154398999428
-3.9275372736226375
-1.4247378722926893
-2.8221786935682003
-0.9498855498033816
-1.6907317192509272
-5.514699588702732
-2.24923962552674
-1.865970776071694
-3.7842508200463825
-2.8502934487112666
-18.27706708064913
-0.7609970350551987
-1.1128915144422824
-3.062393092386008
-2.9074164943681478
-4.629525299097128
-3.646275751439326
-3.3206693983559967
-1.7084729071503584
-5.0413862328279055
-6.631382188785843
-5.95719058960629
-4.544004093983435
-2.8808121208502016
-4.569685093998192
-4.335898664043244
-2.9219990476419992
0.16894425602969074
-3.793659589698092
-5.055791794855652
-4.125252660559797
-3.918590178096089
-3.3284269327382208
-4.393853297374609
-1.456897885931042
-4.104748970889333
-5.839545381862507
-5.8139830713091385
-5.639185075766133
-3.4133725944947226
-6.174125309482816
-3.3746586465674966
-4.916008985638747
-4.4086027017573235
-3.8859278888693627
-5.237204132806681
-4.31357997160927
-5.472336863859553
-2.3895706486245225
-3.7181076949132748
-3.1155723197298886
-6.097490111224213
-0.8778638294316404
-1.7079789365408335
-3.6843778219874093
-7.094655926318172
-7.624743143132637
-5.367239640869197
-7.175604112411607
-6.06053474770535
-7.376908012708951
-7.972153998036604
-8.261219876988315
-17.804527574113425
-12.876167448445592
-12.116784716141147
-12.276985242676698
-13.931572261835477
-7.155793626011552
-12.126385575290186
-14.602586494963267
-17.988738587968196
-17.632467910187334
-16.737279605557404
-20.56340379554173
-14.685370363059345
-13.38548555989432
-11.241255222899682
-16.840680965073425
-14.570025026995845
-15.701722141851118
-15.70059850231172
-15.729905379401766
-14.54538573716857
-18.125177414297603
-12.61888613515045
-15.994707897778415
-17.81329310735748
-13.498113732987802
-12.297952146761293
-17.78070417574022
-14.89442343749813
-11.364041594097671
-14.22850890476527
-12.208934490149899
-8.449202509896043
-11.095995130100759
-7.663386798407301
-13.3331147581519
-10.284101999100159
-8.448921473688022
-11.564681012525604
-10.733327955026397
-9.216357993224925
-12.708890308558892
-8.503216305194961
-10.873614895322863
-16.564132654380387
-8.375994305945465
-9.987763824836902
-11.1969655161446
-11.97047261246186
-13.054122725628087
-13.064229870318812
-12.997440292391701
-12.951715329939503
-14.082245486372537
-13.820500254064866
-12.061987357187252
-12.865827867605487
-11.515655846868773
-11.705947300035593
-12.683904024691529
-14.835857344391234
-14.20811927095428
-10.830605760185854
-11.938344407415078
-12.557207666531342
-11.600502424776383
-11.76575009686245
-11.927386131552494
-12.487081385507576
-7.9691818766116915
-7.498416935429769
-11.960656908877656
-4.897741035378155
-8.135389516206377
-17.998802979827285
-11.948476148471102
-11.179446331581975
-9.934119134476557
-12.607492408686095
-12.91757812622999
-4.827839173426047
-13.907562438708716
-13.810668614121116
-12.184852458515172
-8.864175383123001
-9.042729766766227
-10.738126155159602
-9.99889705504042
-7.687890837607349
-10.175478585198817
-10.621718115575348
-14.912376911208671
-12.964601136473119
-10.471270323575283
-12.425227344554633
-14.387665243937835
-14.443195755249803
-11.825574399929685
-12.546050190292545
-14.364161440894762
-11.396929244665474
-12.095738156504005
-11.901348987455853
-9.938424200681144
-10.643541245560339
-11.412364506106133
-10.412123166537587
-8.747425704082822
-13.466324010289107
-14.40236477331451
-9.044213939748634
-14.737761478128188
-12.34354806594009
-12.82654978960715
-14.386558614618794
-12.386257507161677
-8.494357398762132
-13.636281412926472
-11.518244444958674
-12.650246297077974
-11.295201266174695
-9.19721403027684
-12.730833020715728
-11.910427006914233
-12.876875559275067
-15.890372305170342
-15.02670565111195
-9.670169402728996
-14.273900880810128
-11.78755082327993
-13.74459159938162
-10.71768897385795
-17.082903712657725
-13.828821537396731
-18.538239601692812
-16.56598572308819
-11.3525017579314
-13.536892995584145
-12.670749029099916
-12.255329616831187
-14.249543043500548
-14.530673024819485
-15.712400051097354
-10.332490113969449
-14.141047905651254
-13.710433430181341
-14.848462317929124
-9.384742559807982
-16.85498791766546
-17.23942415837776
-8.609129452545918
-12.262479582446
-14.877692140645866
-13.520436177061185
-8.084982566804747
-15.82753244093847
-14.186567280636494
-16.087669612488064
-14.06782248758353
-12.603968613185232
-15.537254707228115
-14.878324722791383
-15.489991086478703
-17.15108313371185
-17.866659986023922
-16.740333152106004
-15.61109453114704
-16.641501999732405
-19.175527425956588
-18.36891197178948
-12.5812732692584
-13.557913076463736
-15.933955737351525
-13.554560466197506
-17.555226215854436
-17.943154944365986
-16.339626250681608
-15.860117156031626
-14.400633049522343
-19.688273856879974
-18.035211552007
-19.831543778736272
-17.00590511706913
-10.199189348993954
-14.25345172349072
-15.700023405117543
-16.07436506293498
-18.97391179725213
-16.63796843013411
-15.216761666164606
-13.188785588704153
-14.895374665834465
-19.568482783619146
-16.246680066668915
-12.078779144666594
-13.549540596899076
-13.08827256827638
-14.132931219247851
-11.141334024094844
-8.751267534910081
-11.87863817303106
-11.309677305053413
-12.668442458386748
-12.178643011760188
-12.337715726459505
-14.852526909304594
-12.001454774957846
-16.552226428199308
-12.41726815154047
-13.924534849911561
-13.837232216294082
-8.466556783469375
-10.792132191000674
-12.452371284772997
-13.46311218211983
-11.815906608497318
-11.161428562725101
-12.694016028669054
-13.476201308731973
-14.185830737366999
-11.524539047897735
-16.37668343527382
-15.03083186954425
-13.50190501571591
-8.364387134796077
-14.008386473185624
-12.68599394741061
-18.32916779997889
-13.092080459427644
-15.984459129842314
-11.973393032817146
-16.89050413455159
-15.530325768909838
-14.767519415061454
-13.97868237601034
-10.257344507669302
-11.921863225876718
-16.026402636175455
-14.502632302007969
-15.06287497464258
-16.221509075374488
-16.502321237182855
-14.575686445476624
-16.91583670548357
-17.04557514078717
-15.703449439835373
-17.283554297522105
-12.813998026549612
-16.97259524912577
-14.73923438662164
-12.775898997950314
-12.514536269289383
-16.148406501261782
-15.878868773077246
-18.18947740880497
-10.559499520574155
-12.400762213252392
-11.614473880511486
-17.599298781984988
-9.812080858235321
-14.828640016961941
-18.52470946198988
-11.988141879512263
-14.50335297530503
-14.140835252753597
-15.454636414969297
-15.8378793350863
-13.197028532410066
-16.259738174498693
-16.14924906729682
-12.605726294123059
-14.620200847790775
-18.982133811479187
-14.164207296861395
-18.89009128587144
-19.300101749568448
-18.436221217746134
-20.517906949522917
-16.991131074435515
-18.61020429360883
-18.440050204145525
-14.448053790447315
-14.588324124044576
-11.593929269084157
-17.41243491590768
-13.643893064782983
-14.464670987329576
-12.072846110402459
-14.809697445449629
-12.250964649134932
-19.15115982797132
-17.751107424266046
-16.274221643757855
-19.318363657395874
-15.961207593542243
-16.71634977894455
-16.02172101295341
-14.132974224808619
-14.586769436746343
-7.402085731168289
-18.155724278706437
-11.719088200462057
-12.289725709385895
-12.014637545726
-14.978305750170083
-16.92519557210846
-18.388513221804637
-9.363496346525427
-11.536756354947299
-14.262674228037126
-12.55004372839921
-10.85241956175687
-15.962709707417124
-16.667054248321097
-15.453850282896427
-13.757183627187038
-18.306280663587874
-15.053234868489591
-13.214270659258379
-9.919881096731979
-8.889740208391185
-10.207542612067279
-9.994166233736903
-11.144604079475403
-16.549640949479517
-10.438719292903771
-8.87512290205721
-10.246287377149596
-11.939197377079736
-12.935029422510343
-9.839783186143924
-10.508460085612565
-10.846410542584636
-9.816229192074736
-8.093324198783932
-9.093924382884884
-8.844761280905727
-10.224524220328997
-9.923316823956394
-13.968098549158002
-8.954636751957786
-13.457368165086915
-12.631695745841105
-11.53157603548517
-10.59862410560978
-13.048237733972764
-13.209445949740374
-12.825880076030359
-11.998576066837702
-13.132661337442379
-10.87441623832393
-12.074636929210476
-12.688643985421209
-8.703408805246246
-8.93196619144411
-13.424749111395187
-12.081210624460399
-11.713550365766142
-13.182557830479986
-11.922145697166304
-13.880392050143739
-11.007045775139002
-12.474768997737357
-13.845148316728544
-9.915170225209284
-12.79474026215042
-13.136919825871129
-9.367078419856501
-12.027883274209225
-12.06361291379202
-10.85224391768282
-12.707256617769556
-9.38349089011157
-11.806491578796338
-14.577638804888021
-12.902460189517658
-11.035724679244018
-11.494828334574457
-10.601597833206469
-6.497788646642381
-9.88370642022932
-9.796308441319356
-9.363968110179124
-7.071730723504397
-10.223579711851343
-9.467639859850529
-11.453297104393396
-6.810783035056438
-10.207321008420948
-11.353968244809225
-6.428502502562125
-10.397292905502125
-15.77146624804503
-7.069463935611011
-11.52666821034931
-10.4101060216578
-12.474238702644472
-9.77130561299338
-8.898424468387041
-8.757430120491
-12.119943664620168
-8.221804342280208
-8.348280218806151
-11.059489473585655
-8.367452481993316
-7.313516494824399
-8.987478592670927
-8.634560619465006
-12.592839854188584
-6.744977885351511
-11.962560240265132
-10.693840456109811
-9.87397573991896
-13.47461251994712
-8.399047814027348
-13.371831312754821
-11.913421073142352
-9.45220931660675
-12.487627083902009
-10.87465333054323
-9.62927945713653
-10.115322679696005
-12.117612059240253
-9.920555540212169
-6.699909302340844
-9.632104705082599
-7.588525688492094
-7.425514577175501
-12.754461595809724
-10.106270375826485
-10.874286872768796
-11.796591620000994
-12.393310322183577
-13.347843858782376
-11.971430906986336
-13.242541034309335
-4.447836078154693
-9.974037746235282
-11.516919530502223
-11.474427452375878
-6.1071286926288355
-11.61848975454129
-9.99578642216552
-11.281581454604531
-9.638387268878043
-10.24849154205376
-11.567546494428768
-11.71342148699825
-7.653308023618971
-7.95206384352383
-7.133812769103674
-8.211301108285896
-9.397105386367706
-4.913188350656035
-10.364913558047846
-11.73205029509568
-8.527888785634085
-8.999291574635542
-9.0127481306765
-10.15822002227737
-12.799450187813685
-9.82099048547326
-9.552845952474495
-14.249854522645549
-12.367185853010378
-12.464122911842438
-11.71626888411986
-12.84793098393831
-11.063664426098896
-12.83836770015575
-10.334093932423842
-4.653681569029755
-11.107828887587583
-11.722799680514697
-11.52852414245097
-10.557493838428854
-5.64582177407285
-8.510611716449946
-10.402757502358966
-4.340945882771851
-4.671055928898461
-8.496583013187916
-5.842493763164505
-7.725764033456578
-12.781051674314948
-6.572562588713193
-3.069948220860969
-7.603548431133278
-10.660450557677917
-6.128858976162771
-9.345004898212503
-6.240771766874792
-11.155329997589885
-11.516102424154766
-7.123572727137434
-8.213351684723197
-9.513748827721416
-4.6025860556651965
-12.819596197224593
-9.603094247416589
-4.556855063694765
-5.31092582537456
-4.818095639334315
-4.514002446558118
-5.086574693626986
-6.345644327260516
-5.671714893102677
-4.849933108561667
-5.113091844373252
-9.077392242360865
-7.694177490343335
-3.7104041447148193
-6.9855697399602175
-4.498633741199833
-1.8902386516751557
-2.11363656486904
-1.6190307568970834
-1.0278142354027833
-4.9638345516401685
-0.9435115030697728
-5.805564676858982
-5.292905421175141
-4.500863770500407
-2.518149834632853
-2.87151231558382
-0.7498481538824029
-6.155074594836518
-5.211848248195754
-4.469788224633846
-3.2159333349918593
-2.56063614021258
-0.2864241162785411
-6.028113724490608
-3.7696757096996523
-5.144211398748158
-4.254560530566158
-6.4006026351170515
-6.875361637872452
-5.162467080187959
-8.246578056388627
-4.36878319982484
-6.555480758175618
-5.851742242408915
-6.796300511583281
-5.121464658272575
-6.598171818251197
-5.010887696677575
-6.819435388458785
-6.975917201710707
-5.876230788972098
-6.412719392193502
-6.351130082464731
-7.4847891403424205
-7.49457210978893
-4.30812946068747
-8.328642374961696
-4.050543751529327
-3.7577325412784957
-4.020747354119434
-5.2874671596421425
-5.3732133080554005
-4.471280985700022
-6.437265917524803
-4.341708648589258
-6.085527105333026
-7.95923185395375
-2.8342088355943202
-7.182576317505863
-7.287244632112253
-6.4017577944433794
-6.772900838466296
-6.140353903742666
-4.444809543349098
-11.246088182679527
-12.61585210501045
-10.33029210152187
-11.688211829387534
-11.544903588343274
-17.056850213166406
-12.934358306411433
-9.475739319507674
-12.650640789153123
-9.8383114514369
-12.43383126964096
-12.295318943803895
-12.905806142662446
-13.847347843490533
-15.69804798416051
-1.2296642246662013
-1.4200670931796648
-3.982751705014782
-3.6776240985239155
-4.3245622053485695
-5.957464330960161
-6.293498284410271
-5.566368928731251
-6.562830996627138
-6.819300683236304
-7.113419793612475
-6.423234811499549
-4.902493297530343
-6.480131980600728
-6.172661378610071
-6.246038173185573
-3.861695711749325
-5.336316969644212
-6.563125673408463
-6.469708115326382
-5.935513218244441
-4.825694573912941
-6.186489479061667
-6.305409832955184
-4.458336377468105
-7.538189969367781
-3.3571400315996756
-5.917891477714949
-5.785075633810388
-5.097457268296333
-5.059565967548535
-5.435787813559396
-4.6750861945842255
-4.153328233990693
-6.019228130291521
-10.751066982913924
-11.36911386232234
-11.266075446206083
-8.77641171149666
-11.001377828136432
-10.521390105163034
-9.516322587289682
-8.216798608459783
-12.683410403467242
-6.570736862105715
-10.128695462653836
-2.6133139816680457
-9.684319130205798
-12.409990149733737
-13.091765727244859
-9.821878656578038
-6.735369043856686
-7.73410902762296
-7.334065047150624
-12.334755250931154
-8.751427124659472
-9.442018495539159
-7.163233703703689
-10.981793635828591
-8.227634854232488
-8.400059129344779
-9.663586344638492
-10.237934248122404
-6.480841861518849
-10.27514997911689
-9.281485488614779
-6.341635085396988
-6.821369433122821
-8.801631033205446
-10.569687332416002
-7.538748062878884
-7.564713072766236
-7.883260366497055
-9.287059632373495
-6.572624842958194
-10.724354072094059
-5.405255200310735
-5.950310195605223
-10.03455940730237
-8.694866311793605
-10.628396321422716
-7.5148636614534485
-10.661153615842302
-11.135040034888048
-8.969658319895169
-10.997871648588504
-7.294133100920119
-10.64994315606987
-9.421352279803475
-9.210962292796898
-10.420812625132056
-10.02043600310803
-7.8809217731546335
-10.18219128580226
-9.032839201814467
-9.18774465407864
-6.694347455581063
-12.293107072310974
-9.491098883504371
-8.544514158954332
-11.016688129959114
-8.076589378200538
-9.152307605701996
-9.940738404203369
-9.039021867982878
-8.681780397216281
-11.166663618700358
-9.346188638528425
-7.763688283687943
-6.617143839217388
-10.695230902392366
-7.048926606034749
-9.207485877065853
-11.42485998156445
-5.789588801232623
-8.481826604254657
-10.544444584980493
-8.249545144717807
-11.122450577391561
-6.870986175793919
-7.449682116436639
-8.919577860479949
-9.576560530576305
-8.91026899491046
-10.077063770723218
-10.075239744969755
-8.737507210802839
-8.78067572171764
-5.160702947594706
-8.039023084820242
-8.607635687056295
-10.110158788765819
-10.03851518028908
-4.717236422213149
-7.182649606252844
-9.002075648698625
-11.487939815110856
-9.144832566186109
-11.223196162944006
-6.495314202867668
-7.108893192847946
-7.580371000316861
-9.485798513993528
-7.351601981246283
-10.810563717453734
-4.1424327299309525
-9.760292559406246
-9.59154028546537
-11.599187448869953
-10.470435159655807
-5.77301231743603
-5.5389388755958215
-5.159168107163892
-8.422380996442703
-5.433119642376017
-5.997485989310308
-6.661108807537106
-6.830112425673475
-7.551807872637984
-10.6885732424935
-10.774245025044836
-9.66177770801808
-12.713363833202745
-8.089728599528936
-8.298767372866681
-8.958125818901554
-9.838796128947974
-9.817665250635567
-11.447716487397825
-9.075489446422779
-9.730980721359398
-11.031948404401852
-5.340208936022092
-8.44604551062837
-7.89526378645051
-6.579887923914365
-9.94250774673274
-8.162183394019909
-5.664502186767802
-9.622337928211468
-9.110283829464304
-8.43262630174024
-10.976836116585416
-8.105687325506931
-6.874306742031984
-8.997481375904902
-8.605702965945023
-9.946555104513173
-9.51004452353613
-9.1728162832679
-9.974156894426859
-7.920670138565882
-7.597832301262738
-12.57018652465556
-10.881837868752248
-12.056760835882558
-6.681561822841782
-10.960098532826862
-10.283642815047383
-10.3761042833432
-11.69372898803531
-8.543913940122533
-12.170872118931943
-8.680784472414956
-9.531691466166862
-10.505239856918747
-11.01632181064021
-9.144005308405335
-9.833703836622025
-8.702169369077955
-10.629786382474684
-7.5202269121327925
-11.579517412141678
-10.132983100209998
-9.864125219914325
-8.909551558034307
-7.8371106609154895
-5.361602361831772
-9.849949096080731
-6.28972772109134
-9.819391654125083
-9.435927759143896
-15.186216197297824
-9.140461345023997
-6.117034473631872
-5.403400718465409
-5.7823892953782785
-11.496861806960318
-8.940209102612947
-8.324723459976877
-6.450741290217486
-10.374419075090385
-8.53044700994074
-11.068709523828451
-8.652728807846072
-7.7942380806839
-10.199160511137332
-9.2722041178697
-2.8370061507336812
-5.32553573928775
-9.416837211776253
-9.677403458597931
-10.234493864930426
-5.309613249511019
-10.667050536303034
-7.756659452850713
-6.686496616213329
-8.75315134885172
-6.535742459051942
-9.322779105710183
-9.177794544677672
-9.028999218772118
-8.973732034180637
-10.212656887974514
-7.808217486905573
-8.438042093449383
-7.969714996035452
-6.6454241596053425
-8.850543603822171
-8.052875245300696
-9.45666628738714
-5.5896714725829195
-9.503737417869846
-10.060653681474536
-9.252961179727134
-11.68254105941029
-7.388168615123379
-7.728480956841978
-10.753104502783472
-7.824928874572503
-5.8773407727175675
-8.355747500275783
-7.719936828615079
-6.6852415560765595
-12.167738267178741
-7.625906564140473
-7.002853250088721
-3.207148471356471
-6.6451011759946566
-11.887505353481483
-4.844497750086862
-8.209848981132582
-7.985286497462433
-6.432295287386203
-11.979536243505088
-4.921091809759918
-4.735975162450993
-7.7247896428568
-6.383475061047242
-6.780946686153354
-12.273602237330014
-8.08447071593436
-12.982653498264607
-15.50949235823203
-14.540603440181478
-10.29064663499159
-11.016582344153944
-10.55621734390629
-16.363665712007
-16.982402558618237
-15.601356065151307
-11.75749617278419
-10.782995507297821
-14.70916619221141
-8.091544912466265
-9.921029758167297
-13.392323832952657
-7.761650919415409
-11.089603911982575
-8.711485345878945
-16.219226306782247
-9.601603930545469
-12.993008199008731
-11.592427483112676
-15.284496894818766
-17.040749018986027
-8.173695976509002
-15.278010206761317
-14.254876776114113
-16.639148671794995
-15.024348508949139
-12.61960940699907
-9.423524481401143
-7.7811591308620045
-9.30666158511668
-4.534594694835205
-4.221846205598789
-6.371860924623067
-6.016860185390979
-11.51855134258342
-8.116833743103696
-7.828882982174018
-12.263250063905756
-11.5394158216554
-7.335545555049518
-9.179532128670013
-10.17748586730782
-4.659493201406843
-10.07332436022417
-9.351772096044883
-8.948700751119306
-9.623438789087444
-9.944319283952805
-11.706857457982245
-4.406471315310146
-5.5359567971240615
-4.511865784241801
-10.219641409309931
-4.480347912423054
-4.506145497003027
-9.042065949772981
-10.62355955306371
-6.845215083957716
-7.159796582830279
-7.787875100068216
-5.735813396262511
-2.955009441432086
-10.737346562713192
-12.93139804902318
-8.065390391495749
-8.388572476805017
-4.971142543649448
-7.263628943130931
-3.962678160220013
-3.3813681648661507
-10.69827330054241
-7.598762197251294
-13.669290199163086
-12.25889000796471
-12.8389220145448
-6.62866743032355
-6.700370928527214
-2.9792501622659286
-1.9453385692202139
-7.572451802144852
-10.226927212543094
-11.258910453083036
-5.564799749293129
-8.293160358161318
-13.525460265832812
-8.44539030673717
-11.26788857599282
-15.351908684277966
-11.76115755689952
-14.919891910336444
-13.931257357118293
-13.659011217306858
-12.92012529003788
-3.128614346950518
-11.337291246606682
-4.395737413353508
-5.793896833526727
-8.58292655713618
-7.682255131239546
-8.570999978353985
-14.451448157523657
-8.462229599782148
-13.32828764400973
-5.740082121347337
-10.679570044912573
-6.853377565147429
-9.183387608805162
-11.66042221287686
-10.913926660196111
-9.964481526139146
-13.332698894810989
-14.696812134182384
-14.521996982435208
-14.007610908091177
-1.7723910804349141
-3.561265895130185
-2.4353476063933885
-2.447955250692229
-3.3061291968921562
0.1353072412443348
-3.0459243445793573
-4.247822001507513
-2.7062553661606614
-3.465709277031005
-1.8204100837191646
-1.2514838150558558
-1.2908514987609885
-1.8312656090898625
-1.694078586554967
-2.055973028562963
-2.9329381050308565
-2.176274068459727
-1.5132006202061052
-2.398851520902026
-1.9254826682266626
-1.9330786876019312
-1.0048693911228788
-1.1383294749298636
-0.35997910700586405
-0.8827315903240274
-0.9494088426550982
-1.6950524218772318
-1.7357735164588193
-1.598797358385396
-2.4053246872378495
0.19457162445195486
0.27675858415634363
-0.733327854750003
-0.26208491199281136
-0.5840335916297807
-0.7395888339877768
-0.6140257145755792
-0.5919072966260072
-0.4813837342622109
-0.5261078809331531
-1.2465573083831003
-0.8257318530302162
-0.8237127601957869
-0.6870963236965211
-1.0135686559064272
-0.5540392624793642
-0.9536936504975608
-0.17340669794219135
-0.7806588205796491
-0.5105729654574467
0.43041937884408027
-1.0779479959301532
0.17672994950656606
-0.4269204480765828
-1.196593516198328
-0.6608315586485353
-0.787614876663524
-0.07470448807491359
-5.093930768056554
-4.326621406433789
-1.68445272758742
-1.1073493091570714
-0.6832525010667589
-6.116550513033115
-3.7619168658872195
-5.228380918761608
-3.4993093012102663
-3.442076305789365
-4.892536303111986
-5.5769142225344
-6.622799901528039
-3.8337276582108712
-4.259396054499387
-4.57718294771831
-6.093856945352788
-6.843436944485049
-4.658352023145488
-0.46103881567918326
-2.2732823697974287
-1.8576329751201541
-3.5169607241728147
-4.068660398482429
-1.963181448697304
-7.296395231966174
-7.333495055266072
-6.674093501383
-5.879397291538995
-6.379408424868923
-5.123360171784493
-6.151691934169073
-4.683876202722876
-1.997291121043253
-3.7432798736963306
-9.691536734278955
-9.403406257245473
-10.036923046830719
-10.15397613134786
-14.674182359948926
-8.627267795102767
-11.196879718186278
-6.937123653138655
-8.253393550669129
-10.678225027122547
-6.617761273671735
-10.185084302864015
-11.195692603026615
-10.045692031813376
-9.291941085651432
-10.15877349578063
-12.434408038036953
-12.585398230130517
-9.27707899782289
-10.180309809498233
-9.086808314588595
-9.18309165044924
-7.802921607323464
-11.2389218600423
-11.7553408377742
-11.320789569626328
-9.765244048701165
-10.08447700746942
-10.448069277445747
-10.370725232908477
-10.082004890491447
-10.122116383906802
-13.587431363597872
-8.30058738908611
-14.10682499934423
-11.963734218647165
-10.811618018160413
-12.027797244456513
-11.437083323368988
-11.640197236019265
-12.314540480937364
-11.156975733923808
-11.27308316429501
-8.68371961600988
-12.449707515810946
-13.267396558401872
-9.386340247313349
-11.137225327438884
-8.045884102461914
-9.741834066169103
-12.603525536788077
-10.284473548641643
-8.435503655663315
-11.061360159524758
-11.161033820012594
-9.208154299640732
-13.183307019580294
-8.838592515033241
-12.262104078976034
-11.132279050678918
-11.554742515310174
-10.002735308957769
-12.237310876215584
-9.823061406062642
-10.76443137737361
-10.231529507266814
-11.390750336684045
-11.657639069298238
-0.4679706461162372
-3.875058605553846
-2.0359215384406415
-4.64078413671586
-6.791911624925476
-4.5250074186775455
-6.813295567530828
-6.281315891610911
-2.318213293736516
-9.37556775420204
-9.359696528661319
-5.780211139834638
-9.847901634580719
-8.73015884459333
-9.26557189432246
-11.07959863072027
-4.239849590471701
-7.982753425655036
-4.400138115994417
-6.420835691298059
-5.889441809462198
-7.688940049611979
-8.167432972378185
-11.158849243883479
-10.480059100977094
-12.911684506137759
-10.083774008617166
-5.21841742211395
-8.702654932607835
-11.779066785090478
-8.203596690752843
-10.639214816371625
-12.009469611435268
-12.323620584798107
-12.335121928103737
-6.796051603813238
-8.63304453888385
-10.153222119659057
-9.656467740387033
-8.754065562588307
-8.993655926381672
-7.858467148234136
-10.446460397301074
-2.4519950386781924
-9.711470886022546
-7.625699737063381
-9.144186258093406
-10.343332337734221
-11.055008090576766
-8.038929882160321
-6.045026761401858
-8.053440850727425
2.4022647623255287
-6.267922391280547
-7.200345504285221
-7.084591166489136
-8.621022355279615
-7.311978669129033
-4.423526054188468
-6.1819432409954755
-9.826384018598445
-12.208065415083496
-9.991192941910167
-7.694517475888944
-7.435835021676152
-9.43812982321161
-9.996018559712239
-9.872800007832774
-8.456076367961103
-9.2447342765651
-7.462764022795719
-7.8443409740287695
-5.392376050285627
-10.499809025093557
-7.464462426782619
-12.120333736919871
-11.145873437453398
-8.04585044114541
-14.23895563284371
-16.384826221441998
-9.85881478150084
-10.490232893042755
-11.792414975934554
-10.586151574394083
-11.59597340502026
-8.735576867652167
-12.201114920117778
-14.59517047749621
-13.78941997316121
-5.6687630441972
-11.675526832023667
-10.776272457173206
-7.039604425853787
-9.280405655398985
-11.31262208893085
-8.750454270183859
-4.7821757378526915
-8.355093988498922
-5.386022655647755
-9.178803152676625
-7.244324836451945
-16.58107695238415
-15.575768847747835
-10.44435241954739
-12.876472318045591
-13.918434435067436
-18.271567450868023
-13.26004149322735
-10.504563096636677
-16.55130903730902
-12.521129032717296
-9.943020374474344
-13.51765922229567
-7.345669312752399
-6.49310559472347
-7.0055492892108
-6.871399379871394
-6.628411852013573
-10.109738549108672
-17.301373025815
-14.634438083687224
-13.693880388314968
-6.762531156837995
-14.298864869397978
-18.271437088858352
-15.063474315724207
-9.523489716169443
-6.845753087946763
-9.687065947692805
-7.347527153374813
-7.814798760316918
-15.332148464807835
-12.260713948537074
-5.465817980853434
-10.827950658436631
-8.473054195993365
-21.56284429607918
-8.491024112681314
-9.091836329645261
-11.07814699730868
-10.892814137572108
-7.396390659327957
-14.519187248386627
-3.401535866743875
-14.568319777459813
-10.41772561102824
-14.74681397792641
-13.534680898797983
-12.113844004867968
-12.430716136601282
-5.699028201828513
-6.954781609509442
-11.110588421874366
-9.76385693332082
-5.931942408352265
-6.575658800047645
-6.011955462672241
-12.444190329927387
-10.343181461470103
-8.28376686311251
-4.729853725625441
-14.85189054339838
-11.066552290904413
-7.052969414344806
-5.351782466684875
-12.279601070664691
-11.096158495419326
-5.530125176877506
-7.832602477054042
-11.678607334825521
-12.453159620071002
-12.620639520364689
-12.952258039656966
-10.201369229147424
-11.066440904738439
-11.836776517193973
-13.608776107742555
-11.852748264321267
-13.19412034013048
-13.174897464739061
-16.675378646870396
-9.515403925745346
-14.333691410026063
-8.825716539229845
-12.314027855768206
-4.93374309119619
-4.993162096653193
-16.805639461871515
-14.07502368379955
-8.90288999808121
-9.169877094479325
-12.209937053225719
-4.542721462549246
-13.116912637298782
-9.2969351843098
-7.524162251557417
-12.44616823654777
-7.299550408706936
-11.99844629547187
-12.90729523606831
-11.425706300163334
-12.879809260356677
-13.89093516537471
-7.527497805368041
-3.641758231268796
-11.459692555278828
-12.344280090763272
-10.776933071443558
-8.688435540970065
-15.093689408368467
-15.886568994882248
-15.558382659330736
-11.108490223296268
-12.624093573223607
-15.922790839218491
-6.103582661432071
-4.042598603971545
-11.873843201050322
-9.997690103009717
-7.662509749957817
-11.18180943091668
-6.091589035559023
-5.736450997629108
-8.24836391389207
-10.1195538984563
-14.079749621832008
-4.2665518260697795
-15.501402557856112
-12.387675683284204
-16.09347241891944
-11.785997615940786
-12.474807614698284
-9.25431269005462
-10.616095806952677
-9.353056129914382
-9.823273077603725
-5.860117628136769
-10.405668745023565
-6.374777474621725
-8.840424590413757
-12.409228006663081
-11.634950652289461
-11.745972628465928
-6.551738288457603
-7.654273889491856
-4.796634311816176
-9.586842840469625
-6.9935930131139505
-6.5107590450739234
-8.866201526253292
-12.709390651283057
-5.3582451809390035
-0.29535696369490894
-4.310881943713772
-13.314176296990418
-11.12702479758874
-10.492402141147977
-11.075405782855265
-8.274841729392879
-14.756935201671958
-2.356780444139136
-4.1618712764682035
-5.9615451202745815
-9.120611745724538
-13.090468305668159
-14.27071652354502
-17.748420828953176
-12.027003311485887
-15.157698694268998
-10.26592615210403
-11.53646369073409
-10.104426256980926
-15.38200917713407
-7.423132529063838
-9.800384470724875
-9.305587542804876
-13.608691220836754
-3.2557609777671903
-9.220794699373315
-14.72028101958032
-17.748902563881114
-13.99353475728936
-20.304476021756866
-17.619003769999416
-18.50943412044289
-13.25956449971908
-19.783601271116623
-13.59764774210332
-7.929655185553311
-10.552472781154062
-7.895047597228057
-11.316247911814699
-14.66329233045322
-13.411329580991922
-14.225405300040258
-15.780300014497733
-17.13486293609807
-12.632735805354535
-19.67579595974525
-17.525846981375537
-11.446161198553433
-14.471362919072694
-14.191196704425895
-14.996911190628705
-19.30812320243929
-17.579645248399423
-11.100475137938322
-12.64662514208719
-12.404878317374548
-14.01807445080082
-16.337387787517137
-17.485482705412245
-18.346072096280817
-20.601424049241835
-19.722014490420264
-19.44020117098077
-20.463671904208155
-13.575577224761421
-13.107213692601766
-11.250209522302105
-9.922911703104097
-7.710391638218415
-16.176194734121015
-7.721696624058351
-12.347427807330005
-13.718545013999437
-21.814076152953383
-12.437553887519547
-13.712477391101746
-12.62898841783738
-6.013329276668323
-15.933014193285882
-12.436945969110049
-13.679766316264583
-16.44135262101254
-10.693837753954249
-13.888088283103944
-14.398454937542304
-12.239076335171971
-10.840723706118048
-13.472821587551168
-16.18415384313341
-17.002795184671722
-16.166616197418865
-11.131441386267351
-10.77257829919063
-9.984904095931425
-11.165802986128336
-13.046200164538838
-10.114095446835814
-7.764608122953749
-10.54834654743751
-9.703752982124296
-8.887908151665524
-7.448222774340172
-6.9992144328696355
-9.85734961376673
-13.533504223183533
-10.825927764222206
-9.586843852459427
-8.464438499224771
-8.470497402283454
-13.92957356191707
-20.014485777801827
-14.230553472412632
-15.79378195349599
-13.186022091826118
-14.278577774278714
-13.31949189787021
-7.7805733745655035
-7.702624571577289
-9.464558813161986
-7.420366164945908
-5.494298880903563
-1.1138965306068933
-5.797565436428773
-7.9062909633585905
-7.386873584988871
-9.411813116072334
-7.281741141081959
-4.756935454842918
-6.062822302390547
-9.311027086916322
-10.515540437916645
-14.18942118380267
-15.073482426170917
-13.339632284329204
-11.656439751713728
-7.5398239549296395
-12.772167905242307
-12.099567213676615
-6.4079681564596545
-11.200715431509678
-9.505056829214794
-9.69154504864775
-6.763889636345474
-5.735606105837153
-10.786884903674974
-9.394804666680404
-10.901353252551775
-7.760696697613839
-8.949848577367117
-8.62127540615851
-9.998844615756731
-10.801577293730555
-8.033843786189834
-13.998075668566706
-10.590200070089539
-8.715880903434517
-9.370734904819574
-14.472479510095962
-15.711066741899547
-10.206357415711755
-11.66855288550017
-13.644622924907303
-13.269954545504136
-15.533875151041208
-12.458499835754619
-8.524957861803532
-9.670560724990928
-10.03636827497016
-20.767719905855962
-10.038497197492752
-10.853544937163413
-10.429760766034569
-7.732196862671281
-17.092023189767783
-10.867762288050937
-18.663364069735962
-9.822216128537782
-11.601018684215298
-15.194756208619644
-13.062769364953125
-18.36678973223216
-13.000015465433979
-13.66787200097088
-9.642397348466064
-13.66790254331823
-14.346746664907736
-8.411365521817197
-9.974692746007975
-16.917806253984814
-11.981421984426733
-8.82103376571686
-5.906138746702875
-4.407441413833878
-4.622218972299322
-7.53794713777663
-14.917446748570395
-11.179831663786352
-12.217547616781477
-8.333783227417005
-6.614137535856722
-7.354354782551072
-7.455809634140097
-6.469266442420699
-11.016496059818714
-8.968478284170153
-7.855816452408485
-9.763267601668652
-11.282285847012677
-11.119705893019296
-12.597525146322035
-8.75549434285748
-11.16420483280931
-10.715365925277087
-14.384599832878166
-14.8246184235608
-11.693223864070164
-11.950612030543995
-9.016324542693535
-9.965782027029647
-9.158143439442224
-9.833938545346115
-8.800053790746162
-10.257136130226387
-6.14610336016854
-10.780113360567182
-8.739466369911892
-8.57844248341438
-9.392127060947596
-9.538661114841362
-6.331666719334198
-11.707326694914832
-4.849914810616884
-0.6576234391215463
-13.686275444281339
-12.00150166789009
-11.086932222063929
-15.37537253159425
-16.34057115839039
-16.53886064220853
-10.356213593164593
-16.676564044427096
-10.534565915412031
-11.188465851426244
-8.22215036103317
-12.80096679113928
-12.844713951273391
-12.080436107020438
-11.290939271359935
-10.48966883038679
-10.751799642117092
-10.038908975626224
-9.551629929657935
-11.706362966099196
-11.033330458573971
-6.45583750917773
-9.915263155306022
-11.348918919744627
-13.379512370913908
-15.359758696751955
-13.56260020460924
-9.670056559671599
-11.983320025315043
-11.79917170117617
-10.24114890794375
-15.584924227591738
-9.223402148419808
-10.32575461995826
-11.008461489090969
-10.39274327152047
-14.352030973933047
-13.24175337146398
-13.203905321491995
-19.182603466973326
-15.176817516741224
-14.838140591500899
-14.907817002233193
-14.933202068932438
-12.689898573121583
-8.090022312119778
-3.455090787435697
-9.23942969721749
-10.157043677377636
-16.783810873017867
-14.410873978064878
-13.287670720735827
-18.674513032383114
-11.861749379846444
-9.671498272042324
-7.285738073761159
-11.249187551765043
-8.980458396667045
-11.426771014409574
-7.115395058081978
-9.743273949063685
-16.378893541344127
-8.858073601202827
-8.686693312792194
-19.515123164151056
-12.493928694359887
-13.434481514494829
-16.45413731052876
-8.02928047886128
-12.87818166339011
-3.243633960964732
-12.240039497790342
-11.78454520105803
-18.568881492226488
-17.195811537886712
-11.814267761864302
-9.771327404098233
-8.723839466358228
-9.592010986814543
-11.516717223966388
-12.598415358156075
-11.445558565546605
-14.497761084379462
-14.185889798498264
-11.383604913623838
-12.39962826171202
-13.049385012868164
-15.700488242180352
-14.159597673707234
-11.187918854191697
-6.895181417298232
-9.703186454613363
-8.527827197617166
-2.066420072622534
-8.60446630881265
-7.914391811390183
-11.585738046167185
-9.523549634230378
-6.261756895307041
-8.829384410166544
-6.298215434997464
-8.672044572238887
-10.08951204228276
-11.20193931255406
-11.988280894199843
-6.191923075882034
-8.024716586287557
-10.914123130391179
-7.581643196015982
-7.17110563521403
-6.7852986839458245
-9.203282321119925
-5.830794195486293
-5.783598808524878
-8.582256084617939
-10.830230945081572
-4.263550043225253
-5.28307019103555
-3.5334353674137238
-12.50457848018378
-8.717625172065652
-7.544946342046269
-2.731446961007027
-7.146197336696725
-8.761183023198148
-13.934499136620436
-9.548634266529781
-7.6984704157179955
-12.157044159985382
-12.919528489730126
-6.496345537158184
-3.96769997764258
-14.270853610371573
-10.429975745950898
-9.636255366557776
-13.211367954490575
-11.590892089230076
-11.036115739277726
-9.886376754925557
-22.22129839281134
-5.387779075575695
-11.300780022681112
-8.143332690480458
-6.108688522954057
-9.066598300819377
-7.33798895796239
-6.24823169833855
-7.235009311476039
-8.038495428817566
-9.844257774981099
-7.780784073900294
-8.785147863088994
-14.718836884777499
-16.466849682813837
-7.2855471052492025
-8.898442615433517
-16.813296494707963
-16.742824831853326
-13.910729471895324
-13.004516647534718
-15.994812211134285
-16.35311280592279
-10.451445663952374
-11.976936160201856
-5.8296873059530405
-12.917985959873752
-11.729993486410068
-11.157421014599523
-12.753958200200394
-12.816395840426345
-16.9118056906666
-14.866437169624511
-14.62147184798787
-10.144405573994314
-9.464224122743772
-11.264759406593955
-11.115075725280388
-6.334591888274864
-7.35712899698455
-12.199219188631641
-12.545831700810341
-4.5284982451316536
-12.115994273455192
-10.506939647290189
-10.499284675816192
-8.80980805646335
-8.574877055813644
-11.027203106359096
-10.527697604945509
-7.302138012112424
-7.50155544467595
-10.474350589828456
-10.707976372695185
-8.196538687389442
-10.577110479226148
-10.697506269963405
-10.428016537900447
-4.132358240232606
-13.367289636155794
-7.505702598771229
-7.171017201582015
-9.710788515267106
-7.8329549698498875
-12.262888054277084
-12.524027651115274
-10.084365733579933
-16.932419393105317
-13.474608257814932
-11.114276649959988
-11.64414393249414
-13.483637851626384
-14.849279162042837
-15.371831589600946
-15.330935965181355
-9.787170257609471
-14.632450705632884
-7.419290903496913
-8.631308353247004
-16.617068528867065
-12.498577915160771
-13.708413608530527
-13.146610819469549
-12.935003563057073
-18.730746571961756
-12.166327825944443
-15.675461688308278
-11.03733624335752
-12.421962112609627
-19.986115831321484
-13.83372029639679
-13.936685457437282
-15.857574757531467
-16.25869338546608
-13.212281012253039
-9.448313752014194
-14.578651078865873
-12.542575093785839
-12.269286607958175
-13.20760915630412
-12.954210950810827
-13.132825129866655
-12.9712307755124
-15.59459076878539
-12.864160285846495
-13.427353396034476
-11.81957540453656
-13.068731074922837
-5.30649832507306
-11.307151876706307
-9.74777802946382
-8.369488194641763
-9.80132001248209
-10.719279332996008
-9.176854839732309
-9.372906034732683
-11.419770615885925
-16.328188649283295
-14.587015800009446
-12.315371081541441
-17.67911053349166
-18.288403456511375
-14.919374641018305
-17.56202636996383
-15.17819852451903
-14.021813056435732
-11.161397330176408
-6.063663725552946
-12.056827011376978
-13.497486506735008
-10.716161210723586
-8.990587070093008
-7.510329673566137
-9.919143584586378
-12.696035932237594
-5.997943655857948
-4.1956045021534685
-9.388733283286328
-9.296642031999403
-8.219587592671214
-10.616435903947433
-8.024147573914941
-8.913671163423059
-10.931573417374333
-10.174006707027807
-10.607344281353262
-10.989918119376247
-8.333714982477881
-11.779341598040558
-9.10321258365073
-8.234729126644998
-9.657072622870334
-7.100355087035065
-7.800111067899185
-8.704611887294094
-11.894884405994183
-9.079502096109941
-9.570530653349717
-12.049577302890922
-13.149180790988872
-7.485520100278325
-12.319040890686225
-8.714576041097176
-8.371597597073816
-18.870588514832644
-9.742422203570099
-11.369308939260344
-11.358692601896674
-12.6253400627684
-11.96102385976466
-13.87149316480447
-11.066699891589185
-7.703780014493063
-7.829939382174306
-10.696499497904519
-8.413599840863224
-10.979778014014274
-9.176264351784116
-18.556669493795308
-19.734211634871208
-13.987953068769631
-5.899470364066116
-6.0430822773526085
-9.780107247648576
-9.59495775935117
-6.12554411095625
-11.13997539427836
-4.473581998497091
-13.153820515134298
-15.626259010637893
-16.79311778155035
-14.727658627397242
-14.797152699776976
-19.201839310929923
-14.735303042239783
-6.363176730823678
-7.6619380713992795
-10.397180581855839
-10.294167885095568
-14.087879077374364
-9.76403745526828
-14.173843673962276
-14.438013313672556
-11.645528493385351
-10.596061633997632
-15.91158793681387
-15.113471174326795
-13.080809775729115
-9.501233362992984
-13.6237642212628
-16.56423740475627
-18.727034821460016
-18.00417691483815
-21.792211244193545
-16.750506237207926
-12.908813528115617
-10.968328377819395
-12.272473006303354
-16.209598856134313
-13.591955727476899
-13.918580740226378
-15.008350494020839
-12.607179404917575
-12.457902113287487
-18.94023768138306
-20.294494196361782
-13.042475311135462
-12.085611128735883
-17.25359265465137
-16.125591496093957
-22.046417651915252
-14.396698041086594
-12.928504067920942
-10.600781022861645
-20.817408313127657
-15.078112496869327
-13.620908440049101
-16.269301774323274
-17.130870931490428
-14.638294957754233
-16.121969500408827
-17.21732148592693
-15.066960925267823
-13.818992744323024
-15.836720920143794
-19.757176697184498
-9.654827853001281
-16.588317021727683
-15.057719294605928
-9.459886081284209
-7.151023478127833
-8.270556548389122
-11.40453694443612
-2.9818946823590102
-3.8386900548084353
-7.063525289773735
-8.376832090231245
-5.885195152927119
-3.2325108416715436
-8.089316824607717
-8.216211397074305
-6.673418881846821
-9.230648141792008
-10.011440947480143
-7.549907956079184
-8.848459176347655
-8.679905314077622
-8.246792452997703
-6.884796287806832
-8.776606694396264
-8.281166400332422
-10.798522219155249
-8.831647531313845
-10.794042138616181
-10.673654063957354
-11.17152649469731
-15.226322920001905
-3.2927379831022803
-8.754647131489738
-9.329002843668938
-9.34246516121789
-9.296813453796172
-13.469741468881562
-11.321468543731896
-15.747463901311821
-11.390146695472096
-16.416371562887598
-15.9513747386195
-14.872461679827062
-14.13280447475876
-15.179766836859182
-17.21313817355525
-16.15827477031182
-0.7841706771964905
-6.470331571374935
-9.680820452683092
-9.23740333355766
-5.246349624760649
-15.659295976819958
-11.742811137470081
-13.817488425900565
-11.632064282531843
-10.039883919171062
-11.863309163605035
-9.366404542807452
-11.876438368440528
-22.351882780187143
-11.905247151586334
-10.181763437139193
-14.183358720828554
-17.061366844146335
-14.701898147424675
-12.373303351471321
-21.18635431887126
-16.530551824579852
-13.040356885777618
-14.989686488522327
-11.111958720067914
-17.339592885531502
-18.33558442813662
-13.441787109400217
-17.813846505327213
-12.756768740317517
-15.064011000121948
-9.934263635577405
-13.617519378268307
-17.11982527318207
-14.15104804064741
-17.710490092706845
-20.11437367525609
-9.819089068754968
-14.226714629668201
-15.405156000541734
-12.97447251404302
-20.605180518085938
-14.125197535629049
-13.245202281844447
-18.216106515350223
-22.210870630649847
-17.354578205191736
-7.12952854614263
-15.083917467480218
-7.088228197687858
-4.6624403284203675
-8.552229301359894
-15.471024982399621
-8.304270161211758
-19.751372447212084
-16.24242530569595
-11.071289729138247
-6.406517716399588
-10.490216357943218
-7.668036532183648
-9.83472505015231
-10.689479419667276
-12.1764260283797
-12.232571723886746
-11.89011621888263
-6.171516872347665
-8.481429054695518
-7.224309247756777
-11.825037789979218
-6.923046145396573
-6.868956156956016
-11.656487167977499
-10.23213131658048
-9.170512094876218
-13.94360438037208
-9.861664322701547
-15.589496044405708
-13.633402552683865
-7.36146913274773
-7.893307232771151
-8.151495398795495
-9.05721926266379
-4.697628900242222
-11.502920911560455
-10.115048745489178
-7.7431333677165
-8.217800809958462
-11.019610553053859
-7.549013825230511
-5.215279495523916
-9.448872253520625
-7.629141876152206
-18.289068091773405
-10.153909296627738
-14.90330061859685
-12.886569869208657
-10.66945563292846
-10.132511968883072
-12.931557641671926
-6.876804974501956
-5.912656049939304
-7.362111631451031
-9.373298390546228
-7.6311201378430935
-13.520269833935824
-13.584092424234349
-11.885851591211644
-7.813072593758583
-14.818827028017648
-10.489552466111839
-6.705873158921006
-2.579603900962418
-15.035971391541077
-12.899759883836644
-12.446121886953183
-6.693054628065186
-4.43474882010518
-7.942898715495366
-6.918662240387527
-6.001887507687226
-6.4149196747867165
-6.916541135813053
-7.504740847142881
-10.994264102910837
-11.694616285386502
-11.417734067047862
-12.840088101814915
-14.869139694381214
-8.722611108925072
-3.529088954784534
-13.719573751615592
-13.260363281873163
-7.138418153281209
-2.2823121660933516
-8.59694446941483
-2.5571906322978153
-18.692069062528276
-16.76054895502436
-8.749497444464945
-10.81837437024586
-17.81622160792388
-11.527686396554122
-13.641997954634569
-14.16180235767758
-4.403941832230618
-2.812397971241457
-12.707666120360818
-14.596688475495418
-14.90673188450845
-5.669547808464379
-8.22329347255257
-11.153936909203406
-10.775822725336962
-15.197287891801166
-6.786822998562668
-10.66684081683654
-11.831674465248783
-13.509644290022607
-12.870801879119233
-8.117234759444285
-9.613625053737232
-11.379099926618016
-8.648344106772935
-6.812395781211878
-12.602881661720643
-10.052930136399016
-9.267054101110505
-3.0504689244962284
-11.737150958634205
-10.942888066796488
-14.909579117300433
-8.519947681044549
-7.231285728777669
-4.9752568304930636
-6.488314799143177
-12.685365486852456
-10.739055040282668
-11.13078751365901
-7.782906918036303
-12.372744464173357
-9.962003364005954
-10.660362729299877
-11.632246145813207
-7.1906228084415815
-12.800272826387484
-9.205348239361562
-14.291131733401098
-12.073681969951314
-13.281542356013922
-13.167407705664461
-10.91833515963415
-9.790496485664836
-13.807591285654418
-13.076758515180856
-10.307936138415819
-14.429398993245613
-14.375842699963458
-10.538806647779275
-14.445385205542166
-8.792721800666438
-8.143723444991391
-15.557111946936988
-11.739823769808668
-8.54200211205801
-11.502096691239986
-1.9241052136724819
-4.050039040069796
-13.834846659139622
-16.809630897764638
-15.689776856560046
-15.228216589320121
-15.503023850787603
-17.149691297973803
-15.313827176747292
-16.770051515436887
-20.03789615421428
-11.882657751748543
-16.811581236542498
-15.27636945992783
-7.165638586326489
-11.401335629076213
-13.459017477948384
-10.92785138692524
-13.654557895884007
-13.579206204113571
-12.731706343566179
-8.197632304824355
-3.7713276109309417
-4.225492505264392
-6.641727469248099
-3.184920008058608
-5.113552360424311
-6.66930767606072
-4.7346204055024295
-14.433870191949179
-12.005723357856986
-11.460636998439004
-8.289836332404004
-24.543910427495145
-15.479901893013018
-18.921479033188888
-17.363517742307963
-10.960172042907768
-14.646507029532128
-12.666048455575734
-10.586643334143432
-14.277203337743634
-11.245751334212077
-18.53207008083684
-14.970436916368527
-13.314498528869047
-11.572466794577217
-8.466399462647583
-15.80931046984294
-15.10078314689246
-14.94860817564136
-12.96095004328057
-21.776213722828455
-10.977280056555784
-12.225747207599065
-14.238358831877399
-18.041156167140112
-14.15054192378637
-10.101778051352465
-12.116485974433605
-8.135860169435386
-5.964407732703072
-9.101807964157258
-8.20782112744964
-7.414969994182893
-6.509266394151587
-4.158260544299839
-4.258589860785815
-11.21531296670289
-10.935997419230166
-10.997726128402489
-9.149406636610276
-12.102354873312196
-10.975091623231975
-10.073490169912425
-8.983900203853345
-7.214689496804861
-9.79116065428612
-19.808061986606187
-13.969350681082581
-16.949175259918132
-13.340762247964577
-13.866429625333556
-15.156416069233089
-15.569356450056869
-18.13616802009953
-13.87714746797815
-14.216326558374746
-17.80716605890896
-18.288195280006825
-19.842480771076616
-16.366278903390988
-19.110381238022825
-15.30044247962474
-14.954095945722521
-16.1135743537965
-12.224909989583553
-12.181583741739965
-16.586074777317
-17.108594638627274
-14.827057118553308
-15.163056848090836
-11.6390778617213
-6.3987811520171345
-7.779571076410051
-13.02432388772218
-11.526841949021932
-9.375392126627634
-12.062428430498676
-16.694162441033217
-14.835336951214403
-10.078010892933314
-13.896061960859901
-18.888144969268225
-14.324349028194883
-13.735711672133302
-11.191419096114009
-8.627510175935916
-15.22589632913838
-8.942311919717186
-14.303052120524963
-10.133578037595083
-12.023181348453752
-12.708049299357148
-15.029965043976572
-8.583424980089399
-11.525589681615665
-11.387380396325414
-12.13418892307438
-10.540740181262034
-16.54596627185357
-19.593335107431077
-10.001208760848634
-8.796618773139434
-8.706112456500055
-10.041880532879183
-13.19314984908253
-15.277333930723167
-12.230151359962857
-15.83532513244985
-12.29642433848076
-11.827079887316355
-18.378602537532082
-12.302122996794777
-11.888310316881668
-12.440063892463414
-11.061247086098447
-18.895014229596555
-11.426373378910782
-20.67771133076349
-15.517189702222467
-13.610756253254339
-15.90683053537456
-19.062481096248316
-17.903595485105626
-13.181397123736863
-14.874381402447892
-9.685142399834866
-12.330649111244258
-15.840787086616213
-13.154509161033902
-9.141280542889692
-19.59455488767791
-17.67564274162973
-16.980050608925193
-17.014177887843445
-11.960704908314554
-12.207037457288399
-15.682775053097238
-17.95064548478587
-13.597747051486795
-11.094492263467714
-16.733603483928633
-12.510601949749095
-11.915036057294293
-15.848909862814182
-15.041410837044037
-11.152989147501122
-11.232084405357586
-12.378295805383434
-15.023287576416184
-12.399110338821131
-15.989791613266327
-13.54772112440713
-18.56500754392994
-12.039093706957392
0.06835267647543919
-6.122243801609338
-6.002962210776094
-5.743432271382872
-15.54116975011598
-13.825770669672243
-15.636332757233287
-16.730323266571396
-14.888694971615033
-14.608120528362326
-14.258389708173825
-12.9369151834307
-14.11389079627181
-12.362938380483813
-14.995837008538617
-11.150193841473579
-12.95166891758338
-14.749176473075698
-12.117477621469817
-14.419742257925112
-18.84575306387956
-12.328301597933143
-14.673146488805699
-11.341201669126447
-12.08570325700657
-15.890080232858226
-13.691106934015172
-12.7499096612075
-17.089982692370775
-18.918176661987744
-15.144763996417193
-15.05610280245139
-10.974111394458227
-13.990302509238406
-13.348526924477266
-12.112240750532774
-14.734934270764658
-7.930744644245447
-13.123921519515457
-11.160762809311327
-13.124004749326941
-11.061825850711713
-7.7138683788629745
-8.881058289216336
-11.207554560047988
-11.843694157561659
-12.547125573274851
-8.222157750966508
-13.085499512068509
-10.538123906381664
-11.221207901136495
-9.057842270374351
-8.68173894856103
-12.602816819464229
-13.455936982823047
-13.757944465195335
-10.272290608956897
-13.373688639944637
-15.032945758447601
-19.520649105371202
-18.884291635793943
-18.640761199328313
-18.476820680090363
-18.159479797043602
-16.48013679783547
-17.527469465147192
-18.228367893489153
-17.381350553977096
-19.325356187259683
-11.441211337717803
-9.460457832058717
-10.475236544130924
-14.054965140250138
-12.697870866468666
-10.581712656367277
-11.618602752887895
-12.047119427369713
-14.598506721770166
-13.12501557008916
-14.417590050374447
-18.149663026435093
-18.086973226558833
-15.296842108903217
-17.71012949822657
-14.678237539794226
-21.334091672191963
-15.854986287634718
-17.002355580574424
-19.79735379722421
-16.76961810417078
-16.500753236556573
-14.92313857050094
-17.23927069330756
-3.3313740153829143
-10.511938396852555
-13.71480819604443
-18.383153654442587
-20.28178313186467
-19.912133909230583
-19.377713341648402
-18.862679844237185
-16.369790948930167
-12.519266770181627
-14.018494192179302
-19.98438416648341
-19.89874306267831
-13.351089038457145
-14.823393741847893
-15.652942953575327
-16.41207979143446
-14.828441498228198
-14.548697003220866
-17.312374971172158
-18.21354776352153
-14.255925502364509
-13.366532753798268
-11.756269151644585
-10.607918736184276
-15.659197709706872
-14.046801809582279
-9.525125551553277
-13.364098118190235
-13.162709009522079
-16.12574124240496
-15.761333532707582
-16.84047778307771
-15.634542644529262
-16.593034687903657
-12.82300918463977
-18.164799357507572
-17.51312654715437
-14.425671846775185
-18.07273230525201
-19.64744251359086
-17.46357697320915
-18.968604641181166
-12.57941160800542
-14.11690979011236
-13.009817293527258
-11.54361757346055
-9.830482748809896
-11.683133119110499
-19.788119109507846
-19.962477523891543
-15.992413048418573
-13.152294420529188
-8.963385005324223
-17.423249540913275
-12.077944988714988
-11.109436309883195
-4.852349684456211
-11.989718272301133
-12.311851486700625
-12.239643323263605
-16.25912606887375
-15.505990821163724
-14.72731390698824
-12.023062668844673
-10.71739852278511
-4.978034960440143
-14.717924479024768
-16.409491602739628
-13.467032078895299
-10.708487201080569
-14.454403128107469
-15.364714346221572
-16.863913839376785
-16.92149497391068
-8.848817410179565
-14.73040223931664
-11.402809736533074
-11.019025817627119
-7.701561726317091
-14.922687890181225
-10.424240872223493
-20.014328675607775
-13.183146021756082
-13.956687878164306
-14.097289021797149
-15.133105153942711
-14.549009271170519
-10.111592321241774
-15.56178593503639
-13.464125732737463
-14.942071243468291
-12.706587435570441
-16.590409192548396
-15.726618393844138
-13.296107226428095
-15.161292152200787
-13.163247897714282
-18.267838707703064
-19.134089701963955
-11.784002161016186
-16.739890876604512
-11.359411864245807
-18.31115270497064
-16.530512116617693
-16.644189651753468
-15.39829350455264
-21.061873350755
-15.446653064067768
-19.075477492634803
-24.55792753743323
-22.423969279943567
-21.123730285386845
-17.916202220971734
-20.904606468232892
-22.55768946984204
-12.15914430577459
-25.844766603548216
-17.678251500934262
-15.709913155394734
-15.511601096723064
-20.195157721590242
-19.78270110405518
-20.43241472794194
-20.264203539547495
-10.800889945921934
-13.21489540156589
-16.7938357490473
-17.654251720546732
-19.918400255347528
-12.824745736235917
-13.292710094566107
-14.113464496220136
-14.028213799190546
-12.836139163130019
-21.712489844064375
-17.806147408459562
-16.724489613855717
-19.517668471450193
-15.327605169867997
-11.154802820433504
-15.866269310446985
-21.093894058261895
-19.405733759247223
-9.07296784720048
-12.741959292567314
-16.977608992575306
-7.997426240976824
-13.329364283635522
-14.231009955661687
-9.20311113764665
-10.376900230686617
-12.047701954995965
-12.584581508905998
-18.191570631586405
-16.063305704211068
-17.053840631395804
-18.452381689171215
-19.172226350523168
-9.057590191222715
-11.306615014987516
-9.265446119116495
-14.447818033618724
-16.347304408743824
-20.10747778787205
-14.418550714106303
-15.697675201794427
-13.08963254036721
-11.148825656844615
-11.988163866847277
-11.111332765255312
-11.317037019431824
-14.843254856407981
-12.698882892414048
-8.886648803705159
-9.903731070115896
-12.408424624245454
-12.168998920975561
-10.713598638960459
-12.462222696437323
-12.586452542649832
-13.364502136257158
-12.322324535120803
-14.636603858150611
-14.928938509093994
-10.525246039613135
-14.407945136303416
-10.697300475584127
-9.423710287557101
-10.472524300421398
-10.351305691139034
-10.9423009241994
-11.587797323429875
-13.735050213142156
-14.84215586961699
-12.068345021648737
-7.970744529047777
-11.848432623515176
-13.159571778682382
-15.03722997146996
-11.144941795766801
-12.101343694018441
-12.933433674543425
-16.515583738068475
-12.543381904262933
-14.030416985005248
-9.442042673238982
-13.883865227100783
-11.861561547864014
-9.512029896860115
-10.532553905753456
-7.573137946323528
-13.810413218397535
-7.587648183658077
-5.0640405252198315
-24.889632193878295
-8.708610286868929
-5.902483718131945
-7.456617755035369
-4.661694617296282
