-19.392447878609175
-20.864507119574426
-28.420591341153706
-18.305138945780353
-20.9846289694069
-24.07285746920909
-20.398392308217545
-20.074604152972032
-14.90318464472405
-22.68061265280625
-12.417402138124489
-18.29967448967697
-21.594224859833925
-15.539200658540334
-21.092786878480474
-23.052343868437877
-21.479331799499356
-17.90636766424213
-19.99260582120543
-25.637153934347708
-24.82177107613446
-21.9720156284901
-24.813555855133743
-21.447877390477192
-22.50455739992501
-27.227338117568614
-26.621122688535298
-24.513199600424368
-18.512953532928876
-19.514036499437132
-18.881242278469585
-23.924858717106574
-28.558383008158373
-22.572239983323335
-21.49479273140465
-22.872728958540996
-18.88864289672345
-21.340343117795562
-24.64195705635106
-25.034310304252564
-20.2234882865002
-18.786782939094614
-19.64001783933797
-25.299867099754522
-26.465991610602146
-22.84814875380021
-20.971351372818305
-23.364617266249965
-24.538314544054543
-20.722587651177943
-24.236561634335075
-20.56947800975339
-21.615625694816245
-24.276261001620558
-28.303672261971073
-16.73050546137123
-14.708762737794064
-25.40904263910118
-16.87564223904617
-21.802631074300656
-16.78895855881614
-20.275753918702815
-27.39120890433809
-23.38085830326841
-19.612358333709274
-19.259311396612716
-22.448214694446797
-21.962790072629623
-22.145713776168535
-24.37875167723806
-18.26396041817338
-22.148123063510226
-28.3397678604079
-26.286859802308623
-23.311636076529243
-23.883488017899165
-14.495963437733433
-23.327454306554465
-21.697969244776345
-22.922473856039538
-18.748302127754222
-23.48311168450382
-20.342919684866217
-20.59218713248077
-15.442508481063944
-19.385597407104733
-23.286087610770554
-23.41742323882214
-22.235670889368247
-20.473630289442536
-19.31759246145377
-20.57486034259084
-16.048787979067114
-11.546923867971232
-13.220349413443405
-17.33782708256918
-19.811204431201134
-15.854328590243899
-22.937050005526192
-25.372373462753963
-21.617686483049514
-19.113066639166775
-14.313626465656062
-19.211803918573505
-19.75235715714695
-23.98242204845245
-19.470861089966757
-23.570358211569264
-19.121521544346322
-11.754054760973668
-20.445203595771755
-24.75114544238492
-22.712124067365064
-26.055739078571033
-25.465363473458744
-25.343886229751533
-26.52698152875955
-26.38811376921431
-23.613511785948226
-23.380226643650577
-27.88400889013841
-25.540208209656512
-26.41951923873338
-21.911769174321936
-22.825226562415303
-26.29030331501968
-26.59223155663112
-20.266195582231347
-20.290788083467145
-29.337989388541256
-9.996666007427825
-10.34536424731009
-13.598030348128201
-13.09954901704243
-15.066965753095554
-15.986795989311824
-12.70683223674042
-13.409116703220802
-8.921223407091805
-17.48439223538593
-20.364247634903936
-21.18548428705866
-16.16419712432883
-20.153660384726635
-16.58385927525231
-15.325540784951318
-15.553759905446972
-17.38369463155216
-16.64455746058084
-17.981016376066954
-14.306062821605039
-16.055143731948178
-20.35188435882911
-15.629321576921853
-18.638815570533254
-7.97929166040854
-12.911996817435321
-10.33973699068894
-15.748628177841914
-9.74774692008835
-14.654689890067573
-15.934429793456767
-17.67961955922662
-12.007317223773093
-16.45055624998004
-18.268729595360814
-14.140047113937658
-17.702331916809207
-20.866666020220784
-16.139879218384284
-15.263518875782639
-19.342501821234773
-19.83044525977445
-17.28716202799726
-14.874509431180332
-15.091271765360494
-13.489342306290938
-23.936315226798047
-20.99692264719608
-13.51127176067023
-10.85701614710273
-11.590988608540165
-12.404124757539053
-18.806723199073243
-24.311063430263637
-23.39735113305476
-20.923719959780307
-22.79902601491126
-23.872719707053605
-21.982415509498285
-15.214391305595399
-13.40200971467323
-20.20057704599337
-16.781312313430806
-15.008840676868648
-13.346835978390208
-15.19027293777206
-14.021113615740417
-19.403158752140136
-21.499449278257682
-18.04442601026042
-15.994467547321388
-13.608656275076184
-19.877113517065162
-17.0818036171302
-18.65246677323959
-15.082318873067281
-21.92010133466665
-13.56893169175504
-17.148453446659897
-28.128798802315192
-23.1045637565717
-24.69569087006774
-23.59700246587211
-21.15090018533917
-27.608381995275668
-22.10143354649211
-23.15559026683174
-21.832387486647036
-24.942080506623704
-18.7393741490129
-19.750196575202416
-18.606914472592777
-12.547102336636812
-22.9941708746368
-26.831077250135188
-25.077740610030283
-24.695671083353446
-30.060747562489617
-24.44697452587358
-26.92259301959137
-21.97538344099995
-19.62600395481775
-22.945113980972362
-25.518071533388007
-25.199412432918646
-20.64937784755477
-29.849839289389294
-18.861168989343298
-16.314269517517648
-19.470342715043387
-16.95072016330392
-11.541007659130052
-19.370517499187155
-12.791104275016343
-20.776798196006858
-19.71834188846709
-22.635539777762112
-18.136869762903512
-22.37665635462781
-23.8044371528486
-20.768761114311353
-17.01719747835568
-23.831715831597865
-17.402793507014493
-16.88410420840664
-20.15629900048094
-16.34330912303
-17.362268970219603
-16.255612259382207
-18.040760500818042
-23.036514508632944
-17.638656097576767
-21.526586916365773
-16.125400123927637
-24.980018279422243
-17.12865882688539
-21.303207138160204
-15.140061514867753
-22.636479181274503
-22.510636775164624
-19.290190883755777
-19.935385743878868
-17.291005241236007
-20.136733611720743
-13.590971042716543
-23.15620453233509
-21.936072496989624
-13.968934952336475
-19.476067346898486
-17.167466956414533
-18.84200079507805
-18.04983709828713
-22.573273971124063
-18.95511704442295
-24.60714515763098
-19.374606288413013
-23.214000249587748
-24.89333889779209
-22.151848451428126
-25.064448561620637
-22.214968554566994
-26.707375282445824
-19.185094449514146
-20.754781071154497
-19.521306149486907
-11.604918980235928
-20.278648576007114
-26.50676963072719
-25.271131682403713
-22.01256340707229
-17.108442174995268
-24.41360614343219
-20.150043782209547
-8.84200473350381
-21.419676542556395
-20.58126980329994
-21.69114673606393
-19.123634708499424
-13.590162156366562
-20.147195664812955
-20.56613422713365
-17.865367099224148
-21.69314963089954
-16.200474711045587
-22.90261133443443
-23.757393301775124
-18.44689859605426
-16.668692453974753
-24.962395572848507
-19.913940764836152
-20.76098810584987
-18.730114785796054
-23.824804756279015
-19.876588893256475
-26.204888540593927
-24.21416737370871
-26.329972994541453
-19.45286745273089
-16.362313136519333
-17.421686845939597
-18.50870983119901
-29.189973783585835
-22.324611277839338
-21.497507365576716
-19.899709132262412
-17.13648753335693
-17.600404877660047
-22.719279364483675
-27.971230395091766
-19.379236889785552
-21.6835158254787
-18.423340481452854
-16.282403501069712
-17.60793753661833
-18.230270477100273
-14.840370877554085
-18.396347660867793
-17.97075832819982
-20.747880180186264
-24.34425047166875
-23.40038130255407
-21.818482251146335
-16.851193061288328
-25.987975328547147
-16.927179207013005
-13.56024490035567
-25.22038303126526
-20.3021534911383
-9.077698268579253
-20.05745759686956
-20.50630999138979
-19.866830820235087
-21.755457812658126
-19.057009227660156
-19.247791788032938
-17.911005059597528
-12.809325454160817
-13.47050032811321
-13.865471110162918
-21.047561115560672
-21.260817095487255
-22.421759127356303
-20.717157020523516
-20.281318071904643
-24.029777599536338
-19.84506976761258
-26.261667672213548
-25.684628817179483
-19.995681036657583
-21.348205543821944
-21.011522663826497
-18.513642699150243
-24.418454968815247
-17.62141323315865
-20.824469501076045
-16.001475971189013
-18.74670824905828
-16.090035484333683
-13.744808646869146
-19.395353947077066
-18.03385280111843
-17.663486665389108
-20.286144863784106
-17.080266390980768
-20.31589901206974
-18.202890186594388
-20.787970502239293
-21.228503012641895
-21.69466044553169
-22.968395377115005
-25.35836924330711
-19.97663071815785
-22.443230838750956
-23.71594588920673
-19.26636082920716
-24.783512835081346
-20.156233338658154
-18.54166589072615
-15.020390901913572
-15.5082807122486
-17.970109538493045
-16.849799949020227
-13.434702508408078
-12.108436428884318
-22.26127370486508
-13.559398168101874
-15.102758522293483
-17.598391026266587
-24.032658385418497
-20.325870701313395
-27.346566940234755
-30.07146311699712
-23.124830454416042
-17.775767863194176
-21.40104386780305
-21.65042912624463
-15.477143840351767
-23.40077149933636
-24.772022674469927
-22.69796175419147
-23.354828874341504
-16.727896256166687
-18.872857053434267
-19.07744877587799
-22.495134305257842
-16.31588747663138
-13.399405082294031
-19.49713376969794
-19.67995687043741
-20.87866893378598
-21.20518616161909
-22.82195972283852
-28.979816664185797
-27.35326686061942
-21.75053478057755
-24.03654764621625
-21.153169936103104
-29.595705960193033
-22.887051647929802
-24.936662588671965
-19.767463729676894
-27.690790870300766
-23.858622143161206
-28.55121056450844
-23.214744254201975
-24.7811093815364
-20.835862878427456
-29.06566904429136
-27.355194138206805
-28.062308331440466
-14.767759571067872
-19.64758231979144
-15.986120713656879
-20.774486911965152
-22.114660305725543
-24.004232583955922
-21.167566159949434
-22.570667046132904
-20.847760960203253
-19.4603937213421
-19.71158101970587
-17.940604792584693
-21.059910638871642
-15.696192246624213
-18.04062812268375
-18.034693694625656
-15.96545018299751
-26.180075425625574
-24.255062515025003
-21.828285928477392
-23.74902506635779
-27.394955272651416
-18.898091291447727
-25.030509130294774
-19.07983431323007
-18.149945478570935
-18.13165591811675
-26.067047106953023
-17.024459128406995
-19.142697969098723
-15.957410865211447
-23.619403291216994
-24.906104824539096
-23.984917446088467
-22.224720479716623
-21.462652684740224
-14.317092591869482
-8.49202084719663
-31.149510144948465
-29.245849257434273
-25.648987814428168
-22.906586675206814
-24.18400921651863
-28.201664534636897
-23.76321286146087
-23.683269816604763
-20.539773755991774
-20.034196716491852
-22.52388585813688
-16.3309709702801
-17.782322137826693
-15.637531645990164
-18.350588186468634
-22.406231171349923
-28.42520080069462
-22.95719869110193
-20.234404743643644
-25.715481438389084
-23.404125544963804
-21.17568466157762
-25.767698838826895
-20.091338437850002
-19.64015854243235
-14.95961421935411
-15.384127324465394
-15.686093649066722
-20.321070172963367
-19.46820102455549
-20.573892255095345
-17.81635035172673
-22.984848384477694
-17.985338910452924
-14.121958001531775
-23.09228883154524
-23.993511243917276
-20.54880038156147
-19.936339714441694
-22.697744837877007
-18.940912241363996
-18.393549479635357
-14.037557068855357
-28.46363342414451
-20.90578396610052
-26.498697894793153
-23.962421421616405
-18.879415219589387
-20.345150707216174
-24.544526933049035
-24.7858511923085
-16.928604161171723
-19.093844909510068
-20.722742341946393
-19.5542074418655
-18.322579007368855
-23.393585259321846
-25.714915089616838
-28.771189062213164
-19.107678164447634
-14.797572243365304
-20.30165739298689
-22.0919625778701
-20.80093362299891
-20.83888969475453
-16.903448023906915
-24.073136038721884
-17.419233144922732
-19.522777934047888
-25.09172860263189
-17.578467094632202
-19.51022506491521
-23.76793921811484
-20.62367732291152
-20.034606522893377
-26.889164618542388
-20.446129371417747
-18.023972827029443
-20.199883296105526
-21.105371147630464
-19.321222870581973
-22.899180733226274
-28.638182295054754
-26.277874499951224
-27.528227362123932
-28.67497480562464
-28.8308331323517
-24.938678905957733
-11.900978623497862
-15.335270695104063
-18.261971763491115
-18.09240343672592
-16.139459182932356
-14.910989616481217
-16.527226430055812
-18.381708995049422
-15.17173405696856
-14.258000795006309
-19.178883122298522
-12.857574089937048
-22.995880688343806
-12.100367158023648
-18.091348045162125
-22.11654824728886
-16.290393509860756
-28.23902954767312
-27.694584976487114
-20.668932541705093
-24.302019925194966
-21.434550146754415
-17.516319601774157
-18.898453777214847
-14.955141317686454
-21.886537195505397
-21.479992343714066
-21.547680227140134
-19.977105264005214
-23.01295605769846
-18.62337221904157
-19.040971695830905
-13.247722338558784
-14.371886480491744
-21.530425359348285
-25.372327759710515
-26.94695012764437
-24.248795138733986
-22.016163000091673
-11.324774080405447
-18.201476086642757
-22.406395492514637
-19.193219265581334
-18.824798593096716
-20.41110335065961
-27.49465519000793
-19.294729873286695
-27.934224091662237
-23.141415101012857
-21.378028689659043
-18.710518551892534
-17.10675536334083
-23.700897786389845
-23.142933874019505
-17.851023448310354
-19.470303456308585
-22.449185526594583
-21.3080705163509
-20.530430945056956
-26.923515146620087
-16.588382773537745
-25.55009881529981
-21.29046730544336
-16.43407083218201
-22.17962253643588
-20.899976541070153
-16.99942516863656
-22.721872731116434
-19.807589453119554
-21.22767472184331
-22.13917235175954
-24.68850987118534
-21.280891929951682
-20.722065104904612
-20.967441383016546
-21.054303498698346
-17.542872012376613
-18.012899733736322
-19.07626210104277
-20.111863476900517
-18.55633410238943
-19.491177352922126
-16.406522892347752
-20.05888794521649
-18.056916737399533
-32.1283142066508
-20.482786133767576
-26.807088683963784
-27.485344565802258
-28.593405597991914
-26.651304370984704
-31.139893869428782
-24.79316392551262
-24.312350039600375
-24.829000421303114
-20.543307671958264
-25.220655526485302
-23.45333805544972
-24.30796224935644
-26.207756379515956
-26.34766853332581
-20.526485007205576
-26.63557987474844
-27.029958253467193
-27.401432941226208
-25.122631438358706
-26.27753143158805
-23.785278978733174
-20.023033982898227
-24.767218927302878
-22.694199023973013
-25.65152116887011
-22.89253368644005
-21.50122402933068
-23.224106149343047
-24.191090296232964
-27.320910545061174
-22.538163844445375
-23.628407514442394
-17.513177126728145
-20.035460129540116
-16.996543773151807
-17.183100412421414
-22.1936495859062
-17.803101230736516
-24.643558067586515
-22.019854754926666
-17.117315487460736
-22.482378724975646
-16.257991119445663
-23.592945047973746
-16.86272352784009
-14.600782991036004
-24.37902145128335
-19.096768086275688
-18.633707098164777
-18.859725313811303
-21.92028956523039
-14.699251386362498
-14.76551538018526
-11.872339503615631
-15.54238621682013
-18.74577892454491
-15.677925736365397
-17.682209136506014
-19.352177389000197
-23.82606036068217
-18.398628269185522
-22.805310600853943
-25.516731541826744
-20.038432801866612
-20.965651825335023
-19.515626955635284
-19.178664018830123
-24.058123626899445
-22.333348725298443
-21.253557124247187
-17.808491481790544
-17.11532680644245
-15.096478258814498
-20.840453772127777
-19.356925819143875
-26.931564093255904
-26.286728322132756
-23.319403327232124
-22.556038607252084
-20.156808845520406
-21.768347306425596
-19.98700957112693
-27.57974794406768
-19.86117587133078
-26.764659266708918
-22.60677810995932
-27.747746244462522
-25.68997551172899
-17.916508060761636
-25.658577675769955
-22.391585965746028
-19.918621004399647
-17.55172512487132
-12.36120605210194
-17.914165650426533
-20.567517917153854
-15.225412820670899
-15.39398480063494
-19.427986298315336
-18.52835550815531
-19.68135391611281
-20.135927055434703
-18.329534994781007
-15.52998772448809
-24.96975302488693
-23.311748191699998
-18.836433406830682
-27.365281056214215
-14.691128456275472
-21.521414735641752
-13.851156051647706
-12.051859317636556
-19.900193677405607
-23.464062781174913
-15.007015266572363
-19.166124929397085
-20.164674170943492
-18.73783867369759
-19.039552519966264
-21.761909630735445
-20.722698053709536
-13.723569757157225
-19.066916174735216
-25.9469931786484
-26.150204645613147
-14.757572186369291
-22.134945124306952
-17.171600800416
-21.5611212290465
-17.687752334923644
-16.16947388299588
-17.167015253402095
-23.67924051714958
-21.686548986526326
-20.705342967952255
-21.7842995339297
-23.051358046336052
-18.01274584283578
-22.108132180162418
-23.892101074921193
-28.137843120240284
-21.693989728773982
-19.024858843060855
-17.967251399202887
-24.75013135332446
-20.219150244519454
-14.013556501606153
-16.345142140978417
-18.960064983215638
-22.971877350752436
-20.38231698802622
-19.35869779749478
-24.475154793176472
-15.928431606086898
-19.75759334759416
-20.503402065840998
-18.252424458421054
-18.450346277045405
-20.518095103500162
-21.50328119437651
-17.060877854174258
-18.957454048037565
-19.228720826742634
-24.43586194902852
-21.7830763133095
-19.334377904775593
-19.318701771739384
-13.392178710280197
-21.66254943614097
-18.763725826056934
-19.092810341308876
-26.95770727677808
-23.821012117706864
-23.45770228799074
-28.219058129792273
-17.127723003997787
-13.484397942993748
-20.59385828602331
-23.779816837174593
-20.28227657823215
-14.603474055480174
-16.971200372297634
-24.147497014003697
-23.964329174860293
-16.720288867744568
-15.221646892650146
-21.31415136525749
-16.395464682183526
-21.410169694298425
-17.509088909861184
-23.100441373388243
-16.44540387916329
-13.906732364073346
-23.484421116054133
-21.557809793797308
-17.249421689862984
-17.499182620750663
-25.92096614363652
-26.184835497176973
-24.203726793532677
-28.944081927766227
-25.05657028056163
-18.710530994734352
-12.580445820458971
-24.807809305361467
-19.676284161737826
-23.905238819457054
-30.04273411766002
-23.522577033813484
-18.276170451222427
-20.493752681979025
-17.675505756612814
-16.30272209996474
-16.766672731932957
-20.932992325065534
-28.126444805199636
-18.543190337458846
-24.900208489411014
-19.612890097294866
-18.6064625322002
-20.520542167071078
-25.23582780459202
-22.363270060354743
-25.77253146710558
-19.968088759033726
-23.94416854010796
-20.39011482452596
-22.082722471093234
-18.040544915231994
-21.564504887029596
-21.52384127231891
-25.439377608212077
-21.106247416346648
-23.058804966176396
-15.462368453601696
-24.681084115088787
-26.878008310765196
-21.33824259172627
-10.06494623022963
-14.165186517002983
-22.37762303876379
-23.517641954704825
-19.7717909536848
-24.229953732611495
-16.48454166280563
-20.60575783600767
-19.249237088390355
-26.09730919400924
-20.045232455641067
-23.196315376546497
-29.719243337689726
-20.91894386353443
-24.541373737362974
-21.252448974442615
-25.34745131449886
-23.049966293491263
-20.831766827045165
-19.502008704980216
-14.77360152312331
-24.04317700075958
-17.87461198785291
-22.748661866738345
-23.897080305452526
-17.78939194433225
-21.783092527480193
-20.453587705443415
-21.581077703045164
-24.801123981803002
-28.092909993437853
-21.309663398905577
-20.129458680655887
-18.86686138451937
-13.085441766015524
-18.84291630331744
-23.268183974598735
-15.755365100681065
-16.488674084600277
-20.931297042054833
-25.454095166851914
-19.632222708719702
-13.73090353492862
-21.150609010296893
-18.45481979197946
-13.801321953943411
-18.18977862710077
-16.197789940940265
-18.25525015309254
-19.79048014808403
-24.78312410497399
-21.81454421288712
-23.60204465796233
-19.74109370820255
-25.04978469378295
-16.821016572221225
-19.818059916228744
-21.979410044810177
-18.95877658314394
-24.12522499518972
-23.99965544076977
-21.896932792372493
-28.754718971624285
-22.030529930141217
-25.304428780557103
-30.549438906172128
-21.05887801140366
-23.48922673862675
-23.715740518228117
-27.227051369467716
-26.907233321768047
-29.230701940475907
-22.54309107206403
-21.240492407521106
-19.368931580194214
-16.693824851374963
-20.29986420910569
-19.39331668165161
-23.675073045908384
-20.469504946677684
-25.4943328089098
-20.954676869478313
-19.55044690164016
-14.849062187096944
-23.862053182953677
-13.411219426951687
-15.77727799769274
-22.19847777563183
-25.803293855989207
-21.272680835605662
-10.573213970888546
-16.67152574595965
-26.926086219726393
-26.697390661386343
-23.87267262013102
-24.379674705411748
-28.072808355805584
-16.714788803200236
-19.242483196107933
-27.908206200164166
-18.797378971912817
-27.721949165773406
-19.622977777415066
-22.000388571935535
-20.459448935675404
-20.227117665876612
-21.92411009268846
-17.416390740074938
-18.622967802221055
-12.497215297918524
-20.13107512207152
-17.56267956336909
-22.54564983785657
-16.885098104630625
-12.609034765217725
-15.333487871378647
-18.00089840116521
-23.34903177446594
-28.26215369450728
-17.692254145374534
-23.450519561567816
-22.883192871409978
-20.84773836684404
-26.070522114348016
-24.442106867790823
-26.8124354534475
-26.985417929179988
-24.618281296671782
-25.25732722339211
-18.885516303938516
-20.796936301487595
-18.257253661436565
-21.003617829450967
-18.25095809497335
-22.573033546569935
-25.697030272249457
-22.0610871541272
-25.3635762919755
-24.263621954393997
-24.219927191080387
-22.928041502775304
-23.03954293956398
-21.375232038845738
-23.796482545175106
-25.67455915644814
-20.48941688719592
-19.47815476385844
-19.43503748254658
-16.761935653484237
-17.912135154888475
-15.00179944408811
-22.808020456137065
-10.721063946867798
-20.285591397128385
-18.999366352748336
-13.439259947720627
-15.090498190089699
-15.186741262481988
-17.096157995062057
-18.284404968938578
-16.67192328368133
-19.088527737875957
-25.161361453577726
-18.587730681302144
-22.000319721254716
-23.757725714199786
-19.355578566398812
-21.487425319742982
-31.39657761816484
-23.69624558581021
-13.712287662525265
-22.00957300413561
-21.441488716719366
-27.631131118300996
-23.32791207634037
-16.290960027344685
-18.737226799986974
-14.384404095973064
-27.783233315013813
-23.685219354742067
-24.403574388085907
-23.500888065656866
-21.566453537803415
-12.085193988251309
-16.412514705863906
-20.352535463404216
-15.90802489454414
-21.639086375375644
-16.647660588207696
-19.95810621459219
-20.505350013254628
-20.892831885652672
-19.182564591019386
-14.776928863406125
-25.727937051208883
-26.97980426634185
-25.70458921380841
-28.926297357148997
-27.97824491846773
-31.62973061557833
-28.770620417515183
-29.186723832944622
-28.54045327176458
-30.299198740338525
-25.578982684397154
-29.316616240149628
-27.406916377568255
-24.46892980133441
-20.076683423019308
-20.088732968951724
-15.15536158695745
-17.148018812512586
-21.034286676649735
-21.487611474375903
-18.106367565682348
-22.03709116286447
-18.633705412941367
-20.880008466870017
-22.42682890799158
-19.27350479138729
-24.117119892469958
-23.59890609016225
-20.51432410885844
-17.636847881719532
-21.710679477496583
-18.760450313375536
-12.82384963658867
-16.994596374381697
-10.622733677281985
-31.46609566129397
-29.06141033453141
-22.044212060363165
-25.67138422996883
-22.387881189394548
-24.008204118280794
-24.47066085492451
-23.589671918246083
-17.736486581369682
-19.473098931886813
-22.02074386549633
-21.388227042040324
-20.570054144313744
-24.243024054705145
-27.59225597556636
-24.540565775178084
-26.738469083261645
-20.743244794752638
-21.250000700649508
-20.302234590899808
-17.886608578312075
-22.997847575892294
-21.33779645986682
-19.264452451074327
-12.877200120046751
-20.02401427759105
-17.000685315481547
-16.433369193668504
-13.13447623262665
-14.540434872739043
-17.208404409464773
-28.04937243247369
-24.436347840046167
-22.6776385655455
-27.440589863983238
-26.55259331951039
-25.69357887510771
-23.444831276213574
-30.549976236378704
-22.601679331796916
-22.337158477901397
-26.527401648791727
-24.80281533811944
-22.192648606868534
-25.280537392339976
-23.241548295449178
-26.276125216476498
-24.1370151461299
-22.02543824134798
-24.375967526811273
-20.0509120767766
-24.308851127082484
-17.89429985910763
-20.9420434814261
-17.731502160389017
-16.24190134562407
-18.308962993467063
-27.30535458456204
-21.365068529834584
-18.618520210207613
-17.286237187169622
-16.881249246214207
-18.328172125519014
-15.00438727349841
-13.541350067377524
-27.269005831419566
-18.7778837941834
-14.95261245357402
-24.748749006969213
-13.818776506086667
-21.08603960980134
-26.49212090886777
-21.234398077377648
-13.84944221354128
-18.916131846387884
-12.534988764173558
-15.216939377131903
-19.887039074897153
-17.884045950326197
-14.44807623390708
-18.05523176610751
-25.874962620692102
-22.21004060055018
-15.637905809167039
-10.817505866639989
-18.97530959330861
-14.317310049560318
-14.072913422538068
-16.261119927019443
-16.385153604940488
-20.279111442567174
-21.974436806734943
-19.640386094996835
-16.27119271422119
-13.869035843793107
-16.870387416569116
-15.157476392423925
-18.270686509777864
-22.265579592882776
-24.90623494486182
-11.477221979780595
-20.537152921530854
-26.1848635831835
-26.45382289420079
-26.267061569550467
-26.330428628145345
-27.812460388124997
-25.427463421018807
-26.507868078867343
-29.455014941965896
-24.10287256034101
-19.7338443091288
-20.098600084510245
-18.573711946833942
-22.29395206899344
-23.018442543210323
-22.018925195515035
-24.668389098734195
-16.46695711461051
-19.838140648922078
-19.496558669538086
-17.977830190501482
-20.711598440145
-18.86381939737071
-19.475674547409678
-13.321170350862623
-18.565656330331738
-24.753655160205845
-20.675233418752146
-26.613552705210452
-19.07325799071017
-24.48866830177272
-22.44943586404603
-20.233702886328565
-19.87657116441097
-25.914494430268057
-16.212745107907462
-12.719976992048469
-20.653132066622653
-23.128743054724154
-20.209120469618014
-14.835117154625252
-23.634031889168615
-28.736615785278758
-20.015649814025675
-19.433688488864835
-22.5322339434856
-17.36292710848325
-21.978126740893632
-18.997127645844856
-18.102009029008645
-21.784742275498573
-18.618391685914688
-16.95729706572914
-25.321094485446302
-31.330597139462743
-27.08473215816087
-25.421777625730236
-8.794177514433844
-28.70379230879449
-28.793318221456886
-25.0288656925734
-28.78315398596888
-29.50061765074797
-28.905887895386773
-28.112524664040595
-32.06171854432306
-26.427787749520675
-22.151638502446982
-26.646032067252293
-25.934377675932158
-21.51798801375892
-27.192162747346245
-23.419470869843575
-20.835900477077235
-23.874483387177467
-23.714211228031
-26.03317916646494
-15.510930092090666
-18.439341695105956
-21.963158425601925
-15.653178346468247
-18.891299028683477
-20.7067951871911
-20.136244389519405
-21.274482005485854
-14.235710431799355
-16.147033945133884
-13.366457662933023
-20.1876512601648
-14.384019328423339
-16.52241590317238
-18.829693187087948
-17.261128149783094
-26.030784441521757
-13.394731405821707
-15.77683384415024
-18.774999900427144
-17.596978982456196
-15.69282804779793
-20.530998563872327
-17.777419124402233
-24.144448246209066
-20.40000586316088
-23.376825613806332
-18.054932172052567
-24.01476689007804
-22.305309438455858
-24.729631674529195
-20.203615644593256
-23.815554590433923
-18.8763042770141
-19.809937076332268
-16.608317387714443
-23.314774480586212
-18.983942670551734
-24.35154344273358
-26.515039205725714
-20.694296617534533
-24.12948065752372
-19.800132080670252
-23.625037883846975
-20.344388282003674
-20.615195112973854
-25.03872657453545
-22.346652150732265
-23.863106636806034
-19.228989090535954
-21.8363592833971
-16.27335851151805
-27.82126981881857
-30.763533217316986
-27.106988946998154
-30.590907980736663
-30.26749073403263
-24.52055083886347
-12.399058095586442
-25.140708593853475
-16.810873905321472
-21.56650351122232
-17.686747723162348
-25.922793708930165
-15.60894208181093
-17.407999330429412
-20.863821492367926
-25.28856548199589
-20.31720172842473
-19.739013089675225
-24.173353215923996
-22.280450272882362
-10.926294125940325
-21.89456786284968
-15.926757054968247
-16.73090541326742
-14.87398141478009
-20.448600323847046
-7.099129448630931
-18.11368097347505
-14.658249650971634
-18.24770475573314
-18.12622890161199
-12.673952226000196
-25.827711132239227
-23.780360857953095
-22.949900975318652
-28.122051012419266
-29.89437915485258
-27.519739354857524
-19.48691807579653
-30.077123614259797
-27.5713950471875
-19.269989622928556
-18.066895904723953
-18.825042735023
-20.448590312339118
-20.530990748306376
-22.0700326512839
-18.68023583242313
-22.393022956457003
-16.968061741316358
-15.288228139535438
-17.747714712082672
-13.626694185247306
-21.151855591648236
-20.34143643273635
-19.846870615553605
-24.878721756808513
-20.8384474348414
-16.651543771975504
-20.928813912358315
-22.171163695310394
-22.40015237913634
-22.63329564151248
-18.774120216145864
-18.32093358583372
-13.470982909902675
-22.244077164252374
-23.612680804902848
-21.691563505145645
-16.43817187695408
-18.87728663659524
-17.613797571516542
-18.151539129786673
-22.215841433096372
-14.321002878356676
-15.008715167736096
-11.57393094825192
-21.549049307117663
-16.49310912944383
-18.871278493278133
-20.99136633491733
-11.685664284968531
-15.994601883620383
-22.254108733236972
-22.046455504865033
-23.247786217529345
-18.181479697493817
-13.258030592908836
-19.842252984799163
-18.585363339596917
-11.493157096516848
-21.310265271807253
-16.102115782798904
-21.331800502034035
-20.83614108075792
-17.53066938009915
-19.974896621109856
-26.632623091014807
-18.17462694412245
-19.18205981736506
-18.660408707663063
-18.90335151738005
-18.53981665005559
-21.414441813859906
-21.9057862862757
-27.921586218800165
-21.66194768538667
-22.546719058111123
-18.368961470468193
-16.25990251588003
-27.487119392576094
-19.541058847204507
-26.338027394003085
-22.834465897389848
-26.702644376768394
-24.841789876959783
-18.20233787523496
-17.804498915159282
-27.38315683039652
-14.404361318482746
-12.198197327108057
-19.47759681459614
-23.20313094266902
-23.878859212395135
-27.337123591586778
-30.017826239933598
-22.859675756066455
-24.731616337713092
-19.768966263552926
-23.024507351668966
-21.822683890460002
-22.891269411442174
-20.467927672706416
-26.77043226523872
-17.522429237529455
-25.50003648103845
-19.17192528335876
-16.249530627657556
-19.688110380654837
-18.661306477545303
-19.555011964049164
-16.304783448902757
-20.525322368418006
-19.599491365484205
-15.53353483075039
-20.128467532031195
-22.70995341902419
-21.442851727682605
-20.915037305153863
-18.03897370956417
-26.298298323250552
-25.510342656998816
-19.744620882743412
-20.156870692829834
-28.833933968517947
-26.10664590780881
-21.40755480193806
-22.43359827498866
-20.501657691196712
-18.88969298888442
-21.058736424624087
-18.329291940473244
-17.13170280965961
-21.390998727023145
-20.082312164499665
-16.08885538408546
-22.783906145532843
-15.580424497301157
-24.789655903536996
-19.46297161339659
-17.784104261959662
-18.797111189864964
-19.758519638502214
-21.837774835768315
-26.386170444495416
-26.814339241876436
-25.30226987125938
-30.60407142445747
-25.06354721695338
-24.304966071395487
-17.412007597903287
-26.359733802605874
-18.828021471179117
-15.675878098467901
-17.435398918194394
-21.613963326390994
-17.726803853685347
-31.183753618407607
-20.481211848006254
-28.22282364274337
-15.27042611314452
-14.135823094175375
-8.201733387779562
-16.145416131622603
-15.267947869945903
-19.240552226261013
-16.80567670552812
-18.11538668337517
-14.699248831760837
-18.05250946410547
-14.519537080719477
-17.59814546449275
-16.799075885839756
-18.136341020948578
-11.185882995091916
-20.545672676535787
-27.33632038872397
-19.66536910152729
-20.073116304540484
-19.48238329243563
-24.81429756054699
-22.619812320404407
-19.5842664381083
-21.963210430580006
-22.739042406009883
-23.584696516952874
-20.564438139910955
-24.081728164292947
-23.274509655643932
-23.823123739252537
-14.99534683494555
-16.124617070724234
-13.48467117115509
-25.42548658078431
-23.110877262358812
-24.49775593530213
-17.87567614102681
-21.046800978774183
-13.024144548567868
-16.594272505967155
-15.56659626086132
-19.09555295023259
-16.473335232425107
-23.053949505063056
-27.666831099173162
-23.936322751850838
-21.115660961097753
-18.131076227823154
-16.54165629732231
-24.09467637094654
-18.898364570417193
-23.51409896046661
-20.56378897718062
-23.365813224587132
-26.47671203563796
-27.907555433267163
-24.48883420058258
-21.54395502551376
-29.290991595813544
-27.377454925795757
-24.938083718247825
-18.700917825151716
-27.263809903088422
-28.36404827696165
-17.13934971392239
-14.956420067660515
-17.62001157175408
-17.34878438658585
-27.059063012763623
-23.871613360397557
-17.958039505387156
-20.149291341329548
-24.38307183615351
-24.034142978652373
-18.383025304397563
-19.682155945513035
-24.16176300987549
-11.064718341040546
-17.351045222980936
-20.632002976499948
-21.730774953975605
-22.264990854885227
-22.401421454402776
-24.57930251945377
-23.286325641335193
-10.898075985724411
-18.19349718756827
-23.797540312669533
-21.31537870230131
-26.944032176373675
-19.8928763836031
-23.31404118486715
-19.39756372769795
-14.201995028257942
-24.35118127987133
-15.92035671296058
-20.671715877201493
-14.537429850022242
-18.514888803581478
-19.777485868465973
-24.858527909881396
-13.93566576156801
-16.169824317533326
-16.28322439217684
-18.904407292961473
-21.009392396288995
-25.03626177321851
-18.881735854231344
-16.987221464324474
-18.99662034707712
-15.335765653451137
-16.658560729587418
-14.390564495667533
-19.776500042237604
-21.37985815726383
-22.873641767742413
-23.044579081594215
-17.99168062195905
-19.709569226759147
-28.514689798895954
-22.225765004433207
-25.647932852721553
-24.53122985252786
-21.73881067989967
-19.34232823716041
-18.559916089798584
-21.699637225687763
-20.981392801016124
-19.599803257704394
-23.270346445413164
-17.897080505990836
-22.486982732333942
-21.867521558740382
-17.934658229655348
-24.241669486072706
-22.711604329400913
-24.449390253992682
-25.81883316891625
-20.838764870109667
-25.12273301487306
-22.52913504018488
-22.80081700176989
-23.20720957087822
-29.43217197069876
-28.89545130630392
-28.660711177957513
-16.388230809019817
-21.69747470805539
-14.287865478886598
-16.074214149147476
-25.96175800252732
-17.262677294512226
-18.515266518586092
-24.24799762459907
-17.665501538191346
-18.128514288003203
-24.21704213303672
-17.83941358187734
-19.882634436530036
-16.320774851145238
-15.743582860624375
-20.234061279638897
-18.39640583831572
-19.07375043446381
-19.262944826224356
-22.35690360830126
-19.04129117336803
-20.221218678621337
-26.43405099776055
-24.174943721573094
-25.248334560342304
-28.01155772402922
-16.16652346976027
-18.253314542243427
-18.698114777075265
-23.104335951278415
-17.85992613429446
-26.54482877973178
-13.772817703496262
-22.16745155053907
-20.494872617212994
-21.863039797821344
-18.17160338116848
-15.13152384434851
-22.08054608040888
-23.967386151598866
-17.890387296657437
-9.046719170588055
-28.659480959865398
-20.528528391059893
-15.068518132041987
-16.385838933329282
-17.22475492682212
-20.204002538427893
-14.983204949023383
-20.159807036370623
-18.679112295567478
-20.27718289066308
-14.41916403578606
-14.814768908433308
-19.04491150050179
-15.588809534701552
-16.455374735152198
-16.61398795222625
-17.169340421716264
-17.264199841223284
-18.613831207880875
-16.099802078895266
-19.139946564725392
-18.022447856954415
-20.12553384701182
-19.70952821459933
-22.722567348867983
-16.832556798949163
-20.115252970556973
-24.248429086963164
-26.680331523070095
-17.864638186371046
-27.210306105241003
-15.02950236747549
-16.44441724991581
-21.21356822634065
-19.70451509629052
-20.92344993043785
-18.97338988451155
-20.19084523827204
-20.498051220937406
-20.007521103968816
-17.538162675103653
-23.980348197587517
-17.235948483515124
-16.79365319225924
-19.703144654128103
-21.08768685346346
-21.570411350975544
-15.637062729616417
-22.042530768711007
-20.97857170319096
-26.775144779450407
-22.628888600892086
-26.170959241085463
-17.37086998233133
-23.962987214877515
-17.494616029676262
-22.71937445212852
-14.770440806377998
-15.163045381297636
-17.3654290204595
-15.583904253593285
-16.628177823096134
-18.963744234956792
-20.38297403632371
-19.147281772719822
-20.73042553712389
-15.002642013397605
-12.712887539149751
-20.71375738179839
-10.390457861970539
-19.42322805488915
-22.712131012376556
-20.12816133084218
-19.989879126813918
-24.42405323292657
-26.771257685425432
-24.28593127475201
-26.170591760032238
-21.713959437829246
-24.500593706904016
-17.312210229891818
-22.789460620411507
-16.633970996347102
-23.14672694066897
-26.891129515963186
-11.60639219747472
-14.040250791792381
-15.041739105688496
-14.73896909554407
-23.146651225377433
-26.910435165692327
-17.825564000455866
-19.347383094927743
-17.200864868283286
-17.703913612232427
-27.295648378737393
-26.59751934485388
-25.342869400295175
-18.853288805541993
-17.898676079902614
-15.01839103870751
-16.146448301031842
-27.78151344880012
-24.505302263264035
-20.904171752053543
-24.002882590812696
-22.764582808115957
-8.523362646240988
-19.22378204950877
-21.592395698769632
-19.497392151875076
-20.50626228816817
-21.79277812850222
-17.92965676011194
-20.60907925952285
-22.489479900778107
-18.217928692076715
-17.68609464729328
-24.46103422251371
-27.367634223738264
-24.390894952758167
-23.95316512388484
-15.560445267688037
-19.737499881599696
-17.030627495819704
-19.646380038864763
-18.81479978794043
-18.01137798695157
-20.769352426384543
-17.016507832339123
-21.63127010867465
-17.882998331957033
-19.811977184722203
-14.882110293130175
-16.982672565436513
-19.150017186172697
-9.59225144453402
-15.944154388650645
-20.162611788800234
-22.867184813584878
-17.538486861832702
-16.391624012455438
-23.003719047917638
-12.412380202277005
-17.81706109070764
-15.988832997247794
-18.671969868002286
-19.674244979842662
-15.888509288468857
-21.15908890060842
-20.871306036729877
-16.396006747196125
-22.25089549442517
-12.943577781260368
-13.977345618343461
-13.323507898179368
-15.203981361994302
-21.21012773117562
-20.535847389931156
-18.696569310709883
-19.560339388232446
-20.653823470888256
-14.133192564306848
-18.215947863873147
-20.547348852131748
-21.6942225778555
-22.708138606996297
-14.533176052813921
-19.166456789618163
-15.300999204223167
-16.559872385750424
-17.326239040525312
-15.847363512638836
-14.071013380469488
-13.99913260181771
-18.14062507632415
-18.035094137688795
-18.558148479848757
-23.68111348703163
-16.988085375406957
-22.162039373122802
-13.112086284086509
-21.148426423809653
-22.078033897457498
-18.931973516159086
-23.64594463229312
-23.97461232296343
-21.911043713635756
-23.167879130563698
-14.890130584388299
-17.679920270755876
-23.468831389321558
-24.474685572496217
-20.7067356515182
-21.027487697086556
-13.582777232983236
-20.74680388469252
-19.86502692957636
-17.08531472314097
-22.625915840413825
-19.433226392348917
-21.191924856753754
-22.36710819216082
-25.938995164556154
-19.993417264214315
-20.215766974944668
-22.774333600128827
-16.84996173508546
-20.48055167193602
-17.20534484764457
-15.705150456096819
-15.15586253931832
-18.87497544516872
-20.74261960873458
-25.757733427660543
-28.022815979228866
-20.04814241712186
-20.700383435159054
-23.987891507945005
-24.468175743453898
-30.856475434862624
-31.617673755086933
-31.776074799161687
-26.961212944334914
-18.82760911677047
-22.02297801789268
-17.969045017997264
-10.593125303758441
-14.843903157203297
-17.392825532563528
-10.94763472143308
-18.989510606672802
-17.774321837151255
-17.803153730132415
-20.370948826650334
-23.98031481001972
-28.971944273579336
-20.850508369480377
-26.846185890827222
-18.491804045206983
-21.23111178413897
-23.639048149650264
-19.288356304744752
-23.487025696681563
-9.639707040919948
-18.10774324258795
-19.984543107563752
-22.344988077521258
-19.846562928893523
-6.9995103432697565
-19.332993111617565
-25.025054658802905
-25.366997645263183
-19.729500725672207
-17.581060134542223
-9.081098110754546
-22.509002848705226
-19.653622992161477
-23.35631165307222
-16.78748066606493
-17.661182935985288
-19.28296684267284
-16.258914381211486
-16.6590023939917
-13.341803080165224
-19.5153781306604
-20.80747049015319
-17.66980397249402
-13.556829648187394
-13.257257972118051
-12.968525534349787
-16.54666859619799
-15.291750329761385
-22.04250587518279
-19.27127001198673
-17.901994997908115
-18.19756620779066
-15.690440409681232
-17.462209183069188
-16.020102967568896
-16.385979161795397
-15.588929401252692
-14.498986076671791
-15.48556365965906
-16.154096509634105
-21.612708980604857
-9.081420903456271
-26.33444505708936
-15.338985597075922
-22.8863223575883
-20.396702027771205
-27.56742666390042
-23.669632823078057
-20.304677745148037
-21.630898839910056
-22.05732206463636
-17.307248741254593
-22.01652265609969
-23.366701043326955
-22.275587485317573
-21.801253695621316
-20.88338378062625
-17.844292608629296
-20.99796196910028
-23.368630834164502
-22.681161499076687
-17.874480929020876
-20.221358483198316
-19.620622436065464
-16.09655176014974
-22.341839114984523
-20.86594975403692
-18.569106975622113
-22.813713261223576
-25.380015641117694
-21.367121461910173
-15.043720135989247
-22.612892444649155
-19.104742976422006
-13.757506179246327
-17.913985343168818
-17.738230105873498
-21.74725389659834
-22.373034228336635
-25.533080190886693
-24.738610665997346
-25.309562574481355
-27.992384300758168
-23.122735797815086
-22.37944663687505
-23.37644274005191
-18.899351796457122
-20.06771974343873
-17.49576547356166
-20.821799168493506
-18.714298974875355
-23.177793477213356
-22.1521963015328
-21.76102327904975
-28.508337034846587
-22.678084266249186
-16.17777015041112
-18.092747888640584
-17.596546435445745
-26.335658924012975
-18.30031587741034
-22.278349180823906
-22.903274050713694
-19.396858151377657
-25.947402872249434
-24.07094051848759
-21.465241582525287
-17.24139186787232
-16.286179505730807
-15.533437578577567
-14.839999835060674
-20.220601035915102
-19.704558864028588
-21.043336210701437
-21.15854794318546
-20.041134669882002
-19.477263580873974
-16.63041722506263
-14.600550796302684
-17.629689589125608
-13.514224016949123
-25.768248587419222
-21.41289343674391
-16.63359293669558
-24.60697266725177
-17.84755722271735
-18.02791888499757
-23.849408161490064
-24.492347957454932
-24.02129205367189
-15.455326395240082
-18.69547437349367
-17.139631827150552
-24.781059750126385
-20.05878789356697
-17.16887067469565
-21.291429084427364
-24.236841058613244
-20.656925498425775
-19.40648585138293
-19.368626167404457
-20.64895812685236
-8.691220336744804
-11.733794138498414
-11.384140845542458
-23.521001943631866
-20.213941142072986
-19.291322989886655
-21.56703042822032
-20.17289186335953
-14.842096123195649
-17.493202670877814
-15.609527854455468
-18.50459939755007
-34.04377150928941
-24.00863464537533
-26.818813581309534
-25.12815565307972
-19.9293699319229
-21.41760217095362
-15.965328441642166
-30.136790776679828
-11.104298196786972
-20.78378440743849
-20.075316978255636
-20.61039719295493
-24.38626342240291
-25.23103954099293
-16.604136963500522
-17.82120118659934
-19.00524668246792
-21.265691668146015
-19.155689250899286
-16.876928038763957
-17.694878179551072
-20.296838231482326
-23.51514679209401
-17.38819152042612
-25.558812991690864
-25.723371236271824
-24.569881462805856
-18.220761710214155
-23.277930522554414
-24.13310132015163
-17.310903323048006
-15.285516515549197
-22.062936637880522
-26.08650890254836
-20.350719575851677
-16.575792171835232
-20.925578552657118
-17.602948975787577
-19.679720768902335
-14.930578055242142
-20.236025547193698
-18.974557949512054
-21.33611030700773
-25.77703498669358
-25.381835208803626
-26.009108073376066
-26.099953316783065
-21.424797650316542
-20.230348701010993
-21.918465333296105
-23.309166799719492
-23.63382535357557
-20.69833671229501
-22.4683272360162
-20.6008418678418
-18.31537256034994
-21.778423139037322
-23.546524853581385
-14.253337699679959
-22.320934097095293
-20.0044524670016
-13.436503314438626
-24.25520080749959
-15.021134016791024
-26.037915378073542
-22.31286466710937
-26.15995624707881
-17.31365891892914
-19.06330736876203
-21.588965749219952
-22.89296761471557
-21.40181151017305
-23.22809526106947
-24.4914334888133
-27.72451373041106
-16.743675105263954
-19.88694566537766
-23.829809401803267
-23.994813377105636
-22.850892421099424
-29.678113993711406
-20.590805480134108
-20.514346182749506
-16.157602084485166
-11.229962340863139
-22.427540953134756
-17.330690078507608
-14.936832948944135
-16.789299326591333
-21.132057086083666
-23.341392131428755
-25.694999772966412
-26.04138683640256
-28.74536960813105
-29.417789628446307
-32.27055598054736
-21.002535553630484
-15.81335154594214
-18.02698568018528
-15.064387690313335
-15.69556321950068
-9.812225120655238
-14.558186120819983
-14.871067890952984
-27.710478644562063
-26.413717951841683
-21.051959450093257
-20.231676186575577
-23.45277825401108
-19.088258820024254
-23.738274804041332
-27.427255068000406
-26.586763504132634
-20.977774858213614
-25.204871283534715
-20.415918368962004
-22.050255851306062
-11.190544574246475
-22.850903590362357
-17.125715529548355
-20.82258383802608
-15.77815683936351
-22.70849401558967
-13.91933154061792
-20.179429677615385
-20.995523939617105
-27.54001677098438
-18.51259911806186
-22.937038479420032
-22.972598330299327
-21.530345349858422
-21.493589784985627
-23.115741096028927
-20.844941678731452
-16.859238637213846
-22.099277006157287
-18.753664818702056
-19.335204080414872
-30.26102501865341
-29.101320080228643
-19.470007667720242
-18.348028430109427
-12.93135562322491
-25.706219091864995
-23.09164519966898
-24.155975833028652
-24.647985274701366
-25.400354784170347
-20.75995367426082
-16.17872477230378
-26.953713744268597
-21.272193203255675
-21.263580611041164
-15.785843886637206
-13.639234637944437
-17.35259484016468
-16.582039948147827
-17.620035586801688
-17.260127830691356
-20.547341646421714
-17.49118752136992
-16.278846437273224
-18.703068978978962
-16.639982127939522
-25.202280728829503
-18.06292768894761
-18.405772644583504
-20.058823971201157
-16.52979486526889
-16.43328764377014
-31.5548904480475
-20.30420727667599
-24.110962814864862
-22.35435221780538
-22.72129495054046
-25.51811523977122
-20.9994072014731
-18.340936805394144
-22.081739159956122
-22.702631404183876
-24.367203564297206
-21.657859506786586
-21.194883115481744
-5.62818608148135
-18.742981696546316
-18.609881653015645
-18.04931862345012
-21.84743327789251
-22.810604984297832
-25.36246179242317
-16.196175330293222
-15.096569758199031
-18.22501404249858
-21.145055425167605
-19.63595029462135
-16.041205923224876
-16.04275814660071
-18.88689221987442
-26.928116249529413
-18.981138354425536
-26.849461706372956
-18.463523683651516
-19.28164574013085
-11.989189632711538
-21.28389799236402
-26.2715656457308
-20.93393394620594
-22.954498606760367
-18.458582101764136
-22.791985156354926
-21.8376205009967
-23.535160254769366
-23.837965465429765
-17.906927900022406
-17.746558882226257
-23.612614459144194
-22.230283257983835
-20.83682650390957
-26.80956847957286
-23.373098177845836
-24.792052772291967
-22.505692969052
-24.19472159176015
-20.08553941690571
-18.272831068896693
-21.648169392567024
-11.786767847602409
-16.79447974535393
-15.20788321423171
-21.668635188058722
-13.912641489778071
-18.60333641067611
-19.938887549126836
-18.70246579526129
-17.708285288201505
-17.44833553422122
-17.038852734498086
-14.136989733104476
-16.378140767669727
-17.502700797865156
-15.21892897589012
-16.7372381210527
-15.476148810701375
-16.598122340256023
-25.402756367018664
-11.902055614273046
-20.396920126187954
-10.425999900101889
-24.47124731024771
-19.115523368472257
-21.57970375654628
-24.67030196609742
-23.058159037498463
-24.12721281129386
-20.10829465955738
-21.634325052885053
-15.805069978915427
-16.19717390203509
-18.561560426776936
-19.948016372396896
-20.31908169917186
-18.404415133322562
-23.7487422374099
-21.001618790047846
-23.656319117802305
-21.363263498760894
-26.219054839349305
-25.234960814420436
-21.363577325818103
-19.375781474885393
-27.163210815137898
-23.79578873506703
-20.662066266871523
-17.18188592461155
-21.612598036603977
-24.167608722737256
-23.404776516283444
-21.42513026404472
-21.26894768351513
-8.537685943290164
-23.261936546745332
-14.178716619976907
-20.086001291134593
-19.73075640148722
-17.955111863977233
-17.86928146984602
-19.513050581352108
-18.804924329829063
-17.33298840654572
-18.785236632421082
-19.956318835189236
-17.103926682634224
-17.808607311760788
-16.483982629425782
-21.83322524306168
-23.885942818844434
-18.456570406036697
-16.787965077869547
-23.87369819719318
-20.74205604334081
-14.865773147471522
-16.852611209588925
-21.683447645943115
-11.467985798451927
-15.079307267638713
-15.248204288217307
-13.121177207266346
-15.696342292029751
-17.489399162023602
-21.810522353629022
-25.401372781962024
-21.332744340961753
-23.295304881065555
-26.798170304601584
-25.30888639684744
-18.249869543628968
-13.144344999348538
-19.742910425530745
-15.45561942547537
-18.84446617758168
-22.952168082934264
-22.45357376032253
-18.569584428497496
-19.921164707698967
-20.876636107070972
-18.34764863803388
-23.193852565446388
-19.86891828688759
-17.394965440170452
-16.688478991825654
-17.214913800629
-17.44059362110928
-21.822310563454845
-17.54996190109136
-22.324171897624026
-26.999267280771782
-14.981577165976002
-21.191888363664557
-19.85580208956906
-23.758763638954754
-20.436500873664
-23.087359515297514
-22.816666292491114
-17.529720599151926
-22.209221441166385
-20.015161232583786
-26.37010863484177
-21.609075755046213
-23.690975348435373
-23.587765213748725
-13.850593418339843
-20.005388823100773
-17.03415002243225
-16.379829152591263
-26.524407032603712
-24.469922201090196
-16.98687001761123
-21.65129593405833
-24.412362835292644
-21.656569806451646
-23.57351663035135
-25.582444779483737
-23.954215334850453
-24.99749323758673
-19.054370839338556
-15.770562800210133
-14.268647297590398
-19.586440473743714
-20.39229671011888
-25.617051784225378
-14.872217760645245
-22.652669825682395
-16.570295838630134
-25.462627570327456
-21.610519907278256
-10.700706449294884
-16.059957316568116
-17.026945365744897
-20.793138008775614
-9.547775585965802
-21.24151195706604
-16.267208375487225
-13.587566996735507
-25.216582197590547
-11.873498871754187
-16.78462804549287
-23.73189686302879
-22.819155605479978
-25.2061022026948
-7.537067512113083
-11.633291645294538
-18.47371717112759
-18.75095736658357
-23.156471343590628
-10.325662376724146
-13.170019364883714
-23.2076763923264
-25.811849778163797
-26.6214038120258
-22.925203623258717
-23.1994171783073
-21.372797807370798
-10.071022104008835
-20.55725455740847
-13.281677310210647
-12.78749252471875
-15.500946906664284
-16.601487750853668
-17.50605185987124
-23.74251081507
-18.26657167663992
-14.9856681710569
-24.40234869171553
-14.58803153615147
-25.288533119737384
-25.478408970919226
-24.064626650103097
-24.291704324492798
-18.7665920714065
-23.440123327767154
-18.086799335918116
-14.791814287798342
-19.81042808072746
-12.205440617790368
-17.678898961256657
-24.120665147479286
-24.844825128435758
-16.477988798459222
-20.60420415781528
-27.760497986974112
-20.752318679442155
-15.266756849816424
-25.580278817453852
-29.602552232391762
-24.813703341565954
-26.256907305418686
-23.368345103458793
-24.099012263990982
-30.901534575027647
-27.029363558975025
-17.064257566553493
-21.833153900491297
-20.06694885378637
-21.788976503741576
-17.14929344710959
-13.041475383479714
-18.944257494227063
-17.144867994271795
-15.388441393290641
-21.400949678662318
-17.24731397044817
-19.461145842058645
-14.020454669943778
-14.009082288808866
-10.885055576562339
-19.37513783353692
-19.385120458100523
-20.588596998578346
-23.798755471167816
-16.235117077561092
-15.539894270518813
-16.77279683711688
-16.444252469963136
-14.971696873479498
-16.94061152654692
-22.616789389874985
-21.672424950021043
-24.37325466814743
-26.387939739976467
-20.432095579342867
-23.15079589561867
-22.329905370124862
-18.9590792777458
-24.79377569021562
-23.72965910343344
-22.512982442267713
-16.152192312666212
-21.518432712011386
-14.887685762088974
-14.866153659975048
-22.916243308607903
-22.00338212062023
-23.45596698311288
-23.13880252997472
-23.260775149776205
-22.735709205412782
-22.6819857711736
-26.350319870424556
-18.935786536688965
-20.765578799840732
-11.872344414866532
-20.513392518869555
-28.517831765182013
-26.84054441011897
-17.39115163309183
-17.932727635243822
-21.68660716203138
-21.822950877274838
-17.05841213802634
-20.403949353074914
-12.350377923495218
-8.013254560080465
-15.82619818953699
-21.136003216617418
-24.445788714753533
-15.679288415817847
-17.275573127793262
-15.368692968591272
-18.470196863583205
-24.494609381149715
-25.373362473874028
-26.60595164283431
-22.330048254563497
-20.582208480942256
-18.27498742115052
-18.553231010035923
-16.346936263111992
-10.770977556416724
-20.347408506224383
-20.147055366573657
-15.733664843223053
-22.106143664462937
-19.49634744545223
-26.097897844749973
-23.02245775728737
-22.389844985700343
-22.302235663224675
-30.04188967565444
-24.562544642794546
-16.301880924625042
-22.18247700878738
-20.990013407465668
-22.22340713453697
-23.579995296323776
-20.43267415791083
-22.72569975177764
-21.726562493939173
-19.740750933602826
-17.596012626207056
-21.694887564275955
-21.205416606367965
-15.240237225516681
-20.128932852995383
-21.18253405602133
-24.117538513526505
-20.48624990373986
-17.30022531764262
-17.50515393519028
-21.909076125143127
-18.9996246219892
-19.017977935181037
-16.683586728711653
-18.31630776582143
-19.064149354943773
-19.83610909582002
-17.776207687716497
-15.06086074566006
-21.057450863516706
-19.855179081150553
-18.730230286566808
-13.494551472926592
-19.061536398973253
-11.88235987438675
-14.952822438314382
-20.537880912679498
-17.146302130746967
-20.513565190976273
-25.33152525301279
-13.96042034272028
-16.681686592024832
-17.332554638297086
-22.037474032603836
-15.600253052020168
-16.753150087268416
-19.589581389290434
-20.01535158702252
-17.626396080034144
-20.055509446123295
-16.05290356095408
-23.948893430294856
-22.36834447499857
-19.224278187586123
-22.299251007542388
-18.219622055661
-16.331566415373786
-23.57496108404231
-13.835609407929617
-24.070600431860164
-24.901399416433843
-20.676912820436574
-14.221074900099335
-21.805720879814658
-19.180703947105155
-18.32362850919829
-20.536236996331862
-22.96577292098703
-18.049895436338982
-22.50033702934315
-26.486186971268225
-23.784312269305666
-22.171596216514125
-22.914272395716942
-11.649571899747597
-21.70620032264152
-18.6984544466051
-24.62355876880482
-25.66696501400095
-26.50958881324552
-23.34711949649571
-22.794853316140717
-23.630874427339762
-19.119742712034938
-18.150486525658796
-24.99746740885059
-29.72710795337117
-27.597726223623543
-21.49865974416496
-17.845579871926144
-14.51848620322908
-21.490728858722413
-25.83900760617567
-19.55164728440799
-23.159101106662785
-21.09459796873979
-15.176408918971225
-22.86412262756577
-21.597141976956813
-18.36725034387775
-27.16426666811636
-28.714423614188824
-27.032917895489582
-14.388817921515033
-21.911457216687978
-24.77885421118876
-16.20712086703916
-18.855936340914358
-24.352800817782203
-29.360905974176763
-17.19235837150051
-17.659496355463503
-23.915837285970895
-22.20483171842222
-24.751929654734546
-17.781462903065137
-21.527023412267575
-26.25424182590462
-25.049493813926357
-11.525136820536147
-15.271042734099334
-14.973657075387987
-17.454199937302672
-18.472746790055105
-20.52940037784039
-21.57132530169995
-22.251160157443707
-19.58670748560892
-14.135003923779376
-21.74358866291969
-18.919599951457908
-14.05792000530349
-16.812166049019044
-20.22320411746229
-19.163495291829882
-22.153732343426835
-17.859113781545567
-17.550969040308644
-18.60414833085453
-20.740879305855202
-24.53285598021863
-21.12977427352954
-19.67747894008005
-19.247093905407237
-13.173890472375517
-13.809597742972143
-19.232195540541134
-15.141334422234053
-19.785195560656835
-23.380833088509707
-18.853526410248897
-14.068492377853127
-13.292657517964578
-8.39408075056283
-14.819281143861287
-17.980169193689942
-21.897406294249002
-20.418194910262027
-9.775010126598424
-26.174173925217243
-15.930052351567713
-19.383720663944004
-15.13175070131052
-16.96409002825267
-10.217415304848654
-13.21018292128054
-12.888479313053374
-14.522169146298026
-16.240017596129327
-16.870852080496284
-18.160493418457264
