-12.014625719759994
-15.292635680444583
-14.564627474915241
-16.678611173440835
-7.610880413363873
-6.246550944464374
-18.233655559394883
-6.776022206612893
-12.45590370793525
-16.194854961791286
-13.945955463922644
-11.603457072366702
-1.8593654583325474
-9.814889936216321
-17.441678677275412
-6.891774180032581
-8.853038777430982
-9.240262355708069
-13.479054288604921
-10.305056020666896
-10.277386878868679
-10.430324798706984
-13.911363880793559
-16.530157594852525
-11.298757672026433
-10.58636617303133
-11.355371773233898
-13.699045099801076
-18.24687243837198
-14.299511492010097
-5.934841166993941
-8.882126736979394
-3.671900574128472
-3.964582987352358
-3.0426299407480926
-0.11509007705916474
-3.4139555184582164
-3.043897539470649
-3.582222805603159
0.37215108835982846
-2.235705742782393
-2.5776465122620422
-3.436196945108364
0.4095587577681101
-3.6202547900376345
-4.495958068029331
-3.051861039804855
-3.739229707520373
-1.8520397753261477
-1.7845404188324068
-8.894305375250148
-3.198620200292062
-11.367263475489104
-8.936990300239856
-16.818267336979467
-5.852241126459418
-6.418186917924514
0.2657613188725563
-5.432128960069775
-9.37441988676565
-4.465335069810614
-7.075888564758557
-10.546436806915587
-8.790086830280707
-12.32290904336169
-13.290477046695344
-11.606075681725304
-3.278172862095346
-6.715709949835173
-0.9515108403661046
-5.869091707706147
-6.061846215903955
-9.693079081484562
0.318719883299039
-4.944238068428717
-9.65881602105479
0.03308928393630595
-3.750901529218247
-4.7849496336525945
-8.180449263537923
-5.919576092653578
-4.360559517183965
-0.7288466960394366
-9.898062437539238
-13.886107716584469
-11.715539155698373
-11.759601995275219
-11.353873643509544
-4.773689555061779
-10.012777299793221
-19.171582528071124
-13.586420744843181
-6.307248061673356
-19.24010960862695
-12.329368307157061
-12.415294181887575
-13.255672100131548
-18.10592262527195
-17.886035225756856
-15.424801544161816
-10.795570128503751
-19.74940299813297
-14.57916434566291
-14.409893442604758
-16.10679779423207
-12.649584657690404
-15.04104138822553
-11.630020715302948
-7.3011546836399575
-21.226335663365248
-11.797561241104546
-13.651079224615145
-13.660016652682138
-16.533899744077548
-23.881026665766104
-20.069506113272666
-22.270899391684406
-13.321516940001267
-5.961193505574094
-12.296671261184068
-13.522043353695167
-14.478418798301966
-14.267051800914338
-12.74646175506929
-12.365611577317562
-8.714710255225867
-5.92081365928674
-15.602756879341442
-16.14109583889516
-15.442411350147324
-21.675524456746885
-14.519280191705231
-8.9522964692109
-16.595200952988016
-15.748789797119954
-12.143114254618776
-19.18358735269523
-12.156421047818323
-11.151306972799539
-10.348923780108265
-15.31570012314328
-11.41347188827239
-17.013950877111903
-15.899429576455674
-14.674051227490597
-11.119619052267197
-12.284824710022487
-13.942155453200414
-10.476953288511591
-9.79412392675858
-10.86328540993281
-9.806017917617595
-9.72233271660387
-15.33100593679525
-5.333659025579934
-8.182750800630785
-13.628133213938783
-16.185606082155797
-9.590233870099487
-11.763355476324573
-13.09583824491408
-11.010729990804467
-10.234207043023574
-11.03660345344636
-11.818576571106448
-12.337593690832819
-6.040068784363626
-18.06472768246524
-13.951021808243965
-7.513253759276555
-25.916844499219415
-26.32746029056977
-10.669448954476387
-16.145652504982905
-16.166111882917715
-15.343700580539402
-6.983820447325893
-16.31410645574751
-11.146007603166016
-14.890429533865088
-12.074508911231433
-15.342984099627714
-3.180479481016482
-11.385325526395143
-12.667711551953067
-3.7219662840149645
-8.15155493620014
-10.838472719178192
-6.061560127092854
-3.8504564595814426
-9.168554986008202
-4.854965246851153
-19.309777420058087
-14.520327334366865
-13.982088685283315
-10.573468554917538
-13.988911266238468
-13.494211002645123
-15.850171550085822
-14.283243408964626
-17.196041176785172
-9.518425521515649
-12.177970875087043
-10.844390627023609
-12.323562039206811
-10.322445005651293
-10.023173566865289
-14.839189870113746
-14.50231317125997
-14.195626377896566
-11.01654939409977
-17.09985184089812
-13.572321505133548
-12.660205983308657
-11.015409437561587
-12.262964468681158
-10.641246808936877
-11.776936789162423
-12.14813327022172
-15.239172205036262
-16.319747728243875
-14.418287127968416
-13.355167052389458
-12.606748733105835
-14.907560569449604
-15.30992508195856
-10.35279090048526
-13.331352086460456
-12.323821780317495
-10.294379427950176
-9.403649099399455
-11.953156268939967
-17.523956882143857
-12.33128831244695
-12.887341189555123
-13.358844275966042
-11.145246924367335
-19.6859625715457
-14.5076005806968
-11.113104142982088
-11.837067708822534
-13.893334496560982
-14.824192703384636
-13.53361393241979
-13.592214737461603
-10.53302880845948
-16.349651497481805
-14.675464805275553
-11.609571706218489
-17.011206057367225
-15.043837240170479
-16.082477393466718
-17.55286972157434
-13.800833613774003
-17.297865495514337
-16.286148868181705
-11.666395983504184
-10.591216230201365
-11.128181288166502
-10.579388066775216
-16.7957556231896
-11.524186778026978
-11.10107377246948
-14.380904683176555
-16.120458656517403
-10.642170151256373
-14.189454190177393
-12.861191662344197
-12.872488437446748
-13.427881178932495
-12.784234428839618
-14.68725181327423
-11.132908056377111
-15.692377862051906
-12.243991770670107
-16.3468004551774
-10.506495887374761
-13.306926249216765
-14.60856750324664
-11.156954501934415
-12.62799518214536
-14.617952964877137
-14.833999562643331
-12.885583058910045
-4.688159865719157
-22.47128402346459
-15.858434045552452
-14.380017220331673
-6.882147323530681
-17.085035890253014
-14.921669372883407
-15.566351941852155
-14.725818937410418
-18.569063017034537
-20.367154212597868
-9.515419427813868
-13.18456672434948
-15.759652077815673
-14.70645064914693
-12.780967674849256
-11.436523878114428
-17.597217163119723
-15.973454010420639
-11.389533718959978
-9.73126205561518
-14.09676157574027
-13.88249516834415
-14.69648883008757
-16.791055565454336
-10.511138633472882
-17.996427612640186
-13.407359120262695
-17.710173532439583
-10.121607430934489
-14.512672093138386
-12.307847073917626
-14.053643740155755
-17.124730082990872
-20.574965580908454
-10.80618212376128
-17.588696949636546
-20.61738721808802
-15.678096801276691
-13.123047296763676
-9.734321783921011
-17.511781046298395
-10.875883622671886
-12.284097686664659
-8.074774085181431
-15.494371615614476
-14.515268512165079
-13.686622402740511
-9.602399940361742
-15.223527430076562
-12.099100417518997
-11.507834632394779
-8.378688007152999
-15.83668094758714
-18.048056420981215
-10.067247796170605
-7.215387903018161
-17.27052973296406
-14.735531454238803
-12.01348982743481
-14.66415027217036
-9.774994900191388
-7.4854395124140325
-14.53209347087899
-13.214650879213409
-16.174069572601194
-11.165702218693188
-13.564949724517891
-13.190631071977982
-9.944277207742239
-12.050092687531148
-4.2901666385668165
-9.228831007668568
-13.945690942018622
-7.990693287545945
-23.490621353173204
-11.832177634648254
-16.419691209477502
-12.035797663114202
-12.460944589348419
-10.601345129297641
-19.1328475097406
-6.501298299349585
-19.959321807222956
-9.500927973781007
-16.989618298644967
-0.6666477670239956
-10.593880785539188
-13.873628406267585
-11.475446624886963
-11.16374476450573
-10.402347456048254
-10.994794049162685
-17.014318090554532
-18.997155362648577
-9.903933937144544
-11.60863271962424
-13.725904444495082
-12.819299766595982
-14.73753038116162
-13.950341698995611
-11.218849450571579
-11.068777354453719
-9.673789387632866
-8.312211837207052
-9.449385643168988
-11.175589283731291
-9.971190236203519
-6.844480735487302
-10.496072441645445
-7.2913737288068035
-17.137892428234363
-12.542657798535842
-19.546011301066933
-15.963387782931957
-18.984858253085946
-14.099821844832043
-12.900661586906189
-9.878803522860743
-15.435493928096609
-8.1188125080444
-12.910491664521928
-17.25052328396208
-12.045804388884054
-9.063386864228253
-15.130172047467484
-13.793533517716405
-9.932336183743693
-10.850101537030753
-15.849191000639884
-12.922397126412562
-11.896440998708997
-11.768786969401035
-11.909851806648824
-8.757285551673334
-13.300677351522523
-17.202890418147177
-9.394607900879205
-13.79979251076493
-10.01446782256965
-14.282217213409922
-7.483549433887859
-12.736832968160897
-12.19043748999868
-16.518934610961953
-10.257053580146739
-10.281461536440915
-12.19008806156242
-16.981637238920314
-9.88360116985691
-15.278358391573725
-9.83866141985117
-9.782737040496066
-7.992994318245906
-13.108901373183826
-6.235263249915874
-10.81993133640438
-3.434343396725094
-17.361712375737085
-17.456223768989922
-17.548683348773054
-12.93473081449778
-7.481814329137084
-16.80845488334519
-17.69009422985546
-10.513981494814082
-13.875397602898222
-18.275369761565123
-13.271562521232333
-12.776988078075853
-11.48930951293417
-13.865597022019827
-12.534877876341579
-12.298717866785726
-10.480561776462952
-7.872720998015868
-6.7144751274704895
-10.616918647686377
-13.493112272309773
-12.578119308031978
-8.673465804925847
-14.899878116346333
-6.228948142833104
-12.504023164923632
-10.573485850155521
-10.163101951625844
-4.697114414558307
-14.731119174081513
-17.383892107821644
-15.014215400281987
-10.274503510091556
-13.377674281228048
-16.93607497033647
-7.371730281883519
-14.60880024934594
-10.326146241226922
-12.328882957183747
-10.259149242950286
-13.538889226345631
-7.670279497583504
-5.868336808173087
-18.03195859843797
-14.813178113064943
-4.580901387346387
-11.644182510082828
-2.275788677966119
-4.749165885887024
-1.9553804498270537
-5.601017330498685
-11.45100425550627
-3.8895263320205586
-9.937177156629673
-7.292265961887608
-13.664511664064193
-4.972065584808917
-10.575393536896577
-10.993351786811893
-5.374482313493019
-15.665602161259095
-11.814207244640407
-8.402139463012134
-9.427873214995415
-14.628393949768963
-13.378808384675665
-16.195069055290645
-6.565007397191813
-12.27656655332813
-6.095825948052706
-16.217729300625372
-18.97523514196613
-15.682832447756503
-1.7557647356227406
-4.628077080786028
1.687155436201074
3.610007109154787
-10.393696016687766
1.4312030569199479
-5.636441574461573
-4.921014202989323
-13.076452597314436
-9.385717925452056
-9.570539190504782
-13.354490730161398
-11.864811831704362
-3.365743489627235
-1.330118202343968
-16.261770936899396
-10.861485497236853
-8.439826276179918
-3.972590281193206
-8.30378013997433
-12.902085897778186
-5.212253546408903
-12.959256633373617
-13.105701607236476
-14.844796460780671
-12.204725404368453
-10.734612513482332
-6.311142588089064
1.0448177781600378
-0.5891191566414093
-7.611178302299372
-3.713753605380184
-3.614279712349095
-9.867447039431667
-3.6325839447198547
-5.055536564508387
-3.7375709857070447
-16.020750207046348
-9.577705660875594
-7.570824124883842
-11.183692579069259
-12.454471343188118
-13.246907637794685
-13.051967804204175
-16.46390794398155
-21.161050037603008
-15.71478292611183
-15.892887022544581
-12.824867305428555
-17.087149616687302
-12.504958736362205
-6.743549432354946
-16.783391841254897
-18.830809085822786
-13.492830784894078
-12.608505568178817
-12.597929504547487
-14.575996836466778
-18.48652418215748
-17.762193925850678
-23.69321251519598
-18.785734693760865
-4.353373606446411
-19.66828751326792
-14.734313322943919
-12.974186768077779
-16.775156200804417
-20.678969342391653
-19.523124805297293
-22.038160071865736
-11.549519677182719
-17.341235393246578
-11.379906833239655
-18.38609964145364
-19.76335709127671
-11.731302197632616
-17.949108919114124
-24.867873411052294
-16.703498086397364
-22.027995855546877
-19.91598161427943
-14.45195259811053
-19.453479208302806
-20.016929980877894
-20.902867211041084
-21.22310557823167
-14.754352221205373
-20.15767718457907
-24.14628800871983
-19.729188863740905
-24.554095902834074
-12.143236576386172
-13.554831630956413
-19.561271748057987
-15.884511831673777
-22.056170591540592
-22.669609818691626
-22.806116797771217
-20.43394444218425
-19.81520991814912
-12.014540403888923
-19.64171340314712
-18.087248390434965
-17.991293533042416
-18.358998682522145
-15.7203243617964
-15.128177255252666
-22.58367885349826
-17.52764310249448
-25.165627212181754
-22.161562210848867
-24.628541082224388
-15.299612453191465
-10.631298178460426
-15.438382032046569
-20.801052471188015
-19.06848872867174
-18.06522036564786
-19.72124378197543
-24.883749689441775
-23.041939606004107
-20.938152687685886
-13.59749815315297
-22.304503571081334
-20.74871109946783
-20.338616319673164
-11.445005514161496
-12.155128237602074
-12.567289088748183
-20.828409114648892
-22.07543148371711
-17.406033136997028
-19.254636344731068
-19.864808083340748
-21.958717486777473
-4.114179749235433
-11.422409600858641
-10.65099324308419
-11.098259715986387
-9.389457619203942
-12.832244547566809
-8.297708546170952
-13.226275567101446
-10.281381701678754
-5.835836310054937
-11.523637740287423
-3.170772380471419
-10.68704143533158
-12.719088261742257
-15.901495787581409
-12.69913046754476
-14.445216854881213
-13.769358556838021
-9.734889925962008
-9.778097743141993
-12.553031139579826
-7.2437832336015475
-15.409789724504364
-11.471941506914977
-15.8453950990125
-14.857685997427978
-12.116482727439589
-13.962070037351491
-17.47295558270632
-14.108284570579414
-12.152628527558832
-16.717451940041034
-11.521130303900286
-14.019921937080102
-5.360970953537391
-13.740719077264348
-16.1691439939722
-9.037095843662613
-5.023207030620036
-12.037269942821162
-14.239113677052883
-7.52620888434414
-7.0857744935454825
-5.024518314306764
-2.8715456608857437
-12.8353328992911
-10.521006700198107
-11.82061550537766
-13.278703346312156
-6.549361039413633
-6.500548067786383
-3.6579051680720838
-8.467045696669821
-8.014043628143135
-3.2165570740958564
-12.592311381715746
-12.546525771110012
-4.472775055707203
-11.58176924090684
-6.508340434973807
-6.526238820563844
-3.2158360349034787
-1.3035289824731464
-7.63718715669647
-10.539753556053565
-13.478949467407492
-8.846796215102202
-23.221890383104725
-7.717208320471187
-13.166342642766594
-8.225066096029046
-14.830615439150634
-10.28302413725659
-11.422024596492463
-14.030888417889393
-11.514942330263946
-18.939430024983952
-14.150596432633094
-9.866080613961014
-23.29959504224859
-18.677781092549907
-10.228999230910826
-20.277236152683347
-19.158758173417013
-14.18406534164001
-15.821521860181697
-10.615841956122381
-15.584549119139474
-10.106692236672458
-3.8765546829325785
-14.527462220723596
-11.099452458892927
-11.285338638090021
-12.01363217874431
-12.809398523419773
-8.225872784567514
-11.242490479253913
-19.148849030787588
-9.288117839690464
-9.52588406405697
-20.276896743780934
-3.0983592215077707
-14.521369043662283
-11.562113590570512
-7.156290761960321
-14.331869304991287
-19.44275335898707
-8.942183024081256
-12.774890690513637
-6.817277897432167
-15.365100532826617
-1.6353929864372923
-10.935386508325298
-11.005527060600876
-3.8724727167520854
-12.424652759886136
-8.698014115468784
-20.96046901079854
-11.79340332927579
-9.91814601068302
-10.447788470444731
-11.177108774474355
-13.798440300340772
-12.77228171294787
-11.170225176486408
-12.091319041168585
-11.381390089587926
-11.253519005711354
-12.26599001377609
-11.330487888573945
-11.546662753727553
-10.492388098169883
-11.986851951002699
-13.377531895814815
-13.412877392765704
-10.202437085235427
-6.629824308255792
-9.01134190531144
-13.695111230955629
-16.10467927682874
-10.828516593163624
-13.906401531888413
-8.800627032280367
-12.00006051931306
-10.891281519393944
-14.694143560697249
-13.88680797286522
-8.479404491196227
-17.723768861073218
-14.13625894958863
-10.72722245057233
-17.02315102662018
-14.606051883497614
-16.176096401171115
-14.060469998873598
-13.168601185326374
-14.685937805622876
-14.168793956400501
-10.231897408842816
-13.244462269861227
-13.34705650233062
-9.987947120142818
-14.284617983325923
-15.673914143734674
-10.350299275598598
-15.060021072397486
-15.077957306169123
-10.36695702852233
-18.991754569923526
-16.701208315703784
-12.582351081521303
-14.636293871178765
-14.41964251085398
-12.064984850972053
-9.895675449169104
-16.53207511232287
-16.02332468452054
-7.397385699312387
-9.565130940885986
-16.5439344642367
-7.951044062173672
-13.84624256476543
-11.00861874798364
-13.102808116935122
-10.716593811784307
-10.8345808199458
-16.421911050911362
-1.6937771950387202
-0.8989051392618634
-4.668287684162308
-12.058946182429157
-11.834435093226087
-1.0583130352997916
-7.101901340282836
-4.864150967738993
-12.12509466281072
-17.627725115867293
-7.256008960740523
-8.70220781941551
-12.672730744944953
-11.747705860021128
-13.170648930745232
-20.87181708633351
-9.853202421503877
-8.303998692622944
-16.10839878891121
-16.54275973324851
-11.887977720216263
-19.65154646224086
-14.684943321549497
-22.547099821104077
-10.923050971195828
-19.452365161744847
-12.17982872635153
-17.046385833986513
-13.142240572874925
-10.901640232370696
-12.537194052863512
-10.850572895810341
-15.71028968032656
-13.492911938383006
-13.22497087471163
-13.317246403924159
-10.892862318026118
-14.807309523201187
-8.07223619869984
-9.534936421264717
-12.998710089429494
-13.84762057919857
-10.277558215118699
-12.652243867035054
-10.455704763756103
-12.72160564466682
-15.452007450643219
-10.638733412846648
-7.684550328521734
-13.805752225015397
-8.147572104273223
-9.403928734532926
-18.63098240387845
-10.321691925078364
-9.009527684882766
-11.2288621570025
-8.083478286091355
-13.389064572817713
-13.576081117819058
-11.394258778830995
-4.845638004136738
-11.91544226955586
-8.503739484264955
-13.093903618875686
-5.085016497514836
-11.817516367640433
-7.318025276608644
-13.404907015679683
-10.395104640121396
-11.788227965302006
-13.211471604649162
-18.539773316486574
-16.571702616256488
-16.694138558597075
-8.343186768327207
-6.891767044044492
-2.7587396161476576
-0.3647229207217251
-6.946526008554841
-12.761289428619143
-11.595499335684785
-17.082587535329587
-7.968030977330159
-9.980322564710086
-15.084798500317987
-8.939738402567443
-13.30379674541571
-14.752171633932726
-19.721651154677794
-12.993421976979683
-10.593629684813479
-15.597367110897558
-14.231404513856127
-7.5749529677915035
-13.644903936630008
-7.7170715275167225
-16.58295733721546
-19.713991359005007
-14.41052520416801
-14.417296402112413
-19.511469418832924
-3.3264589756276237
-10.226856802259455
-14.496391552562955
-5.138440455769349
-6.196926517750363
-14.93750906540054
-1.987270930357873
-3.5240461840243498
-8.243566423195794
-5.500333094656284
-7.455620138694009
-4.243007931184195
-9.735136822112466
-14.121629813774263
-11.92396828514132
-6.548237095349727
-6.2366818885464355
-4.183628168648276
-15.373516478091567
-11.045836786370366
-15.015570887620804
0.9648400273780595
-3.8514891017212847
-11.919367236412405
-10.026686526734174
-19.75696051357744
-11.923379764937224
-14.23528074662947
-12.2795223760942
-9.88554728966794
-15.0135773502533
-14.998212094450508
-15.031415505427816
-9.667874224118655
-18.337130166428572
-16.050472015872188
-16.231852071351234
-14.190641200106185
-10.647753958098058
-10.358875440321672
-13.003598696041863
-12.10207491081131
-14.49616906241971
-13.478192876146316
-7.747783380005487
-17.87068268122964
-13.772330609690478
-19.620240827291557
-16.83672258857433
-7.857505586105461
-7.46477486272169
-10.11033799376711
-1.958229516899749
-5.701940055481181
-8.225486497441395
-6.709298142719767
-6.324989918367926
-7.885183252822237
-4.75905107997022
-10.315592307467888
-6.5617358959121255
-9.071069937055512
-11.344618359228445
-8.846482759200656
-16.71541503114699
-9.711578406529144
-5.568198122950648
-6.382163137473745
-9.54186893559261
-10.438356169562272
-17.52028801056621
-10.878252713729431
-7.282480405264852
-0.8497350226156506
-12.548682265528992
-8.394275604080203
-5.152945738104556
-3.815930769691743
-10.606900621039212
-11.696609111442466
-15.707548195794544
-14.440436382531718
-12.95851651460735
-13.923804328464385
-12.16507582382977
-6.754460350010188
-16.436676868842795
-6.804519367317674
-12.411050324071155
-3.4426588315152173
-5.97043072399476
-9.245862478107867
-5.6528684575352415
-7.897717857028269
-3.845635984713404
-10.111830387388714
-8.247165978232402
-5.972808411321061
-4.006289889504892
-6.307615445776143
-11.253651830438642
-10.514380874489564
-9.90501254040647
-13.970406493316656
-5.637367835870425
-13.220925664423188
-11.522762490389404
-13.063986945047503
-10.168272599797085
-9.58869438563097
-7.952892158402825
-9.750426073510972
-12.751908993064234
-14.370142140402095
-12.325786829261446
-12.40643547880181
-13.215862856547798
-16.76025322587484
-14.99975290498223
-13.644941646860097
-12.824356762846179
-15.062140630492948
-11.646103082477055
-20.494995763150428
-15.105138382776573
-15.4657878181088
-6.411109917112551
-6.190247968681234
-9.431653218223616
-11.56982287096903
-11.351721458629946
-11.193000655431732
-12.099646741188579
-11.851767415619282
-10.674306068229399
-5.001871771615452
-6.560812686042482
-8.928778420484853
-16.149247557658995
-7.241452364246257
-10.903164677405453
-11.214963750462982
-15.348587416970696
-19.924458609357753
-12.003900286998281
-7.31815964638767
-10.644332546654347
-10.01783610398428
-8.099070457753015
-9.856797605124768
-12.60279529713764
-9.337742554569282
-15.115026821732684
-10.93646629302674
-14.469480805085773
-14.241548629591527
-8.192534074008506
-11.09359874177629
-6.69725708596161
-13.725363581987423
-15.055951351619036
-8.509294558588707
-15.301673025238152
-10.452105138175696
-6.095486626533415
-16.57478663305286
-8.73846256096774
-23.03327323067623
-8.791160624587356
-3.8403266717313898
-1.8525832855182216
-5.484286329138023
-8.402820151992607
-7.398149298452424
-13.184808347469826
-3.4779116638734067
-6.066262854410752
-14.125438392415276
0.3770097793025684
-15.569857847109695
-22.622879461937153
-26.31550674301976
-27.377918754704403
-10.729430836773247
-7.192996576342317
-2.100511446494181
-13.848441275673466
-9.839485564622073
-19.764554007267392
-17.482266912629548
-14.05737255170525
-18.01293384531138
-21.36458767236374
-23.989228381681222
-25.324857000013786
-23.876778821472513
-21.67646974462871
-19.048909885072398
-18.75319184167762
-18.45021305911409
-13.806090264722911
-13.585091360052246
-16.811841176228803
-26.91218010655581
-12.948219389145471
-16.763962064976106
-8.494277804253123
-14.814846016647842
-14.144768703559983
-14.966852501738131
-1.8916606232753992
-14.469227116556986
-18.952389226969487
-20.039560740415588
-19.49949146118678
-19.35933094416503
-22.88340230655397
-19.917596253885414
-16.99650018632193
-23.301869538263787
-14.827588871207396
-17.75043040766551
-9.882415150328413
-15.490223797427092
-23.39496086826867
-18.981719552935637
-24.395446782852325
-18.142889737841998
-22.156239962977352
-24.940746384325337
-19.163543477211796
-21.0291545264134
-25.908486292033842
-19.749104848940334
-14.803390426359606
-19.559721962039788
-20.045498415905534
-23.991389151518177
-24.665994640701847
-27.199618257428092
-22.688764241706274
-19.926434092979385
-17.48820877706069
-14.918204069612372
-21.708515922841727
-14.950921281645996
-16.58319291586446
-9.362289908329814
-18.83438340893057
-9.173915966360532
-11.16650844666809
-17.519282476139892
-9.653833143862308
-15.28995341951697
-15.163454463740777
-12.069630912684573
-7.150307063678142
-10.474584279934732
-16.070146671921485
-17.77776327367969
-16.660246585762415
-23.17393172560699
-15.224952180008742
-11.959081308377733
-10.112218359462915
-13.078466277837464
-9.063602101321642
-11.563793220527224
-16.31939343569671
-8.956701436946567
-12.599487161401548
-8.477837770361162
-7.077318773845043
-4.892989476070902
-7.115571481723343
-8.980236911240851
-11.721290451383236
-8.772716513206966
-6.832271735811304
-11.359496260588813
-8.081433020897308
-4.898664954830338
-4.46766912181053
-2.509227629400641
-5.703269520013663
-11.06679713043544
-14.181763060594662
-8.562584315643477
-19.11554444768462
-14.808867557283484
-10.779531514039366
-14.153589763603563
-16.179271123762376
-7.001114786016672
-12.462022781201867
-15.290753115868696
-16.697937103099058
-5.09525881894951
-8.793773854463844
-17.247901267998778
-12.19642150233804
-13.683537354763068
-8.9608379136318
-16.36266974128548
-2.96141940020739
-12.15263387331688
-9.854120043920112
-16.337427597197376
-20.270971688837875
-17.85106322467637
-7.554319008565322
-12.528475564431687
-10.022083535522192
-17.422937184891683
-20.046901194710657
-15.304522748366843
-12.717694134878762
-15.273377563281485
-12.916635466734665
-10.170717547420779
-13.184624183469325
-13.065008425669049
-12.720853130960968
-14.575566259148374
-16.51827039229582
-12.491212022576846
-12.544884548145703
-12.711283987998101
-8.555687619212335
-12.070604335363946
-12.772211238369941
-7.383489466429879
-10.413295897204002
-13.297663408032186
-14.187285954138034
-12.48187096065665
-14.425143926702141
-10.98617080575265
-7.047834002325125
-13.861985787839508
-17.106425985123728
-12.275934588928287
-10.748210471974744
-9.890373776436554
-11.455768584404836
-15.830975020293234
-10.090079058421548
-8.986066448846955
-15.204867903583967
-24.883146824153414
-21.27921445781918
-26.7544395586852
-12.198979282036987
-11.831850612699668
-7.852213536843099
-16.45026673000038
-19.324312529914728
-18.456853761393802
-13.121568264458258
-12.989564076467335
-9.301365992087117
-15.289450096659465
-11.19176674932961
-16.612388645002643
-14.757635945813654
-11.42273153031395
-17.857968826652595
-12.32710111587847
-11.395721263027266
-23.19484823699645
-17.903240985865118
-18.649965244339846
-14.173144604268845
-10.425625650604118
-18.362918031023458
-6.594906542377888
-14.485721086790228
-14.589098386630674
-4.5657859661750635
-21.541563704517277
-15.782909816431406
-21.315923960267877
-20.26230214388128
-19.71469892566382
-15.208194767650234
-17.630586058299187
-11.257877847989374
-13.181617971010535
-18.174200737740954
-14.21160190702885
-19.30685329393515
-22.926094547155728
-13.191718053051872
-15.990390357949003
-15.509999030179284
-17.722381625838892
-15.925921801074292
-19.396651607703475
-14.35185326577351
-13.966504801922223
-14.087963843530225
-24.148118715195594
-15.282619067604394
-12.974316811062078
-10.557115799250404
-17.713763185037212
-12.322233209234138
-10.180183492345602
-12.2428726300701
-14.171303901513024
-15.00053762951228
-19.27085529371695
-15.550307619561675
-25.799130475335858
-24.466278207945628
-14.442672057533038
-10.159894197853003
-9.03418502529923
-14.986658054391611
-10.385740949041143
-18.6544910554773
-12.457415677309818
-19.815738101369313
-16.772182042080118
-15.09114494556642
-14.621657774110634
-12.102920052379403
-9.148478642821658
-9.76005083297585
-14.49767046508692
-10.541297150764542
-15.685877904103997
-22.54303939104577
-17.221538376365817
-5.169737288172268
-17.739260021399872
-12.239152541722952
-14.451396806543535
-7.850178305298456
-15.36522475949922
-14.192541952584712
-15.667407758943156
-13.109633221435864
-14.013431541715637
-11.425491024437648
-16.65434422587728
-15.633104183334243
-21.53636474991307
-6.500689709825281
-11.37354908573871
-4.575803918952971
-7.988537015498956
-13.289784660492938
-7.344072850732388
-11.562902998862505
-13.782085973852922
-11.672070192474688
-1.7049347523221883
-9.55961146299726
-8.001300087728907
-13.691503387665591
-7.535112523773186
-12.800641857834826
-9.50827731726752
-6.385345992388196
-13.33337495592476
-15.114490262223676
-6.847083309548367
-3.6411651658123034
-11.771865092663973
-3.5725656156008725
3.6886587417993226
-13.27338546553868
-14.091356397491879
-12.667765002537848
-11.275544841736668
-12.7268765293324
-7.032116160211537
-5.506382906167758
-6.393272636577834
-8.907108851577767
-11.329573978381731
-16.62585460462789
-11.73893412741354
-9.428679506135502
-14.512815593908755
-12.330625243132932
-11.455292179518821
-12.58253016840682
-11.892712214049407
-9.831769799633374
-7.459253870649508
-9.852080720265604
-12.296355527680642
-15.217207700967684
-10.135807764864595
-23.668254450476134
-17.542013532435668
-21.049054335758072
-20.76749718170487
-24.244786778923626
-23.73243272295062
-18.037406533238407
-15.047661949634147
-28.902049117851707
-23.890572727824214
-12.608371124386046
-1.6846494827336258
-15.772093600214209
-4.997565547968026
-7.914810870966878
-16.06278704763175
-9.761602288828833
-22.471601702892798
-19.21407295913615
-15.046464691735082
-22.55909838102138
-21.171741915990793
-22.245450777780746
-11.07571630310554
-17.583714773401645
-15.081138798535243
-12.938195186363206
-12.351084308548593
-21.617334123121903
-20.23781509619646
-5.700012289972019
-15.07719402322181
-14.781192295983644
-14.436373785271874
-16.051761759751827
-11.838404624485275
-15.105247764876133
-19.345890526848088
-13.493183003116759
-15.552633623873099
-17.301984765893454
-18.887485853551624
-16.270925508713596
-14.523640769663698
-18.294868996107734
-12.180949404166729
-20.455478496215544
-9.42594417920768
-20.884256969123733
-17.426393066229792
-13.186726886637523
-17.42787126448716
-22.477177933086928
-14.288705332207602
-20.337225225127213
-21.562553742530145
-21.424072441520842
-17.00672952990673
-19.003373176546916
-12.50893015237073
-8.601553343990911
-8.076905934684767
-14.5897736794022
-19.135230051122633
-23.675575962334868
-19.01891388821305
-20.747961767887443
-18.57743354307641
-15.231580089361657
-22.21584703088945
-13.649715652780724
-24.02065502707236
-22.59772585302828
-11.905121295601191
-15.598611258751383
-19.084743062676726
-18.67115019734368
-22.457680702274388
-21.650723984109042
-16.802732578758288
-14.35333797310577
-16.29016888109775
-25.96528191137868
-20.797227243733673
-20.820624394609933
-25.353112701265562
-18.945149250322043
-22.14021085337524
-26.029182003382864
-20.41033558660287
-23.696788612001804
-15.109663080362992
-0.6395929143822627
-8.264211169213636
-14.02080143049686
-14.987412828488106
-9.336417326345902
-6.512041433210143
-14.969863343279364
-19.350382924277653
-17.534941860611426
-14.611397247048654
-11.393389377044441
-16.926166237240942
-12.194634141916874
-8.51269854162371
-15.20062246474744
-17.378956292415502
-13.924570731811368
-11.484834483958027
-17.305372669414144
-9.662569179209168
-14.845752454343009
-14.061911375518363
-16.023437525621876
-12.949426385753256
-4.58533640654559
-3.018064880082047
-3.778267906901842
-25.85447162533143
-19.878232826422632
-20.663015531176498
-19.84364903215139
-23.3833886505186
-13.654782422005631
-18.60431436701876
-18.450295897283496
-25.52539318700506
-13.837328727298473
-21.58933770971236
-24.99383067653532
-26.669813336999827
-22.412081825921533
-19.104546297761065
-11.988269975934703
-12.530467700215329
-21.76520386734194
-15.936299278847876
-15.562175777529674
-10.57058360248984
-19.215399059728288
-16.243646507617868
-20.098347371014956
-11.525132720043125
-13.84720313230674
-14.695143405206533
-19.79152400728489
-13.431148348014727
-15.098536889817844
-8.902353785870144
-14.871091503103798
-12.77520840558855
-13.722391105649566
-12.690153575605782
-10.98918212720954
-13.845747473505277
-11.255121569670298
-10.83466130789045
-9.200613939046043
-3.9697119317567697
-17.907131352812165
-7.523655641247778
-11.503946661155986
-12.389564935551826
-16.83408571281485
-14.093240807130819
-21.26223047797393
-14.091099672924699
-9.712278368196706
-15.5126625404396
-14.41753369401458
-13.418171912043267
-9.805012668552202
-14.126816388134024
-17.516053359015494
-11.814824107715658
-12.174631891794288
-12.64310189766599
-10.505001620626508
-8.033973825705946
-10.524220552955576
-10.48433636413619
-11.311151525057824
-18.276711371870174
-9.028147045190337
-10.532744608156218
-21.120896260955945
-8.86801092503132
-11.267512358458703
-17.25031033968929
-8.753860068004645
-13.736467356192577
-13.307603631718983
-9.942042799006675
-14.035350697422079
-16.017627370824098
-18.741556544869898
-12.503572612786051
-20.031723666234846
-14.845114361971914
-17.08830837885702
-15.047708987370825
-15.24181327971371
-19.61604516251559
-12.849113543068386
-8.919543889481655
-12.309239910734451
-12.786117204066432
-12.67425669726806
-10.929031829584368
-14.47328745476753
-2.5042254705412823
-13.021537996484643
-10.862426356343803
-15.471941122962917
-16.730665333547076
-14.352823865396227
-13.939889493664515
-17.995146149486512
-10.655304468031783
-11.751518251282013
-15.497163347373938
-15.209647043430206
-9.078662188244824
-10.431561311035612
-14.487949192802866
-12.47877313078213
-8.258890459054207
-10.137811429893695
-11.344830013309597
-10.993609261561499
-13.461498880036714
-13.30776485044946
-10.504607049986209
-11.527306040351831
-3.9453273609226827
-10.831432156984672
-5.695460102717217
-10.04509014971378
-4.337805630957057
-10.990866391956523
-8.134985137302294
-9.588419881319261
-7.401692722935106
1.9652126769957405
-8.0899726655664
-2.976237503586564
-4.265093512148084
-8.69885608529217
-7.950659617163662
-13.138423197934607
2.7158759405179485
-10.38058033324178
-10.316010389398425
-11.602027717877737
-5.87681479156716
-9.706104424341731
-0.10266433645851691
-4.633886484356257
-9.726103032004389
-5.957978048291203
-9.663419718858872
-5.869237104209354
-9.520702098508195
-6.244994158185341
-11.79931716682011
-9.170814046171834
-11.68400618735209
-8.667765006307256
-0.1898318594183266
-10.921475839442003
-3.9770753072492546
-13.508814758204132
-9.632679178237233
-14.317421429966267
-15.082107870360154
-6.028956975478785
-21.32003691317157
-5.3821766787946785
-16.060231287066074
-5.913815471250345
-11.509383429039337
-12.177328128501486
-0.9859608485642646
-13.05443858205085
-1.0797386382988847
-1.6979808719802403
-9.861200637539703
-6.665314776745692
-7.230768354964275
-13.850075286893631
-13.378460846759978
-10.564052823733947
-10.482735608201562
-7.144851986112352
-11.050378879595337
-13.191435739209322
-1.846390130518916
-3.2930983971351715
-12.586290493633204
-6.98853923746857
-4.546044547386106
-7.164586943707397
-9.362976169700982
-7.982301803515172
-12.142778185222191
-9.754717808710506
-11.389396734411235
-12.228123194440464
-14.144383032634227
-0.34026447835472773
-15.60689763497749
-10.268582300660348
-15.870745383954116
-7.68838065633939
-14.949039727866484
-5.561491300537625
-13.064329804526643
-12.61293745622866
-18.121683528352936
-16.317502907047686
-10.972065814767586
-14.119156791802219
-11.902782729036247
-11.939745942200446
-9.71768745428707
-16.77251046534212
-16.575073647141533
-14.08578383616932
-15.049339896009243
-15.7570100174539
-8.119547820990316
-4.306943942409617
-5.224049252780642
-12.07760964279516
-12.444121896035057
-11.810919344821738
-12.31416649790085
-11.815853993529258
-18.30381712938547
-17.20153321080722
-12.451883906359921
-11.22671220056235
-12.40898982113482
-12.184226530491841
-4.120386847249424
-13.730383886086791
-16.294119032378603
-14.396908555553802
-16.959263365823794
-13.731278119479038
-17.844832538572298
-8.71327440404782
-13.83400600580419
-16.06239233912835
-13.936669527797902
-13.98207209992789
-19.854890600303577
-15.37149599072536
-12.641973245768812
-12.736202360206503
-18.847368470895887
-13.854612546028857
-11.9149305294867
-10.922429292259352
-14.601601616655177
-17.89844126520861
-15.23306847701901
-15.286002262806853
-9.986372347165194
-13.30057794553533
-2.74853988140978
-0.9692337880654254
-15.469135074436288
-14.540343194822633
-17.286260511548356
-22.680919920105524
-24.583823663478235
-20.82114691188861
-5.3566274448033155
-17.306447955974075
-13.54213070104597
-15.180715179509306
-11.644268055801088
-11.70847022568718
-17.044158197811946
-10.242735617177019
-13.271887337729378
-13.249447914543818
-10.08837974797618
-13.533119099118561
-14.512158899506922
-14.68005570362376
-14.014888966793976
-8.721635382443793
-11.539001696424798
-13.935640975416604
-8.79778160308932
-23.39286692601749
-24.81097900479325
-8.375107547896647
-14.690094354605641
-11.368898684926585
-14.136094147736976
-13.20244350083297
-11.600508717421057
-13.195483722506822
-15.085224484756147
-9.33248731790264
-10.447478242719775
-24.04040234450788
-24.73156778541113
-15.454664652655378
-16.498167255494696
-13.806927438745586
-13.957675636272826
-13.593247607753426
-3.6095018380144204
-12.465798174176179
-12.399786054505618
-17.313574288704952
-13.364472961390142
-20.128106955395722
-21.587400680357348
-12.002419538630374
-23.334107507495393
-22.47601707666111
-17.327296905552867
-25.827764272986975
-22.95808485309861
-19.42058136049725
-18.510167400490424
-17.1769843243081
-23.825181729725465
-15.604591549101478
-20.01839242524774
-20.672222547454076
-20.554855395889327
-14.022424306288258
-14.914955140819877
-14.792185850702623
-22.444792892341102
-15.33824566548057
-19.669512894942923
-9.536380891671543
-14.815298550070018
-25.218936757069496
-24.179547117137073
-19.30917734144745
-17.062955066858642
-10.644905190192983
-15.559680643715577
-8.883048591370045
-23.180699863059807
-25.34515619765694
-22.18186521466381
-24.742025765694592
-19.62505330126252
-27.373145039579562
-17.303565874900396
-19.85087283425257
-9.230149583755974
-8.681190470360399
-12.169623940849753
-13.193420871923344
-11.096973084429983
-14.146507288374877
-13.207438547857024
-7.621004370863197
-13.178771289543796
-11.073679916000003
-12.425770757575698
-11.231550636446507
-13.072371810061995
-13.688560687708637
-13.545206429529685
-4.660708002513712
-6.349068545701222
-15.338395825909004
-12.381861314389184
-12.399790567787576
-9.812799446913758
-7.271826086768925
-13.236985777447408
-11.079963478529933
-11.863331318862194
-7.486317820247919
-1.2310029342879076
-12.141675079324791
-7.610179657199673
-9.229385607973612
-13.555456245709628
-8.97565377281557
-3.9530756289483264
-13.49683530179641
-5.205092480562726
-4.6993037457874465
-2.9062479459473423
-5.0115651273307265
-7.977657192580487
-6.874456343033891
-9.3992052146819
-8.53952520418187
-12.31474676192549
-9.091156822461393
-10.984907382498502
-18.97744411178419
-17.039998516710238
-11.21319735290056
-11.642633918253182
-15.126171490262958
-14.33914444287674
-11.61072066923505
-10.467684739625156
-11.650540101540704
-6.49740274676617
-8.751173227790364
-8.785711307858595
-9.325391908933376
-8.995368466852465
-8.931888262472782
-12.203388211981359
-16.457330989001246
-16.751705061853396
-17.56336367894639
-11.818838942920067
-13.798332131899508
-16.47626164982814
-13.107454234473572
-17.76245239209689
-20.764733003567944
-15.953439572531535
-15.394047768823512
-3.4401159511524426
-11.382053342131531
-3.9778435537557684
-8.165243711260214
-6.687982541743558
-3.3250250937051504
-3.3795439051797604
-7.4978064646663825
-3.7352289920709083
-11.705593443052052
-2.1437963521525916
2.838859073410923
-3.162303866066697
-10.457757915236677
-14.909344882276116
-12.983668525005783
-4.811389865830225
-9.609758443687372
-7.086407254447494
-3.0854415602698566
-3.1196398311337283
-1.314378677021459
-1.1026804516917892
-4.324351303964242
-8.376102915644204
-16.73364854765711
2.2455795047443665
-7.937700880325451
-6.397523444382664
-9.617683876206598
-12.180461943719724
-15.999548317139078
-8.48759150726951
-10.915985245911006
-9.604455157558984
-9.01259178463808
-14.247362055311745
-8.616665184779043
-15.767405891053798
-12.683221876600202
-8.714607959577018
-13.648907576265277
-8.498645943204593
-14.65952771005265
-16.748162852270816
-10.468463268739708
-14.027156109455518
-18.252736653635168
-20.058297233008723
-16.6995204233517
-10.690949328586601
-11.610241066793641
-18.8180037607278
-22.44509409058132
-22.64106460694503
-17.760178906755336
-17.162497110264397
-19.60254165450224
-29.21400875412372
-9.463308025547658
-11.433927903825028
-20.045210608216046
-23.293928782191664
-18.554320816648247
-13.555847561430419
-14.716006841773794
-13.417598019779582
-9.923917997589731
-11.093048866303702
-2.380784901833575
-6.682301956338289
-12.651145238070855
-16.08490159079965
-12.841729882540069
-13.07292874659762
-16.841739018159853
-14.359904360837465
-18.633029793708324
-13.284722662690408
-14.543487203362307
-11.202825688644971
-8.084256386989864
-11.169984296661536
-8.192921080017477
-14.796784679414667
-13.590373415524526
-13.763253621153087
-12.81631860852255
-17.912205231070093
-13.716128241313521
-5.958184191875336
-8.649460541151942
-12.094766824679251
-13.61314232544915
-12.486346418048015
-24.572168430685984
-9.173638313544984
-10.351838708741404
-10.600862453718133
-9.623441388656843
-6.289072370982474
-5.582028567826768
-2.0648642868334797
-7.407659861803513
-16.401535730614846
-12.192269388528757
-9.287231842218759
-10.547022710761098
-11.019892500370503
-17.758750301382896
-19.233803334773704
-15.582835960598807
-11.288053968227686
-17.05426343720005
-6.366388637886953
-20.092286719562082
-10.455733243351467
-18.944828023160177
-19.391762839101673
-11.954196661214034
-18.013831989904787
-21.188153832388075
-19.063257631701383
-4.526905859297429
-19.656398395560792
-14.313646020851536
-22.899323622733746
-18.774281280358274
-10.732020047852092
-12.074328921036855
-16.60060405999157
-11.298444633124163
-10.761772782854482
-15.327439062398756
-13.972412846618912
-14.041645781658005
-13.55790054846041
-12.968939491529628
-17.53628922927765
-14.828951131486253
-16.384443031033207
-12.39639304463779
-11.771936815894005
-15.602522978298556
-13.842286522211815
-20.913959440010434
-22.35132803000039
-21.10926604078613
-8.718187987328445
-16.88095637868102
-10.037129889610785
-7.676530547738267
-11.855752702025487
-16.511277313855214
-11.838410173991946
-15.580916161566442
-14.432994055752864
-9.333961758730233
-12.734958362818535
-13.56871425038715
-13.873379365342437
-14.482983238305678
-12.773483058868472
-11.496628358275835
-14.74460084982552
-13.658476928003378
-10.620718679203701
-17.30523138421327
-9.055217949872937
-14.273425911825413
-10.78195986535475
-14.091360157434615
-10.78929122694425
-8.32741576350741
-13.513744321238036
-15.146667136725913
-7.197524876431697
-17.438016883936783
-17.723527735672604
-13.175076811453213
-8.270375046771385
-9.749129630312304
-14.62258015556959
-10.936195594805561
-16.684409136250625
-11.27660592380845
-16.742369716423628
-16.16455542105144
-14.883760478168629
-11.134277614053353
-8.361988753584097
-10.16882020398127
-13.465084802495102
-10.816633736034412
-18.22654950308121
-9.209940438598526
-9.221063592451532
-13.206830349807305
-8.712150937470767
-11.11104533901267
-8.457560054803466
-13.709408063936372
-5.068009366129651
-9.56697822159423
-5.875743067358879
-7.7763936690346185
-10.58747444592716
-8.845857541933576
-8.634041936815102
-12.065482700570495
-6.101260015323728
-8.468790015190248
-11.151132912572141
-3.923763013237469
-6.112204790519883
-6.03634535676445
-14.696489389645897
-20.419093455522738
-16.585892448637654
-14.060075446556631
-17.33540675800513
-9.743512876672021
-13.675599886627197
-13.540266705082416
-16.918977077260237
-13.947284086382439
-10.92416049700105
-12.190125845819953
-13.529141125352009
-16.92138621071097
-12.185478554519797
-14.805401846432186
-10.811836091158167
-8.327565418223237
-12.70961745151395
-13.259723504831161
-7.125412297727934
-16.199364234209355
-6.344649820285838
-15.35292455981191
-2.5036534920613818
-11.7850076677638
-10.180184021278706
-15.769621530260071
-14.881989348749723
-14.209895693525311
-13.47571083557705
-15.74530795409169
-14.42309538526403
-13.279379235717371
-18.634396463305784
-16.79581265415147
-7.043855876666306
-8.056432763133316
-6.47615176488145
-13.774067967549648
-11.017258943783954
-11.85795626045434
-16.18060856712205
-8.35302389612946
-12.105366871930684
-13.868440805539148
-15.556446381566296
-17.240443535883372
-6.968671704613303
-8.200991287301221
-15.298610747093136
-17.8242254603406
-22.169141608999745
-12.732237379498464
-20.51771111562108
-18.077838504168746
-16.767510883966363
-8.563504529212771
-10.272274313265097
-17.702914826886175
-11.398153218710767
-9.48567604625195
-17.146473384260403
-18.088452591967194
-20.577375090744837
-17.840033079414372
-9.77257091798463
-11.609201594026743
-12.08854682082751
-13.793082895908267
-10.754647582441986
-14.496854076143073
-15.22538911659257
-11.854840000487822
-16.005652472677717
-14.391723706400729
-23.62890371598572
-18.443833563175428
-19.275729288968854
-17.281330396906178
-19.78165200832287
-17.02004589398468
-16.335625205200365
-18.893563082658883
-19.388438844024655
-14.947614095812902
-4.409711494309931
-8.76360897070921
-10.471389498066102
-11.157424515123008
-9.507156091907543
-17.135602969967433
-9.697788871699466
-16.48489700169802
-17.489015864558244
-14.010901198612324
-12.2557832048461
-13.359739650920506
-11.571168076982413
-12.719809931173213
-11.281138299077693
-9.706095992344057
-7.288705555249816
-13.595005108724799
-13.951753453994694
-9.276356761291439
-12.873310189348334
-12.79876337786278
-13.196262531850817
-15.307371582861556
-15.214860887515236
-13.57964717888245
-17.404220533110358
-4.307397957036066
-0.23892095282705839
-7.377447220965955
-6.659098079572033
-17.322286388236073
-8.52873337432817
-22.582215046660586
-23.94522298590316
-20.245475091452803
-10.163995977094118
-10.761901879816477
-3.013039967390661
-2.173223892513878
-10.922077272424794
-12.734212233212045
-15.708984015562383
-12.486094239250793
-7.070554285111172
-13.490829275897006
-12.879484246108067
-11.531767885987737
-9.504273930645102
-2.106877329515328
-11.892729107186398
-8.852561793810114
-8.211610129815078
-11.22690192937553
-23.428869480742595
-17.09354792824166
-11.514138470842582
-12.017912023435773
-16.151846863945558
-12.58516028483287
-15.258313051216092
-11.834814406141703
-7.196257391271505
-18.618387277678664
-18.58216504377789
-16.92173016031499
-20.14653902513398
-11.19059917939931
-17.10219916081008
-14.273584272193897
-16.07766427727172
-16.10153580576256
-12.119004541836365
-17.92750369171066
-16.25819108096617
-19.048998754399495
-18.060420258648318
-15.100923889122647
-9.352501403994328
-9.431114835250273
-11.770502430194153
-13.227556777932314
-9.791021231643136
-9.312902775678829
-4.351618779505266
-11.776376339393913
-14.93333424342612
-8.337921070184336
-11.667613596140008
-11.443862358805305
-1.6434350572697625
-12.242680642701131
-1.3537232917927255
-11.878561367559072
-9.366167825100284
-13.673537695986838
-9.345977344189336
-6.099750772689067
-9.74058563211712
-15.139956474131811
-15.406134252644858
-12.011774325278758
-10.954946085504098
-11.278037161850232
-14.953388153441637
-19.72090802183413
-25.39160304625955
-19.87159848433555
-8.984366500328875
-9.96730094263781
-17.048351842702026
-14.85575923113295
-17.70116251773032
-18.966460378881383
-15.842700854958228
-15.668308242122503
-13.512781602929568
-8.919154975249121
-16.987622789516738
-13.559551673566322
-19.640729463006576
-14.755475396563323
-16.631579198693768
-8.975952779376989
-11.914376160205173
-21.858173197877804
-14.479682775456983
-8.25559028733024
-13.523917107360546
-11.816895649391363
-19.422770842656973
-10.894617343110074
-17.487312944978914
-13.07234848486273
-13.892022200429846
-15.160148466280429
-10.608165305870376
-8.211388734724792
-15.334326314247718
-11.688383891869197
-13.699411344258813
-6.122457035210477
-16.72587032249497
-16.420632527663205
-10.080335466767533
-15.368571877155958
-8.156637836177865
-13.374416057709627
-10.839683968608306
-16.708080633233457
-12.355568781284738
-9.433041232030686
-9.872177288206416
-22.398275184326053
-13.419260829399288
-15.028536074769821
-4.989544595654834
-12.000049627957075
-12.535572636241248
-9.702313791825464
-14.678581801205208
-8.150940874487997
-16.336724364831948
-14.375172862749512
-12.63295708283022
-7.056566923473557
-8.840958456201061
-4.527724109488304
-12.513423559608935
-14.99453195917788
-12.978299518478138
-17.30947253727621
-20.557334212320328
-19.873740411491823
-13.296107973506857
-20.680400141516085
-21.57253548419864
-18.50886654765894
-9.788374938846328
-9.064133430541943
-18.760557108021356
-18.72722214061622
-18.161566757332274
-20.414601705775386
-18.14604316502918
-18.57642664702673
-19.639297393288363
-17.57869459846932
-13.391140002180443
-19.03340636558112
-17.847119971644435
-17.32955159821647
-14.027955928623093
-10.330434685134321
-5.9201252815679055
-3.9661276058867934
-17.950244644633536
-14.613944769838835
-12.593599745746392
-11.444640111050099
-17.144168700387727
-6.226971413049906
-14.34907209976922
-17.74204994261167
-9.167371516729006
-16.23586729455267
-14.333206055412951
-13.333553863738263
-7.226880408279619
-3.1845403233614746
-16.380460105660088
-17.165446531405678
-15.817429721808143
-11.980691742342504
-10.208153593571112
-11.166054898086344
-13.309661450212573
-13.661443415590732
-9.345098963996591
-7.859210724582809
-14.049323341074757
-8.952266374438107
-16.73459377519581
-7.006355855826957
-12.306113355494784
-10.441991688583997
-2.4770116581839403
-5.773431380864658
-7.683358148146542
-13.90753929815823
-7.9407596951845285
-8.656226142433574
-8.862626651880596
-12.331223623861668
-7.965080311248556
-13.948075000670947
-14.386353217215664
-12.594857904111485
-8.692686206409864
-10.503122029183494
-14.788741445789821
-13.314066832132383
-9.221631086333023
-11.558001064007147
-13.044407361852716
-12.50822451444817
-15.562297148278944
-15.043970922080213
-9.107179348585102
-12.302026957472318
-13.651977497699473
-15.952084921680136
-10.044506767838666
-15.137666954200583
-15.716965319804757
-15.577708016508062
-21.916366099274917
-22.3612862337165
-16.247563815237278
-18.878894848259005
-21.37541021778115
-11.234604167264294
-21.71150260445569
-16.34970849481814
-8.379181664785264
-6.9954592805624785
-9.614341258073228
-14.532400522441861
-11.773269556337468
-19.980270698385883
-17.0710572228413
-8.040032840105617
-4.594970071551153
-10.765865897171778
-10.258119322786733
-14.318379221306127
-15.02120360202564
-11.812622288306542
-12.819009387039273
-12.871161563459722
-15.159108709392804
-12.86746684895473
-9.188810880655918
-6.096297126043819
-9.019632440322187
-14.744068750488058
-11.106104516615254
-8.727241244862348
-17.976632348118176
-16.60888034430214
-9.184199884999234
-13.105959743471463
-12.594677813890357
-16.130110094642237
-18.202669083192
-13.302296376220049
-20.536451490965945
-17.675434325127824
-6.179006960759615
-9.65458559609959
-13.116261124066185
-10.436511304588002
-8.888095888400773
-14.827240875962016
-9.650552142069909
-8.686573824276866
-7.970563763784515
-9.412698736355843
-4.139583499361912
-10.467451230276207
1.8795281646701945
-10.43650852545036
-7.584875666733634
-1.7925405425168002
-12.2850637883626
-17.381933184719145
-7.462286400744425
-5.6274225412092385
-16.985230775509574
-14.512990151523027
-16.761560128077317
-16.389419738787478
-15.85504232717183
-15.008963424034121
-11.49085028921435
-13.925049218502707
-16.027023386527365
-9.133573338456618
-7.391003715340638
-13.45339951664069
-15.545818806801133
-14.868675901307157
-12.073474079163475
-12.561705372453584
-11.860216301344472
-12.936089151352867
-13.388057917084328
-13.384018523238783
-6.88339918692666
-8.383035814832468
-10.703163263468166
-4.952241178446258
-7.873136317281773
-7.077645729627449
-16.457610910411166
-11.220390925561574
-15.587514285700522
-13.460437617538677
-13.749299701445175
-10.29589160199556
-12.148100613395716
-11.154068271963098
-14.376853735092357
-7.588435165807116
-11.748419526372146
-9.87662434501749
-5.071511553015622
-11.306866063312022
-4.977796108034077
-7.563243464533063
-5.565590103297637
-5.4732429137466525
-10.910456054379445
-8.516927629107442
-3.94435599536121
-2.8442537011419695
-2.762867168345391
-3.581651284369695
-2.4042137886548147
-0.42593779627177497
-3.4137464961335056
-10.045073337196971
-10.224514432832205
-13.065116700557514
-11.599020577433535
-19.198123439843073
-10.17231856393741
-18.940988013080176
-19.314642071376305
-11.050947473209156
-13.962569076360126
-13.62166145002658
-21.49816502913181
-17.461630689645336
-21.00887788153478
-20.263693195788974
-18.46199636987639
-16.565940012011293
-12.040487520924202
-8.97794033616055
-15.367432408931329
-12.590525373073518
-9.841761986581275
-20.094268747819545
-14.935443431234578
-21.127761870875243
-12.346251952151743
-18.629509287240694
-6.748452069879992
-17.250483465292316
-15.056822765022776
-12.625539913831336
-8.143376246640443
-9.012051731136555
-12.185719059245685
-15.586676238009872
-11.619215299363539
-8.216266298198452
-15.633134144152073
-16.113333859920836
-9.534493392388331
-9.345304006990315
-8.391144381683514
-17.779295767386923
-16.26136660763003
-15.191579659307028
-21.769512074701918
-6.02728390938303
-8.758164463087514
-17.94629548843583
-18.20081384449781
-16.994791354139036
-13.04742344250728
-12.659812672114771
-16.910493527320778
-18.456936223716536
-18.54315324044929
-13.555237323208825
-15.816089981612851
-18.252950983116985
-8.944875861185526
-16.845707307251782
-19.56721690639993
-17.179138403408206
-15.105932889500277
-16.81870748797981
-22.229548014035462
-13.79544893275796
-18.37881395082408
-15.353497447588918
-17.32730426016826
-8.346952350731332
-9.329894421362127
-17.92768474321762
-20.187769567664958
-13.333804136279849
-13.942088259282983
-20.374793572926478
-11.176956884615436
-16.69622178827655
-10.401257451107732
-20.192946850872712
-13.140098315817024
-11.074331421511847
-13.388610595198603
-13.126725666704253
-13.688334710901973
-13.113712000194948
-14.266641297658676
-8.077887524215786
-16.047828977866068
-11.760856052626519
-13.792029971402044
-13.921245577773977
-13.035823375506752
-14.155863517457647
-23.493882010361926
-8.202676425368853
-8.76589749283929
-14.941824588476365
-20.801598163312242
-14.653466093601278
-8.31276911653406
-15.927334042566581
-15.894298345378818
-15.74583026317682
-14.253782816837795
-16.140162556719186
-13.618280755235737
-14.020635635259222
-16.555816788531338
-14.720728900685739
-11.08555295689128
-9.867252960269322
-12.363507933020049
-15.649331377060776
-17.25648655833443
-5.325512530860571
-16.45843066909865
-17.700429208529364
-12.04157683866583
-14.120854323418566
-10.63094262918447
-10.91266273381736
-15.984479967593437
-18.079402124000797
-14.111167958763449
-13.604261814115489
-15.319503736480826
-14.546983092316268
-9.063698472401548
-19.697559795058808
-15.852173917743315
-20.292790792737527
-15.400918203719613
-19.606352352625528
-18.633223657149173
-9.423460122675586
-12.324789659941128
-17.788093241473643
-20.231528904217676
-17.450947386952457
-10.83990048007589
-18.33475146260328
-9.535797197026252
-27.79865135954934
-20.008318172013926
-18.33318402644574
-17.625535244075685
-20.19352296201156
-12.849113547202183
-19.42001326435024
-18.983876533083524
-16.06240170007455
-19.713598729032114
-16.898555732595753
-17.57462532381188
-23.146239981722122
-23.562128769986053
-17.55227403825708
-22.458200087632324
-12.004447839176112
-8.38442828414665
-6.36018456486935
-17.213354516876084
-18.708408060080313
-4.218990117159443
-5.4079326919343345
-1.4009464763734698
-12.572955825419164
-4.002951987617134
-14.85192655538977
-18.216343866192584
-18.978230673358087
-18.077586764246373
-17.68287198491965
-14.31507864310181
-10.269067627707187
-6.539338631019326
-18.630399064506
-24.30784119963481
-13.586512867014118
-11.849172058700553
-17.065534437463672
-16.28060590167307
-18.1619530017445
-11.723153753611207
-14.696505177033362
-6.684002911948422
-16.139000052449777
-15.628152210057976
-20.398630339347434
-18.124085428810695
-9.353483196665081
-13.749390047501748
-14.19716263304456
-20.34437580867576
-18.072499975123748
-17.58267169822042
-17.701903248304152
-17.950336126818257
-20.110536043993505
-21.82028118790197
-8.672485340540522
-11.228073875387388
-8.971601371794975
-9.383016485312762
-19.848709109226892
-17.16217167394999
-16.01374418431286
-10.388489428283922
-13.880659039113958
-13.600439118208328
-18.029717595949464
-16.161312996483314
-9.586050627497528
-17.178265769867156
-20.073310490356594
-8.374892231326577
-11.786435391035457
-15.4003748595306
-9.219935082343596
-8.120088142645425
-9.381412555103399
-8.586194030021478
-9.802738330334122
-8.67270749315309
-8.952941195672754
-17.001033019886464
-9.06036171426528
-17.910180444849757
-24.012477305408343
-11.568285541165821
-17.292564699148873
-16.361565183741593
-14.94217950615154
-18.96995871401784
-22.193208283070483
-15.275377884967632
-6.393566952613558
-20.840394245554556
-20.253906838367342
-4.922409676017754
-16.13025525196453
-18.27203802570554
-18.25408442098696
-15.213902567125217
-15.693352913952296
-18.147392256106862
-21.939657578968067
-15.741978873277933
-16.42088036709677
-6.244327288343371
-9.337291923492497
-8.733676781255053
-14.765868724196359
-12.940529798964366
-14.611821357549516
-14.166209048051641
-11.534639131603221
-13.82931592301454
-8.483207463377468
-8.110121467530956
-5.410904632067211
-14.896347377748743
-8.600197116902155
-4.13781290415141
-0.467634850320394
-7.830494648889612
-12.289926481824782
-12.038622242640727
-15.756640497601921
-16.28792305322001
-14.612610432833428
-17.16312851811376
-21.060968837061232
-20.553345880068683
-18.511256750367192
-15.846221216049493
-16.54902483752343
-18.75213352349526
-23.493146520494644
-19.488052372361302
-21.90593237079155
-18.72537010476314
-15.943619242889547
-20.931271727571296
-21.689661450171744
-20.98312813632061
-21.17909207187553
-14.25238086241945
-18.692814871641517
-12.588078057154572
-18.086730423653663
-19.681151082746688
-14.652437746105171
-13.453239459305646
-10.272626450295643
-9.259662018317023
-24.83579500318119
-19.886155728960603
-18.01394189593463
-17.289031320961847
-21.17387457648068
-15.580592885338916
-13.856099295861384
-16.487316261776975
-21.366285286687873
-13.290151500313073
-10.242490461507757
-8.193548885890028
-9.559657109321058
-6.5346780206408255
-20.545654792571945
-13.18912106208365
-17.290018575319856
-16.369468649083068
-14.1897518004521
-17.575369401495777
-19.96251443165962
-19.27304651766408
-16.436736274756896
-20.17252854773179
-21.317658681893032
-18.419324251749714
-15.993041741271082
-18.72630805414396
-24.307851861461558
-17.661411823590814
-10.680105529041374
-8.403270583217786
-14.713868132908715
-12.030064769174466
-20.365972485417576
-14.405203300392774
-11.063587503044715
-7.3718540521086275
-16.993579109537897
-15.46672847670829
-19.586319906846416
-7.431295760849551
-16.152315582452673
-10.852574729086342
-9.07554193714498
-14.494539953977966
-17.776891930263417
-11.838769056651696
-11.914554100427587
-10.389615732858328
-16.427576339767704
-15.854050692182447
-16.10739037305503
-5.622360662248916
-13.304416556274301
-11.142996306233933
-17.159120056877715
-13.796718460064334
-11.329914171677562
-7.5925093796479075
-11.134204356673635
-15.521025259977115
-14.390516259140647
-12.159359016326516
-20.817416002256923
-10.139580418513031
-19.829774933840174
-9.915809793327032
-11.634255644367371
-19.254328077301274
-7.621441797065231
-11.23890479042522
-9.635516614076792
-13.712569943809736
-12.902850190691662
-21.21701058378341
-14.105783888287789
-9.3657464765421
-16.566033095233966
-5.732611317667004
-15.934236617888253
-14.949120114395015
-10.174040343961636
-10.37662750089503
-9.517584335465244
-13.500906648112391
-9.95262504751885
-19.07080124147695
-23.239503419389713
-22.064777164183607
-17.838947305139545
-10.041550598147936
-9.244470300764306
-7.898688480484118
-18.65452015382158
-6.050646534232257
-7.894760470641106
-7.502826254852266
-19.307948246504523
-18.893587806897877
-16.760793290112378
-22.262506939601817
-20.96923805657309
-18.314002625652964
-14.299228211628204
-14.6818758127278
-23.939301774925227
-17.37694445629637
-17.279331465628577
-11.030789031167625
-22.12649242143228
-15.97905056770259
-19.35509868698822
-15.115701028393094
-17.59407430805035
-9.009555617719975
-10.36309210990305
-13.421107388188556
-20.883206560879568
-19.838900659488264
-18.372392337322577
-19.353683234610703
-15.323528037683772
-15.360152874808943
-21.98397321050257
-18.617190006817847
-15.845187196677859
-15.437237413759341
-17.031079010210025
-20.61598943884543
-15.999771529223601
-5.6585485711498436
-9.22014465384678
-7.076076243070069
-8.452224279439285
-11.760164081762259
-12.503237645249357
-15.770351129465887
-16.482084254826702
-13.776619369634766
-10.824836457350699
-18.711610399025236
-19.022165656648397
-13.656469378110518
-18.673794640212314
-17.62823243483367
-12.544786939317163
-17.64933465208106
-15.900154301388476
-18.447375544497543
-16.68421252417284
-13.261783017474439
-15.448870846046383
-11.104044439485303
-14.462449797985354
-11.419914824147355
-13.241599281604906
-13.758567703671297
-16.874642969317176
-11.726027942715227
-13.963078826732172
-12.222439885670397
-15.121529567965549
-8.969158754225326
-13.74221886369477
-7.476004536142806
-12.476847464113913
-14.275166164411683
-13.736687209502513
-14.041203140932208
-5.971139329875971
-7.7106651211810195
-16.74107764305141
-15.254033433565347
-12.648434940251402
-18.671345214244003
-10.082082843488386
-11.534244142533915
-14.573522049461967
-15.44251883991856
-19.764672690876314
-13.708365453834471
-11.947695966032175
-10.394779489595795
-6.509851634835556
-8.579680928189156
-3.657729528318672
-11.819850387884006
-2.659822420099264
-5.719944811415175
-12.619481905127671
-3.7177540213447173
-7.194073494913177
-4.740872371044002
-3.5366847731381874
-8.786706051711448
1.5174532558578662
-3.7065710188179644
-1.5144842418793623
3.650481528079432
-3.8360328481975756
-0.5247947610448342
0.9899537686885864
-2.7078020782195757
-2.744369616528143
-14.310819003871217
-6.35805051058221
0.36946864251821765
-3.932171987817892
-5.024668292502749
-3.8780825611927803
-11.028607486388708
-13.38699519115426
-9.18290626114785
-14.554297878203915
-18.816980608660977
-19.54773382865944
-20.978652714465888
-16.521504663418085
-12.950324383695705
-21.321124473160612
-23.008266679095158
-15.0298309119575
-10.434985179877007
-20.98306040346789
-12.577507783794061
-7.32901191696455
-15.0173232629611
-12.805732255799384
-10.384109508554914
-11.465898359794416
-13.09880665415465
-12.73505862290343
-7.519677313985362
-10.784608243694848
-16.90077707517437
-19.035651693473547
-18.202657969008964
-18.924901628626877
-13.094724873894993
-18.047214152403356
-9.191527851140187
-1.8418183709509819
-3.621146850509305
-2.663260801978975
-2.7846827835880674
-12.05505450528836
-2.104853457201312
-1.450095192003456
1.204305585177174
-9.088961285982009
-7.376782083461698
-6.4378997980468
-11.166949048648714
-4.1477669891128315
-7.102456930462335
-11.408687812612186
-12.906743355650011
-10.457134082418378
-8.81464738871496
-6.327050818772275
-3.100252203264102
-0.5803498538089791
0.20892607008363484
-2.5110299340306526
-0.7780890303139643
-3.6612826928176503
-2.730089007021977
-6.108040528051358
-13.60424713564856
-6.025111046887691
-2.8874122384542176
-9.468464338941981
-3.464583182187731
-5.461861521240291
-5.102303680813069
-1.000234536223033
-3.893423382105322
-1.7307261128382478
-5.553593398519141
-5.421511524353043
-3.60396047256134
-6.643000975665338
-12.085331915046051
-5.655644803011576
-1.4760103364063966
-3.2354276633995944
-11.147695431569453
-15.240690404714105
-10.872737142478819
-14.824743768654393
-19.207344912284093
-9.921539879561767
-11.513319706561667
-16.417500245929787
-9.671763015072887
-14.162687802203816
-13.40611161706471
-15.585847204831829
-12.073487572624515
-15.203459521762984
-17.36543332020201
-15.992600955781853
-10.583815560245842
-12.103991405100125
-14.124948245824562
-15.42145860575173
-14.556969851775087
-10.824885778909614
-12.797067388742374
-14.078442764507209
-13.767830185147087
-11.760535290350521
-14.206653975584096
-13.321766653760086
-14.010705837737873
-12.967889068607306
-11.670723031674282
-17.03769266751527
-17.944866769930965
-14.297957238989849
-14.507691066022982
-11.228379827266227
-14.84681105670576
-10.060104202685704
-12.263843592283862
-10.675206903221273
-12.011813744885195
-13.194523335167585
-16.13382691768388
-15.390035808540233
-8.154856957153534
-7.58913600324254
-17.26812282848909
-13.670312836592633
-11.713762942018043
-13.372843500815925
-7.210205980903147
-17.97440658555939
-19.688385321962897
-18.892256012008982
-16.345243092735597
-15.964315866420996
-14.863565743117562
-7.139115641363542
-21.08318565892711
-14.301366782526866
-10.438325992228812
-21.805975094803212
-17.323305760404278
-13.582074441126888
-17.145221796706604
-9.132252224912065
-10.455819476708463
-13.327649374267171
-19.432449767055427
-13.753652322534961
-4.903880909033916
-8.733864661108178
-7.744244350934288
-3.265562712174912
-3.839254209197726
-2.057832016865465
-5.220974436254519
-13.483563077826766
-6.126331995925213
-10.331678842523242
-5.378016009964483
-2.7826075922183406
-13.948576306056605
-13.693443736155427
-9.534857938492006
-14.741288114045688
-12.860244367866155
-10.145416011929797
-12.607325281335726
-16.008758806788094
-13.84403819651937
-14.48262863469052
-10.095338475604827
-10.482899361494706
-11.110940646980499
-13.64130193123328
-15.798331575364866
-17.370480984770793
-10.534163902348343
-10.420886466052277
-17.518936936699745
-11.407498613809455
-9.231682046348308
-9.5818740368838
-6.297390591893848
-8.880942205379622
-4.802715905404721
-8.666171869130071
-18.620987823112237
-11.051736553340366
-8.254130530031656
-11.174754645586457
-12.088568676952061
-16.25845818478427
-13.03896104601441
-14.036142518760634
-10.869025773351815
-15.393067776985884
-8.1872721365013
-16.657962136109155
-14.904765040731618
-16.865806069001508
-17.503092280272817
-12.078820462494939
-13.091582376317437
-12.228179972248569
-17.64944767517897
-13.080574414221381
-21.685039607622002
-12.11659736205172
-19.87697985475171
-7.646672411975992
-15.884245295499628
-7.668684076861503
-10.30899995250779
-10.988003037514183
-12.033844362493355
-12.572897550966456
-7.310060528416535
-12.936223883430145
-15.709014686621277
-15.275583103053538
-11.596284860373956
-16.174594905347124
-5.541721562504172
-13.937635887987607
-11.375646333579159
-4.85636914923499
-17.007358807388833
-8.096918761851942
-10.900965230781317
-9.839108415949468
-15.936359060151453
-11.76306101286811
-13.16072865195618
-17.21420297319137
-17.560956276923235
-12.887223275084711
-17.48320338179944
-17.178124194138647
-11.882803375324695
-14.191631570971897
-17.84397234482191
-16.692587496248553
-16.104788256870275
-11.007611308795237
-21.843715308412023
-20.849736533103197
-16.35235521251857
-17.484208565883602
-19.23292710655937
-19.89843589672748
-15.905903657407158
-21.96354721702553
-23.831952687025918
-20.254781985670515
-21.863504078977993
-15.962739455332347
-6.9263616502558065
-16.028054401997046
-15.781230632001172
-9.193028015221344
-20.281600233147437
-14.747102212033596
-6.281494263286696
-20.882065903153244
-22.87560724905657
-17.109623625158743
-22.90729223203364
-19.336122919638747
-18.544755095001957
-7.084582977480945
-16.7241464308888
-7.75571487867002
-13.381578778149855
-11.731651286876087
-19.668116882689898
-16.87959991914002
-11.83928778923617
-21.58545611290578
-19.17331488739514
-16.52344451251784
-16.292590422482984
-14.12314060243828
-16.72860625820931
-10.987662929408582
-12.044885420449777
-9.132561648216356
-19.830276245885212
-11.383057873321995
-18.407659055957147
-14.086689567193279
-14.061357714949285
-10.839324692508015
-16.303268801366983
-16.024822941108383
-15.546870083507251
-7.1584368237833615
-10.731469405387223
-11.029188484334
-17.483097168748394
-12.287982120849932
-14.398519831694696
-9.966117272393365
-15.095411438460204
-9.595089476094554
-23.656022827170567
-23.982663110269726
-10.795420432303583
-8.421190858262808
-14.990820091965336
-12.93998382381288
-10.606566279183294
-9.816634381385388
-5.171829280851952
-13.986325324491592
-12.612449273855567
-14.01372205834365
-9.539186625414665
-12.721289788812058
-16.37636549048269
-18.82140825161066
-18.931042323163375
-10.670731906966186
-7.2970904499751725
-15.480929806642287
-21.72057199955428
-17.309727791032405
-10.9238711955294
-14.082847972503792
-7.413443432983911
-10.207041299571685
-15.789950633114092
-10.25920912682561
-13.147487059086917
-9.481893600686245
-14.342180351663146
-14.783561973282445
-14.586038126017616
-12.520872025929986
-15.246760046542178
-13.494666285792661
-11.807537054788519
-12.66006731243278
-11.472720547319817
-7.769799270744027
-12.642961252328089
-11.445690455393589
-5.000091351061052
-13.010923068106798
-9.621268815386756
-16.13033879244116
-18.047524753901968
-15.244417435148623
-15.32202020945726
-16.08333376483605
-10.812357805355997
-15.092475117536612
-9.624515175689528
-8.69521962026758
-19.20122169746795
-20.104725719874725
-22.04377151511173
-11.646782164373853
-11.204669121075025
-17.97233157837045
-15.411953464647564
-7.314645346145255
-8.127385486597785
-20.351747327535225
-17.439082404553908
-14.870383429246182
-18.926897526256237
-16.920362166156632
-13.908197044802424
-21.2144364518568
-16.911182704061524
-8.972056272343234
-15.924075914597829
-18.985541822723444
-18.388818868749702
-18.445303544635543
-18.35729243734146
-17.078453255319985
-15.617616593274757
-12.830282358980241
-20.44237356724674
-16.098634017175076
-10.944716744038523
-3.511857050701888
-5.948073539747927
-5.709047750528413
-0.5748577640627417
-3.7163085579685884
-5.717540978009154
-9.804437517631087
-22.659869164021952
-16.337291404459297
-12.67136053946717
-21.28153229940591
-16.612884360086053
-2.324259003251182
-11.953204310914412
-18.39364132543732
-24.924496169635123
-11.132645704046954
-17.191504549236445
-18.724758729239802
-19.206961660057743
-18.174446871462415
-16.476054991535253
-17.307717185875894
-20.647385083646242
-19.338537446114124
-19.637314383149864
-22.152192477604594
-14.538607392273285
-15.71774444994309
-19.968498646936837
-19.63946332224029
-20.85079540003004
-11.210712615844496
0.045367329068781714
-2.9399691044253657
-3.97769276082591
-7.439997280985583
-1.1236837668626372
-15.981588450841915
-7.571937307850721
-11.465190194609178
-9.709142657185843
-7.799404803321856
-6.044480530141019
-5.646273916417865
-7.826587607779452
-5.937681595147414
-9.660074292727217
-10.362173560865859
-14.337734781600318
-16.72508978202723
-12.45998830727634
-12.91735205473302
-14.86995590201494
-10.542318999203388
-17.915202273479657
-12.884135383211763
-16.44853611274858
-11.849834806588646
-16.669481609499762
-15.110112488681864
-10.487804277005626
-22.509122695706
-17.29632187151212
-8.241471013500092
-15.176465294486327
-16.48764733233164
-22.655645227210467
-22.67226072422366
-14.437978416317037
-13.97773387344052
-22.088949499807395
-16.973716546620643
-14.202070608509835
-5.844910887602531
-11.445122776880687
-8.109773693351684
-11.410561142861052
-7.361088091497184
-15.815282583688628
-10.82446961119021
-7.962611525326906
-15.342357835738891
-20.24703334787805
-11.6433085127466
-12.021493784609966
-14.842635613658874
-7.948087511692357
-10.81409707645129
-21.898185379293686
-12.035843395130836
-5.317372156997525
-9.999922121952284
-10.685697667968078
-14.394245196391907
-14.516144664874169
-8.139992160465571
-14.887513062639684
-9.28514305786775
-9.943685122614383
-9.190005148674889
-5.691370796761351
1.47518542221313
-7.205061761144819
-6.651443913562382
-5.34526683200561
-6.014172067559908
-5.294784326383358
-7.665288237073245
-5.493855530634871
-7.747280487140088
-8.23647204802344
-9.30972644072109
-8.769876120949942
-6.590928095484124
-6.434190756885499
1.151171854073855
-4.4463820566447545
-6.487700524707396
-4.446528258522239
-0.7135440294693574
-10.203540599429349
-4.551310930741739
-6.930120318424169
-10.248134184725469
-10.656455056869362
-19.038071297562468
-12.774768613149856
-13.651711388440283
-13.595402185610656
-9.070532246401559
-7.944636187814648
-11.666315227783521
-7.602327801579992
-6.80134357329451
-4.183599787025013
-11.89919294722149
-18.230131079779014
-6.7382233081585845
-3.020473043100502
-3.090872260584952
2.966430157658646
-14.64119046477423
-18.548628680130665
-17.87922619138181
-20.199997387525755
-11.734856226658291
-9.774579481530115
-14.66822515093116
-12.331617163152714
-11.47475807804664
-16.149413723681416
-13.08961877919361
-13.424287914895078
-13.19578146067705
-9.616503873496022
-9.63605389509111
-11.981924969052745
-12.260383604968283
-13.821285402696343
-12.064834569205434
-13.692749526405098
-11.771141952591641
-11.947453222476824
-12.59992040083462
-14.20221210183788
-14.120238467295032
-12.328567970019154
-13.293549125139961
-12.672590404418475
-13.676491285471013
-11.527502168039799
-8.850936920481935
-13.389849669796114
-13.237525626597751
-10.593385582190887
-13.737505865666265
-13.536456592805273
-14.652273500535436
-13.453739438162057
-15.737221004903216
-10.112021696096601
-15.643145154918344
-8.824956328728554
-11.04163778429854
-9.652858008980289
-7.8907330413525045
-14.652934310112396
-9.498129884331622
-14.16184325733337
-19.475851238325
-12.721311208864797
-14.771937797722348
-13.020273210533933
-13.156401537458137
-15.469731644875868
-12.915034706668184
-12.363861028198006
-13.942585263119277
-13.673526221371194
-10.856992232298289
-11.724179797749766
-13.906154588545117
-13.402166843163972
-9.974819339632088
-16.231091006129553
-15.289482376615211
-11.377985479320468
-13.11491907191736
-20.31446578548431
-17.7910445472856
-18.992874401401657
-14.098071938516771
-17.63792241332411
-18.14752294900877
-14.345225994743782
-13.224849600599619
-3.839053200538846
-18.716084412785612
-17.002285923372966
-17.97436640675519
-14.104550715646308
-15.214436511475299
-8.635881204868717
-15.74205064042986
-13.394068277677334
-11.202207623063565
-8.502442230947008
-9.409365294030199
-14.848739743250043
-7.004450184780765
-11.900949206920394
-21.091653475983968
-20.530862541498202
-14.617097719218641
-19.759958996979222
-13.73338518360903
-12.007215286146241
-5.5947881365671
-21.031120429753933
-8.192917938862124
-7.973699964242019
-15.567182731453869
-8.105151452776603
-17.671988015065274
-13.624456666263722
-11.055214080235714
-12.93758006897625
-14.447391643612665
-16.422843051162694
-14.29152871086329
-16.489757813561567
-16.924055191109296
-12.326715814951445
-17.0330307957947
-8.296189232658598
-15.165941215155282
-17.318719852368734
-8.421308635205065
-9.30046511439372
-12.656297060746347
-4.870272134367685
-18.08318002657378
-19.021980462383855
-16.772296225421826
-17.112011553894245
-21.38482184382873
-10.181329784591902
-19.069705390997818
-10.724748238397812
-14.619533226261758
-6.980015174787386
-7.908989491151658
-7.126163043196929
-6.314891555371879
-9.160806667212366
-15.373630263889531
-15.831595899563222
-14.735254884225505
-12.877655297751666
-11.73585809001937
-13.176467456510132
-17.426911031973063
-14.72785317571261
-20.851444481566343
-10.05447731429502
-14.157084784355401
-10.106928187204218
-13.056080482732455
-13.644131678419598
-14.027714845528148
-12.738410877673878
-11.611820190490764
-12.746749125943253
-4.938935444432801
-9.472250555420647
-12.76619451258249
-9.808506641243625
-15.391957122430096
-16.107835719241294
-17.169843454352986
-8.559772110434487
-11.648081193449922
