-2.5459189869399594
-1.968185524352554
-2.09936049523957
-2.114954205799238
-2.753226668661317
-0.7825836146771064
-2.6718611359078115
-0.2242983312713851
-0.30520283086788114
-2.492600707734451
-2.8343974367200953
-2.211823810302629
-2.6797485610222003
-3.176282197122226
-2.2141024200955624
-3.660794098011012
-3.079879887161907
-3.27525383738167
-2.550797679398759
-1.3090123704997003
-1.9385676323618666
-1.2478865648836228
0.2629702311112666
-0.2969827092806431
-1.4347284620886538
-1.8666460180663977
-0.9942515399057389
-2.303361943008424
-0.11593628665061262
-0.8322862893432103
0.17566200238075314
-0.3536527808229937
0.2029571882469028
-0.9884339368459834
-1.7181250304590052
-1.9217261210579073
-2.2180461519283243
-1.0766557724645043
-0.8038243799179488
-0.6979642649701883
-0.37288728686303707
-1.7159826211070777
-2.5578411143616915
-2.5828914357225203
-2.4391697265836774
-2.3668565106416883
-1.5571937508047746
-2.3936009344452023
-2.3527402695708295
-0.6712291326230501
-1.721695608461528
-2.26977891498044
-2.533372783462649
-2.0022391208587855
-0.5368494926034277
-2.732736961302582
-0.7439026645644334
-2.932782631294804
0.019047754607956158
0.567873808985742
-0.40852481402647434
-0.47087549547626517
0.503275021470132
0.5973692233507604
0.9436475169562643
0.2396258519687613
0.3936963373365736
-0.9992099859741461
0.3640600001609524
0.060310583094607795
-1.700120062368046
-2.0179545261685377
-2.3499664590497384
-1.3899158585888247
-2.069816623953183
-2.0171212923930604
-1.970368798480032
-1.3261187001455514
-1.7211965495047659
-1.9795754797523601
-0.20646147710333063
0.5643910421339047
-2.118018828308621
-0.9643479179981023
0.22887626733479327
-1.1310878289912414
-0.64100439814112
0.1647605732195887
-1.1885842710581282
-0.19208153165808672
-0.30659776829871965
-1.1075707244532358
-0.5254025338880113
-1.724624014735409
-1.6781409493345094
-2.128389951083249
-1.8727557309798297
-2.5024798493115954
-2.718846870041086
-2.0809787933184474
-2.739451896249019
-1.0715972008565813
-1.060811716503173
-1.2638301865497026
-2.2389555104602876
-1.793675886498382
-2.2267963705883997
-4.931190143624788
-2.0926647499927378
-2.2666800710129373
-2.6221201213561307
-2.3136506092288993
-0.3385156147715529
-1.5695045774249987
-1.8171899765781832
-3.1522284941957883
-0.5627400691772524
-0.973079746096638
-0.6659660633448203
-2.401668678658554
-2.1437404163854943
-1.4096976952534563
-2.191766191484705
-1.123593322785231
-1.7194930139481386
-1.1019310484113256
0.8156210412574559
-1.3273566638335965
-2.18403059912833
-3.008331219090916
-1.092499834065141
-1.053248280885983
-1.5173254407130452
0.753950238106988
-0.11218855112792836
1.5721430421925529
0.9609182020766154
0.1838827056025112
0.3175097550231991
-0.2135208561686267
0.8223481959528487
-0.537560896031767
-0.6173536431703821
0.2950677380315132
0.5670318134577288
-0.020841659883819474
0.05540672611517139
-0.48151745689687075
-1.387740377115678
-0.9024397755081904
0.45523063123947716
-1.6796310825205494
-1.0185105820295624
-0.3581204889225139
-1.107409511965895
-1.6397218483833205
-2.3318028295953876
-1.2548317811127054
1.26456053315824
-1.1347103798281548
-2.896606980525088
-1.8807188806171613
-1.7744405017137166
-1.2015005536465626
-1.0428932064713061
-2.510914787598095
-1.696513424938821
-1.1982636793669594
-1.4887875673594013
-2.6200878465879454
0.9752045266784011
0.9049223904634793
-1.7253164091820241
-0.3251353920410509
0.5509273160087067
0.46435623608153465
-0.7440434022278626
-0.6905483238433352
-3.9844363151451843
-1.1288484317683471
-0.6959237387714526
-1.2617525023157588
-0.3359072449224535
-1.5680697833375525
-1.0190428236575633
-0.8598771799165416
-2.6074575380997995
-4.238693289478942
-3.530354846271476
-2.6048412138654666
-0.3551689528005809
-0.9231096989932748
0.5124162350179516
-1.1977656429373873
-0.736903762507726
-1.5346130870302825
-0.8945937952896452
-1.6285417833066258
-1.5255623724946519
-2.2958094854730033
-0.6149913835694758
-2.257164018986754
-1.6113697616419023
-0.42597011110905125
-2.7409593323593224
-0.9386768044154971
-0.8474145158391578
-0.5960133637649884
-2.2173851353135725
-1.486715214869687
-2.5035114372307565
-1.6817047432286278
0.36446213413761996
-1.9208962171418142
-0.21895612913017148
-0.8121946746659514
-0.5879733529899214
0.3559268530592443
-1.5837257231261748
-0.9893110502510732
-1.3916853222065386
-2.863381911021164
-2.5508114550485788
-2.4773658717071436
-2.9895978681395547
-2.52034423522778
-2.3585290842612068
-1.1354143141753297
-1.9812515484547246
-0.6598800424105713
-1.8559275559581763
-0.25154743073872665
0.9258558375215409
-1.1285720090308393
-0.578505938811753
-2.44400408570017
-1.9383586377645572
-1.1896110425940996
-1.2406585730774304
-0.12704401217205064
-1.0710119731930818
-0.15748517269761964
-0.726646366292975
-1.0601071903139851
-1.1850822841684812
-1.7552751436311804
-0.966440516897811
-5.318515493260669
-2.4172462588883463
-2.394220174293447
-3.0090900567714325
-3.810237668827849
-1.468777493640785
-3.048324571004006
-1.7404347616253575
-1.1752845566907297
1.177460205136107
-0.7050654948071765
-0.3286456093933896
-0.868181892252911
-0.6839764509969217
0.4703446093221053
1.3033101085620957
0.8439834840973566
-0.3965787800726368
-1.8546664599308005
-1.2221049625116986
-0.999421068121585
-0.6445032398604448
-0.1679093979647177
-0.017921747905759622
-0.12841476183560774
-0.27183232462681195
-0.308797034694706
-0.6505764115449
-2.757955738010366
-2.8233385106433864
-1.6748558608454112
-0.674285643917804
-0.9756232496599178
-0.3897837136626351
-1.7487215540644283
-2.154045408530952
-0.6847444656553116
-3.2674923394482716
-1.14465037291037
0.6872227802728597
-1.725751710433004
-1.081946909459719
-1.4796620891581636
-2.3822342311370734
-2.8682772087052317
-1.31215101293282
-2.486280145487381
-1.8219500709607375
-1.9396687142176043
-0.9381106267994241
-1.6568902227582725
-0.7545100911555865
-1.6184191766865617
-0.9580150984996952
-0.5894540914504159
-1.3777817032127258
0.4166799708065344
1.2894876988284394
0.37638493050134314
0.24626552526697454
0.24683415455384794
0.8972847312522239
1.277530991186694
0.15209182601572113
0.10170586259357772
0.2070882401638855
0.0009492737468503876
-0.48061841479274725
-0.10962323710285293
-0.13484671379537916
-0.6756731159046192
-1.4377170076346095
0.5541212643952571
-0.18504111525771738
-1.4426846552762354
-2.6520815351917677
-2.6651897023679894
-2.3392394349365766
-2.560753373719807
-1.9062542044116273
-2.934240658540505
-0.21676029682690812
-0.32480665654663965
-0.5687517434827756
-1.401622242942556
-0.46265251508960614
-2.2029566808865058
-0.08171953547205346
-0.6676588890219837
1.3352529109914855
0.9403203669925562
0.28539015932301304
-0.43884013751311945
0.4044400536939414
0.07882717620112012
0.3152032452696216
-1.1938986827718379
-0.9193951077029029
-0.2973757085048645
-0.20658778073330875
-0.564992267250754
-1.2593242934885365
-1.377462803796024
-1.0759023211109386
0.7519053659716589
-3.3989952336357905
-0.10795273483239365
-1.180229483464495
-1.5325352715381018
-1.3633734843074696
-2.794255073181943
-2.093806153985704
-1.202367568500295
-2.0395400043371232
-2.4966537152433244
-0.5960143065328107
-2.4087530561753545
-1.7205832014467697
-0.9023869026728871
-0.7377363121983747
-1.1191285220774576
-0.8114496209696873
-1.354443205757862
-1.6203092172336393
-1.4691333451931898
-0.3449430833557704
-1.1927875502132959
-1.6373202570522718
-1.563009775336769
-1.8724977686672246
-0.7304219195759465
-2.5476078341760307
-2.7987700908898656
-1.3621997156037284
-1.781521669956264
-1.3659368828782932
-1.296776016889899
-1.044732214732514
-1.0819064467305384
-2.0310489644717538
-0.8492512812450845
-1.9384883115156213
0.7330156146703861
0.6969776355905979
0.4762339313246632
-1.675712904541582
-1.6992668882813105
-1.6900723329381644
-1.6564309793970726
-2.1873972919024887
-0.13373217327450426
-0.2836756038915791
-0.49696983948288376
-0.5201132645562607
-0.06822490659516678
-1.3716434946898977
-0.7138089432838965
-0.41138287480919955
-0.869766302092434
-0.9226835070559347
-1.122002354606195
-0.06912454614096719
-1.4257168187426252
-1.7234115596239215
-2.616449812091293
-1.6832254088271572
-0.6742457145285741
-1.9776225880122216
-2.528623189291414
-3.1295499760836942
-2.49905904666503
-2.5848194324590725
-2.4915960310137866
-2.8770940333956214
-2.517170633262749
-1.5798413311822628
-1.9540723075097777
-1.4343832531712626
-1.5899349003064907
-1.431823169629736
-1.522320139877735
-1.8494228241388806
-1.4462251796539467
-1.8382601587624896
-1.3344453814631425
-1.6888741341881257
-1.2467649495015336
-0.7946688145023963
0.19385671262721704
-0.38786067493526744
-1.378405420424195
-0.3170055566011176
-1.8625669953953259
-2.0693559425148527
-1.4320133639910484
-0.42894621085773177
-2.1454577586473755
-1.7098606666941523
0.10331180912237259
0.8579303286696367
0.3116278351789237
-0.3432363729924288
-0.3118836401708891
0.36915280213922697
-2.321896617287633
-0.962638144233778
-2.458541921663933
-0.2098008904722819
-0.7981470400874483
-0.8108111512567444
-1.472426491441653
-1.5153815264045996
-2.776241041182963
-3.377665194674515
-1.9995689146763356
-0.6737019164043916
-1.601385447738769
-1.0767125753272424
-0.008657562338356461
0.773873297641787
-1.6370377228957658
-2.3874769651884487
-2.2943607978393077
-2.784035368066136
-1.9363446496513634
-2.475016335675708
-2.298471274506473
-1.306695622564749
0.1769016839425943
-0.6251582957266091
0.22845736565811464
1.260276137805091
-0.8453798492825867
-1.2993311433668406
-1.862377599572566
-1.341983448767494
-2.0255563217273176
-2.5566097053900854
-0.2969522101448575
0.5028764321741098
-1.0920193966831864
-1.4603596270893757
-2.148589535902376
-1.567168678380538
-1.8257786544354961
-1.439739470872526
-1.4176653795919514
-1.057819610144864
0.9242682908663333
0.46063640570797393
-1.0208711938614072
0.49144218947388285
-1.1425909797881064
0.4555698894524741
-1.2194259036482642
0.7150862128323483
-1.7446181172793105
-0.5256047958235847
-1.7422050940704827
-0.7879882573515109
-0.6239583661348893
-0.9315216972977561
0.7950454960665274
0.8382440561804477
0.5209371456231291
1.183465675692462
0.7229940087444321
-1.247385687524866
-0.47254569073197483
-0.6501197146433743
-0.04461838550412156
0.819893151801873
-1.4856768693402527
-1.2721855848848063
-0.7972856866688499
0.7111729540369307
-0.7452833253759988
-1.1806794348907874
-1.1312500671001144
-0.56565381713545
-0.4495015134952386
-1.019556756385887
-0.6148684989381686
-2.5444519446357017
-2.733864233041447
-2.4255131745740397
-1.4754649145888066
-0.5126879683738069
0.11491660218930022
1.167878568063775
-0.8845668664176913
-0.34884660544896784
-1.2364651179851363
-1.0917022852715017
-0.7103202139690814
-0.23189007485404667
-0.1287536721338145
-2.572058533342546
-1.8532520281182547
0.20741372093593502
-0.6649294966781232
-1.9730545117970426
-1.024107519285127
-1.3626679273623523
-1.699338206668907
-0.7931933216235416
-2.137631833606539
-2.3172312508366577
-2.0624087613552
-1.8000122197847537
-1.978727076411502
-1.5005925195379288
-0.5900356367362082
-1.4482415086111742
-2.3696315316175616
-1.5285354853670376
-2.260391883501052
-1.0560986926264677
-1.831920810257376
-1.5662778996961824
-1.5070153502214103
-0.45833144918345337
-1.8027251291864472
-1.4005450993189794
-1.382211401638623
-1.5954212638416045
-0.8374413880226983
-1.3152945491954675
-1.500727258273914
-0.6852776212051362
-2.2038334832452158
-1.4868311285449511
-0.9744600550968616
-0.7642221293369359
-1.70641862928862
-2.9725684995435366
-1.941020039799672
-1.432875646245327
-0.9548223683952977
-2.5039969781805644
-5.194644338404709
-1.6834680624354905
-1.8992060889632456
-1.8190905803510233
-0.7222183726909496
-1.8120795962261576
-0.3322203985192782
-1.2921221280733166
-2.0510482853213645
-0.826029842104733
-1.7618193328404166
-2.5576057901648084
-2.1905271134111306
-2.864135627428693
-2.676302641951919
-1.2860411927768984
-0.5748762699145777
-1.9345213058450144
-1.748083011234776
-1.0931744193100803
-0.7858631390315961
-2.197685684416376
-2.8487991005681508
-1.287930408026852
-2.0786716201787097
-2.8524197586317737
-2.281626861756014
-0.42254668069849977
0.21696760842195717
1.465137678059766
-1.0015806395694156
-0.5160706270711573
-1.0352061662292336
-1.2207181352434757
-1.2415554125348744
-0.3487872580653323
-1.93530203221851
-2.260841533142923
-1.1550537742282199
-1.664453473441399
-1.4927506561300774
-0.06648435602948122
0.29838025250899125
0.17363156371924693
-0.762920010490407
0.6141650065869664
-0.24278073198996486
-0.2136329447846267
-1.9645665859421526
0.8199651152068702
-0.2600162348254562
0.7471030138445763
0.42584500610182374
0.24849085056612696
-0.30353682344048294
-1.3706608330575891
-1.1614741654911311
0.5776725097171168
0.8271443809280159
-0.02609398302892718
0.36045771186861264
-0.6671339439245464
-1.6144831665803292
-0.040429382858614415
-0.18640467127286864
-0.3847411313797744
-1.0177166078782904
-0.2222081022385376
0.9206781101517167
-0.24861642101600867
0.8110151707234314
1.3319973685600635
-0.6089496792848127
-0.5008882806557384
0.22680058849946405
-0.49269195833963
-1.0124087870855285
-0.3354525868679551
-1.3001457909186065
-1.1325853514289963
-1.0888540757960654
-0.8982061474431944
-0.9047268588450563
-2.127028349712525
-2.354380430479339
0.018885795174998332
0.6901318108623936
0.027574824688261446
0.011572940041755686
0.2476989751242522
-1.7947836932508168
0.09103692730144353
-0.2370320694533019
-2.5627072424968347
-0.751338575605571
-0.8762895619605477
0.7053987814850599
-1.3398374314271713
-1.6750952962416024
-2.6699212911247887
-2.449437751571226
-1.5839646025810576
-2.1034803769808477
-0.5389532590527979
-0.5008570058748589
-2.4310524438275207
-0.3154981418631738
0.12452573696533797
-0.9800688626658844
-1.289144749998353
-1.4363417015637283
0.8252528204434719
-2.433985485155146
-3.5600154321662325
-0.2067613961589282
-1.0472253048358255
0.956487917981895
0.9224768876865876
0.30935780441233507
0.035491866887885304
-1.3305053887834593
-2.409653425707286
-1.91947459836756
-0.8982552416768942
-1.3351799776474584
-0.7218806670418658
-1.2798502844417228
-0.7893170346048716
-1.9427397418145516
-1.2245123614571092
-1.0335224082094219
-1.5691191170941585
-2.3309635504945625
-2.828158730991774
-0.509796398199962
-0.2873438184027167
-1.361783525084188
-2.026708464737755
-2.017720954060552
-2.8476397245021943
-2.177264306142015
-2.949652416769634
-0.9645334133578457
-0.37643387713343657
-2.221875905267411
0.3212359202612445
0.2579362297287906
-0.4082509221742652
-0.41064766056497404
-2.50997280883517
-1.3362682520708444
-1.5690506246835265
-1.1004428791941467
0.5258120296986184
-2.582395489615493
-0.12111542482247084
-1.7307203656275338
-2.0093785846817998
-1.517659497272525
-2.8770501508053905
-1.902822361909095
-0.7686677409261682
-1.0678422895199844
-2.801093207970618
-2.05949622795165
-2.405378356941699
-1.9960756908406552
-1.6873527214692716
-0.21464628758004345
-0.13391016846676707
-0.8315589405624766
-0.29421448678904727
-0.017881380737452268
-1.0465407697147453
-1.8968599397340626
0.48441849930452907
1.6285626000677733
1.1905096957137185
0.45109309574557055
-0.27262017487628065
0.19473899267275707
-1.3120229447663734
0.9671911040730417
0.35000576599380384
-0.31913824961309434
-0.20184057894854002
-1.01070023870444
-1.366348243894024
0.2626898745801207
0.031687263211268135
-0.07624457232168003
-0.16239047944771534
-2.0331777176057733
-1.018340640607787
-1.813319607412358
-0.3859724041856605
-0.21358183667490827
-0.9471437110654208
-0.7207951971393525
-1.2136729461533515
-1.810187240896501
-2.5544479790638004
-2.050113932407295
-2.3653398027443107
-1.3295108440804406
-1.7567223412729303
-1.998436739205533
-1.7508103336982772
-1.4640503699142284
-1.8436527455297687
-2.2842293274439025
-2.7482286289978024
-1.4448005429856758
-0.07089538411939578
-2.047356424009051
-1.4301862788691286
-1.3974326514822908
-1.096273725950848
-0.08603070866640494
-2.256707454203972
0.2558667326204759
0.10197349615195384
-3.7895462822184802
-3.382753504762102
-2.4368956950358736
-2.082834950609899
-2.3068769335749515
-2.4279963352453073
-3.5870952419743567
-2.169953773815128
-1.4025926168157241
-0.8754410651801816
-0.6092006582275472
-1.8662648462217384
-2.234425030534312
-2.805255909778469
-1.373058532710276
-0.08438936869131342
-1.2378011517205794
0.3790561925836895
-0.886758632503315
-0.9126812530705225
-0.3697412204289118
-1.0816502422336922
1.331478279455327
-0.8804510328084151
-2.2650153252346112
-0.5410965162314151
-0.5669096146413545
-0.45404939042401815
-0.08245883832434242
-0.6588258956295358
-1.6246930622894598
-0.9521935112422062
-0.17102669999905973
0.20689561790049615
-1.6320654003542008
-1.1342137800020844
-2.0377517305984063
-2.2880414299847995
-2.5522858941749718
-3.0789553144909947
-0.36050533274713226
-0.2629021757693406
-1.6444541410409927
-0.4919257124357972
-1.7643853302340795
-0.39571983276754663
-1.6937003902309662
1.317919675799882
0.6497713046684666
-0.17718023291550522
-0.5184373655278735
-0.9809023466986716
-0.6811294333303042
-1.00945014451186
-0.8586304208695944
-0.9514560801945136
-0.33586146002449446
-0.45461345458728253
-0.06207732035035307
-1.2582736919276214
-0.6321699509636782
0.3508354163835399
-0.436076273376773
0.8847477249244309
-0.9827658554810675
-1.0362409307914917
-1.0183240955876647
-1.3351162933550775
-1.3255910701824978
-1.570698209181435
-0.6827299922612561
-1.4020861492939565
0.24305484359039664
0.8887512912506659
0.3118256174061951
0.3585040794969978
-0.33664146590419064
0.30563227037585206
-0.748070703417115
-1.0300613689105926
0.7662622848296717
0.1955335909826481
0.6835198703864396
0.6780265043229177
-1.3022740254674983
-2.4167281266191267
-1.3829447622315867
-2.8320673257819795
-2.76373289404056
-2.1575559681821477
-1.2464641331743167
-1.9391123887820592
-0.13750013309577902
-1.3603315461508287
-1.2208948487384303
-0.18049252979673658
-1.0531963156866735
0.13644987689183208
-0.970275686098891
-0.02563373536123925
0.17717381983017955
-0.041566320976014426
0.6941666724176977
0.5299523863627968
0.6243726550750259
-0.6158035832154
-1.3076106275520596
-2.481812541092573
-1.956843211959694
-1.6930326042597934
-0.7784840642438193
-0.5389462930119228
-0.18261211577321512
-0.7512227010849329
-1.0868705257955147
-1.2951723519131377
-0.6768822120529947
-1.2576835760061305
-1.346288044244759
-1.2575424679696479
-0.48874618985417984
-0.405810503834344
-0.8180033472103955
-1.6518079971390884
-1.1030257582428942
-0.802073047682284
-0.674518721259578
-0.6760762267901081
-0.40910396067966626
-0.7252661281597544
-1.1635231174421263
-0.8753815307825586
-0.3274377763066584
-2.2884482370855617
0.5478640514235413
-1.531880820033419
-2.9826164013256546
-2.363845950106093
-2.151096245969819
-3.681341174618451
-2.295227109704583
-2.637820191971606
-1.9301645778585714
-2.1746363833497644
-1.4063373433592656
-1.6034878274943207
-2.619515795508822
-3.0566321396175704
-0.5519164541713945
-1.84825802516846
-0.9417534432195596
-1.295423973176459
-0.7624420470730214
-2.5417834927971676
-2.158660499736539
-1.4417022497317438
-2.7063598773216673
-2.095416952172179
-1.075175672719058
-2.225118215513659
-0.9585795928744063
-1.261611541153243
-0.1074402164029169
-2.755656320371659
-2.1929070784538576
-0.4262313531385307
-0.802780041372066
-1.8479177914782068
-0.9504868327682985
-0.6629336452912417
-1.259528075539705
-3.928036698740695
-2.3350529293273423
-0.5148707691153981
-1.326248382718767
-1.8566671455444497
-0.4348263645104773
-0.813832453728509
-3.0813136694050294
-2.544002885982925
-2.3506704384613455
-0.15472066467433154
-0.5740226322281567
-2.052485868305944
0.16455883558730355
-2.0623028666743166
-2.3488627406811746
-2.9271832197299448
-0.5631644864665061
-2.121585843260192
-0.5370814188019218
-0.5708993172394143
2.0327342935587662
-0.40191758839685277
0.3954171154122139
-0.31983502312296763
-0.6348629077526654
-2.790856496105881
-2.326097006919296
-0.21473839363813663
-1.8256918031920737
-1.6087029866473044
-1.2085710551961686
-1.205590295579651
-2.4335021420861613
-1.0953797274890629
-1.3478815511964408
-1.4234600515368143
-1.865989906149178
-0.514981110466378
-1.1072926932320752
-1.5318743580648153
-2.038718288279251
-2.2032047033041327
-2.658664716461213
-1.3457022490158015
-2.731050418806933
-0.8894301085793318
-1.3869150085353446
-0.8998470169054343
-1.4437293827929354
-1.361216274072947
-0.6470907810702662
-1.3754669307565448
-2.1449927686305537
-1.5765067825331869
-1.7455809330206629
-1.6802256837713963
-1.8474395657101632
-2.425049742474754
0.316100931798445
-1.112566275850833
-2.879246593379583
-0.22201514459529625
-0.5176369542568551
-0.7889967932819838
-1.3647876622490924
-1.6295432453880023
-2.354224822650405
-2.756381080728909
-3.287854260852266
-2.2833120246285468
-2.4582893278427522
-2.831907818052348
-2.725512300446325
-2.4930676823427556
-1.9305766787852017
-2.72698199184203
-1.7413033974409982
-0.6485681016155989
-0.21985057839116484
-0.3708737887791058
-0.5627191944486805
0.28777059729847765
-1.2464596310593363
-1.6317299445766849
-2.611846427940159
-1.6105743210953907
-3.4655936767268596
-2.2733965228800974
-1.011834254199031
0.014602615151156684
-0.45727275508444387
-0.834694483215368
0.07740499608117979
-0.6384265832271168
-0.4246736218973687
-1.1679763489738322
0.10157381977691293
0.7485846627718289
-0.22856513040553983
0.8267070589432299
0.8703771449678124
0.09262823746564064
0.7923705325472729
-0.32128483666900065
-0.503844962138437
-0.9594847319138374
-0.6139673122767526
-1.8677679313045603
-1.4087446955636629
-1.5928144930475143
-1.2466225302056055
-1.2398831569892157
-1.0330552902987997
-1.19833466373447
-2.8069794762553846
-2.471138288862952
-1.5374328594900337
-1.392435842968236
-2.2738422636215905
-1.6040609543252478
-2.415157589105466
-1.1070604182116566
-0.18333953915551593
-1.2148452509476728
-1.4661168113519656
-1.9719510037443135
-1.3020060930717199
-1.4466348281575379
-2.3952370496741624
-3.053368893243757
-1.7222168024562723
-2.3327244693798406
-1.912424618799635
-2.2082423720079793
0.10396358878412104
0.20492419154479524
0.285462188284344
-0.2272539160632141
-1.3957730823055452
-2.4402214966426983
-3.114972504384398
0.24686965484647583
0.5481892271548017
0.1313539144106658
-0.5692192886668157
-0.34089743557210045
-2.3558864127754093
-2.053604089584207
-1.1851901602380566
-1.9880931843068788
-1.5727068927775898
-0.3518544656484379
-0.9792816576461256
-2.283627894085643
-0.9000961343950433
-0.8681992505427247
0.32795710992410876
-1.248265657066526
-0.37424918123594497
-0.8542132740241648
-2.2352364603585215
-1.2616789444914778
-0.2979940125584014
-1.7501279116225503
-1.312209829957991
-1.9600541539250402
-2.538336358148791
-2.0769784876187987
-2.3249998954189763
-1.1913338610320308
-1.631848726492758
-0.5184107702207477
0.11231504973325201
0.05062472923062189
0.44987425645620194
-2.2749753300624986
-0.49946452600023017
-0.9537850648786492
-1.6417899340399036
-2.239382980908241
-2.4637988618766093
-0.9312424266645966
-1.0578580128494726
-0.8541744855719047
-1.4939062907261755
-1.49403093595582
-2.2752507616581723
-2.5483108994907013
-0.9074783120088323
-1.753801356447324
-0.8422990122301168
-0.5752002976508057
-1.4726841705621128
-0.724436446122531
-0.8267062230955678
0.27545829696945856
-0.820957645133161
-1.2218998467565734
-1.3123925112582118
0.5257851416281742
0.1055485640954843
-1.6388094193097307
-2.3515925409728347
-0.7371018211053175
-0.6784360605982871
-0.9517202678236854
-1.0339410353300442
-1.6506543983940691
-2.240527250252429
-2.684744948321889
-3.2882859587067665
0.04724205956172223
-1.1440567042475913
-1.8103134617157932
-1.0528134018836794
-0.84520131821434
0.40720982638575354
1.3126238980019296
-0.9615423037590701
0.8705781860473278
-1.701076251096035
0.013706926120079732
0.21242119641931145
-2.0942052474195663
0.03358062649575211
-1.049331366369386
0.39296826323688006
-0.17159117048624561
-0.8227538754981261
-0.9638571147513633
-1.5714950324562782
0.5054546185997397
-0.5374498032276729
-0.04386291808459242
-1.559740845630054
-1.6348558835941762
-1.6597241127467346
-0.744919952646667
-1.8389260063415054
-1.7912082255177997
-1.573680161806588
-1.259750874182192
-2.5187878578841167
-2.2735322583388182
-2.5543988045680495
-2.4681047683003836
-2.362170626852641
-0.6535852025859203
-0.362745965554502
-0.2170622494546326
-0.5362627306109558
-0.4790810998469699
-1.3358648912199043
-1.9810972034750982
0.8552419021084845
1.009867155106199
-0.6939055327345505
0.7254736380581108
0.07152915143517147
-1.0049415621746336
-1.440945982959363
-2.069912746488103
1.113491912139388
-0.2245334470773348
0.23519038917161095
0.3201923573681442
0.4389500912752493
0.43498813502215294
0.40131063162618363
-0.49252026036213414
-1.678504125013262
-1.5456032386646343
-1.9297170875785776
-1.7032098804273208
-1.9514354259707207
-2.4556637181603174
-1.076370638605249
-3.2172643917208354
-2.431339375180947
-0.0011122822007214594
-0.015914392587398907
-0.2610750181983681
-0.946519853392388
-0.902122822628147
-1.4602360643469219
1.420976847624492
-0.7576151833540588
-2.418508715245828
-2.244193026968887
-2.2338922453550865
-2.0494723799511463
-2.2893921176590366
-0.7607251598804412
-1.531388041970314
-1.5899587795969656
-2.2995858796928106
-0.3900396032193163
-0.962999707625328
-2.6142407631853017
-0.6823823155955739
-2.174391727530657
-0.9855614376618342
-1.708654320755626
-1.3352582532513586
1.400427332414128
-2.7620438265253315
-0.13466263164805248
0.2554120721831512
-0.820207745530775
-1.2771564857890063
-0.37579088799006755
-0.18520517673952552
0.26778848038681846
-0.050851034169677733
-2.059017120195187
-0.6442524906100239
-1.4744550699820618
-1.574984050148888
-1.9991483408332216
-0.7720471938950143
-0.7822640853024969
-1.9850064962763048
-0.26407530173954075
-0.7289568213567351
-2.511985831711299
-1.2625627043684278
-0.6902910274564905
-0.764547418692124
-1.7448933865822815
-1.3465350655904813
-2.223703768100072
-1.910337850485172
-1.1820065878631398
-0.8133364003168195
-0.07099421952471308
-0.5951778306085085
-0.4774085637287566
-1.7256910556591667
-1.5661309769711727
-0.9654909150381541
-1.4995350537965981
-2.1059959790242617
1.0855858837207006
-2.3477563780972437
-0.37595406225465033
-0.8228514566769991
-0.8791696473537942
-1.256130884053627
-0.8031271962267477
-0.645801653061934
-0.2547280260558702
-0.9203011132750307
1.0594470903916702
-0.702865362516446
-0.9526197471618953
-2.1537113544974886
-0.04246720029409079
0.05928299332994913
0.07182871701818827
-0.17494418966583392
0.04494384405673535
-2.7465536142280627
-0.9764708910815693
-2.4180097715279043
-2.4264916057810653
-2.1603774214949496
-2.0763621542926045
-0.6543061198838369
-0.6626957531128315
-0.4397040499778575
-0.004629793910045477
-0.3734951878186019
-0.9535032233739773
-1.071281960889414
-1.779265877380189
0.480915731307631
-2.468940575988683
-1.1199640464391887
0.26668186500306856
0.6233701909385908
-1.3245623313111197
-1.99872751653779
0.484379558637294
0.09186452120935962
-0.0015887917334819202
-1.2344976778529462
0.5024635246523221
-0.20386656983719176
-0.7433226111373286
-0.6528749457797118
0.049351895621956965
0.11419012814983853
0.373199172320982
-0.09175861025440835
0.6630112335541246
0.0745009432478525
-0.16333099714904287
-0.16955032743035936
-0.1295803940667053
0.6059103601164937
0.22652602023083035
0.6117775140255588
-0.9385879337309181
0.6421636937708283
0.7354775161557074
-1.016884672216555
0.37796794391705424
0.7273773668156679
-0.6447165360728695
0.7456794230100021
0.2500315269222042
-0.0764649888955179
-0.47121237662057247
-1.204978871063327
-0.931017391830726
0.5461588056625362
1.232191894680438
0.3885082650306273
0.7514427853103485
1.10728576086637
-0.061524206462537645
-0.8764882493734618
-0.17107259974782574
-0.20958920872941222
-1.3467991469844574
-2.171666337080458
-2.3883182682960014
-2.294993604906447
-2.4744558298810313
-2.813910833364959
-2.343207225889924
-0.5567191537396666
-3.618211275776437
-0.5309692632401424
-2.301044377224418
-2.052098723327232
-2.5635434371910173
-3.662108679078117
-1.9268697920446376
-2.2709331772024943
0.24383511441154893
-2.8246357844077012
-2.5714758132095907
-0.6103252340795177
-0.056401500589968734
0.14011192006108852
-1.7266864901817547
0.14178309912888398
-0.6590885541551481
-2.1715492172138218
-1.6644461491961426
-2.094498308467688
-0.9604210141060551
-1.8980318224195667
-2.161795784524079
-1.5897940181695778
-2.253629533490366
-4.569809749846621
-2.0771971703203604
-2.6849542951560115
-2.148917408549023
-2.769942818769847
-2.4152311316749087
-1.5145708527409594
-1.6956197541628122
-2.1278579148396615
-2.552743643636529
-2.4491988697463203
-1.0588018332768399
-2.0865988912376316
-0.8625421877037128
-2.2976191698165502
-1.5683715875173583
-2.1249125099328787
-0.7720685859926752
-1.4496952115575785
-1.6253276752171628
-1.7700496693621144
-1.0291848664196233
-3.673295389410475
-2.0417691111601197
-0.8458920193520827
-1.9466870453962122
-2.344964210465274
-2.464799122215815
-1.7270583872637335
-3.3423295575517766
-1.8642128328991765
-1.4013923280534706
-0.4839245961349421
-0.7111748430048725
-1.3414077645706306
-1.3033334766406248
-1.3195951514686537
-1.2183280204831317
0.44091757679127164
0.10020941049114895
-1.7797384784843608
-1.7873095455691677
0.021381649373594103
-2.444166190800658
-2.411841788004419
-1.3955821321312083
-2.9984570465200284
-2.8896523788517117
-1.5560954529184265
0.7045862463491539
1.2849657340980183
-1.3226275700477998
0.4035665950128917
-1.6345969715091764
-2.321589736650486
-1.439733575128201
-0.4976220548658157
-0.7755467467216944
-0.8868915065297046
-2.6377657912626775
-2.3765432704462013
-0.2969231385100599
-0.5143120095343355
-2.4875662712467674
-2.4802209077637
-1.7827117976701499
-2.3362913045918634
-0.6192092762513901
-1.9472279416529263
-1.7239573590376316
0.2770259821178229
-1.1229610332876918
-1.1137405427375318
-1.7216558493651355
-2.3570323667280837
-2.4884488126331954
-1.8018395515430243
-2.217648092879549
-2.5312621972686147
-2.1402572322922833
-2.258162885254378
-2.4202351430762645
-1.0512887096302752
-0.399530439992112
-1.684391088083994
-2.587660542532688
-1.8752321125891835
-1.2229126263056798
-1.191924647813435
-3.0705468930594035
-0.8208867707166951
0.5764641283839416
-0.12495314007357816
-1.3855441632058163
-0.21877637398792704
-0.2655437286091661
-0.8372125529658245
-1.1456955058216716
-0.36577143184676886
-1.5127346274033775
-1.0080849470648046
-1.1279979294765403
-0.5372698723145994
-1.297081401170672
-0.25797102545776296
-1.0927554841983391
-0.6293983252375615
-0.17048773452974386
-0.398346353933288
-0.08371743803799592
-0.4382932404795121
-1.0129791981328693
-0.7547984965798691
-1.169731876075046
-0.24791623237315386
-0.9037935027417736
-1.2897374987496621
-1.4700752229780187
-1.180942639311338
-1.127719790705588
-2.8598213457744723
-1.4983614034822432
-2.82057872322829
-0.5302871913673175
-2.8291888248444357
-1.0781165803247053
-1.4820587671276289
0.06467412279688856
-0.7366967070948569
0.5479219013493387
-1.7782119749150405
-1.1313242471272753
-0.6760935445209271
-0.42100202229643424
-0.7376676043608843
-1.5528509617979367
-1.7291192497819026
-0.4319458835376213
-0.20508556999191874
-1.7635708242096062
-1.7943118901974757
-0.804635950445009
-1.067982562409002
-0.20630199424387963
-0.8105253816754436
0.020678920171128823
-1.0731798263073857
-1.4348097059611988
-1.7732250260928555
-1.6600122841453993
-0.1959672572067217
-1.7566673025512534
-0.445136229525781
-1.1360992822083278
-1.6828317099773704
-0.1333725711711995
-1.0618670262170722
-1.64087055477262
-0.5360810565484385
-0.5842092304443172
-1.3423324112477355
-0.48889183384041557
-2.0559168963354164
-0.5161348560036616
-0.3098957176656493
-0.7133794617504297
-1.4858200045171572
-0.17201800837408965
-1.0173245881629385
-0.9632718871887336
-1.9404026848491407
-1.7990062222028467
-0.608680422158161
-1.7203384331253897
-0.7987713569978891
-1.8939869511992973
-2.3557108214143776
-1.1677209467542808
-2.349159552459243
-2.5236182354555794
-2.218416864572961
-2.258196641576151
-2.4065308424426863
-0.6850596663858464
-0.9608380073556362
-1.5727770688540548
-1.7098327928134802
-1.834344626554035
-1.88961472462781
0.20424665028446998
0.016952968004668723
0.17917695167423198
0.4591278718067511
-1.6149343263315714
-1.3219015567677805
-0.30623230350920183
-1.5018123682723854
-1.455045096775963
-0.8162609728524154
-0.6633164681491039
-1.8616345699006032
-1.3338413242727063
-1.3401322377174043
-0.9750286278490367
-0.08800845840556537
-2.0818904061574917
0.10824679217261224
1.0081398897586005
0.09466582247746858
-0.8023711215983019
-0.11243159453932927
-0.0877309617685249
0.7488627426636142
1.4490829006920387
-1.9845555558794659
-1.1334057191451419
-1.8900700115750224
-0.6247285065936256
-1.764650283833372
-1.830478679875989
-0.2927744139548587
-0.4701240670958201
-1.6213292429265176
-1.7771583771466966
-1.531145195698858
-2.166299418266396
-1.5194353923887245
-1.176379509987813
-0.582484955768263
-0.704540684732961
-1.2925598626155175
-0.5959435122927472
-0.9929161127034247
-1.0651844606772467
-0.41360955387389775
-1.3852563382624403
-0.4968393959739239
0.08528314242094415
-1.0560508380114655
0.22627371451785172
0.3341577936055815
-2.1869593126371973
-1.570648998591535
-1.1961490588317956
-2.239651036313373
-0.8146421889423422
-0.10925738303296595
-2.250867981807791
-1.113654595323807
-0.8718024650596051
0.12674618572393492
-0.2170591797107615
1.0435717551226398
1.6231289843321126
1.0973416006042191
-1.1375913470611378
-1.1986089233164732
-1.6514504807106656
-0.598896957293571
0.7468470946260323
0.0625427874408
0.18037016670367811
-0.03223049706228931
0.21905356622261185
0.7390976441860525
0.32729720275455243
0.13081828956400288
-1.988970328093779
-2.804350170363999
0.3424207152721097
-0.31730783590780165
0.06007449876251636
-0.8522114074882713
-0.4805240676247993
-3.5899655379687307
-2.7084822735290555
-3.21909368550127
-2.6716134851271773
-1.2579534103894825
-2.3121838042744898
-2.0847086388374456
-1.9554567232092244
-2.3246906121214588
-0.4163129117270159
-0.17094241458049753
-2.1475224407889475
-1.5774331270069373
-1.4927963590750415
-2.3309909365797843
-2.7760274489090593
-1.3930206055732568
-1.9863778799781284
-1.8480900890354057
-1.4695677365921915
-0.19951583703603748
-0.09821183148614643
-2.459764046040992
-3.3878618752803336
-2.197634201106409
-1.2764226428252976
-1.6160759830359648
-2.0935475331909004
0.33217728788808953
-2.278053713011584
-1.5060198446760422
-0.9973317996829913
-0.7639215149469819
-0.9273455158974679
-0.5396362402847652
-1.1150668728030038
-1.7730750298242999
-1.4315514455083043
-1.8586406525092638
-2.8565754639194307
-2.6203900356442387
-2.5410302004122496
-0.36375553144991013
-2.4437443537975643
-2.658587631471507
-2.3686676805769835
-2.2343255462655525
-2.4186187786231628
-0.9099578189850361
0.46585312763407183
-1.2702412825281038
-1.3530082910336807
0.9177925053710374
-2.22163598656594
-1.4058953187327088
-1.187508043762725
-1.5333619366250755
-1.7861684207948798
-2.071714522001268
-2.4668547978627773
-2.446877714274973
-0.35195183017748355
-2.4225612774285183
-2.646854434225147
-1.3028189276775377
-1.7849529966358175
-1.07795977240231
-1.361287071040191
-0.2613447373254659
-0.9416620873603603
-2.034324632249194
-1.1453544947538683
-1.7448948242629179
-1.0744467581969641
-1.8490265945690019
0.02760425236595787
-0.16016156140418714
0.062155846255772085
0.8062052189200372
-0.04864905378478446
0.6191022446555654
1.3305589048716506
-0.45281887906095597
-1.0759052786741055
-1.0055351773912404
-1.4700784014805102
-1.8690895324197871
-2.1627019422163345
-2.1842370445823636
-1.6325767747203388
-3.798438272990194
-1.9995688975053136
-1.0454773494130403
0.06579094529648666
-0.6101388290750804
1.9015700683285057
0.49645084386551397
-0.06523181059394867
-2.376484246405362
-2.338005640736748
-1.8140879584682894
-2.553580046567851
-2.335022220117003
0.794283514377199
-0.8397065066188625
-1.0015470957372978
1.8950167417557227
-1.5812580268865508
-0.16717204898392934
-0.26230686927974023
-0.275933482297831
-1.7397760833950975
-0.7538744141452904
-1.573362660135529
-0.9674561978355694
1.3455488405944014
-1.1301284219823
-0.42935688761505086
-2.7902437349492484
-1.914525725700396
-2.469848452383599
-1.5289568151216124
-1.570020234849431
-1.7801015126721764
-1.588576916027025
0.6432682393148226
0.11423221414010354
-0.1317218907658413
0.39716741050420734
-0.538261993248352
-0.7398250601526856
0.2485663649145161
-0.21956458919288058
0.34832332944950806
0.774251948356046
-1.5424399737942518
0.8856854037259845
-0.5520579196961907
0.37969588473389315
-1.7470860654915874
-2.3409149820569866
-2.061697505294826
-2.0884461710546542
-1.1083167311985662
-1.221773740011584
-1.7387689997393754
-2.494437980428291
0.12507661050247487
0.6635650544291134
-1.999767902630882
-0.03610415499408415
0.9683186284271447
-0.00955159789543325
-0.20641364962666287
-1.161513073817583
-0.5046939099522039
-0.800547255056405
-1.738538441510383
-0.7540856657046611
-1.229330325415397
0.7224128060243484
0.09479057166257232
-0.030105090246771216
-0.05494715531726113
-1.4823244783527814
-0.2630698373970387
-0.7182861317948239
-1.9408320820063687
-0.8329049456787969
-0.9472900246396254
0.48139746154393503
-0.6384894760087068
0.4609884404392076
-2.331401555703592
-1.4621851846455594
-0.6639039483952217
-1.9921618842247715
-1.8451480847701416
-1.2180443277071713
0.6112784649973281
-2.188283184399332
-0.8603424853268002
-0.7360803321988143
-1.651312728514342
0.04966087924170082
-0.4261985995022145
-1.1891443305741554
-0.47163619148311
-1.3477411790005018
-1.7806559991749993
-0.5832029793270829
-1.404094285601949
-1.336770025833946
-0.20550989812786202
-0.2489679798132226
-1.5571049088828568
-0.10528385225648473
-0.3559218811665814
-1.837161293520269
-0.5046233252221379
-1.7696694573623635
-1.4757021465847497
-0.7424948829361526
-0.8102441442908919
-0.5739233853752622
-1.2688104252956869
-1.424993189798419
-0.9726083900705236
-1.881359625435775
-0.495485572008838
-1.2609705163178742
0.031247199593015695
-0.7774583619029379
-0.5374343356102712
-1.6406747132127966
-0.041500993834271305
-1.1462929553676136
-1.2028069948517062
-1.1390360447917274
-1.367602640783511
-1.9783890273850044
0.09641263408417378
-0.16415979552756332
-2.282563129536434
-2.2370011962451937
-2.4337143885820205
-2.418313629661228
-2.1545316689974032
-1.2992629364572474
-0.8965623559776972
-0.11161122345033614
0.3727032751322261
-0.8654765283547009
-0.042119426459497844
-0.7887868133960778
-2.0690042522811622
-0.6074671214398744
-0.7574274581949556
-1.28717724553845
-3.047015861186213
-0.5380706538643958
0.5999766916792861
-0.01719788209289641
0.15091182762955158
0.15871415611057693
-0.04976701349785417
-0.37195765413351667
-0.9164855611802181
-2.3035118535285233
-0.39660590599019696
-0.7433693626113343
-1.331536214785241
-0.6119574666896646
0.11928954852153983
-0.12514664157361088
0.10291764323558206
0.6202391708706276
-0.7145910842297474
1.3215612013127227
-1.143216897699405
-1.9469928489614734
0.9482203411455778
0.5480598768889183
0.23868820167784577
-1.7209322167771246
-1.4267719862332964
-1.3372443679212795
-1.6150669111094171
-0.3968619396737949
1.2530911285883735
-3.333156330350797
0.1951934735835329
-0.7096453720559006
-1.5047054133292268
-0.28761867668144936
-1.4007026591391778
0.6498423108721545
-0.6024631935010555
-0.9277760481306305
-0.8958728709117482
-0.863538729834826
-2.217832939488515
-0.09104121645881658
0.2742967170630297
-1.6890728259809271
0.7103021433466816
0.004561431076228972
-0.4731821636166045
-0.19086832713838642
-0.8011756541119278
0.07958842244501163
-1.67829522910337
-1.4671637838328573
-1.141707249454571
-0.8375876582481887
-1.0628406523929146
0.30973608929304874
-0.16047052217428281
-1.4738448440802707
-0.43314370105606503
-0.9047772025559797
-1.8293105252460702
0.1148034326094246
-0.07316950426741964
0.46749767655999586
1.0276048129823916
-0.9644097385581879
0.3380680232924622
-0.6294109816759541
-0.5206579351400727
-0.8038877903140246
-2.071770890231195
-0.8562747594605259
-1.6182916803558276
-1.3299945817693815
-0.9376813293882774
-0.810613275712212
-0.07948890206202885
-1.3095300779280004
-0.010371842142454346
-1.507596703680315
-1.4165046134619992
-0.839841552631927
-1.3065788206674909
-0.6411139776963672
-0.8281368236821964
-0.4032757823156199
-0.39071473529894196
0.4797509895072093
-0.534715900740323
-1.205606362573165
-0.7746349225254965
-1.2659959434488364
0.9970553597995012
-1.4811299858748623
-2.25191644167976
-1.6494381802406992
-2.613395745975736
-0.9901034474888663
-0.3325236263829112
-0.8858055408009506
-2.132249208345698
-2.3054917591016766
-2.5775529331292684
-2.092245112574247
-2.434469315990019
-3.6590473652907214
-2.0713320222001066
-1.6142051132913555
-3.159025830075181
-4.389824369762473
-3.202143782674292
-0.9786249930085014
-1.1446822472283569
-2.57348438611319
-2.0275666772594687
-2.2928282508751816
-3.1659375309373248
-2.493569184126261
-3.075163487032871
-2.0281053170254637
-2.541013123181057
-1.4733825806266094
-2.8464161717053513
-3.5416903839914697
-3.0234596637168494
-2.4787014379178047
-1.8447171530219373
-2.1833494382077507
-2.5787117351931608
-3.1544090384441517
-0.2824963647964166
-0.2210405115432229
0.6084244793998268
-2.0611891235875834
-0.7927941031070717
-2.7399044058129065
-1.2636395110262044
-1.6912950280705357
-2.0495417078913585
-2.719336109985471
-0.8296798215803878
0.020733104812791225
0.08929048704048581
-0.29538012334574304
-0.4148425584378791
-0.46132627440194574
-0.9259344450837014
0.873582450556879
-2.669755903001927
-1.414138921674629
-0.594145700690101
-0.7473281738117319
-1.460630249087436
0.8548875283168911
-2.875863023204086
-2.0324227349458353
-2.1969578395666898
-0.2639405804149625
1.431878803785736
-2.0238254296077454
-2.8861773915991695
-2.033092702246332
-1.3170467926048905
-0.5586767780438578
-0.7653489732894068
-1.0550996888663908
-1.521597411858868
-1.2368997192829678
-1.6099823145786663
-0.7713128962593087
-0.9022917587885729
0.2384988102435721
0.41194064453290014
-0.8228321278709319
-0.22338648892325863
-0.365173570559966
-0.081770270579826
-0.21607792368692258
-2.5021834522619724
0.027068743601698753
-2.295887368731588
-2.212536353498613
-1.1578676654062603
-0.5712390131589458
-0.9631555218660075
-0.6983525465071023
-1.773989463212727
-1.2658847576042191
-2.84912082179872
-1.9093541798186249
-2.889739110299274
-3.0418384324928063
-2.168641591305876
-2.925617630033898
-2.2986838379314336
-3.4615744162882964
-2.2526863131547072
-2.469410152618761
-1.2452497370491165
-1.6409883804248104
-1.9877085343843715
-1.3381490230400401
-2.8632591987430773
-2.00263860887199
-2.2719798995813063
-2.3785879298073684
-2.7027260634894477
-2.107489102296856
-2.8325730199959795
-2.920064713963736
-2.836086036962186
-3.6130229039651764
-3.2362562276033175
-2.3086001256400226
-2.7242540160124467
-1.0434769462409443
-0.9947007366653757
-0.47685153253957324
-0.9950183173475712
-0.16542282345126247
0.26250474725282213
-0.02484342850091381
-0.7403894629013692
0.12685997602534904
-0.11364809180823343
-1.0671258610566905
-1.245356146648506
-0.7369389580197753
-0.9132422401024357
-1.8639370327347442
-1.4111057477957816
-0.29166394362273285
-1.9813875131328147
-1.099067624178826
-0.8926952570591483
0.14315775353553595
-0.2409280346893795
-1.76802867939287
-2.331523774891598
0.03994429198273597
-1.0120813787539666
-0.4287005390303622
-0.6783817498791714
-0.4237820836943107
-0.5775051046570084
-0.8929461998262908
0.24033644819081323
0.61428528976028
-1.109937385212676
-0.2126136853896804
-0.7257726696558643
-2.2714114359591386
-2.7345867872331553
-2.616327895598145
-2.6412704702361407
-2.812630288746772
-2.4910991493389543
-2.6663335600245994
-3.0345807811432595
-1.606193713907328
-0.6950886046598446
-0.3777085910146507
-2.1572240181786575
-2.5517410634872366
0.5838141064334137
-0.6530447919501036
1.2664673979562182
-0.11639444933334064
-2.070227647319257
-1.206486290528052
0.4488517685287553
0.6687245734397158
-0.9638252671934242
0.15273508288436144
-0.1308218342080978
-0.4721191960645501
-2.2009380382238235
-1.7434132696686058
-1.5348950845403764
-1.5275965006103291
-0.6912533176875617
-1.4210804268252069
-1.0827410874121304
-2.5100080497173995
-1.9865380344765704
-0.6150919693703423
-1.2759179166587074
-2.8859500588537417
-3.427523731515606
-2.9463746914316307
-2.4301745370849144
-3.490478982489019
-1.7053358083221535
-2.5446936134089952
-3.2878119287348273
-2.662146821547898
-2.2809234761616137
-2.901289486248336
-2.500210729804778
-2.2668309442669123
-2.435331808703605
-2.333541141000222
-2.970196004449328
-2.243973311818977
-2.440406928428539
-2.9903992407232884
-2.0608426479988706
-0.5765734411875403
-2.7007277532360954
-1.3841288189177656
-0.8686183716171245
-0.22952186898355653
-1.9548688882131386
-0.12156392490213008
-0.24570436253127959
-1.221798541930319
-0.6706848286039419
0.644207102146124
-0.14247588692699842
-0.7954315561088733
-1.5325192761542445
-1.5501587538217079
-1.5427877138344195
-0.417148510152324
-0.9770358817264602
-2.004754385025436
-2.1834770620561827
0.25132318148505983
-0.6686262526492699
-0.5314278417698988
-0.6095560162160159
-0.1849106274451826
-0.7739426497131168
-0.7670244461539264
-0.12889071228137117
0.3386928911299649
-1.6489671773260524
-1.2744185923617843
-0.6299742827061592
-0.4876277728138855
-0.9808043786641798
-0.48725989389876756
-0.7924925615786228
-0.6172816485497632
0.017512457034664308
-0.3620371526384645
-1.578692461358333
-0.2556335391630047
-0.15424589787381704
-0.01654561533676957
-0.09838882266041049
-0.277590793455032
-0.6405964234086328
-1.698797904956375
-0.8331525839613941
-1.190843034257599
-2.015234154808703
-2.221098617861166
-2.3876768219229545
-2.197129841648181
-1.6660102880638064
-2.1515795803116218
-1.40540286738965
-2.2523193275307407
-2.999815433972772
-2.5505501021094847
-1.87654333988422
-2.5414095523317415
-2.3887432105304844
-2.724220493569117
-3.386667184353098
-2.3973157955062363
-0.2215678216587853
0.2570423584262952
-2.1168083915961784
-1.738946381853945
-2.1652134709693214
-0.5683174551007215
-1.5354432160264164
-1.0906070428594095
-0.5577511079549891
-2.1155570545541402
-1.6921373524682002
-1.9704716478315314
-2.5356463617165645
-0.6254838644477808
-1.8905695923739685
-1.9729609595465
-0.13759600078221879
0.39658036564140176
-0.45469077981507366
-1.117898861490791
-0.15396039594906097
0.1747788632541143
-1.8584301746971006
-1.3541425212193838
-1.5610169505494207
-1.0945531619873967
0.15621124634488281
-1.614079325695975
-2.2515372040170445
-2.081844252541483
-2.296775880441218
0.39790811003972437
0.816109103672056
0.3045878704663991
0.3497927725179697
0.021695354884189166
0.8275884620508838
-0.9556037567128288
0.28679447251466184
-0.5997742221076193
-0.32209878970827727
-1.8639923668397165
-1.0662679262383943
-1.7049794544179497
-1.4293282683715867
-1.959510834404952
-1.2214763063914158
-1.6038299758729413
-2.1817645507428285
-2.740853052790782
-1.7125803459896942
-1.569342905530846
-1.595845317124207
-2.0504630381307574
-0.17156004370026945
-1.0168015659366778
-0.07669028505591169
-1.3894470016054883
0.3891802834829785
-2.559409527858575
-1.7313681077957122
0.7334318183074835
-0.5165073383711459
-1.15823536714755
0.07831340297908873
-2.1372078917175257
-1.3474042508090194
-0.47298950331971157
-1.027901107127099
-0.005831028317831999
-1.0946758471333786
-0.46783020218576943
-0.5218052856820767
-0.9832743966426927
-2.6641510434322107
-2.8286721111762954
-3.3068648358845367
-2.9056044946605724
-0.7257268569523996
-0.46284637831014974
-1.8149332168832002
-2.276821678164986
-2.550860772625847
-2.177752574309204
-2.500604049226767
-2.2060307046156664
-2.8125303036830265
-1.8541897573687687
-2.4156058496811954
-2.25810147478274
-2.1296451145598767
-1.8887065395005962
-2.617568779447386
-3.8160957996408342
-2.4626249831390354
-0.8886714774065428
-0.21321576742731546
1.174959155569373
0.05610008821758472
1.2341870425072283
0.2797144379670735
-1.7070472702796935
0.05836165188862008
-0.5404943078318438
-1.1966440061079888
-0.3628299792035178
0.239656284457604
-1.23790390488445
-2.184026581758657
-2.306023901710995
-1.8612422761942051
-0.535208351141931
-1.3387807843663992
-0.29220424765778497
-0.6729177479586861
-0.506435431943385
-0.7298250540309469
-1.6048653736920628
-1.1078130306303913
-0.8755763224315007
-0.5715511198939889
-0.802589267053667
-0.1704272885396183
-2.52049588415707
0.49979297537491263
0.819023686171149
0.08366512629547374
1.3462615993427134
-2.530880582548805
-1.9738558146973608
-0.8570062339651074
0.6775208013403856
-0.3562171702740138
-1.1769121745910924
-4.404513451995639
-1.3878965799238785
-1.9473610520432367
-0.33404355318737944
-0.3965341771663752
-1.2317807672307923
-1.2258299044431646
-1.57704669113126
-1.827055888469986
-2.4500893259211907
-2.0031973410741433
-2.7841723278973394
-1.1934177277387141
-1.9804312544724518
-1.2673767588059608
-0.9885772435472728
1.0435448846355633
-0.5448738981218572
-2.551575249161724
-1.0712049511260693
-1.419842517032861
-0.18230549626785064
-1.1902966143392344
-2.3902946306849597
-1.2177996581576562
-2.992168956888247
-0.47195131128430157
0.4681725407484367
0.9418614879195161
-0.5944125933129545
-1.6281591998606135
-1.9461157681879881
-3.499166685912249
-2.6717096870067203
-2.683163224101799
-3.5635296013908295
-2.4858171687941684
-2.5646771131516237
-3.040920204708771
-2.154246437939146
-2.2215759467444895
-2.058286095353464
-0.7065026830415371
-1.3141676818015102
-0.8895167917703489
-0.0279737308847956
-1.1288099766692012
-0.7323645727740709
0.7892179972865262
-0.263634701697129
1.0371175935125958
-1.0974892346147094
-0.6957519819631311
-0.5860125809486889
-0.9533550770504915
-0.15475303845210042
0.019034028587622376
-0.8884753456158314
-2.9643611245740695
0.13847856953007875
0.06370851463709193
-1.6559547265868675
-2.505882316472397
-2.17057413052238
-1.9326249060690235
-2.6856902842978787
-0.668511751564181
-1.0200557276637683
-1.4305489164055947
-1.1050395175697805
-2.767679003242333
-2.4057113260599667
-2.9241634179446354
-3.366610710921747
-1.654498070085269
-1.6029670011392536
-2.811273633938682
-0.25824087341107815
-0.5885388085947623
-1.7695812374365492
-2.2748855284553633
-0.3485198623205975
-2.7883004362844295
-2.863773060664204
-0.8332243109378823
-0.5577610324305253
-0.8041680469315085
0.01972509147599988
-1.3921981584913055
-1.681484333944216
-0.8911608177132619
-1.972573094184312
-1.5373094452107259
-1.0586735937563865
-2.432404833580954
0.08073141219879765
-2.6815193529624795
-2.0664598227548137
-2.1707898654692466
-1.55936198340006
-0.07612793889909653
-1.4673548139974324
-1.3102762958027931
0.6279192251914496
-1.3452705061376051
-0.9490016124027609
-1.6659259543973668
-0.9824894559845604
-1.3049056483440595
-1.9899915155211136
-1.622702937408864
-1.2505663308685484
-1.2189489175345831
-3.9838559861955645
1.119572637215375
-2.9948647938434796
-2.753298823660545
-1.6984397472492847
-1.7416774923326883
-2.031394973622976
-1.697782706239623
-2.077939323291081
0.7785840692548701
0.9430930720489206
-2.254081934342244
-3.7913816711181
0.7447901966727827
0.43978740495845237
0.8018290593954169
-1.0626657588971302
0.5465202410933637
0.49951190593534184
-0.5277034580485276
-1.4178364600466646
-1.354988366293633
-1.49340938503286
0.08018794047338462
-0.785726425909004
0.1323459234397404
0.7314408111751052
0.7213609682933141
-0.3711617728275012
-1.4053280647639292
-2.7486592291003333
-1.7014256057532748
0.3538638983258302
-1.39883464145215
-2.2822610295031085
-0.8883217143312818
-1.7904448236408124
-0.7295866390713801
-1.4395161248451909
-2.2576579930769554
-0.9631342039730426
-0.9526380656096576
-1.8478356876218531
-1.3954213665639794
-1.598593300584446
-1.830207761446134
-1.519016778529585
-1.8864949059254155
-1.9205384535865795
-2.48002919998172
-3.1978347170651973
-1.7497759003393532
-2.103108122249906
-1.7730234462314471
-2.4788866799193188
-0.3448151454815933
-0.43242560221402404
-1.529092710727741
-0.3165123762574945
0.7173932311177745
-1.0968058125172822
-0.8907462439493191
-0.6655889200903314
-0.7680697508779963
-2.422885094311393
-2.0060475140617235
0.21497861960715126
-0.3136007119579971
0.7759121742939747
-0.2963121853482249
-0.921468028783972
-0.0687477717877163
-1.1737267340022184
-0.4325539359441557
-0.3036928528330747
-0.4738049093203825
-1.2891249123045738
-0.4649118500592506
0.04356911762609794
-2.2265700804083055
-2.3792204314637915
-2.335789866134915
-2.1511704565180523
-1.9104459552299786
-2.5839750567342206
-2.48378386984012
-2.3313491653327016
-3.487919592351912
-2.1575191317141384
-1.2227958467097173
-1.7629956698506968
-3.372865631827333
0.9185970970361438
-1.3708065578062487
-1.540883945074829
-1.7041423947526342
-1.0664168191282208
-0.5197608509983475
-1.8267044107717954
-1.026081408642072
-1.1767261850857096
-1.6648049467500314
-0.9158570621690325
0.19070481574217535
-1.834259756301265
-0.5062376646182374
-1.489981789533394
0.2678419855983325
-0.11205730920742796
1.26763202938993
0.13962196319283193
-0.6359457061847547
-1.3966302830942032
-2.0016515375382244
-2.8106681982949855
-2.742897812365607
-1.3616565811709787
0.3971196816177788
-1.075474810229354
-1.5944984987660435
-1.5048249089826795
0.32048347538426525
-1.2864806516441603
-1.6749095324544785
0.005142308132478179
0.3792145047705323
0.29697981056035827
0.1472957166249267
-1.1630940787025001
-1.4198544106736353
-1.4869756847207083
-1.0799133046796292
-0.7987989929622302
-2.4048045706666024
-2.1657859029031705
-2.781545330714451
-3.428153186513085
-2.5576360705950276
-2.511761095612189
-2.304971089139333
-0.9228292772091062
0.6820721248205648
-1.1877401852342464
-2.0510101270480625
-1.6092422431021247
-1.6996223469059084
-0.869676359339288
-0.16303919334691053
0.17650898411635652
-0.9715634133493546
-2.842265838375105
-2.6360820045934226
-2.3651498248291256
0.3555683296757861
-1.2178656291451995
-1.3280637327381206
-1.666052014320748
-2.6445057371343754
0.18549120052148194
1.5169821647874837
-0.34723580935692033
-0.05842620342598526
-0.5414059677503902
0.36435712545420684
0.6484294892813747
0.3181431862286459
-0.03217738894623001
-0.012645052613960539
-2.039148767579715
-1.4468149870965794
-1.4514439579928302
-2.4389385809151785
-3.5892677909330093
-2.917768753404758
1.1947709590704334
-0.06405718071352329
-0.982504489380147
-1.1345645809998146
-0.8821403792221885
-2.4603712978611223
-1.3482284851156021
-0.593589298101133
-0.7895221424856672
1.541001932168015
-0.3229801922369192
-0.7659492295246264
-0.36897827061366556
-2.7795114653567987
-2.489170741651697
-2.479604866228941
-2.02962123346155
-1.0810938105539765
-0.1265255911334997
0.2238934783466806
0.5477970797246917
-0.6200204108270321
-0.16424139854938935
1.0322310641226218
1.5033225985263008
-2.450475970732092
-2.398017269183611
-1.2386842980102035
-0.9928858798450875
-2.3440251766746676
-2.58506528830456
-2.982157938715685
-3.5703167117149164
-3.574711567893841
-2.6569205751115534
-2.5819674521908773
-2.956345269450866
-2.207223648909905
-0.5384448209218948
-2.5021659364520117
-2.382923997889751
-0.8180860968083592
-1.1924106380676602
-1.1393631357245395
0.16010366144433397
-1.1744481155591027
-2.199285085611705
-2.0881786549810046
-1.2954016693301802
-1.7785460351097133
-2.4961690435581065
-1.7310297251096332
-1.7924744133901604
-1.3524091079249698
-2.5803401297444393
-2.030926552490238
-1.3086590209889932
-1.2030008147287132
-2.6950207414431344
-2.247368639597544
-1.173858780354176
-2.2635636590215125
-2.299809259861932
-2.7524227448871654
-2.1281760807424925
-2.933272819167807
-1.7460443841993376
-0.8293800409959943
-2.8539879743410195
-2.6755390885853423
-2.448517477273085
-2.325793761144927
-2.501135256214061
-2.4936309021833893
-2.0464476368016715
-1.8253454624848842
-2.308232632577871
-2.9303538407755747
-1.5297404370559962
-2.5778820700767326
-0.5133403796519366
-1.2386079878878098
-2.667365832340966
-1.9857764854457
1.090173533386309
-0.8023746892885505
0.6565241893851004
1.1372169347254093
0.7085981868480107
-1.351757291233892
-1.0633659624118943
-0.612222588966319
-1.5350156570437037
-0.8350318791058441
-0.3588416772683636
0.40132038868346787
-1.867170585260833
-2.9033808366360105
-2.2367043363630876
-2.5564186930438035
-0.8185916626329433
-0.1085872666942369
-0.6375442087370261
-0.9945924795084391
0.06097175454814496
-3.3759006479233458
-2.3709462003015513
-2.311513854607482
-2.5981273305617756
-0.8854822939483527
-0.7706971136931648
-1.7284384732113522
-0.4681557701909209
-0.833152167634525
-1.017317304660556
-0.9881925484688147
-1.2125184381103242
-1.8666418598082863
-0.9157067246176392
-1.3172699190749495
-0.27317841197673964
-0.6622826971614824
0.40476888438094294
-0.4968068316441274
-1.2055213690701723
-0.9060671688285293
0.38073872091913374
-1.6647265475270943
-0.613136975069345
0.10142746318920193
-0.869123279416846
0.31199761187894937
0.707616218794602
-0.23163734712167394
-0.40740909220931887
-0.4106210852280425
-1.0850941624031822
-0.5919324095733801
-1.810436259710725
-0.07533757550507203
0.7269276656575931
-2.0074302753201465
-0.4783701741248172
-0.5654094227797906
0.6788583190840212
-0.013737276227013817
-1.4724803954475996
-1.2814189184510405
0.045867132064174365
-0.04054010246688722
0.051934652326901976
-0.5131268596881781
0.6357322254006592
-1.5206042046204613
-0.617731861739685
-1.7156250061554346
-1.581638093885956
-1.7849679594482577
-1.5654466416260626
-1.9186299184884492
-1.635987336175181
0.5475775385437671
-2.503209702907201
-2.4989975608295802
-1.030905737938292
-1.18021436389013
-0.44947953780939276
-1.0666602337027302
-1.2138438510406129
-3.0447338381620908
-0.892648631224179
-1.4756486230298191
-0.56213550290056
-0.7023016341912499
0.3400333482020711
0.5198556523304525
-0.6712030280744172
-0.8403681732368282
-0.6793375429908513
-2.321989753151248
-2.19641399423681
-2.580614542646126
-2.362070407619832
-1.916385692671276
-0.33382188111555133
0.3823627315033259
-1.374979149457638
-0.06744767353349412
-0.2662890334648419
-2.629171998206843
0.17489706064254174
0.24988922446405226
-0.740699801426591
-0.28642351865843374
0.042434676982979314
-1.0575882899076403
-2.3977460629491723
-1.5497344654210048
-2.411742493041621
-1.0540080749973773
-1.5285316422747812
-1.0686533778620133
-1.1368394301848401
-2.32713303068366
-1.9700989535132396
0.385093592540112
-2.5884989108996086
-0.5918429934240201
-1.8208581294938386
-0.7891671711633407
-1.5337689308346434
-2.5944393233621144
-2.14894106191493
-2.0339398019751265
-1.7531635804067842
-2.1636874355806475
-1.7576120237069193
-2.0998800758083824
-2.0226066077472122
-2.406295016703649
-2.0139948491881485
-2.0248577226952253
-1.4636720447278084
-1.5971775290584607
-1.1661426364858494
-1.7225421612481346
-2.424685266412114
-1.9196352275747377
0.4998410684495307
-0.15911461758385292
-1.4346574103315
-0.6880994358846426
-0.7091719410824707
-0.20571836625220596
-0.038146876131174734
-0.4542757070159895
0.5962898364711755
-0.15326988692312682
-1.3264345961606234
-1.0637019416620066
-1.4735107329663784
-1.6390623418222285
-0.7862230170663306
-2.023805804631937
-2.1815262215981015
-1.3385551877614776
-2.1015089877680246
-2.2065772935394845
-1.2978528958789097
-1.2585705561662803
-1.2313961108372815
-2.4310768563349967
-0.6607277914196904
-1.7292711927049385
-2.7650211820091686
-2.82755904986054
-2.4604664520574535
-1.7180540265043778
-4.624128439172089
-2.6811343052711543
-2.799590468548948
-2.636777059169111
-3.5529796516988763
-1.0941713447239783
-1.1448572950496583
-0.31600632196387
-2.3930656044910874
0.7133079050049677
0.8437525117465461
-0.9923743001794625
-2.504106007248345
0.07299806135883413
0.9522101723817904
-0.06608105231279038
-0.5493406427761884
-1.0168858385912714
-2.2136242839090716
-2.6627711907357456
-2.803269592838462
-2.241886649096301
-0.3329756555968323
0.6649219025022366
-0.37014634258760437
-1.0185679032477128
-1.1187249144326352
-1.7604067104234224
-1.9194106021304833
-1.0383526603500632
-1.9092664308697789
-2.512890991085233
-1.3504231945146294
-2.031875445068833
-2.4972585764815434
-2.0162224107871474
-0.49359822635715733
-2.8363253963127906
-2.868885371438777
-0.8760856755139056
0.9068849890862759
-0.814709233337539
-0.8384028658112029
-0.9569689085073448
-2.0111209448565432
-0.5041311305830638
-0.05548378312871227
0.5578022686565727
-1.0690004106544986
-0.7436394240468142
-1.2749899317529196
-2.0375600306494954
0.038189712450379276
-1.9351885195745897
-0.7190992090356636
-1.1112361511309543
-1.8630751339994835
-1.0065704773905764
-2.1238587855794484
-0.9629378360652892
-1.1630062232974456
0.20996273443328417
-2.3359580612675956
-1.505825460380343
-1.2258693632254882
1.1403445635836746
-0.8674635275290922
-1.0550798850487064
-1.99178344848519
-1.4803177894554185
-0.99816548256873
-1.9938502171196488
-0.5426241842514322
-0.24655119791563146
-2.538980759097047
-1.6757418120076606
-1.0545126464474426
0.010490649297243637
-0.6975418238149886
-1.5790526048759792
-2.498437249007135
-2.961435445071556
-1.9667304715964458
-1.4594375704870237
-0.783297444715326
-0.14594493084268367
-0.47264558632004416
-1.4355685926699342
-0.4484204198299403
0.9384904253077961
-1.7092574252665842
-2.008629903676349
-0.36036104320383544
-3.226861172788751
-3.2334558046422837
-1.0681106923302028
-0.40886002077118433
-0.8301900320543345
0.1343646227532399
-1.0225431345755978
-1.1077293908230796
-0.26284664476596453
-0.013574947497779544
-1.1622128506354494
-0.010706797701893422
-0.9815501102295351
1.3894969426167636
-1.2112274775058027
-0.9285996287071455
-1.7279989536528788
0.26345328311326766
-1.6698133844596055
-1.365951962877657
0.9208044786028167
-0.11871830684603779
-2.8922152296361534
-2.922433397177218
-2.702351791732978
-0.3258373152129811
-0.928071697406927
-2.7327817692740246
-3.03908390676089
-2.1972010758176213
-2.6485130717720065
-0.9379328131090768
-1.4766839026962983
-1.778215509908867
-2.3593580606707727
0.014126298541709659
-0.37383728098927427
-2.678881178994282
-0.5168482852669286
-1.5982949442163954
-1.6503638569243555
-0.47930126754709546
-0.07314050627231161
-1.717596280171703
-1.9529503350888455
-2.9142536469925338
-2.2620050091695463
-2.223646331518395
-1.7592082932968467
-0.8870963687060482
0.3469729034978123
-1.354165908879612
-0.15029704934480814
-1.0131390636135282
-2.8306236596187024
-2.2794138646192414
-0.43985911958713075
0.6180646028349774
-0.377610020909117
-0.13554720584441582
0.12181255965693394
0.7987155633542644
-0.9120279177124168
-1.881504316363701
-2.002519785898892
-1.3014372476732232
-2.0957888705720906
-0.3814749097922904
-0.04876556076466132
-2.1632393353993913
-2.274115082082539
-2.9737851387647054
0.5564159708631067
-0.935017399032693
0.038482757571666415
-0.13313397114970105
-1.5013274466801572
-1.0401580892734057
-2.365008908056064
-2.0727984298794597
-0.5536799130623571
-0.22345308299893052
-1.1842208910130394
-2.426874916124546
-2.0488477703779617
-1.2957230932814867
-2.1247110940591893
-1.3694490733329507
-1.526691539755846
-2.5595861531583797
-1.0778770719069606
-2.169108316991964
-2.240620845979444
-1.064777091098259
-0.3421012147820923
-0.36637757081279776
-1.0670717644676735
-1.7899698371072579
-1.8060293758892512
0.6720109278921043
-0.5597351877609036
-1.2352389691750987
-1.5914030663260728
-1.4850863160845522
-0.931934930918307
-0.9762061849619801
-0.2745154504238848
-0.7193061351375332
