-7.6394915861377495
-6.052370041044247
-4.551356348867409
-8.05044431583798
-9.861504219081349
-7.306716855972683
-9.688372267538782
-6.842374392041391
-10.864843028860758
-10.507328108195434
-6.15847511602986
-4.246158309432413
-3.7291717829239444
-3.538442467454622
-3.4993988766037223
-2.1936838982947093
-5.726262018547536
-7.817732410207032
-8.891609230508731
-7.9336103128033235
-9.469231493979706
-10.345000698591862
-8.566988865963877
-10.77417428087871
-7.974626147835813
-9.903047643612721
-10.697679502888292
-10.027589174907025
-8.735048893200627
-2.7234818817340587
-2.5153979302312885
-2.519407061037866
-1.5102294517770347
-2.602803260118402
-1.8598656154938298
-0.9499368351442091
-1.5607437661991121
-0.32747686630401174
-2.4138147579767146
-5.1813856885684
-3.8840802303592583
-5.147752644890403
-4.30025156541535
-5.654195584542627
-7.694338611562354
-8.200934329166014
-4.834654519451966
-8.585504463927236
-6.457583218793472
-9.398929925661061
-10.696842887461939
-9.060911338906894
-9.604038109567941
-10.375151890624858
-8.162147816248888
-10.27000651535333
-9.512441136325494
-8.81159460722081
-8.206638185178914
-3.037419763921857
-7.591675358327109
-6.478103078514187
-4.818373019907807
-3.1695959074149336
-2.8605875524529036
-2.384850943918689
-3.6295097392510005
-2.5918623748476017
-0.49565691805233447
-2.880431719803064
-4.6523593722077745
-7.33619611588957
-7.8377660055147444
-9.445389371313132
-7.799337469418196
-3.8310133252513716
-5.552468733278241
-3.734251516275164
-5.420658331878503
-6.303154456672475
0.4491348626469269
-3.6801438526474106
-2.115124633843804
-3.9492238091219676
-3.0897603990451046
1.555568524624542
-4.082849089011096
-2.4504349697778114
-0.4527384146063509
-2.8621242404674385
-2.6177025594967254
-6.1876381305558485
-7.603793777393349
-5.4055422463134875
-5.658021992031771
-4.353651953502003
-7.308845094612149
-5.874774198849626
-3.012186117539016
-7.521479907130807
-8.069716422491808
-9.4770694139239
-8.737646590983317
-9.50661341931189
-4.819543080036764
-7.2995697249856235
-3.8075599579561494
0.361933929689515
-9.47945125137636
-10.22109628654915
-4.1736532663307635
-3.7649241441374777
-0.9704208158029992
-9.520846305790629
-10.550298509433741
-9.357248938933324
-8.739946172769521
-8.38157352190419
-7.015368754774671
-9.213726440533451
-10.722219254039874
-8.306458155076308
-6.579526449896817
-6.542657813649611
-7.014379226648995
-3.208561757111295
-6.091476090308976
-4.256034486909065
-4.697191597811845
-0.5768831811097749
-4.830032866120717
-6.658326480777245
-6.22589573742479
-6.878476384711048
-9.044477060549667
-1.620048202005667
-3.937192927950254
-4.801604449372281
-6.34121108613134
-6.822570175096482
-2.7519609032772125
-1.6170547035785539
-1.8929955373950604
-2.766323711159452
3.3677716886574536
-9.432058498424063
-7.6502797071372735
-10.313345765019891
-8.82136125827189
-9.535395250181326
-9.827295245999688
-9.570297151627305
-4.732439295869189
-5.274404795728465
-7.480722279158707
-8.111636209773176
-5.337794211990587
-4.539090113609162
-10.829827529593478
-10.774739147946097
-0.27405493797256786
-2.390297259165857
-2.9633211516443017
-2.249515187629745
-4.120538434543028
-5.803546397320712
-9.869324699694316
-10.591164838900292
-10.093099262012407
-9.224294204163948
-10.189059538465196
-6.813219095514423
-7.042095876075719
-5.1220145378034925
-7.226828784863242
-7.051834741305795
-10.537833214522996
-5.076851775050913
-9.950671456037323
-7.948716791858768
1.3326570288324584
-11.229320194133091
-10.174671665344755
-7.704384446592565
-11.783142955527804
-3.848309512176985
-4.374498986312406
-2.454585990627022
-1.0288846286886268
-3.234977982876439
-4.3896488037027055
-2.9236962584239095
-6.3718274590821675
-7.632983948103052
-6.65566303493603
-7.404140197899409
-5.887157198164794
-6.6354388851830635
-5.685557091021859
-4.380659214466374
-3.3414779627023017
-6.749099029745779
-7.835347212873031
-8.029287118794082
-6.7584917149472306
-4.735694486068033
-9.844055241492962
-5.475637097619186
-7.9425647447695225
-9.049285621038777
-10.620595686447952
-9.779133184567598
-9.855039044542906
-8.295862120660162
-8.229831781148544
-6.492252333797532
-6.893341410082863
-8.794020989544768
-6.660512742761844
-10.70412215455018
-8.20161341004237
-9.08226952567074
-10.532653375920844
-7.41356856454432
-7.3240941342994175
-8.690664516331111
-4.881566314116588
-7.8314011331811555
-9.788988958130853
-10.577620007665619
-1.9693834347851844
-5.148686834413195
-7.303879220542754
-4.420936438074367
-5.18459200996505
-5.54049694203621
-6.459824669524778
-3.883506043490843
-3.8341029583556763
-8.501374583980757
-4.268350814928737
-7.105372677182806
3.4762909829535253
-4.900753552358546
-5.2681383225616845
-5.1558847627501745
-5.303231294138776
-6.1349265871053715
-7.768973537569463
-6.214797736335926
-7.7646662288447885
-4.875027107681876
-5.039835454635401
-6.800297781959834
-9.403684521637489
-8.413249553520025
-6.43719758512927
-2.484973929537185
-5.164638649698107
-0.9565753053643047
-8.709323493279516
-9.64220091292624
-4.095595541754545
-9.126969449711888
-9.608960793875806
-8.584932812776454
-6.765203708819205
-7.9695864931549245
-7.757299777927185
-5.719413234684166
3.221714556528373
-0.9554604265601689
-6.24212096191067
-5.5098781958803205
-9.508895166940514
-11.067482434636858
-9.450270916526646
-11.01463112211463
-8.002909362227847
-10.63149106464535
-10.153038338570592
-10.269574179421083
-9.242037825365587
-10.291245178079212
-7.601542816529792
-3.4914538052102757
-3.3424751401400714
-1.5194508384176069
-9.621416949787378
-7.50885820582868
-6.343540298343902
-8.680336960018952
-5.372917737707343
-5.356803072703262
-4.34434205154364
-2.8435794885503967
-3.9228689787333684
-3.9075943551292296
-6.871701107881144
-5.323391509616897
-7.964449508813521
-2.244350429319578
-6.291209249320161
-6.405857215430399
-4.291816147441956
-5.927206188461481
-3.0596276654157877
-7.849131824261038
-6.576467837537384
-5.133176697252293
-6.806874193836071
-7.007245111662925
-4.988859640861957
-6.169830846167387
-10.536346915919811
-8.049790026790463
-10.98949287310176
-6.483819970780442
-9.029579075530956
-8.791401949171897
-6.043574077531784
-5.877420952191773
-6.968887778689634
-8.112953683276714
-8.00144506938925
-8.3015088064761
-7.10614770218706
-8.601208250269506
-9.374772638283071
-7.161604190882271
-9.71846605954822
-8.727723552022121
-8.284746890463516
-7.470187745797907
-7.741108602247092
-8.424511741153593
-7.240785826116957
-9.423765505142585
-8.539236729417796
-5.679844832152925
-10.842083136690148
-5.369352881092435
-0.04836749664201334
0.6345493796637427
-11.582971448453474
-8.15896564641972
-8.586451765460795
-0.6898121518795787
3.585045448802057
-0.174231343297091
-7.294100406141797
-0.6076427108910609
-1.6916550623807483
-2.792485716914065
-3.627675507630973
-10.110671786587028
-9.671200534110962
-9.345148177687967
-9.219535160145153
-10.06975811568751
-7.99292340914307
-8.768878916523875
-8.696275360130961
-8.601143113728021
-10.104176794819859
-9.307622981394282
-8.364156580465682
-10.950944131359337
-10.920199074549299
-9.448424520213836
-10.31089887987036
-6.167859597175255
-7.950131285697744
-6.731868411074302
-6.700246549340708
-9.80198278515847
-6.368218075804125
-4.28351918840548
-6.133385981951977
-8.19404681374927
-2.141250198858862
-4.4627180578678285
1.1222997351399062
-1.7956691471531783
-3.820772564769828
-5.84704288828893
-3.7609975235205946
-4.7351980003951155
-8.444139070705118
-9.196329322009044
-9.23423399476384
-6.882079275175393
-6.621558781336686
-5.510760528679806
-10.817562798509048
-9.497521636524347
-9.636971764805153
-10.072429594979946
-10.318561087960683
-11.744201995407801
-10.887519669741332
-8.368952757966216
-3.8892761077330253
-10.472492535627495
-2.6479159341192404
-9.128327475240763
-8.06037287826374
-9.56600954557117
-2.968700694247085
-2.229573784938816
1.447009751543606
-3.1035626120919853
-5.908137418799732
-7.503000391741713
-6.924074383786673
-5.954837319597457
-8.678891081891253
-6.35434464950567
-8.289848866230317
-2.795913061180548
-7.176713852023937
-7.960377845213812
-3.679639383603013
-2.2535420137387137
1.4565665323890766
-6.6009540751453635
-5.864726002619693
-7.634880135126374
-10.784531308802508
-8.566918202467924
-8.884335931362966
-9.488321561558777
-8.806108302136733
-8.346712748014495
-10.594554516196258
-11.16539800757995
-9.884166592341394
-7.0946763931299115
-10.305542185554263
-8.59618954365687
-8.599316983280637
-10.537279697639427
-7.661423700257777
-10.436996401821158
-6.829776724797397
-8.211403888653397
-8.825331726917426
-8.0819811501837
-9.340488350407684
-7.184824060902265
-5.8523550049460145
-1.9001110238975905
-5.775650377640534
-2.6660072486461694
-5.131325932961093
-5.784966976832021
-7.329660052460823
-7.882698210929769
-9.950095310530306
-9.89879622308609
-6.3718588581697775
-6.714577608347012
-7.917550822398406
-7.599235114722825
-7.624295821245491
-1.7918423863885224
-1.407586996539822
-1.651300955405929
-0.5880333438200709
-10.418349015030419
-10.788606928847669
-10.129498336915997
-10.894685289416927
-5.852747052876741
-8.916779454585308
-8.045473529067586
-8.298129350274904
-9.816982143963122
-7.968132837252149
-7.959806646452465
-7.691671892138315
-7.123166346255001
-9.252569782140926
-9.168928999215327
-7.496664317290371
-1.2669356346913005
-5.60244407587466
-8.136123013569689
-5.349341176062544
-9.133661544438644
-8.194926402152275
-9.436921540010223
-9.77748681230954
-7.838613164971318
-10.554131553876712
-9.707701024022889
-7.668792758846925
-10.938352217678487
-7.829220327648838
-6.447512842189213
-6.107758721400369
-9.618873062910644
-10.229786305434008
-8.626656268038934
-6.987176022987918
-5.309158290341445
-3.6497997568440548
-3.97235752847554
-10.488720174171984
-8.473399351057317
-5.933161776085547
-5.779723329529812
-9.581688658441358
-7.23105972355011
-6.821244167339778
-7.8335779782493935
-7.941340155436152
-9.70527298114717
-7.885823312304332
-9.262368546859593
-2.7391237698165876
-6.328734692708134
0.731883671814642
-9.988715835972098
-9.743506054695834
-6.325110802281275
-9.494499270070149
-9.654095158149124
-11.598225990173194
-11.061968476742464
-9.168874647548055
-6.932328767731081
-3.4647792237225326
2.9456304806902898
2.1005071092269123
-5.009833045074682
-1.8512144275263154
-8.755336388909736
-5.094940168959058
-3.8562267739871916
-3.9688455457617264
-5.7096425524357235
-0.8093202736661207
-5.4434988544515885
-1.008599870054965
-1.9007558206286568
-3.807305122514613
-4.778852223614073
-7.941787980129258
-4.956590274702555
-7.548161548587187
-8.603056721737584
-7.984059956739716
-10.488144136204175
-6.176650631241743
-4.732815612198069
-8.03885014072987
-6.8516728576389125
-7.450637628753869
-5.555031732021377
-9.872296109634716
-9.668395336437145
-8.276639430629809
-7.929514648727597
-9.258026493177296
-6.156765182616097
-8.42069940869822
-7.138554595800017
-7.858804564544581
-8.810777793941035
-9.930375292790947
-7.449067624415665
-4.452700506007936
-5.7491931806523855
2.6522078652568584
-5.675966168457563
-4.163522943633804
-4.495740076618763
-6.162093195229552
-5.0855350339177585
-7.050971930467528
-6.440293077391217
-4.916614905243339
-4.255152678225578
-5.609163875588279
-4.640934105865733
-4.551504469487152
-8.098442356038692
-2.9346473478075854
-4.977403255007627
-4.26502755353949
-5.862592339667351
-6.832412698636634
-5.730990518233119
-0.1515142587250748
-9.983161344683671
-9.214982586484679
-11.200627500733184
-7.522873029085752
-8.31715617995004
-7.830360923931099
-8.040723403690164
-9.835074903611709
-7.943136930776001
-9.999420146605653
-9.916473724150825
-10.553222131090788
-11.897306606536398
-7.518856623621895
-9.566531092896415
-8.61679669921083
-11.5622249464143
-11.067300159821771
-6.718579883969561
-9.280634184843164
-8.421469456460368
-10.903922226278784
-11.244573528325017
-9.23165756466933
-6.928563362181843
-6.883934720561107
-3.5938266804078425
-5.317267904528936
-3.5170205316273124
-10.24204495392804
-7.691802904583715
-9.94039373640993
-8.616977682150566
-7.369915104363633
-5.427781657533564
-7.7599768778529405
-4.809892221280524
-4.626590975498294
-6.397504047605235
-6.836209098409197
-7.396659000445835
-9.90067377443351
-7.329385632690077
-4.629376772393686
-7.767663540425298
-8.992441935298984
-9.918952373901814
-8.768857688645031
-10.065883360653942
-8.094590090919032
-9.154676716904719
-9.466550636207892
-7.162784687734902
-6.244639428073542
-11.034379027645311
-8.269365786097266
-8.499000227518287
-7.373579599129897
-9.503114339299023
-9.017858543195086
-9.746577258009223
-5.752029163879378
-9.475167359150777
-9.421968030194602
-11.11168756447495
-8.90685230840949
-8.602898082589896
-7.505046707638639
-9.67864190046186
-8.048928677047329
-9.705298478253562
-4.991231638686232
-3.0801795259979556
-5.566721938634544
-4.768094750586729
-3.0966077660766254
-7.702630133615145
-8.35684885537135
-5.225271161772852
-9.909558196425488
-9.130678043388274
-9.365132221582114
-9.470781864998177
-8.20067213865977
-9.625133653981907
-8.687082911452277
-9.696960288395491
-10.767788412896547
-8.297417109071795
-5.715893986878475
-7.190913617280563
-7.478927487278494
-8.656069811531655
-8.078038864780364
-6.541188495796847
-3.688944215392387
-8.035690838055439
-8.769267875103912
-6.934293223767497
-8.149944644481675
-5.457772260757496
-7.330295153328383
-10.15136933359829
-8.049384534034612
-8.612664342199718
-7.034018242637267
-8.052316497785483
-7.275945022072063
-7.158209656575733
-7.1073311998754
-9.193928623075056
-2.912912970200993
-1.6776580271400237
-2.4697068725832514
-6.837097722952281
-10.565346181686321
-9.884151296995059
-10.406230578778462
-9.11409249236794
-6.149884060747775
-10.44223410098103
-9.731632009474607
-10.201399904099299
-10.802589444655156
-8.954271398865867
-5.956530786368333
-8.817575463695821
-4.839487785379356
-8.678740536591725
-6.5859569054307405
-7.25378576828869
-9.604117400274225
-10.72550543096833
-10.129224666180116
-8.421149266374636
-9.642177985058757
-7.118270066173299
-3.9774682192568944
-7.619928553944148
-7.65005321949953
-6.025717653706075
-4.61889570659959
-6.47250808078964
-7.266833987014179
-4.73905939972059
-8.268958741281748
-8.239296479649798
-6.1535030376029205
-3.1905299074308937
-6.020287887534736
-6.593694049859431
-4.4104427390515655
-6.913573589268742
-6.606269907579489
-5.536529954738868
-8.493369076822365
-10.107554638608303
-6.521626875950688
-5.529657925818697
0.5267971187790204
-0.5304732690404865
3.948306728323703
-4.475903845367542
-5.939926996661532
-5.709620820039859
-5.875549933594938
-4.68593559147203
-4.766013589482149
-4.36204361752787
-5.964125440283123
-4.105222267323048
-2.3401141493893833
-4.489075562889452
-4.78288238990523
-3.5132300042262488
-3.0480939039582187
-5.194112520899544
-6.088059254355842
-3.7359320942929535
-3.9068408628180387
-6.346304111261292
-6.1923075841464845
-5.715012772227251
-5.357581863156588
-5.984584286615655
-6.500741831962368
-4.698698407254193
-7.436798136299605
-7.364166242241593
-8.120931391338377
-3.906562186921353
-8.76584911308393
-10.757903416487821
-10.66926750559358
-8.586897579615716
-9.85513418287069
-11.448343000287736
-9.103269560467076
-8.246713365164048
-10.14849184922294
-7.993285293224823
-7.316179652200033
-7.55012212847482
-9.388816521361054
-10.274627814524438
-6.6873661176421715
-8.295678883109728
-6.019979777155151
-8.762268343264301
-4.975093600307329
-2.5486700743112927
-8.360649813313925
-9.160237543113073
-7.5840191384319064
-7.283969742705171
-5.833535838058995
-9.520448261743201
-7.930905190429164
-10.320710501525232
-7.841135585735551
-4.037692804873567
-6.702861017027337
-5.415917659243661
-6.943899334031961
-5.399336482684087
-0.7253007999293994
-1.9521526760685923
-3.453091724323122
-4.463176747140527
-5.546479745008733
3.665682191412216
-1.492832165694474
-1.488667797128157
-1.6699959719203534
-3.323958244479856
-5.727717690179002
-10.486549667951902
-8.556475676847757
-6.462016635427795
-6.290598879053994
-4.0377854816421985
-5.357088936082462
-7.172001966699121
-6.62197417630212
-4.7425211191752155
-2.920731744236462
-2.5617114492553066
-4.405693696859551
-4.985936429652329
-5.334582398644013
-4.474735936991916
-5.874270896810484
-5.703368429694347
-4.5118183870817905
-8.061243247564247
-5.244538562088248
-7.95214832256905
-6.535011660939869
-10.429054819601307
-5.6411309027918906
-5.710426462110139
-8.420904474947674
-10.3173849324208
-10.622663575551583
-5.481340968072367
-7.749033625721268
0.349851621704946
-4.490381064516878
-5.140584236694296
-9.424088395950138
-10.772780828571879
-7.971667328479963
-10.118901196661474
-10.474348772233395
-7.361562148251398
-10.841832300911319
-9.613132770864677
-10.205928804442696
-9.236414844339606
-8.057463965401597
-7.973479303441971
-8.010534792262934
-5.425054529978964
-7.3703578934917005
-6.753743522229342
-8.31494027363708
-7.576652839256383
-4.076449752190152
-7.1363735217850754
-8.756827337686829
-7.8536627513596144
-9.155271534138734
-8.56076550464384
-10.343155073036513
-9.40526567655453
-10.13045766071981
-11.060496330344092
-9.411105671842769
-9.345380120552777
-9.122707007426772
-10.72445072776266
-9.326103698435647
-7.980386090130726
-7.918228825349231
-9.314002625121072
-8.34194215144367
-7.155491271196688
-8.687304524518215
-9.63342014763547
-7.2173275401458366
-9.858936918170897
-10.612361097887087
-10.764969289102929
-10.741120755018205
-10.107707159091495
-9.551945093367218
-8.958651245058247
-10.044291002250695
-10.611672221200035
-5.529147374694956
-8.977888127685446
-10.143770517028232
-9.038263882953748
-2.506551011728054
-9.327360461279028
-8.578136734867256
-9.997821488295765
-8.534379087863465
-8.895750873478626
-9.712776139551963
-5.13154485970386
-8.413707317627027
-10.146036675456878
-7.53352216555213
-8.560469874469288
-7.359428602366556
-9.761021468334524
-9.727610884325216
-8.276895211545272
-8.114773993209948
-5.828291112684389
-8.363786485664386
-5.417745764574197
-8.642675702956604
-7.850858333972318
-7.86821059651563
-6.794840630154351
-5.522313179061651
-6.867425453266265
-6.783075752608592
-7.930112294423706
-2.255933693067794
-5.215479238519779
-4.829357322784933
-4.292013263181855
-7.257034131838576
-6.651984663449637
-3.7192590119005224
-5.109528571577564
-3.168358412215863
-6.892836581791246
-6.094300924198053
-6.73885626980425
-6.027194956134432
-8.810537952218528
-10.573566860747068
-7.522012483560342
-7.347244785186792
-5.68728714281082
-5.39170774624287
-6.152991110838083
-5.468491308582932
-5.016104289169635
-4.116333048215681
-10.393686927528652
-8.926514303983852
-4.115362298102907
-3.5527555858295
-4.314968975933681
-6.254236638003339
0.0010823861184801054
-5.749631516698439
-9.11938682410735
-5.740459033999613
-9.859187830191418
-8.720580252787407
-7.619796463340846
-10.101514286997839
-5.19597376817332
-10.41391809004572
-10.680313166900778
-10.478665916447959
-9.329932813526673
-6.951573854263764
-10.678883405804925
-6.847922978007255
-6.580035436903568
-9.460677986086631
-10.020562622187716
-7.5104328185046
-9.963891973330776
-7.6380939192134605
-10.436380713011829
-9.04785650182877
-8.955425414072753
-6.891142936707771
-11.646550986709041
-7.643195447601817
-9.65127604640533
-11.343372087382729
-5.840142272017834
-10.949114587955844
-5.079081199686266
-10.046700898723504
-3.6928274414871542
-4.451466655484965
-3.2315233663251317
-6.247775352538934
-9.891127266581352
-7.5285794017947945
-7.20829933230006
-8.09721762101841
-8.270930902874438
-10.320000943340643
-9.733435800429001
-10.180375332228405
-10.532630795629654
-9.296977938250922
-10.025862539749326
-10.012712553081885
-10.399011115589193
-8.170037176761742
-8.38039594893512
-9.56548874538726
-6.991589045328839
-8.676271513733273
-9.485267186351653
-9.402221940499789
-9.153229525865804
-11.546625411059857
-9.428209844412407
-8.227077548651167
-9.08183972476788
-8.672581651210827
-5.188773331599325
1.3840588659820323
-4.766079676012231
-7.423599075227455
-9.479241634607611
-8.888245433367452
-11.585431428422554
-7.633278426324612
-9.042114179929767
-9.936036698835927
-10.432287051644058
-6.739531400461306
-8.94215906171034
-11.81609344542277
-11.852150922884565
-11.60600347145914
-7.566401649679317
-10.873019755246803
-11.142474974180875
-8.371989209912662
-10.01843448391292
-8.255559786091672
-8.480741940215164
-8.932998390623077
-8.1581235616493
-8.830073259778874
-8.79956978057321
-9.000194210691198
-8.378629270273555
-7.118956369046124
-6.475766149660002
-9.495009585432019
-8.217032913925378
-7.433570761608109
-4.50401522638791
-7.666549811603783
-10.24583916059659
-9.468778760299738
-10.842953471866483
-11.261061260402295
-4.651442634515669
-11.447622093551562
-9.987445452832574
-7.0370980972526676
-7.207175883085973
-7.342603969101059
-8.749406908476715
-9.307079339663575
-9.001823863720322
-8.893308895588035
-11.540060461905027
-9.882888670459465
-3.6426478302293264
-2.992801778953168
-9.748759417593515
-7.436664151250627
-6.922357872439083
-5.379499776778999
-9.293348340317355
-11.613184978206613
-10.105804831339972
-5.3130804475649285
-9.843684102895285
-7.160127381590055
-10.864341116587532
-9.817809290974091
-8.300317736889461
-11.938084164749899
-10.498911559122933
-9.304539588974587
-8.62322363808674
-10.898246814209443
-11.56527389521508
-7.812154602004509
-7.974540621937596
-8.549574476835474
-11.025338381020276
-8.929638707731481
-10.750791876539084
-8.056412273318632
-9.978881320052114
-8.789456812904943
-9.271241541246019
-9.763691949986441
-7.9207677727099925
-5.836426905673855
-8.058285343465819
-6.095830914333734
-7.077313596943872
-7.841956792543036
-8.839240063235021
-6.197797841483736
-9.868548660806564
-6.262788749129498
-9.963129812313714
-9.193773432365631
-9.27740124378498
-9.275585223162595
-9.170956937649139
-7.825528163902275
-7.588911974334859
-9.50812182563928
-7.813208368868136
-2.0195718791299093
-8.749890701488495
-4.870099124013873
-5.793551613116374
-8.007794555348982
-6.579106264899148
-2.9751403820448257
-3.665325815169711
-2.2470516498336
-4.215937015542588
-9.21082951931952
-5.9917443691188925
-5.630339760143105
-5.815416184654161
-5.011551706515452
-6.479904527141635
-6.7693265559643745
-11.83064810455032
-2.3481347298533
-1.7499910821608706
-4.293813469834414
-4.495833203164663
-9.631394036068965
-3.737568187213192
-1.6634027742906143
-1.9973952732465632
-4.903866889666897
1.32633797609329
-2.63910238798923
-8.442483173607213
-0.746201025711954
-9.616750124753764
-2.9958622328517612
-0.1376701972919565
4.199008434388743
-4.613820790899826
-3.7594280486397347
-9.478887823501585
-8.836363666498464
-6.925151832534825
-6.774559575463883
-8.411675255619059
-2.3071351040285046
-2.1460731743882677
-3.3662167801160283
-3.920253157884394
-4.217815050874992
-5.021585952116307
-6.583088450118104
-6.907460371366155
-8.825744535925288
-11.201152343512236
-4.439408083883627
-11.86836304024895
-8.54155483930619
-5.819664281135192
-10.041901360946161
-6.3357998559812945
-5.299680099857282
-6.262982123092037
-7.423540132084611
-10.265429981202061
-8.727440285737917
-5.5468823337226985
-6.542762043290981
-6.4704902436163545
-9.998557184077862
-9.145768162297141
-9.946361492449777
-9.913556905693378
-9.514060305887782
-8.57898846918711
-10.356756189944244
-4.996828273379181
-3.9413800053580172
-2.355989353362182
-3.7721426988132043
-6.025084786066586
-4.6039816323365805
-4.602747453466213
-5.024244018769776
-9.267392992646363
-8.332827023317686
-10.212533386093654
-10.233701171013845
-8.432103690529328
-7.053289869083602
-5.396807550887848
-1.9294772809616
-5.256936466777283
-6.359261873990152
-10.611652205092833
-8.264582907891052
-10.725737675218175
-8.062933183761533
-12.16812544078102
-9.896298484323264
-10.025816976624991
-9.844964915082876
-7.299886550427063
-4.155677905999007
-7.956482057221832
-5.574755547744119
-5.275717741455772
-4.039314144099946
-9.679547377018263
-8.240646532817355
-3.0052105291961846
-0.35207602483580225
-9.009064765936815
-10.150099741400746
-7.0939215572532195
-10.556080376462347
-11.275442933320592
-9.159399657319813
-10.542846718158982
-10.804394450973016
-11.767228549111325
-10.358268468813728
-10.084690923373826
-9.332426579834383
-9.690970402501414
-11.921550407579044
-8.518956034844651
-7.507975276130903
-6.137327830677174
-6.73078041545459
-6.196666381300535
-8.09457589099315
-8.097731240315744
-8.57122329317977
-2.6257678745073783
-2.6542387107061556
-6.842107585140168
-7.71378434132608
-7.156315579879649
-5.208467237842866
-8.037667663678695
-3.1098901045394167
-6.3688200843665985
-7.387446151934412
-7.277035981823411
-4.947211645219637
-6.927009288762149
-6.6659064889229285
-8.68533074672958
-5.0055978975647175
-5.721318487960788
-8.19673014511821
-4.30562394342169
-8.232057036525985
-3.6652110198660126
-5.424838889413609
-5.775862585939461
-6.114361639334297
-6.159202191753316
-4.561669381840658
-0.6808058377750651
-4.456019443805078
-6.873960608436032
-9.537654179265134
-8.89596618545816
-10.65048939048374
-5.616173861787668
-7.246755892509991
-2.587207061756538
-3.429298299719963
-5.852009960289346
-1.0934413442565196
-4.176714824313239
-5.5481104384417765
-1.7766581095600171
-6.164127956262047
0.3084005569988659
-3.3741099080332164
-1.2754127114886205
-3.5970748487839086
-3.4621441932273362
-4.719267473965883
-2.000953301692739
-2.033332045208404
-9.643040867299812
-9.898277175023196
-5.845539083124629
-10.403870624408368
-6.86541736140892
-8.615505502155271
-8.360057461720313
-9.796290694083076
-9.668779859972098
-8.826409163247146
-10.11700092850993
-11.68906155198043
-7.570495413414888
-7.747422098752958
-6.350415244570518
-7.1328851708931
-9.647527264679335
-4.747671372580659
-6.565040903510167
-7.494971585470761
-7.211057086295711
-3.725018192544122
-4.481493578347904
-0.06439691609755183
-2.1749264031187434
-9.355888667630204
-2.388630813046519
1.6500552121676257
-4.016920451900748
-7.6016231672934325
-10.784433574709468
-10.755790218609304
-8.108738611670766
-9.464174034892613
-10.082209641329404
-4.902166928807736
-10.264198868656537
-8.159387872035857
-9.427681319093747
-8.680977302780166
-7.186940398699537
-9.326764499927586
-7.669970202262221
-8.817967847682821
-9.207079278871685
-7.283027596891315
-9.60672974624819
-7.123250151199008
-3.9976873543079154
-3.873707260486298
-2.5685541534060086
-5.628913295441616
-6.304538986545562
-9.750623559292102
-6.598214934478621
-3.789254495002406
-9.030876192596237
-5.088187652957425
-10.847881679995432
-7.684799711545025
-5.81977544132053
-5.8263344420126915
-11.392496694121114
-8.685481794693217
-8.431380460035982
-10.434386470867691
-8.729770649601104
-9.716313854272155
-9.329723488393586
-8.968286357595229
-9.184813067042374
-5.20696856171735
-5.646890418566882
-9.392518299708577
-9.31890618225778
-6.972297979682215
-9.193773303837974
-7.995718404958093
-8.06160927779
-8.316845174760816
-7.734679780200681
-9.329743977689953
-8.235963093836258
-8.116514972584085
-8.485366003202438
-8.516961046694853
-10.823917176684253
-10.892778434767733
-10.387322155137804
-7.231255894909775
-8.332831752953194
-9.512299281714892
-7.95024388378441
-8.67532642331584
-9.226722214627031
-9.618080365450423
-10.967851344725327
-9.701758029607044
-11.355272112770475
-11.75728933072853
-10.849500125565475
-10.555426558137512
-11.553385665300196
-9.755008048735393
-4.680284239949394
-4.547870289005757
-7.916051034024684
-10.43709150187462
-10.743843119187128
-7.801491910604531
-11.3484630596834
-7.417509095144091
-6.030442010352084
-9.582880849531968
-6.953327109865709
-8.406290738336441
-7.8071199446653
-9.234584213019996
-7.233811402569605
0.16408998482161075
-4.800419403374116
-4.104703399155395
-5.138380514681956
-5.441687910336984
1.0717912594816337
-4.328290589347852
-4.709155947698099
-10.23897473857515
-10.199762570354592
-8.00247274296525
-8.488557254536513
-9.504092550319598
-7.659626057628474
-9.897595712416114
-8.523330418702868
-6.951781938868387
-6.465702957093434
-4.97403940499782
-7.105612696567057
-6.138433708500257
-7.965650197462823
-7.672623438046981
-6.397721312413804
-5.039736543934281
-5.25745832466487
-7.105177475489827
-6.15104006009749
-8.557073086936308
-10.409228246373779
-10.692600912691002
-7.236508627010648
-9.815441501888525
-10.327042470321475
-9.097573445815014
-9.713741116215475
-10.707381660551672
-6.122602352219499
-9.25591274407132
-3.695229667801112
-5.988857134638989
-4.721856623329944
-7.152619593939585
-6.578569727639743
-10.212882869665094
-5.969905978963887
-10.091459799029439
-10.329081758576839
-10.881996080533765
-10.820783920233422
-8.793929665420523
-8.328726051556217
-9.099425311437948
-10.676742831701947
-9.022389625500193
-9.001160474845964
-10.391645209462958
-6.797291370414193
-10.426504799146354
-9.045117986206819
-8.622893670659302
-7.47920795232912
-9.415862106151335
-6.574096843970246
-10.926268981170791
-7.312399715182142
-10.28335563079587
-7.386720520481714
-5.694306664744629
-8.874440197316796
-9.244205328554537
-9.04514436856927
-8.056606269882291
-6.3101032767775465
-8.763677250740166
-8.026291144962519
-10.967564987183486
-7.794400283107361
-11.476482319119498
-6.334585908369021
-8.886120461493896
-8.678309490036623
-7.795659009547245
-11.027886755500505
-6.3887545899870535
-5.892373430241309
-9.579963367775157
-9.808683325914854
-9.761133490619281
-10.274265735791804
-9.70706378039638
-11.320625292007694
-9.16900708506934
-7.291244503695228
-6.475121487177464
-6.2214212844323535
-7.6506177256521894
-9.120188208747688
-4.573639958675431
-6.000516262948588
-6.7840045005592815
-4.584384328849956
-11.240206664798693
-10.74416944337833
-6.558612889003508
-10.032364077521649
-8.86219736687644
-9.402505177292259
-9.664767737107601
-10.73356928961397
-10.568819301101218
-10.238728013829817
-11.212057866368129
-10.927967551605379
-9.997312225335993
-10.854244808302324
-5.174290649624547
-4.980045180925685
-5.783358907399121
-6.120423604304332
-4.003029825825675
-4.251149386343593
-3.1897396641879876
-5.7964215402828225
-6.578627806539257
-4.1531385753754435
-4.130554948208279
-7.591529015479557
-4.935589966365179
-5.508257982633452
-9.42940331205244
-9.567344478479605
-10.169782951907726
-7.963353143191685
-1.802233523205923
-8.637461073511005
-10.234053715040256
-11.012232661854856
-3.05825294294407
-6.794138473426667
-6.962589934212606
-10.198138274642082
-11.009334710635088
-8.167967315421237
-10.555175169169258
-11.15922569582191
-8.631259664908685
-7.256051017083299
-6.8207997881748135
-5.702383953749338
-5.976554478491695
-6.4244488650051315
-7.37172570910425
-5.668434057135187
-5.079717027498269
-5.917165115789076
-6.021331594815566
-3.5606816638256853
-4.134516407791104
-0.47699282331070014
-5.0841817256318205
-5.090851662074379
-3.67560012428185
-4.241946315152684
-4.589683522355228
-8.742640209797033
-6.720022481801176
-6.232562068613331
-9.605458311778682
-8.212106523265838
-10.407362577309705
-7.032236699324386
-10.155930067267764
-6.217406659487789
-8.651414842101355
-6.6526332257075
-2.633184475098245
-0.008102331854391132
-11.175810577635467
-9.257229916488102
-9.695903923190372
-8.666615749208278
-5.483239371189888
-6.547506461895453
-7.775093819665939
-6.6853545119320685
-9.983125038229657
-6.7915421962473355
-9.671657272379573
-10.06091927793776
-9.36567528504543
-8.820960899927906
-9.485975005112406
-7.345227124857891
-8.009333818092621
-9.210071999239059
-8.737014070923173
-10.061005933676855
-6.768466493023529
-10.007658245970969
-6.0603506047199
-5.92381998191068
-1.3389276721245298
-6.684356204337325
-7.881691072450974
-9.23119668927101
-6.538141736977045
-9.691663211362664
-8.021453691031091
-8.775500270413115
-10.623090925595703
-6.343102195938362
-10.716902507834641
-9.286776694263803
-9.146492102797993
-11.552413700387463
-10.662601360889438
-8.822555120840669
-7.2675000232225875
-8.326756463426994
-9.160383115670117
-8.260241502680566
-9.491268734428525
-9.420757925025073
-8.19657183765979
-9.580296902504173
-8.964660284734316
-8.455078842535602
-9.976015571276815
-7.022355318009637
-7.284604203805532
-8.617337651250205
-9.596032381919013
-9.37932637208293
-10.278458103040501
-8.73188797344368
-3.5627447235031036
-0.2706782970034449
-2.067164053069864
-3.8224713112094952
-0.7420174883937358
-2.828064620028186
-4.713458305461505
-8.325986466113601
-9.054446352482195
-9.150133208325352
-7.737342997699635
-11.182908444505907
-7.91363337246442
-10.003282081413337
-10.53217824436191
-9.876329606151666
-9.941915244935958
-10.728692613651862
-10.181326692913206
-7.997980599623869
-8.797144526878798
-10.96828152249112
-3.281029022784458
-5.189948675872589
-5.722160283867108
-6.611444743775358
-7.136303224842067
-6.681784612661664
-5.5389505147700255
-7.1185411254622695
-6.578442280199241
-7.753887519213927
-5.530069196198628
-6.941706458141097
-9.255217909525161
-6.17136075830441
-9.189540207811339
-7.684474429490019
-5.446372774866514
-5.346788110318611
-8.396815257081567
-8.579573710865024
-9.440938943701473
-9.191444028633532
-3.6989317670893422
-6.465774214442117
-9.922052608338046
-10.127610434721953
-7.851433819778041
-4.314188967821408
-9.517607533259252
-5.816795800550272
-10.155263141179347
-8.837007095902413
-10.546369868691123
-10.28279339937725
-8.732378464715636
-7.8152108901358135
-9.62074806086732
-9.220673925104968
-5.826676406011072
-6.339410510525123
-8.243792420174398
-5.016066368291217
-3.5938166714520614
-4.880620011406603
-8.872149405049798
-5.021083258286169
-11.327260061914256
-8.689989403400133
-10.735560099561578
-9.651135645231866
-9.540311584911995
-4.812108917669886
-4.449659814472204
-1.9575246276085982
-3.7429105676671846
-3.6209722237353237
-3.78682755990793
-7.631498657208593
-3.2132995973948426
-7.923689724397057
-0.5933974484621355
-4.086973977006528
-5.505873017670881
-2.366866718369321
-7.478536772402312
-6.094916753262256
-2.809558403476081
-3.5404852128261006
-0.9279322971497793
-0.29644630242322756
-0.1756814606838477
-3.987039633556399
-2.0823881438039353
-5.912220495586177
-1.8674497807943866
-8.687761896339456
-9.214553643896352
-9.944688704669343
-9.84234097530958
-9.202533454439564
-9.297960540488074
-9.203601618384369
-9.602453376306437
-7.656793239983336
-6.148169668247865
-9.619128120905849
-8.396696816683233
-7.097726786305703
-7.873832081617417
-10.206664799558206
-6.267066588199578
-0.9969380623977389
-7.325165846691974
-8.770596629014664
-8.172915560360783
-8.288765585985958
-8.449805031954275
-7.968958130031818
-9.817232467101855
-10.529166774345303
-7.051989152358266
-5.381473025753085
-8.569970646562025
-5.570146859439358
-10.278710393012917
-10.8249303462183
-11.333486616916318
-5.1004959118520095
-3.725257965261297
-6.66659872441626
-11.199136012189927
-3.9032478756177333
-3.1193806927746035
-7.4793627173045065
-4.259610604379644
-6.524900359919465
-5.652908257753433
-6.552432287150645
-8.295367069165705
-3.194343051516004
-4.992822203192447
-3.9584717605754824
-7.298751214597464
-6.7665424908135074
-7.85097583784079
-1.9067278125792653
-2.6776462012240225
-6.336708731120892
-7.04798827763313
-10.7518193261943
-9.323703542929163
-9.329078809960016
-8.875359320845948
-8.63911952001849
-9.723036254694378
-9.985813519671488
-9.836579307352437
-6.246764639492264
-2.3601630947258747
-5.973162619215831
1.955243083805549
-6.0750102823310845
-6.3778163342405385
-8.219646522746388
-10.829942681150222
-5.598473256689442
-6.066273168472135
-9.803763806661816
-2.8595226484606115
-11.132847153844024
-6.822483883287072
-6.909608533713596
-9.230032518023982
-7.349986755811678
-8.272670905555497
-6.974497483858764
-9.699872846307048
-8.862440160976101
-7.964756768773679
-9.678669564901146
-9.59026001756262
-6.199911618852078
-7.834020187190477
-9.866065319144024
-9.072237148645534
-7.976223667554436
-8.042852485548318
-9.624582620031523
-8.729411350059964
-6.387280365585285
-8.065146556056257
-5.405746186088654
-5.787052537424786
-7.376614492603561
-8.89700973646929
-9.374208746544436
-5.585335770955524
-8.034307312113382
-2.8755377639766744
-10.460768741601536
-3.103087474977645
-6.483248069777046
-8.650145792977174
-9.048649961949902
-2.2310501360616635
-9.744950298289357
-8.695117193619518
-9.933409650570953
-5.495165360279158
-10.553253894597018
-9.8194351007955
-11.041721110085835
-10.855463332541786
-10.02889449091047
-7.827610594134544
-9.886862378050264
-6.733137337158212
-6.319037558072974
-9.18968126799138
-8.359600331552782
-7.161334003994779
-7.492019649784291
-8.525760586902768
-8.45998067501028
-8.701739860611177
-8.736341209551732
-1.9629683535833955
-3.496478203372926
-1.8203911532199588
-5.965966641017413
-6.078953205274384
-3.062599038630334
-2.5914955798501067
-2.9464379308241044
-3.388918552313188
-5.14015450967948
-5.655277747499875
-2.7283242020286904
-4.526395206626137
-3.413877665036899
-4.529201632387113
-4.48072118344733
-1.4077608007839393
-7.961470923287224
-4.437837411825216
-2.9869419781299804
-4.073612527595518
-5.4939384164241325
-4.832106618504147
-4.330128940580271
-1.2964999994415867
-3.6755715653838466
-2.9072806147565964
-9.4449914749741
-9.365597344296527
-8.964565319177778
-7.9696505203303
-10.069694697649206
-9.623053816447452
-9.22951236209735
-10.3122920758387
-9.048037562155685
-9.245066862570757
-11.535530407963662
-11.208815595221516
-11.54149518700899
-10.017917107617738
-9.643350591137105
-5.0002218240804055
-2.068635335263517
-9.762490560315511
-8.35406704849998
-8.291114857061757
-10.16001282920077
-10.004424539532613
-8.932721554630472
-8.248029647428194
-8.840271766072814
-5.676166301130815
-8.980904800972178
-8.745214775827113
-8.347903783022218
-8.068731345627421
-8.138488656508596
-11.183991839025353
-8.99634065956489
-7.092838142993712
-10.835967453759288
-8.364563652498767
-7.430491709890957
-7.11532507141622
-9.30546145211328
-9.463357669295684
-8.42015609039303
-9.16149906853309
-8.1000602026646
-7.300612598191823
-7.8025021772874865
-7.955208331803583
-10.009078290925798
-9.783326957917227
-8.366782285757884
1.2290619802422946
-0.31049625903405476
-7.295720592903281
-3.3653041740732963
4.051703078120904
0.23025429036126943
-5.123854998130999
-7.7304831517924795
-6.524069162066413
-9.960028808832295
-5.002014837729838
3.3725511687290983
-4.1907737554084346
-6.936442356409295
-4.570943791403672
-3.6149718030065743
-1.222676070143305
-2.3469604052229336
-2.4220034410330706
-2.3630394186869115
-2.8344045903649806
-9.674907231034382
-8.289677440238968
-5.931441241265794
-9.395117823816133
-7.946558462158925
-9.775646338145915
-7.4901257540190835
-5.533504290119715
-5.332443882444759
-7.336288889993073
-3.192359011441762
-5.693883964726846
-2.1010889747612596
-3.2692994067755947
-3.7060384922973464
-7.590991394633557
-8.93140061297765
-5.008494406617428
-6.633215695319609
-8.904984813341818
-9.084471546103448
-9.676365465149532
-8.468623412552045
-9.409675001645393
-7.267350583465854
-1.9239394353642791
-11.233559243018172
-5.333481837264115
-2.688202748723877
-3.7691605074400423
-5.02775111784544
-4.681406388321606
-4.681315113189463
-5.336966518323333
-6.224760178876388
-8.16107071826948
-7.882291684719325
-9.343929330629841
-9.425093639810628
-9.009350828491126
-9.258660835560129
-9.231434033396155
-11.758443328348772
-8.060049466889671
-9.612787601600907
-10.311347347604883
-10.968500381964649
-7.155593250675273
-9.536885208892828
-10.411368046724125
-9.01493026874856
-11.206000607814698
-11.005578756063764
-10.310183231253633
-10.110547027990002
-8.30252988754882
-9.598356609530198
-10.258514385482705
-7.768630391015046
-9.626190372802647
-9.62216213038096
-10.770106010827593
-8.788467397009379
-10.512846460433625
-8.286984461490215
-8.990770802764576
-10.396734830903984
-6.075031180915808
-10.658083456419714
-9.827980283792206
-10.305277507728313
-9.161518979378204
-7.992616844372815
-10.314690909559664
-4.018901903351017
-5.116864039463283
-5.086541996500188
-10.338488625449735
-8.084040865228184
-5.791113027670755
-10.705835972386582
-8.658861803335876
-8.729538398843623
-11.122203679125123
-7.734495394601055
-9.6083624069289
-5.939796847650808
-3.7880308495574075
-10.23226887155684
-8.625269416209616
-9.652033548059848
-10.551709206352406
-8.933989201155267
-9.798459610930008
-9.150863959819093
-8.934420264973008
-8.304816850142062
-9.155851240601777
-8.682410421666368
-7.900779453608876
-1.869923426795377
-4.988534233097649
-4.981203110654947
-6.743308710655569
-10.405257081168976
-10.541307749297877
-6.9401093665278495
-11.016398035305393
-9.889993151510307
-9.066595240646427
-4.672940866265543
-4.84949164821626
-5.759405329191041
-7.366004386816922
-5.651375079656493
-4.327036545646382
-0.9759345545164966
-3.7623330416966096
-7.165599291286455
0.8478948549192689
-4.279092628001476
-6.1049076724872755
-6.466555209848149
-4.026724104521658
-3.4339245215822642
1.9001699177214397
2.9923506854383053
-4.271031236708964
-0.9058999452516088
-5.883754566368553
-7.994640747945202
-9.400849342538812
-11.257428331136268
-10.097970938513267
-3.7444232591769406
-11.320404190938664
-5.609784332876831
-11.627236719190735
-10.319980967275589
-10.138301680834761
-7.926331402369687
-9.226482430061305
-7.629661413352881
-8.61172761995799
-9.691052271553486
-9.495435378025773
-6.591784614331457
-7.698544787866069
-11.144866984030566
-10.877888946044273
-4.175393778414357
-4.563670535390317
-4.284405751998432
-1.7609650385204891
-5.9025064259478714
-3.323433496345654
5.155586835435185
-4.181533303120931
-2.9551325465240397
-0.18114969373511913
-3.6749785634187098
-7.62936449137925
-7.262015639599637
-7.387040835446112
-6.495576599942033
-5.225213001377882
-3.1467240353286297
-7.80342636549928
-3.9390631734941457
-2.342832284885852
-3.3636187701279443
-5.72890708179813
-6.476692112885018
-8.006790561227064
-10.334375531652762
-9.534561142562659
-7.150759382080827
-5.756032862228033
-2.8245799830795835
-7.600631574460179
-6.01555668154472
-3.80787512085302
-11.92079689892802
-11.153622598805246
-7.623052160523691
-10.327228233492288
-9.940012224356543
-9.811340796016344
-11.147515635366569
-8.053966422825692
-9.503515725140753
-11.794766885621865
-5.19276905968583
-11.322312114554451
-4.0125415054543945
-4.866256124669022
-5.066892191369433
-4.39848763575292
-3.938528631655351
-5.876564531041414
-6.661008137911782
-10.054338888176684
-11.069345746463734
-8.177141601508966
-7.582880211651771
-9.505529172814757
-9.632342302852518
-8.759329239851908
-10.69623867770959
-5.6650411900623165
-7.184830730932707
-4.701523230835603
-5.358195576228554
-8.361559034257379
-5.811843714742232
-4.214729909214897
-5.136468704639708
-3.1909683400305098
-8.315289880843281
-8.867906307994396
-6.581528700584325
-5.725658712815518
-5.851568883044392
-8.268154722778592
-9.341279520589069
-9.473666611198746
-4.99432909431309
-8.69673688980986
0.59897210752261
-11.034894427676482
-11.23025303534733
-9.809309491628905
-8.945397080600177
-7.908903602221148
-8.659502595387448
-6.2721716869697905
-5.379174490065525
-2.550750286420884
-5.1048396059316365
-2.1590872497663023
-5.719939488664485
-4.856733091531657
-8.25570584486224
-7.979232547044872
-3.7870394500364313
-6.373198219539477
-4.404700196789504
-7.199332839895922
-6.419235571259211
-7.39122355618786
-7.594185808116682
-1.719978898960108
-5.643398369941157
-2.582947900849131
-8.071863570724004
-5.342661484547309
-8.16942388526865
-4.6606306015632555
-4.801377673058464
-11.010990352685821
-9.84629577034633
-8.026577539885531
-8.646231642491896
0.3153105461216541
-7.473859209769983
-8.284468589021264
-9.915009368869939
-10.426036454019199
-11.16128281656127
-10.483199949321078
-11.374301180036177
-8.007659068288865
-5.421090673719759
-8.359111596429726
-5.374660958292697
-8.522299030743149
-8.597627983830145
-7.174567380110187
-6.327391720509649
-8.225232710304862
-9.261891491710996
-8.938706580200728
-8.67183889755039
-8.132808149393917
-10.197778672657286
-9.414169538432656
-7.852203601337706
-9.438906733989024
-10.36172616042694
-9.849217933218885
-10.537576995598812
-10.240456050535187
-8.042563596034437
-10.482419524890322
-9.78657513044862
-8.605677105099359
-2.8417171110850643
-10.598600894936254
-7.530146044180033
-6.874926593503658
-8.522294882814949
-8.988996870167494
-9.466509108637775
-7.72540319943237
-9.252986752961293
-10.71052376411761
-0.357561304770574
-2.501323714390959
-1.650470656989116
-3.2860731195338166
-4.390679380743393
-6.919311311185394
-5.493867309290794
-8.41067610081396
-7.3359629827508925
-8.484930140127032
-5.353335160041652
-6.766379549467937
-6.223571773498952
-9.674824991624652
-7.968357369400838
-4.621274555006162
-1.5297167883715466
-5.1901314453866005
-10.124496485342558
-10.548629866490781
-9.830633241498614
-8.890999288075262
-5.040351349344426
-9.47091707472341
-7.8588379115145575
-7.939490167342504
-9.930363423705538
-10.11760628842909
-9.593157107194738
-9.261618896670594
-8.00614743426825
-9.54986711239663
-8.417578252740936
-10.271504539729133
-8.929589518084288
-8.925975875688922
-10.449363422378159
-5.425937184665189
-7.888433661252439
-4.902084078593953
-2.3514560751347835
-2.261263250811571
-2.559381546252316
-9.855717371587062
-6.774631680580276
-3.8152986281598715
-11.009684069778011
-9.1031276801335
-6.838477101228263
-9.241690940944855
-6.372462244028176
-10.101454164687933
-8.620611649015853
-10.647478301022812
-8.416109849730088
-4.641504305525466
-0.7270690620206778
-3.070915511589357
-5.748801235310591
-4.984100127338287
-10.030357230042771
-7.168888658560432
-7.889752277169829
-9.171377644003432
-9.303429945530144
-9.345616311401868
-8.239556339267814
-7.770595234720416
-10.284943146281151
-7.717709641471658
-8.01996848808305
-11.100439402070089
-9.910796390626134
-8.947484349068977
-7.023312697045234
-9.06341453053922
-8.142642861179334
-6.960290514662677
-8.990265692271134
-8.002135267980123
-9.961253875078398
-8.455510731262548
-3.111865305838534
-2.900999983461279
-5.129987913149408
-5.23982681639906
-7.628248078649788
-7.711182817424594
-11.141941258988117
-9.489929888414132
-7.479385093215509
-5.644263316552012
-10.661726318097609
-9.674883220289
-8.243813834476452
-8.767740753973204
-10.209437568163947
-10.343277258232959
-11.320370264921758
-9.69108272012707
-8.577792381442181
-5.765882400687081
-7.641468661800358
-6.246621357417805
-8.964039783373376
-6.888309185428503
-9.224670428405684
-4.850030981267822
-5.809591836960559
-10.44290451208297
-7.205243308405803
-8.401088664411182
-6.787748485633785
-8.01601525821901
-7.123208079777026
-10.775736227828874
-7.200861600914792
-7.637578742847811
-10.10480302841998
-7.316242280760488
-11.60677661912678
-9.428647419006303
-11.778903639404792
-10.834007145052672
-10.407909968965553
-8.400231884657408
-10.900632782196931
-9.524650082233078
-4.540685732746006
-6.477683538219818
-1.8227051835651933
-9.174606578017118
-7.572682074343049
-5.395602323111834
-6.129869657163706
-4.297612385925657
-10.550450618114317
-11.616125585645303
-10.225642655833052
-6.3072689010109775
-2.7972034433459303
-1.4628290264248103
-0.1773318860613869
-1.1431423469302313
-11.396556241335523
-6.551423121522783
-9.020046762190637
-10.606180465393305
-4.187338106048626
-10.727898751280787
-9.016646249043756
-7.237119467184835
-9.572718293498884
-5.334210796028588
-7.133787655787294
2.0630092490812495
-2.135485018486861
2.2688399102249988
-4.855087520130886
-4.89394153008593
-8.456982121329464
-5.2361531741446266
-7.559764224423584
-11.249462196667222
-7.901747709282242
-6.539649152024057
-9.137341810536347
-8.654226161311088
-7.674137079489762
-6.947783407917
-9.995367123916225
-9.48367066103242
-8.344917405761226
-9.213282143242886
-6.423104377845954
-8.235649184136062
-8.48730922178166
-8.777845899300738
-10.408675459751928
-7.784271954825244
-7.2891658421420615
-8.381214114478782
-8.257239482517278
-2.949148174153944
-7.1144542671254225
-11.160274621680209
-7.961762942976616
-4.091031816065451
-7.114760774254663
-6.711652792086758
-5.70231511989812
-3.8005050819062673
-5.107253102628978
-10.453629054561215
-6.449318600062738
-3.170480962909787
-7.155121193554029
-8.192841237145498
-6.029229426560069
-5.739454401394182
-7.592754784733554
-6.534346195874534
-6.568822015138731
-4.098027772786809
-4.203967459897479
-7.199123162005904
-4.499535294820632
-3.1066242112673432
-5.8580045421677465
-6.764914141619119
-6.592963562002499
-6.478892112062421
-5.147738150630405
-6.004621823631439
-6.244349059227317
-6.673024929469238
-5.175050242280174
-3.2012189417178414
-0.6210070117432186
-2.122266739286517
-10.830618298437257
-7.257849750652353
-7.616584750826595
-9.203703117099423
-9.424056373905852
-5.103544075190985
-4.5170543109825605
-7.112343783815562
-3.9932055721135225
-3.364353568717255
-4.351680558529143
-8.656889227865866
-10.851297973225112
-11.312559831765114
-6.201309102594223
-9.193561452790622
-10.082060279370666
-7.714332692132973
-9.666310642129675
-8.75778759056864
-9.859937366075647
-11.327471569223837
-8.960891756787252
-9.417756945022374
-8.788986357977995
-7.046411710828964
-10.58566018696796
-10.707484401343667
-11.108730155702675
-10.5113617028177
-11.262247155054004
-6.477631876265931
-10.303899054909621
-5.505229352382702
-6.983453001941394
-6.335526260459355
-7.317294797762682
-8.654737332723391
-0.16131549303006354
-11.02331036154699
-8.583663437327226
-8.424477138306925
-9.426483409053642
-10.585678206111705
-11.708130568325943
-7.606442870478028
-10.064568933018244
-7.746698086121907
-7.327245442780835
-8.675728142957553
-7.851776575264719
-9.334631266107573
-4.525167372179459
-1.8214278095834047
-9.41251161966027
-9.72128457773348
-7.058744085760338
-4.771995238056925
-7.4526810657488864
-7.563015265939199
-7.722215737703944
-10.54036627315393
-11.178777379357749
-8.756164518972668
-7.182634353399781
-6.076031303677621
-8.270029097019156
-5.428215145093187
-2.4322210407327622
-2.653830836428104
-0.6557740875929474
-8.4451781103894
-10.685922898345579
-6.632522323371656
-4.412901736532157
-5.893593103518188
-9.81266622467329
-9.40344305101252
-9.39311036341656
-9.32386843220391
-11.279929479552754
-3.5702017078231236
-10.621877673054241
-8.648651564024982
-6.005661479196583
-4.300652665701784
3.7277772489745726
-7.770255602654351
-7.513763985805346
-5.461887476824721
-4.282618836672315
-6.4660167917875215
-6.1394215708423445
-5.88842492164272
-3.573394445771667
-7.536837278424171
-8.213652809401458
-3.6130147380479
-10.281525430484043
-11.22090894166129
-9.335012057874366
-8.036856532661504
-5.7113121819819135
-5.813630531439641
-8.73913271503536
-9.50010445092353
-9.120850581896207
-9.99831661184097
-7.181164210527737
-10.756583371001474
-7.2837898054555845
-8.587360648277901
-8.171084836990783
-9.709037685334692
-10.435022795860352
-8.445368562426738
-4.678041919229609
-3.9510720387266085
-4.612316334523258
-6.513401709321562
-4.720988297516075
-4.153311533216852
-4.486522797284559
-6.523525711363606
-6.7779296516736025
-2.6792562305855214
0.8014783560465926
4.925948876751549
3.8005822625107246
-8.154540248729608
-4.466161251684055
-5.238153685231107
-9.460203665824274
-8.352653811055598
-10.010720260986401
-10.583130541095775
-5.819456199118999
-5.73462048862611
-8.168834346449055
-9.135921906703913
-9.523801034312136
-9.14583414498952
-4.5485231942232485
-1.712767419359067
-6.194022558145344
-9.097300358282537
-9.027270513956665
-11.565247055705127
-6.90357184865586
-10.396378833385487
-2.2327822109666404
0.04619917098499149
-1.4209634349080982
-1.6433961716696612
-1.2320671413168092
-0.0884898329991104
3.7945927484588244
-5.7013069882425285
-1.2625166707396436
0.06448158632729906
-1.2411135174621928
-3.059660596182078
-5.443102053186482
-1.9258475670214108
-3.886923972821381
-2.4992210252564675
-5.100175127307739
-4.69244649799865
-7.7905584118635165
-9.28508169043389
-10.43176650662305
-2.990217190491281
-0.8478043360955265
-3.8049924723632236
-6.744372734613615
-2.512449779142542
-5.493713153961377
-8.371374451246073
-8.14668085389777
-8.356319958898334
-10.19268900583004
-8.106804452856275
-9.887499770157158
-9.38836527633797
-9.17961779720392
-11.28935388748787
-8.627007476964668
-2.3510679364139264
-1.6033200140326431
-3.2709091833598554
-6.854260534547643
-2.002911761861456
-5.121280102768177
-8.701039443182633
-6.050647749642265
-1.9242639632354552
-6.785115964443813
-7.625691409889782
-3.080834075570315
-1.8004264408774127
-7.939520899755909
-5.906768984150386
-0.24176591430620176
-4.555398398869239
-7.3841036144419165
-6.060625838912866
-4.479269554119151
-9.488839040657046
-7.861322323532622
-5.07944130491334
-6.306796790011223
-9.3844340278697
-8.949109622266626
-10.591995417365165
-9.394257264025235
-10.554437053531522
-10.161652044906818
-10.56563763412538
-6.534497419935622
-6.535519885578586
-9.31910708315683
-8.710360488428572
-4.757142229992579
-6.017912336611914
-6.479234071492367
-6.195599859250125
-9.7616022225265
-9.443867400113472
-9.928636390397235
-9.230778329424911
-9.309163507504216
-9.564624630859898
-7.861093575491497
-10.222655009950454
-9.655063103084467
-7.3923628511712645
-10.62827942080244
-9.616933228245065
-8.727988712356346
-7.134446989868387
-4.957094226388125
-2.7710396890345073
-3.473241699369251
-10.059200274776417
-9.670742610081934
-9.012434885446867
-10.474852262037983
-5.389934454866838
-4.048600914514546
-5.419208139274026
-7.793443676927189
-9.160642096984231
-10.621570419154967
-10.478676752461109
-11.401179656483892
-7.6375763116604505
-2.252767071373625
-9.316099140192527
-7.763046729344845
-8.594260591327014
-0.19299162343631682
-0.7817919044380437
-1.094586397317919
-8.474433510072856
-3.157477786870703
-4.344870034903623
-6.311540514815135
-5.184858615954601
-7.7389733340029085
-4.88403290298217
-5.004017202834028
-6.276826411801506
-3.948003147889935
-5.4814234734685
-4.595416049250364
-4.963301516797862
-5.095275924882028
-5.157611190135174
-4.504916806440275
-8.82256569701334
-9.716539551899011
-5.771995260339034
-7.044705421366958
-0.9905969192501001
-4.451941476715943
-6.467655346987246
-5.266164857457127
-5.601853518199441
-4.614795325458054
-1.588988196519485
-1.2738382465509792
-7.767294229782699
-5.155263471310054
-6.1465899297353195
-10.877651294165048
-9.077578815368916
-1.1212478946871423
-3.240869809637826
-7.194777792521977
-9.388369958504725
-9.738922067065621
-6.3114286560218815
-8.664543851011125
-10.1660007022328
-10.709728926594817
-10.5306352021244
-6.188772450708441
-10.33504321159312
-8.888797333386718
-10.386087005425772
-11.135437683719934
-10.880200346593844
-6.432435001910404
-3.340894827286289
-8.08312598672514
-8.950115240656267
-2.4082649928570663
-8.21547189498538
-6.709968542253626
-8.177112360643397
-10.6831882234816
-11.755461395338944
-9.129105152104195
-10.346454136871241
-1.9800480238062645
-10.050836134543157
-9.25187101306085
-10.09194338453699
-11.229325042926721
-5.742544258324303
-7.028880809295469
-6.602985833217412
-7.069986860885175
-9.306475334008484
-10.222138431529016
-9.338361426685566
-8.553492484541957
-0.2521782319344239
0.30974741522044635
4.428588856123561
2.8712925903271556
-6.181727170457556
0.5731650622147861
-2.891552378307142
-1.6343449861054737
-2.4544699061116093
-3.51613085369156
-4.460324408938694
-1.2173326996667444
-8.881345966176962
-2.600971870692578
-6.203193502444818
-7.117950229453569
-6.494356333730589
-5.762340465105866
-3.353045463450172
-7.6015467062156885
-4.844176532173602
-7.524111692181589
-6.272235027782361
-3.745740837836044
-5.323838168713011
-4.595326367468925
-6.701350006275731
-7.037570144784731
-7.499605105153818
-7.969591122416014
-5.9094671043119185
-4.179030252022027
-6.562024935478553
-5.896525687041265
-6.3938127013542045
-5.56559668155483
-4.939078187713935
-3.8058016962100885
-5.9542073596714005
-4.899547121304561
-6.778152150410336
-5.614611843015961
-7.15894995902838
-7.471833104213681
-5.1949796274271325
-3.5506730249787615
-3.944732344527363
-2.1174877176577565
-7.447581659715573
-7.303372573316911
-7.665249083671078
-4.81264006267254
-9.783789972942573
-9.710426986032818
-10.506708306237945
-9.98453059955176
-9.777773373194902
-8.928317041576221
-8.816113978911226
-7.164099139917857
-9.909177960201658
-9.535113083198473
-8.315158269658724
-8.664549305292143
-9.168582552578968
-10.65536926341667
-6.007613023436972
-10.294205966451496
-9.91647558192747
-3.3502184040471277
-7.664876935792776
-5.327529702817123
-6.334200492367288
-3.630877188825313
-7.404827051348897
-4.543069994032429
-4.531829280326165
-5.7888950244793635
-7.14427548678009
-6.049907361103842
-5.479041057418491
-6.425721036365404
-4.044090937207231
-1.6580328949594412
-2.643417705048943
-2.5312188240435503
-3.0238224644976417
-2.3473191462709093
-3.269732554170521
-1.759198912772312
-2.2360742664876487
-3.4744717260261235
-2.9684288879173066
-2.4875394183742743
-2.2849445899542826
-2.3280567601176587
-4.134139394696327
-3.2310897298904555
-2.8999537062627745
-1.2840469546968576
0.31264762599676055
-0.7625146839577839
-2.353926866354099
-2.2782488890333434
-2.6728153499448766
2.8107950504223274
-4.36250714394392
-5.224528085039976
-2.1258046337333942
-6.787952417558625
-2.6679973422628414
-2.1779034267684567
-2.7203937744730187
-2.336428715895779
-3.229612561224716
-3.0411101040986277
1.320886132177458
0.05145730328886167
-0.785180547930126
-0.3278016080676053
-8.70371351136591
-9.115322646690899
-10.558386721882414
-6.983350709279677
-10.801297470234772
-12.110871514565252
-4.625648968209284
-4.035751526574449
-7.392647844270802
-8.188841390874334
-10.211680729267776
-11.5161117395465
-11.084551702922166
-10.846161360865931
-8.30901916395929
-10.338298587836727
-7.664853258551485
-8.589968919532753
-8.43127513522335
-10.726469427572978
-10.42980402417917
-9.744211400047995
-11.578541872679029
-9.815468500031862
-10.908993858916311
-7.883944554080191
-8.75220126166191
-7.200479913111464
-10.338103310760923
-9.981199522549618
-10.282035597714009
-8.824148363653482
-9.80324288446829
-6.906679803171652
-8.605481583783298
-7.230102026748156
-9.873905049376097
-9.660482850889661
-10.239150235646157
-7.355398213885132
-9.474804017084148
-10.400651963440122
-11.458576876202672
-7.348884519784893
-9.84079736482558
-8.470368535373419
-9.481315447371239
-9.586464387046757
-10.1030190800231
-10.032354720713538
-9.729067255366047
-9.544830564839511
-8.79681500565097
-7.940353554361549
-4.785634626062386
-5.552089929493849
-2.0484255334762427
-3.098495738433833
-4.213880966212002
-1.2270306621446136
-2.5483642330348957
-7.804028864563667
-10.441776897951701
-8.416623262341105
-7.447587011177683
-8.42538564985356
-5.311896857681357
-2.1925684905782292
-2.7199727214690874
-6.893964149110298
-5.999332752883699
-0.12821423595781378
-1.2858238521841294
-4.563744478201873
-2.979641168195074
-6.201023998286408
-3.576674270069021
-6.80353814657975
-6.986952753731951
-3.2936988007840444
-3.5329879338680823
-4.168067266135684
-4.638904501327254
-0.009442944835443612
-8.076626446838155
1.6977399346040156
-5.171214740674542
-4.197258680189673
-4.856107779162882
-6.635986931226063
-3.3852432861655757
-4.45181214277415
-1.767667017221575
-10.804475484080776
-3.041205309299996
-9.82500709484469
-9.245655895333872
-7.9606786537193255
-8.287959903511334
-9.084866967901819
-9.53184869135177
-8.633264151691492
-8.583842817951439
-11.284455125506017
-7.357570386551381
-6.577409324378018
-9.620651182291107
-9.499332372229517
-7.827993558449991
-9.765383269903223
-8.753172790513853
-10.966806213230404
-9.782906912276493
-10.205546286872167
-8.773980325134717
-9.095011725536327
-6.563769544714623
-10.369883482368902
-9.720882093018112
-7.283380455941373
-6.830406203565047
-8.351654464478004
-2.6678348385315367
-1.6761162373561003
-4.903675435047779
-10.81068125563431
-9.741808957793038
-10.039246480583731
-8.261732484078742
-7.372786825111983
-6.451419122560385
-5.663804721411428
-4.042565110484593
-8.049203118257669
-1.8638142176624468
-9.025276095037514
-9.004706960720215
-7.49594210466335
-9.532339239604871
-9.421883748808558
-3.595062149449184
-11.35249389598015
-8.607502211448962
-8.25209175893795
-6.685878872181075
-3.022755003027879
-7.734145561674471
-9.542187048778338
-10.443061800182074
-9.618386455159522
-10.348618157369215
-9.519077800875223
-10.929353019251996
-10.18746150226539
-9.674378296935785
-8.749069920724603
-4.3852280673552695
-10.163218290807505
-8.977984340728247
-8.39912605511635
-8.598146304892227
-10.179502035612163
-8.874640968421696
-6.261527613432273
-11.079451308241756
-9.099859201770844
-10.91156029016718
-7.957954835668872
-10.034901220407423
-10.58969322317691
-10.952948328113644
-10.869786295857022
-10.771601391303259
-10.943952404526922
-9.733730207452725
-10.436476204560757
-9.676283864284688
-10.608330373709451
-10.221084861966206
-9.826862686578245
-10.709623762489398
-7.591044970896481
-5.326473134510342
-7.438478890873452
-10.043502661598055
-8.744550512304603
-10.837740108750276
-10.100369882836356
-10.7325089877414
-9.044123872964338
-8.045130135559218
-8.136495629837544
-10.7841324408167
-10.428339459892864
-10.68569284753672
-5.121737673017536
-6.620498092453971
-7.3890069603958
-5.659790015462834
-5.332042975340393
-10.340067642703183
-8.241387694343002
-9.96706460756941
-9.43432095220648
-10.116399735717978
-7.396400742482669
-5.936623459931894
-9.874305500212113
-9.957735454144197
-2.961121093791565
-5.156784407104724
-8.075403323594397
-6.296310112106887
-4.155915020640856
-11.465500152751456
-9.371343946324084
-9.212287960574374
-8.554014365535973
-8.696049901394659
-10.296511733637534
-4.348962645165439
-6.671351265601839
-7.6764733725150975
-9.13487639736604
-9.380557328074605
-8.49991587942782
-8.63309373362032
-9.317016592600403
-8.613823920486993
-8.48726192553964
-9.408787954018372
-8.470008924458119
-6.408854747851613
-7.243901316946794
-3.244779506891428
-2.413871769693921
-5.336524375271624
-6.551120564358274
-4.820791886048475
-7.956251606181213
-10.189043232030317
-8.584689284896902
-11.516846632649314
-9.222273832459862
-8.521249255757398
-6.367574973882841
-9.172346710264867
-8.018644401050345
-5.220676572739466
-8.856248669591043
-5.644840044033444
-3.312261127138347
-8.951720966879067
-5.1177416741353605
-9.600630642413885
-9.523290756315358
-9.164400758487636
-10.610821563784839
-8.656509675985678
-4.545522911051424
-7.801146076067939
-8.365274562832086
-8.767386103076959
-7.499720050431103
-8.525819270718056
-9.73544097908613
-2.741268313790785
1.0232131713892834
1.828505716363054
-0.9715548541735737
-1.9491077748941907
-0.32112157905596495
-2.675683483036347
-1.5359904355169705
-2.1520073292920245
-1.7125291487657934
0.19069625047818972
-2.169904248985603
-3.2452409209539903
-0.9064792088287126
2.6875867918514516
-1.996938403794965
-2.0055554925075656
-3.4954967245977357
-2.469730598787872
-1.50431738860361
-1.1945809338314657
-5.550690694363482
-8.052419607647057
-6.617066286878406
-8.074431364982278
-10.802928030948927
-10.152182739437952
-9.842441104820129
-9.724874522215869
-9.760167323117475
-9.96241300517459
-10.765511223449002
-9.105269197946093
-6.553503963868236
-6.955848669918308
-10.290517290970186
-9.192227141537277
-8.100369905162148
-6.09413692295946
-4.507243469858409
-6.084956907093087
-8.297620186007386
-6.6031044774933525
-8.271239524563846
-10.128649183979194
-6.302321997273931
-8.34888399656305
-9.763908610888555
-9.262281091622398
-2.070020375475381
-3.904585572203057
-6.190912710477341
-6.038716443167223
-4.394926691203848
-6.908695931911756
-9.48834101422338
-9.63868030095034
-5.73576018639938
-6.238810350753498
-5.468801432083029
-7.775994606792959
-7.892097126835515
-8.292412746588905
-5.758470333765738
-3.836205452407346
-8.76051454446702
-11.422208282994772
-10.61481515333237
-11.45694607389154
-10.507225784600498
-11.445668083937495
-9.614184107092846
-9.540728243038293
-11.662685388957723
-8.083989755514859
-9.702757609352258
-9.234580043043499
-9.210990019540265
-11.389556120037533
-9.89605280866023
-10.666883774693956
-10.949951435473736
-9.69464127395245
-11.7496630928747
-6.6521913295973105
-8.76963993384857
-8.726087853722916
-9.409572914766656
-8.693742951958905
-5.359137925628149
-8.231880389453544
-9.932917505274299
-9.335997888871875
-9.241350012224473
-4.172761422896515
-7.528141348876493
-8.227043502061118
-11.600982570090538
-9.033248280614623
-9.277765084956936
-10.34481304491133
-10.320810438297087
-10.925246883718817
-8.510713099301976
-9.078857440868724
-9.464812065653167
-8.08311275634101
-9.047751173459538
-4.937944855155564
-8.55442357460528
-4.383113376919894
-5.563060570212636
-9.514152042986623
-9.817317555514503
-6.386679380017171
-8.467122839979792
-8.91085260285622
-9.564992089723034
-4.537014594079898
0.9654938708383884
-4.823942309440838
-4.934043982328126
-4.875031637890132
-6.849307281285827
-4.135408130903292
-8.523047848702904
-5.787181756338132
-6.780510325758761
-12.112203369181623
-11.356891546416307
-9.345647495737502
-9.200872217970474
-7.733931464161447
-9.203304752091839
-7.821340429517101
-10.813221508205793
-9.20388086087522
-11.338614380693251
-10.59328536390128
-9.075865991826362
-8.49585125853045
-8.891000755624935
-8.587916649891184
-9.717952516310257
-9.054608384369827
-8.880009818736866
-5.619524175620361
-9.808484117170984
-9.373594505673832
-10.178370437435591
-9.015451045093066
-10.131259036349222
-10.050144096447111
-10.416368168430086
-9.330583279585078
-8.462741354637929
-10.594907302335987
-9.801498084062967
-9.194015952603706
-6.108805767458589
-5.117430291024284
-3.4482968987044336
-2.97025920888413
-6.986221516777624
-2.8032713844973167
-3.7720381886866585
-2.937314322981497
-5.7415577115309
-2.0642635278067734
-7.1927363026444775
-5.607078645820213
-4.479365344382613
-2.7763223619459483
-3.7019362913106
-4.3699694408082275
-6.45596479930689
-5.512900855426892
-5.397487442549228
-4.831459294559747
-6.386292505465329
-4.030767214039013
-4.00841091435249
-6.002442314589104
-6.479193541841893
0.5882181203264507
-2.421751511991594
-1.3604806610804525
0.014820874671580775
-3.610712048625209
-4.345540297790965
-3.5908567099571895
-3.1550085723972554
-4.025580743665515
-4.2314149965461345
-7.026727581526814
-6.956878294411915
-5.260524868597395
-5.686774586798146
-4.397684478047674
-1.222140887228316
-2.3594324176781836
-8.530558507055373
-6.591548040042738
-7.522827077972292
-8.113228240507043
-9.64012992404489
-4.641552049533893
-8.862284229321974
-10.957565707877245
-9.266655660233472
-7.989349346070388
-7.724747252446799
-9.899177815680435
-9.596378559312143
-11.200038733570619
-8.988689348864659
-10.41523717940704
-7.7996276376543054
-8.40950280827944
-8.576559102539026
-5.444820477181364
-8.473795489034067
-8.778878530547814
-9.82808943925009
-9.276487105476903
-9.44619299406252
-10.466137890753755
-10.101868921693288
-10.988255573065294
-10.044709226670214
-9.000763794981186
-9.942462668343401
-9.892777865766709
-8.044018336384141
-10.699882892271894
-8.61876987880765
-9.235865393928934
-9.581614050877723
-2.67992241932431
-3.7126264756996763
-3.7375415756139767
-4.711499709987846
-7.2791915721067815
-11.297459233280573
-6.126644735307132
-4.541848551043442
-0.7003628439347013
-0.7459072885014609
-7.78905400859527
-7.038213756928968
-4.932999983075151
-5.89967806416258
2.0965482077992323
-1.8626868974518875
-4.450090555292025
-9.034587078537426
-7.48235801326585
-10.476577096315834
-9.663508407924823
-9.596453124734857
-7.760456499435362
-8.90593187857815
-10.037948157121006
-9.641072082512865
-9.4949152415061
-10.30213147522193
-8.305688563680361
-7.050790897814908
-7.968551078587083
-7.9096906459295635
-9.068395944042784
-6.389849809024868
-8.822927977877644
-9.928008325769193
-7.9745926464970935
-8.491987081239749
-7.260194531919166
-9.00888626290283
-8.50694109375934
-4.540388126840102
-6.270260599183223
-6.477573631260455
-4.219036308778232
-10.457394052141971
-10.22637667637658
-8.727154380867175
-7.186612754299057
-5.154910414303015
-4.0892709629678015
-6.992056698826651
-2.5099227821004457
-7.408092876153193
-1.2025666085655908
-3.764978092095488
-2.782084823165178
-9.196885159478748
-6.525177704339518
-6.435055887436965
-9.089704298243063
-10.997700859187887
-11.01071707260342
-9.510030236197004
-8.179706921263119
-11.281181383716838
-11.3752951461187
-9.63685861865949
-9.117688095141396
-9.643581895800038
-8.974075727722449
-8.367223341840319
-8.424923952474122
-9.06924964745025
-9.07674090800557
-11.694361717419035
-10.930948122881246
-8.777873569141203
-8.871801591865935
-10.444306712846862
-11.877305460966648
-7.934940558753369
-6.827535791796628
-7.058843741269881
-5.793810955968093
-8.767236875157867
-3.0263511595975365
-4.566881961621246
2.84289440839129
0.5057865084158959
-2.915503085539111
-9.537484999311488
-10.037141049847632
-10.832558519353352
-8.494676333425383
-11.312244289359128
-9.328046904616759
-8.74344766080257
-11.210507571975699
-10.595569162063327
-9.41544229159231
-11.357848539410845
-9.327762624481418
-8.248159565009198
-8.938221460791526
-9.061749473520798
-7.627656305577354
-8.396395501399784
-9.134712402595078
-7.573248362480511
-9.180927647016324
-7.68043178758139
-8.513388443861961
-9.25560185484024
-10.225253561047298
-9.629803825794669
-7.786573202577284
-11.605296862875688
-9.785304991480057
-6.151981011623226
-4.696224879433854
-5.1745250467598
-4.560865530731468
-3.6391019783449123
-5.339165084348579
-6.64744984986083
-5.207383668738864
-5.383027320796318
-1.8526916382020029
-9.482139962872171
-3.23674872605876
-1.7007538933140272
0.8420530827670758
-5.752566772573177
-5.073529674844214
-7.603301460842754
-4.0582609847399205
-4.733237348378468
-1.8953991772397396
-2.91859638931024
-4.850922255336806
-8.80089107923039
-7.399954015782258
-8.700139196864061
-6.946972187834423
-6.799862902488635
-3.5370445298324005
-2.8488936600600883
-4.36279921323879
-4.986226428612019
0.7286501890420738
-7.815957120254688
-7.0337938836719065
-4.183900558585853
4.6561492237724185
1.5336098021490436
-4.941698481991587
-0.20542532108160283
2.4411279066083265
-9.48125411710489
-3.8490164459892795
-6.770157874889632
-7.037840669033485
-6.481911216325788
-5.8082214268711585
2.7635867304804416
-3.1632726959144337
-2.248625269410395
-6.057194930783767
-9.470445529501937
-6.504626593089515
-4.408270061913823
-9.812711818350275
-6.10805635974218
-9.035010946883318
-8.132792045312108
-7.260170307614956
-6.497039590645383
-5.664150798595516
-3.5210599549493953
-7.57225295539798
-5.931350943572319
-3.3806668148706094
-5.10894336629574
-4.289809198558036
-4.683092999494027
-5.562432548636151
-2.9370073551107048
-5.218486441094672
-7.222593794634886
-7.725488239691517
-2.5176824174842927
-8.107948239832071
-4.396973855214658
-7.9117346311430055
-6.771010887359197
-6.310567457654293
-6.984985989349143
-5.998244482077337
-4.881113055421659
-5.083516262059678
-7.117934206958865
-9.52116592676484
-10.552539265563368
-8.850103547152507
-8.41927414751903
-9.563479129359717
-7.582410150545551
-9.354387271899547
-3.305184297330479
-3.6472645303056233
-0.6329305391368905
-2.398711418599574
0.9550358158571606
-2.6506586031146577
-1.5322973250456324
-2.957908466988851
2.176378544522275
-1.0512999487536572
-3.17285373671459
-1.9321933309262465
-10.090618539571192
-10.408069572779393
-8.705508287315851
-6.231151297786834
-4.641898241292988
-4.884797980132647
-6.737860362454967
-7.925164452335515
-10.35685216054471
-10.124918528301631
-9.999519833450751
-7.838677585654477
-8.70396418478965
-9.888308921261446
-7.2376841342814195
-5.591184555666246
-7.545283187550084
-5.277095505394847
-2.8312242632143048
-6.605860084351827
-8.137703908494082
-7.603789190338016
-8.84709089507254
-5.035577459337716
-5.756290254307013
-4.073624671802861
-6.742754125577554
-3.8339568137858655
-5.699107081076895
-7.519657694672975
-5.63861048966195
-6.915110942151937
-9.266519314830417
-7.336941654257901
-8.910824889226578
-7.743845706177289
-7.043558737905464
-5.276808177574427
-8.320502337559013
-8.621411507737886
-10.368659080683596
-7.5419322358211165
-5.029224594268958
-6.56533019207452
-5.603895355438605
-7.155421206935824
-6.297718792383118
-4.852002457898394
-9.514290545097841
-8.226507745819937
-7.7079278134806115
-6.1699087864624
-6.1122697378193465
-4.407234860470897
-3.5304053928730257
-5.504437136842333
-2.9057085424605447
-0.4758200215333095
-1.6341469457639661
0.5796108603415835
-5.224762477671272
-8.927685764098916
-5.12339458700596
-6.734562595608822
-6.795694045631198
-6.460600409391082
-7.783802845947999
-4.969854743792948
-3.5838298173796557
-4.349277325034638
-3.922548278855176
-0.36433163632481524
-4.552407874584694
-3.320180410906012
-5.5420734121495805
-4.298904873183694
-4.402691753315414
-5.851340594874655
-4.005589385232777
-10.847774907211294
-6.701588050224809
-8.487360203525633
-9.281902496063683
-7.659600373086557
-3.457048201873132
-10.401257552411126
-11.322610119378568
-8.446804126058597
-9.620524909492056
-9.532152157617539
-9.252665422004885
-7.092178098277692
-7.507893696386822
-5.570947121810948
-6.741175419346626
-6.964697450554825
-10.166240195609713
-5.619520827998454
-4.826977539421854
-4.410321759162728
-9.60547500778756
-5.7088810855677625
-1.552565022332825
-1.917551676693614
-3.6759576701026067
-4.160260743566951
-2.8108136997455033
-1.853099981972395
-1.21387551463397
-1.4432175499074458
-2.1414113289455674
-4.033741227641039
-9.87772476795632
-9.837104987847303
-8.678828922962875
-6.467267393447717
-10.795297167425758
-11.008688241554566
-9.577660511474255
-10.072180443200029
-10.310190938460874
-10.376306491663756
-10.214339740294252
-7.463306866126502
-10.962497304350894
-9.16204828168842
-9.017842460665186
-8.754950263152846
-11.203124006646355
-9.803379809981134
-9.070476579087392
-11.56185594321629
-11.624158075536
-10.022606538658108
-9.013877818843204
-5.591362312871752
-8.632618950050828
-3.708429790001863
-2.7180443075404823
-4.207300855562628
-4.278410877900657
-7.624733064857104
-9.058792971106358
-6.2562841989155915
-2.7434576508761657
-4.810420702504847
-2.942651625440817
-6.509581258486305
-10.403002037566171
-9.846305614094991
-6.242289214825583
-6.127596736101508
-10.582894284327915
-9.692361161130684
