-0.9434430097770874
-1.2137575571690802
-1.2240407196789387
-1.4190382262268246
-0.8687646960008848
-1.0477396382393511
-0.9225768028855944
-0.7501787307066285
-0.8230407823288303
-1.4298447727876955
-1.2036492950084785
-1.0748642258158498
-1.037676735425738
-0.8619722222443286
-0.8584028387948143
-0.917137293698795
-1.214867352792298
-0.7154641265800107
-0.8373125268268603
-1.1430379585194883
-0.85710067057969
-1.1848255924164517
-1.1948922483529913
-0.817104264440495
-0.7463493429146151
-0.9355965465872805
-1.205002331326881
-0.8365515717688613
-0.9802070440797078
-1.0053689919397668
-1.1967365457435428
-0.8641327771150803
-1.122890094386945
-1.1374283667880298
-1.0173612421515437
-1.1824600644483236
-1.0277042047380782
-1.054988824505877
-0.7120076205177297
-1.1312653971420457
-0.9100024580640441
-1.156173866708196
-1.0980465854066763
-1.1993505177511872
-0.464109840464537
-1.074814927352937
-1.149871467898488
-0.9597783997925114
-1.1365547354347205
-0.8863249986193042
-1.044621010544626
-1.0867591581155718
-1.3081995078496647
-0.10562202774213054
-1.3557806188694854
-0.8695067135722094
-0.8219798052699129
-1.299145254746173
-0.925612231438952
-1.0209392851710104
-1.4474787698410578
-1.0710385239925062
-0.9419386760184488
-0.7946395715914663
-0.8641204558501753
-1.2249935366721043
-0.7971704225594018
-1.1169121331604237
-1.282251855831546
-0.9345519814431503
-1.0590194466556226
-0.9557948120648471
-0.9791129760637489
-1.1131061278621461
-0.818587986998564
-1.0947615127933228
-1.2429226300225396
-1.3279757977138156
-1.3247248514418377
-1.155732095369704
-1.1523943818812696
-1.1422602731075147
-1.0630333661181695
-1.099281639533139
-1.171582010868448
-1.454499204516334
-0.873706057531593
-0.8147320272226324
-1.0555804503526218
0.5921739851950129
-1.0960437592518237
-0.14523564904687072
-0.7606527979364104
-0.9760772268980564
-0.9978218551970495
-0.9801251877313024
-0.672279485551153
-0.9251092167898314
-0.9712560614196687
-0.9647528853884704
-1.0877977584826857
-1.5099427218369503
-1.596390079274896
-1.3636529673907822
-1.1918857462592387
-1.317494143079803
-1.1354254774801782
-0.5562043449545716
-0.9171263106852287
-0.9584698385993438
-1.0625542115094098
-1.2228949956592545
-1.0395861477032904
-1.0324789858442596
-1.203908057858016
-1.2487959622938225
-0.9208870980221434
-1.0095817762766186
-1.2526139182842575
-1.1172380871662493
-0.9141509214813577
-0.7591509875923466
-1.25284099205394
-0.8931135966387262
-0.7913089453432418
-0.9623264427215162
-1.1950791373772947
-1.156640035909354
-0.7121278223958393
-1.3261911098774486
-0.9264294810209527
-0.7508178621855202
-1.2142407986713544
-1.3491443128198455
-0.7857639811106676
-1.1684987631564983
-1.0228148880680596
-1.238255042931325
-1.2796343586874415
-1.3106188057091008
-1.2227017171603383
-1.0601551669779838
-0.8374389129593308
-1.1022624780292307
-0.7625240181012156
-1.1433134105044578
-1.0203862514743844
-1.1176005414173826
-1.135643240632893
-1.1560980706683042
-0.31095441598094803
-0.9632959190976975
-0.9458893009208075
-0.8223235970336192
-1.2127572593116636
-0.9085941718805987
-1.0702044151550694
-1.2839721793706447
-0.8664707670800924
-1.2568675647442853
-1.0760016959679262
-0.8539778618646682
-0.8758555743720019
-0.8527901951870005
-0.8757731135419902
-1.3642892782286813
-1.456661486516849
-1.1022155635073645
-0.3270471050312025
-0.83424168836396
-1.1413574789662388
-1.4688111688608558
-1.2263947348794946
-1.118049232761352
-1.068163527086956
-1.3115733815357014
-1.1072269593650312
-1.294425443029621
-1.2046434884227304
-0.5388122142511117
-0.6476348228218185
-1.3786686775595693
-0.8044971256654818
-1.0509005305882324
-1.2869161823932367
-0.7657489895135706
-1.3965996835740984
-0.7359958552065484
-1.0142459666598984
-1.094167534651761
-0.9651178504939518
-1.1384264656016267
-1.084089792397007
-1.0472931678641546
-0.8817570182388247
-1.044333732553494
-1.3304128834243438
-1.191999597616539
-1.1411570320708904
-1.2076373027233205
-0.9185362446640051
-1.1002920858367873
-0.8701184055335074
-1.1138316628875031
-1.178959782884413
-1.2381882495098775
-0.6154461103583682
-0.9033645554435648
-1.218454022126305
-0.5804334427120986
-1.01274797080617
-0.9251720830305045
-1.1996175537523548
-1.2818687709841552
-1.0096630800904909
-1.5867871891942407
-1.3299474724898959
-0.7348251062365679
-0.30640674170981164
-1.166315823576207
-1.0097699492495162
-1.0957000876832115
-1.3203562253522592
-0.5870828736331669
-0.9823977175526168
-1.0789002244712889
-1.3558717861196008
-0.6869765163741889
-0.7040180937853098
-1.246255533185115
-0.8938403140442526
-0.7148965313855834
-1.059907754097452
-1.0184049664011716
-1.458719871870345
-1.244791055106093
-0.8868294633173798
-0.7454276421687157
-0.9359536312424993
-0.9991979230852938
-1.1003127220091564
-0.9812560225120293
-0.9949624104215071
-0.7783086304375999
-0.7942560902431195
-1.2563697745729838
-0.9217687252399768
-0.8376901331051673
-1.2116071064517753
-1.520291880538285
-1.132081146312546
-0.936032839516142
-0.9176703852450795
-1.1901724465969998
-0.9201995931571931
-0.8819615498956217
-0.8681153081629728
-0.6806067980230867
-0.8921033803220866
-0.9863577047508254
-1.5779583125592882
-0.8962458417068103
-1.1823688629165956
-0.8063099016824685
-1.232169989968555
-0.9888176430038241
-1.1376328851113378
-1.0702695910735744
-0.6417852048057343
-1.0262951304652226
-1.1263813149197686
-0.9510642728464738
-1.1225754841978661
-0.9101697825030419
-0.8108171794640036
-1.1513500872024627
-1.0539289375380145
-1.3947316015692428
-1.4131616514347214
-0.9745866247578951
-1.2647489250470334
-1.1958221094643708
-0.9650767140180111
-0.7522301650286878
-1.3142779872106838
-1.1005983556594596
-1.1243114842114452
-1.4097141367225183
-0.7270744852363032
-1.077059000301015
-0.8410187431685743
-0.9684408163868546
-1.0077626348776447
-1.378360046587555
-1.3270666553107082
-1.2205577549345032
-0.9382536685517134
-0.9978129513741296
-0.9149619112184005
-1.2722158998074633
-1.310133679198446
-0.9443799044292908
-0.9489005662562002
-1.3385504508591657
-1.2352843971477012
-0.3840524096296325
-1.3104722717012767
-1.0905123626416908
-0.7760210389996182
-0.9106455447561862
-1.131805898925865
-1.3963833886286987
-1.2587657463727748
-1.142634365770426
-0.8198167441398687
-0.7561219223408576
-1.285501345873609
-1.2361887981825286
-1.1942222515810426
-1.2350221625539366
-1.1555190904833441
-1.1792405629783038
-1.1160627292657939
-1.4358234084070667
-1.0162259646147354
-1.0223633973809874
-0.9544287817787301
-1.6023990973281024
-0.7536800228985895
-1.060408846927795
-1.0104622715746021
-0.9476090324109843
-1.1388267393663642
-1.0651712033972371
-0.6622717414115583
-1.1796944459056942
-1.1193659590773744
-0.6286671696527579
-0.9601550263315439
-1.0255301676662354
-0.5786816841067777
-1.0864581976055163
-0.6531377504147533
-0.6701900018987446
-0.9438506569800209
-0.8918122410360388
-0.9111173264712493
-1.1623656569629128
-1.3265907800017662
-1.0978467623961528
-1.2141646683027847
-0.9797660547178226
-1.2708600044719784
-1.4792603983583883
-0.8698867469958986
-1.1408123486456045
-1.0580691330205378
-1.1471650559728446
-1.076814202882252
-1.0760870134007963
-0.8667637594235866
-1.6439036958581739
-0.9787592451328068
-0.9795177129268818
-0.8277747975747536
-1.1535494808246542
-0.6677339074526158
-1.002179050460871
-0.777388837450092
-1.2500067773419772
-1.2006246292207783
-0.8764317559156549
-1.0393282227169278
-0.8162818074092738
-1.0486905762875853
-0.8803796827818372
-1.1172371189914292
-1.2951746496572205
-1.6016144686399878
-1.4006421260920205
-0.7908474102141556
-0.7548111783941849
-1.5737460746051002
-0.8419584911437159
-1.068887359222544
-0.951054889114267
-0.8571349543890943
-1.3736988508184491
-1.4152317492209183
-1.1293207029341046
-1.1607024820223577
-0.9656182533432831
-1.2006022260323785
-1.0087438625141112
-0.5177507840526133
-0.9071655863494359
-1.3015528439900659
-0.9252893185513358
-0.4624354472462977
-1.1278695646056585
-1.1793804100177812
-1.6211548947854204
-1.492411694083045
-1.1328582946470696
-1.0871896985606824
-1.4239706371260206
-0.949953477906628
-1.12097796508175
-1.2006175594015926
-1.1787980262417055
-0.9864842815464765
-1.3940629595677543
-1.0890750041924497
-1.1694855038998107
-1.3526582031439025
-1.000903039934113
-1.18498788458609
-1.0798558050791038
-0.8129920358473097
-1.299564085170048
-0.9728604036177787
-1.0700614915320557
-1.2731955202622718
-1.222048532763912
-1.080701071106315
-0.7853262336902929
-0.8432976151396403
-0.7675538823246641
-0.47261993212727177
-0.9821671318727604
-1.0601730546503965
-0.9135725230965412
-0.8847240509946394
-1.0533559644355972
-0.9257418044768507
-0.9585816026848514
-0.8419666597031423
-0.8009291142043008
-1.0207578555419685
-0.816919157136277
-0.9309541772492494
-0.7423394939910275
-0.7710942755642428
-0.8989821978260945
-1.3460970910159782
-1.188652272693379
-1.2313488019771655
-1.0254231264655143
-0.9652984651322156
-1.2991866148164182
-1.341785449946338
-1.149868115071818
-0.7351758790310695
-1.1976446050785492
-0.7485937420551303
-1.045989357773153
-1.1719944140088547
-0.8326628406251865
-0.964418622096087
-1.2719030991972742
-0.8584904350910039
-0.8472841234705671
-0.9004925083584407
-1.259446172113815
-0.8032847523377559
-0.7516786486927831
-1.1896397053087382
-0.9817487074226446
-0.9651425766792936
-1.0047497536425056
-0.89569685946378
-0.8632815722163975
-0.7696551095396593
-0.6774721270521069
-0.9074520929215465
-0.889404113922774
-1.209823871466867
-1.0628820750261192
-0.9237678629827767
-1.2948369525984698
-1.1813840849499095
-0.9381542649614042
-0.7559383745602192
-0.8554861643068901
-0.8784719850135323
-1.2077734230640034
-1.0366884035611552
-1.10818029357432
-0.851620052235719
-1.0869983284978386
-0.7148858301949674
-0.8310885084525956
-1.0692410645146013
-1.1744137396993504
-0.8331351578832847
-1.110083696762819
-1.129936619198074
-0.8485944765784103
-0.8381394742204034
-1.001264038315654
-0.657403186343293
-0.8454390530438123
-0.9693005604801864
-1.3951366553268052
-1.0389108166182808
-0.8884314520476704
-1.13988360456707
-1.1873020913167724
-1.0061388363465824
-0.977264315884839
-1.0411511731444048
-0.679246590229649
-1.1546050118810356
-1.095220903219774
-0.9033647412069018
-1.2025049729182118
-1.0576944707300115
-1.303803891680816
-1.2369819971169083
-0.9881111282497691
-1.1319772217840305
-0.9790586228162497
-0.34061112109182873
-0.9555775258149027
-1.3180859182379607
-1.0073549015180199
-1.4231033987247361
-1.3858262389776634
-1.3784705383515536
-1.0931131844637294
-0.7838740026078571
-0.9241558109369002
-0.9093903751737697
-0.5226151509677636
-0.9405422748104484
-1.129925174869107
-1.0142773565146506
-0.9909684386516489
-0.5388360597831394
-0.8177951398901411
-1.0207641579173035
-1.1330982058097772
-0.7592036425150206
-1.1102530492221814
-1.170686179210419
-0.7103973055562177
-0.8734567332512704
-1.1236860280029677
-1.151552293404045
-1.1620798704195847
-0.7904144448891609
-1.1686052204204584
-0.9579462915107468
-0.9007416622957345
-0.9086448820056223
-0.9910642017671801
-1.0689622785301074
-0.9255014620933487
-1.1286333701110312
-1.1650976948227818
-0.8355887024242741
-1.2458653695264548
-1.0081414757931764
-1.0525045046700394
-1.182754668514732
-1.282001587640535
-1.6322299792218375
-1.2039282932415085
-1.4344850819152768
-0.8846001812034451
-1.3038132835804022
-1.2171607812083594
-1.0516834442481497
-1.3445719129985043
-0.7282094779465375
-1.2086005215646825
0.2818168362378575
-1.0074759048712165
-0.9804603019834761
-1.2626461037510082
-1.0654287664364672
-0.5734441299569262
-1.1806198379108856
-1.2723008981915838
-1.074484228752309
-1.0849916382602756
-1.0090682920461043
-1.1022401545123786
-1.1719456172897018
-1.1617312550483505
-1.475262310228623
-1.0631170937162016
-0.779152186582799
-0.9370020634852797
-1.1931970802050993
-0.9573825123037101
-0.8030127957275998
-1.4433023974537824
-1.168052667770681
-1.2725791506367734
-0.9854149390482981
-1.4952150733610483
-1.2842634967538016
-0.8414144284869388
-0.9202070502283828
-0.8962799079677318
-0.9083202704731163
-1.0096057935842677
-1.1689876575258795
-1.1119161705290808
-0.8479888565389153
-0.9174228075372713
-0.8659078925131888
-0.7370037915979868
-1.086529726315003
-1.0081294456792698
-1.0135788690141065
-1.1679483954599994
-1.1227062349121595
-1.1820499426381499
-1.127039955858178
-1.2481576173732647
-1.1788030811803576
-1.0610422707001073
-1.1510139295709871
-1.1985950848333815
-1.1994902856462901
-1.151688746864062
-1.1672437836690897
-0.5644229765295329
-1.1557061981990673
-1.0009216713594742
-1.0954276917059438
-0.8061578038531954
-1.1610551802698645
-1.127909131988329
-1.1861616214771695
-1.1022206850310428
-1.1222803061103497
-0.7724728823780393
-1.1134779586887418
-0.9096895164690783
-0.9754568490114303
-1.3533541682523635
-1.0429391826412815
-0.7927041673511881
-0.9940299985969597
-1.031589290785903
-0.9470145783642554
-1.20984573650829
-1.265360174383747
-1.1726845114352191
-1.178634965571734
-1.4654325712036236
-1.1823655050610948
-1.2158333959838288
-1.3632795922086254
-0.9135513461061316
-1.0630455566162902
-1.1266457190666674
-1.242797198970232
-0.8975596145019674
-0.9859662911337524
-0.9552149798593753
-1.3837931353111133
-1.1255814320774662
-1.2029392429907146
-0.9767450799522418
-0.6229646191207844
-1.1267280121971988
-0.2321760014895362
-1.0188030955147511
-1.034346646638496
-1.4512392642157328
-1.1754768573886045
-0.9620839602278464
-1.1610873920395723
-1.017000082271366
-1.2167060001967196
-1.0158625052510681
-0.9970753676384303
-1.2152710016533688
-1.135018329571844
-1.1894979220017625
-0.8327831554454642
-1.0883458503158168
-0.8790061414968333
-0.9285917727393153
-1.0359708619516939
-1.2271702207453477
-0.29702385534914905
-1.2904226859867596
-1.3881949905833395
-1.3151904144241755
-0.6738119108050371
-1.4813096841586892
-1.2991860103597737
-1.3604126456899048
-0.858228915424949
-1.1134479640549977
-1.047543247509993
-1.1512133867190253
-1.1569750747677041
-0.9121382923912684
-0.8658804214589296
-0.9821192677772508
-0.965927757186981
-1.0379646255058634
-1.092264833892146
-0.6315600524288221
-0.9781430334386048
-1.19124589833511
-1.024388573623731
-0.813987363978409
-1.0550023733366405
-1.2498867671445189
-0.8993996684679233
-1.1392161487980645
-1.1806063219905127
-1.2323559843531857
-0.9539899515935608
-1.4525247533407473
-1.4058812115506858
-1.4336317274598962
-1.0085951595181994
-1.135671717904924
-0.8617288244780861
-1.2087645471559116
-0.6900625526258276
-0.9386466640692442
-0.595119437119832
-1.1738852741198114
-1.1588464755511982
-0.7369793180915916
-1.2162713241521954
-1.117145467760613
-1.008523782551522
-0.9756502114875557
-0.879634941028261
-1.03731323809173
-0.9944280638566624
-1.311143680300258
-1.3467119316982037
-0.8606324680882776
-0.8058184604169673
-0.9091609960534229
-1.1178228132769492
-1.3291917622595568
-1.197970456596748
-1.3694309905441726
-0.37171189744990046
-1.4093629157697356
-1.1680473927949355
-1.6138789240391227
-1.419835118091746
-1.0356763375363183
-1.1366671628380955
-0.8352614707191279
-1.2460920852217867
-0.9125710898876841
-0.8537573810366902
-0.620362772993756
-0.8421910245388782
-0.950800040806765
-1.0339473975265283
-1.1777741193410864
-0.9033708625956403
-1.053303923916569
-0.9276308411659708
-0.730098276278057
-1.1894254317879651
-1.2631929796818366
-1.227242749728039
-0.8716084867298344
-0.9128178477763154
-0.728200185013394
-1.5211986573016927
-1.2824533347894764
-1.1299085721662443
-0.8003400300788688
-1.1385894426825707
-1.3903681526766416
-1.5656133751821748
-1.5685069238711757
-1.2675243692916376
-1.2111128761839598
-0.822110016186986
-0.9242995319172411
-1.0832268290273581
-0.9320885617352633
-1.3271793314465556
-1.1669439904425538
-1.1053182575568492
-0.9526729266736665
-1.0685649337823162
-0.8105192183797546
-0.8235116827436438
-1.0378575603766789
-1.312144483939622
-1.113639449344497
-0.8339458959220732
-0.9745419185637704
-1.01457845638359
-1.1260498893746427
-1.372679599131186
-0.8199089507450195
-1.1283001616121495
-0.9133811536490433
-1.113446761705093
-1.0717417790122492
-0.8640543007262806
-1.0775334068132034
-0.7998174407073871
-0.7864120379531023
-0.28638683386335667
-1.4116346628483516
-1.1893773929947238
-1.0613823914027982
-1.0550794434608144
-1.1955926882628605
-1.463292851854886
-1.3031966738008736
-1.0627712356860322
-1.0770038646776017
-0.8768939947216432
-1.025219332572708
-0.7523202687736208
-1.420732168273737
-1.0448333312804468
-0.8319511221400732
-0.7372235541995714
-0.8049407674338904
-0.9713136853548593
-1.1134795319768047
-0.9720734719134976
-1.1738703804488833
-1.3153690185830111
-1.2636139959362678
-0.9969425004505446
-1.1470226969167236
-1.1427052089216605
-1.0230637601387822
-1.196974380351102
-1.1732048954642291
-1.0168847432942327
-0.8363467768895035
-1.0454615975526307
-0.8951042123989829
-0.38590510231434616
-0.8934033394947843
-1.0929745562022517
-1.100622845889466
-0.6242166212606337
-1.0826194767034358
-0.9113544393069727
-1.0386409271684147
-0.9935015435121454
-0.7888610647514609
-0.9972925611076818
-1.0397338728668746
-1.024631403968479
-1.0064509219132323
-0.9304641133285576
-1.1163048221350453
-0.8932876469899104
-0.8921258808058661
-1.2630333879071787
-1.3811495833024514
-1.7160454152853335
-1.017699403744253
-1.343130693842204
-1.318317302727872
-0.940729965020621
-0.814482477551039
-1.4393311031730425
-0.9907047812302276
-0.8856660257870771
-1.1067328684959723
-1.1567559135959062
-0.8866675008241807
-0.9954737278517215
-1.1001227247620624
-0.9779875636367511
-1.0974461237019855
-1.1402951332740063
-0.6905370817073248
-1.0742033833968547
-0.7956224206604435
-0.473244737695003
-0.9275550704025246
-1.0174283386532863
-1.0186657438518618
-1.149041104350155
-1.378496296974855
-0.5946813416080852
-1.1609872612696324
-1.3401129772421103
-1.2149634000042486
-0.7691563749546152
-1.3175898894607498
-0.9526315656022324
-1.0828525206792836
-0.9943179955872872
1.5998009031229998
-1.2154504487397653
-1.1286122527488165
-1.156749577457304
-1.0331739622741158
-1.0438399269881986
-1.2791126958385681
-1.2925295901846516
-0.6582490660222553
-1.0096363729436608
-1.6302301168974707
-1.3901691471832927
-1.2132389462764823
-0.714475294454168
-1.2666699650259143
-1.1753490936439959
-1.3830589413103334
-1.2646110894786355
-0.8460488881252444
-1.279978355835273
-0.9245912963342632
-0.9885704458916711
-1.1925190208818346
-1.0107843519476238
-0.949680573530132
1.0224673616965108
-0.979269838693813
-0.9011709719035992
-0.8049295563453758
-1.1253417437640063
-1.0703826808943466
-0.6675301692435689
-1.3026153432744525
-1.0371983402720477
-0.8709608827495267
-0.16007226223714474
-1.0559166777803428
-1.0629007845820877
-1.127865101474124
-0.7642166201624192
-1.1762330921260016
-1.2815721546431718
-1.0582031059556583
-1.1761806165949595
-0.9051115454366002
-1.2782326106113489
-1.1559411894502944
-0.6876341977430473
-1.0951704487384426
-1.0079299775845991
-1.064652596169093
-0.9563541075495929
-1.1145934118382144
-1.339996326316748
-1.1929152073333333
-1.2322362717689208
-0.7902066093143383
-0.9083734617670142
-1.1572033370299921
-0.8997351830581533
-1.4665845698605053
-1.235216431588226
-1.420879862319571
-1.191239548145257
-1.218503671007208
-1.1844411620074617
-0.7928654252423059
-0.5663620981128393
-0.7153620454464438
-1.2622771174219825
-1.104069398973496
-1.0526779833504114
-0.7521853453427726
-1.3602881088490042
-1.0751545064264458
-1.4630423586508134
0.0046911414844750775
-0.8514295782499045
-1.1556017626661061
-1.1730565645551847
-0.9991492097894634
-0.8449371124804013
-0.7827985650745015
-1.0593845986441608
-1.1050004981676742
-0.7631209315236561
-1.0475023637684282
-1.2179721374493313
-0.8691841740983758
-1.2846770885341972
-1.1370274377343805
-1.2478130383228958
-1.0111106966971475
-1.2288357823430764
-1.1926988759245905
-1.1202427050952062
-1.1300005445115804
-0.8903431453938836
-1.1357030418070326
-1.0502732166295088
-0.946213947168319
1.0341806900172799
-0.9259384354155894
-0.9806479239699907
-1.1225995528271058
-1.4940758510762169
-1.231767045416813
-1.1474786440793316
-0.8512214270016858
-1.0757979321298305
-1.0893557553154778
-1.4400823918014374
-1.0952433310749525
-1.295427676598117
-1.1257847131247192
-1.3205301731295116
-1.2356820319979365
-0.6244546646259034
-1.2546408130847695
-1.1355868770104283
-0.42322414106145134
-0.998334540948561
-1.208833658408631
-1.4441301477539459
-1.265597213812293
-0.9874251802940792
-1.2936107325156017
-1.342903051505065
-1.1631680791950965
-1.050085171284124
-1.3580655819830334
-0.9551349714261723
-1.3497019712740392
-1.2931571292695685
-0.9954781177964176
-1.1895203785796198
-1.2461516492407587
-1.3903966979200049
-1.2115645944126663
-1.0495425303276575
-0.9045018064321365
-1.210944366374012
-0.8791927730703687
-0.7801888909296792
-1.2552468249105706
-1.0472573783548398
-0.8274430107986152
-0.9400561221744743
-1.4435225181400542
-1.2942138203678282
-1.56895299858806
-1.0676711864697666
-1.4351992163741047
-0.5327397061694212
-1.040325545857735
-0.7181466144007155
-1.0118945100000993
-0.8326467411532865
-1.2728919715609157
-1.1073920389074106
-0.7053960586510063
-1.2175925635499625
-1.1125346087392087
-1.1040002594744294
-1.1832754198237607
-0.8660799135172653
-1.1677992635305234
-0.9147658779807973
-1.1626978045260392
-0.7495320808242818
-1.2755523029396916
-1.0186863431095692
-1.1372818400349143
-0.9744334110175923
-0.8496527020579521
-1.1176926212974438
-1.2330381359097027
-0.9258305668755356
-0.9031284315137905
-0.781822682500741
0.6624819651355469
-1.1532774045613086
-0.9921686016412316
-0.9398411041867556
-1.58434236808514
-1.1830009398097638
-1.195339903983199
-1.1806502756779593
-0.7462180194639877
-0.9056890417456305
-0.7664642964444897
-1.2147411551253717
-1.004507184016991
-1.2018302145092117
-1.1909693932851717
-1.2767704717480868
-1.3019112166775593
-1.1880934030588406
-0.7486521697352017
0.021009288394596988
-1.3506937868255027
-0.7697113043584711
-1.0253998031729563
-0.9388165570650894
-1.11411543638768
-1.5570696783464373
-0.8555723511970544
-1.1636989507691275
-0.8503252704906544
-1.110193611283056
-1.2072765307060542
-1.0506797382167932
-1.0732288617658354
-0.6168802108532411
-1.172910016769599
-1.286684852915817
-1.2229216357269208
-0.8128003906890925
-1.1603333370203666
-0.6474543305867965
-1.2506279294383444
-1.0764688018820037
-0.987111419034232
-1.0654254627588648
-1.0613438774770911
-0.6741999067079391
-1.001045276381494
-0.981261907304039
-0.8816851870473575
-0.9093184212055672
-1.1792782558949442
0.37610179698042845
-0.6021526416329926
-0.9174999345743882
-0.9322648689747415
-1.1102130005726805
-0.9503028914718927
-1.1482162413193469
-0.9781560902150138
-0.6144238664366468
-1.4049381904980125
-1.2583391641884447
-1.0290877304228254
-1.0404273659975234
-0.7583719425497671
-1.3093068044583074
-0.7615205718733832
-1.0145931522677132
-0.95551853696637
-1.0148594071033825
-1.0909232465149121
-1.0728346515544978
-1.118859443936648
-1.4445265175511652
-0.030001201419008163
-1.0419660020203336
-0.709026172750807
-0.936084934966963
-0.859699465056818
-0.7998455135932434
-1.0646102197087326
-1.147022203885311
-0.9855989245820123
-0.8097785719161008
-0.9012517187259118
-1.206244639396409
-1.1627117460197194
-1.1057824115667994
-0.955093251478334
-0.865328328269422
-0.9317152992488671
-1.0350910469498424
-1.0979273007261232
-1.145738954815131
-0.15908573698910786
-0.6704783107033868
-0.6602417116569979
-1.012165319937533
-0.9111137790166762
-1.0214522205505514
-1.1067104920701927
-1.1578547669246797
-1.049369459344696
0.20847680186304263
-1.2272925823591732
0.9586804036247523
-1.0233802067829303
-1.1918484560214782
-1.0648251946763614
-1.0513379596309806
-0.9433432434944827
-0.913922591257752
-0.783026949989601
-0.954719338450126
-0.8387213300959476
-0.8572213882540944
-0.7620592907297522
-0.799911703887035
-1.174144636901962
-0.9147082227589121
-1.235997069275688
-1.242423861767802
-1.0811123050024527
-0.9653771013190973
-0.5172523113438776
-1.2165048653268882
-0.8339531243950953
-1.592529672513812
0.3448208831163984
-1.025371902798675
-0.8536960843082706
-1.336468603790565
-0.7918342877613423
-0.8666897786144027
-0.7321023233601304
-0.8349804446292154
-0.9477278201784929
-0.7827325132039377
-0.9507767425471402
-0.7981964978713695
-0.6540538455439984
-1.1284514604189386
-0.9738793955916634
-0.993283996480621
-1.0088029409201256
-0.8137724546810612
-0.5816256335135845
-0.6855530503155747
-1.0531724983794633
-0.9945494484965864
-1.134807677284146
-1.0989368431137212
-1.0893079465836457
-1.1432682549656201
-0.919793221089625
-1.09386203256281
-1.3296362111456603
-0.9266590199417792
-1.1111191999012195
-1.30145681823025
-1.3046027777349871
-0.6950312467208624
-0.9438705916882523
-1.2671019355971225
-1.2848195765439145
-1.3145900751467163
-1.5279085411545243
-1.7013785913234687
-1.2586414598426856
-1.3234699151383071
-0.7285819283287398
-1.3405564450032919
-1.3870278157459601
-1.3801218927262584
-1.1215197417434888
-1.1982601209879422
-1.2683282398172322
-1.0735354739697294
-0.8981876979238703
-0.9359051605934443
-0.665697603968765
-0.9243560631810321
-0.6991705732498362
-0.8263365759223364
-0.7393521993547222
-1.0419345844676795
-1.2868758112214762
-0.7069209931157296
-1.1589526491691893
-1.1860206403961895
-1.3051652691049804
-1.1173346721816872
-1.3464546125610382
-1.096049207229456
-0.9496509689902126
-0.8512544681813324
-0.4070176961446859
-0.13443742160448036
-1.3569903360419022
-1.2383564721947684
-0.8639202923488706
-1.0534226161142721
-1.0411054077079815
-1.1694328329288988
-1.1466251545490218
-1.2842692174630415
-1.0745579871516044
-1.1025224301307746
-0.8640005175268084
-0.9285327991017553
-0.8304489074350836
-1.1044046493474766
-1.435364256543682
-0.8836336808381208
-0.5444738651182263
-0.9966047259853873
-1.3489930446922778
-1.1353846811501505
-1.497547967425773
-1.0717924469216342
-1.3994903421191742
-1.0483396536787735
-1.460147779417962
-1.1569952351660715
-1.1726141493341362
-0.9768596562306568
-1.0559587923208662
-0.7785721427943827
-1.1797080982109422
-1.2919479751939242
-0.8853623511431914
-0.6932917711454888
-1.1139550651039345
-0.9049866182706453
-0.9052378610058494
-1.0948224714244632
-1.0267455515543302
-1.0403812737484734
-1.0446488318321625
-1.194830680709564
-1.1283067530534303
-0.7827947898028295
-0.9658215698279171
-0.9427393322821557
-0.9348535386271597
-1.244899280854587
-0.9828854102920588
-0.8305083240328527
-0.6881319046899422
-0.9334015742065948
-0.8264900702109446
-0.7581279492141536
-0.8857904441512527
-0.75999636924813
-1.3209184988514733
-0.9591521645540867
-1.0499301835541748
-0.979485528702774
-0.5407777869630167
-1.257802856056423
-0.7573735745041686
-0.870373290296942
-1.0669430923502448
-0.9059620407263761
-1.2539144764849903
-1.1691289650777132
-1.0253477352449596
-1.1958985807690923
-0.999870829902371
-0.8910425756475586
-1.2160202611629871
-1.0480139467835012
-1.43417090901118
-1.2008456491660797
-0.16272640380173703
-1.1500056769826539
-1.1758774378630734
-1.002695445674313
-0.8960174593748604
-0.7720238667250158
-0.9195010716167833
-1.268383782550473
-1.2345354423006565
-1.2458883663100375
-1.2333998404495816
-0.9220108027689019
-0.9135866011553979
-1.496629978508318
-1.1856827504685175
-1.4913403737062605
-0.7822489047529971
-1.5653483448437653
-0.9420219558636654
-1.0111888723809586
-1.0237936127889595
-0.9353112930778472
-1.3220631503072773
-1.0885733014544339
-1.2305355429605633
-1.1692939916165759
-0.3496006505315812
-0.8822875527802281
-0.6664193904477815
-1.2884769959535773
-0.6262915540150993
-1.1877828107257444
-1.152323308415361
-0.8010427681466257
-1.3426506237407658
-1.0832895688372044
-1.1178383056358148
-0.8861547082244255
-1.2225180914951095
-1.4318504535343595
-1.0543931361388121
-1.192796607513676
-1.2526280045078744
-1.2410178694568905
-1.0686937405387689
-1.316919361006261
-0.6891913260791928
-1.1068680360047076
-1.3110142028189538
-0.923241741389599
-1.193672005846041
-0.9692055841433651
-0.965263982083356
-0.8046883540800476
-1.3898492751027476
-1.4915538377178386
-1.2408242179716311
-0.8632826246321116
-1.1726336351281765
-0.8166078643037814
-1.3377009514555902
-1.2078686022902796
-0.9333920129525287
-0.937210786682766
-0.8160421934677039
-1.2661914775293215
-0.9752245446827121
-1.057049623068659
-1.0120289315362103
-1.0297718917383436
-1.0653989171547975
-1.2457928759041481
-1.079888766924534
-1.2132376221509507
-1.152311365592047
-1.420285411021476
-0.7975768286787285
-0.8889749476359701
-0.6677417542183356
-1.0931345166701723
-0.9908419112416624
-0.9637170797270049
-0.6486596337518374
-1.3258905528197915
-1.1657942568425874
-1.2121555011829208
-1.314722911080251
-0.8746510153535875
-1.0182654130507467
-0.9373365568934301
-1.0885368433522549
-1.1940978962736306
-1.2009575163699788
-1.5776611653803694
-1.4066540669498886
-1.3311116861836123
-0.9780602077718452
-1.4131342988651834
-1.6302451153323323
-1.2025151926007074
-1.1298077993072082
-1.1384938235839734
-1.1803645073078097
-1.3133970589133779
-1.087002996763611
-1.5436907626580212
-1.128076410353439
-1.0410574815872742
-0.5402618924359267
-1.2086232246048179
-1.1039528388874578
-0.580959501608321
-0.9176290961175096
-1.135850193840979
-1.246575040893927
-0.7896845417503547
-1.080064929828633
-1.1700623050051528
-0.984215587582489
-1.2051575549820892
-1.566089718413165
-1.5188562966214914
-1.1639357859836301
-0.7402937280440886
-1.1226090077932245
-0.8398134663344351
-1.4027625616867747
-0.9586106307109162
-1.2185292037524371
-1.376323472644035
-0.9771271816939363
-1.0875514387407317
-1.4741319159723205
-1.0491257889442471
-1.2368541661946968
-1.053258647152983
-1.2808735886975535
-1.113359819609433
-0.8994289962846292
-0.8754407589642347
-1.0370072170862872
-1.1809467985980473
-1.13109793804627
-0.7517700690835342
-0.8041332031478449
-1.1379554875344762
-0.9967304882806313
-1.1663487536931456
-0.7682022116130092
-0.8932219732748741
-0.9961925416767852
-1.2312039180718566
-0.9375717037216273
-1.1366497920305652
-1.5696613857118416
-0.9852158485864193
-0.8725138251883731
-0.7103633816036465
-1.1805287455471811
-1.4952074239785937
-1.4169390732542273
-1.1494569459201205
-1.2145084813223408
-1.0993215817611606
-1.0219696185335303
-1.1436947638971895
-0.9443318876929243
-1.0079195283444915
-0.8667425461855455
-1.024962862911695
-1.1583322536357021
-1.000211425111764
-0.7526782686692074
-1.2937498290523943
-0.8323065316407532
-1.3502413529667974
-0.7232320215569765
-1.2891640549879932
-1.0588979079526322
-1.1187638865245029
-1.199665029234759
-1.436968725045448
-1.0504903961426768
-0.9656388975806571
-1.0131734159515986
-0.2483186221582623
-1.1693713347698527
-1.3254905258937124
-1.371008999884197
-1.1559793930758733
-1.0230658729569881
-1.2537020309974614
-1.0873385518844614
-1.6185583472234852
-1.4151815196731699
-1.355739693937471
-0.8457480192243871
-1.2215395061844125
-1.165165646026913
-1.4246699907715872
-1.3372943849338101
-0.9824049488214442
-1.0854365982646919
-0.9187904557253578
-1.129752223073241
-1.249293120686717
-0.7165630420653093
-0.5543979808998802
-1.6057706023756446
-1.4699665367554204
-1.0500370470985934
-1.1146869986671384
-1.2109391411947745
-1.1886694373904818
-1.1202392725433106
-1.1195659058356522
-1.1790379460046652
-0.6805891070705002
-0.9718545264833351
-0.9218679018582409
-0.9626568024151372
-1.1203882192163002
-1.1936055694281722
-0.98690208943083
-1.217953538722815
-1.210031749698622
-1.2157357936282518
-1.3002932986440376
-1.2162739461591083
-1.133061004042629
-1.1534180597883241
-1.1006753118121655
-1.1546218626391545
-1.1217904818283153
-1.1241766575481364
-1.2053991250265947
-1.3739034867484488
-0.973760926214497
-1.3489191171046377
-0.8721433620603959
-1.2346915542725614
-1.2287904542994246
-1.0764437843317076
-0.8540960309996547
-1.0523395957241708
-1.3116553870236993
-1.0246821708358036
-0.7154177738367691
-1.1419401912204543
-1.3183706137276228
-1.1304524929333912
-1.2488670921117608
-1.2441672745438854
-1.3921813683281588
-1.311223916683187
-1.427148493141205
-1.259838858981261
-1.3744264145552223
-1.240422112303767
-1.1357184464918508
-1.0610739143834296
-1.284376617272832
-1.1464370604798109
-1.0951800418400537
-1.2902208886434032
-1.0922264796678667
-0.7262601209615032
-1.170744938672897
-1.064125648846793
-0.8746135991937728
-1.106638959763763
-1.2182008601790162
-0.9356119231100279
-1.1274400285025095
-1.0520557108447228
-1.0269256535611322
-1.1608888169489273
-1.2612861213450492
-1.2062683323240175
-0.6771574018367376
-0.43929167022190374
-1.6940198698368247
-0.890268028048498
-1.006924722146896
-0.7500157845902222
-0.7478115419630817
-0.8737083747210449
-0.8499409449242026
-1.039889129903243
-0.9695384224968159
-1.6348458031740651
-1.2233549112798083
-1.072978217879443
-1.129968672138554
-1.3405857734366742
-0.9508682604514079
-1.2108153441875378
-1.1985221119539389
-1.3995846050952243
-0.9214836145442843
-0.953266900693175
-0.9886738361834757
-1.6212938559180723
-0.8738614142307576
-0.6259974461326248
-1.0959528174617723
-0.6567270102742734
-0.7497955742129082
-0.5467506626454856
-1.0210543038154456
-1.139647742129816
-1.0996874231999147
-0.8396399749936673
-1.1843439391275223
-1.0349899292854203
-1.3537057180924728
-0.9403381786098562
-0.9293015543402726
-1.021473982914468
-1.0226150805534393
-1.168611841331469
-1.1098529796283743
-1.225024311012975
-1.205046081915702
-0.7326290995489245
-1.1579022171525921
-1.473293738713902
-1.299174531963583
-1.3894319912983342
-0.9280731028636194
-0.6667746954141522
-1.1592166876912946
-1.0744727850628042
-1.5109765581162629
-1.2716574392239548
-1.4374572474826948
-1.5061609290103246
-1.1439276605939954
-1.299073066125938
-0.4478634877924584
-1.1300771091953055
-1.0218828136044003
-1.359012886707945
-1.190576860071818
-1.037820427827693
-1.3314905493652351
-1.3190914740267385
-1.2582091163710711
-1.0024504525578943
-0.9625407733111078
-0.9930726207718827
-1.429826869853708
-0.8487451024670456
-1.0626052655305571
-0.689556536229373
-1.0413372745914633
-1.004810442696464
-1.2447974113531723
-1.3319906006759978
-1.3434245085416396
-0.8918937139861886
-1.0678440228089756
-0.3336201156633826
-0.7633693346794552
-1.1458374531198587
-0.7957792101353794
-1.0931606459596335
-1.5440823827304913
-1.112059092638001
-1.0675745941054071
-1.0432178569963453
-1.1952457066417521
-1.4613422318839822
-1.1393832669169022
-0.7112975931078166
-0.9129000989567512
-1.161395727605423
-1.2066634868810038
-1.1627963686894467
-0.9254126472614612
-0.9779977352856343
-0.6890834843923751
-1.4828061040675768
-1.147231816605531
-1.199321104623587
-0.9243625241699152
-0.9259448914669427
-0.998714857612788
-1.0747268882267649
-1.2626741294136314
-0.9246456467913199
-0.6525896746387738
-0.8331906531025746
-0.9498432692181552
-1.0121260235678926
-1.0094364990807136
-0.10080618658661969
-1.0705666374601817
-0.7603547245240819
-0.8389300072857301
-1.0007859152852372
-1.0915254450263663
-1.1830946212689613
-0.7977478366597976
-1.157227351295847
-1.400443866422689
-1.3089407147013492
-0.7389380000862434
-0.5869734430167893
-1.100462155934069
-0.8412286500158553
-1.076158636205741
-0.9541983715187566
-1.1775248459200767
-1.2448921990917121
-0.6794617154460513
-1.1041330366681588
-1.409519970033666
-1.2111177219490756
-1.313151417899705
-1.0477428486878029
-1.1887276002467504
-1.2590265460837289
-1.004937591419626
-1.1099221837421118
-1.121230314897058
-0.8369685352682656
-0.8680800737055628
-1.3944960842756695
-1.0880781388155933
-1.183374439927657
-1.1322356126701243
-1.0727620240499913
-1.1175429556043228
-1.2733167327907668
-0.8463757001369603
-1.0244208222296327
-1.282972416010059
0.7622081860135649
-1.1868281060647492
-0.7469189878128344
-1.3583502939958674
-1.2172499893832334
-1.2484243626393197
-0.872527738836545
-0.8981748650906605
-1.114748710617594
-0.9113280787788682
-1.1395418979189897
-1.0381744883613815
-1.0683541974916901
-1.244109798623791
-0.9108152530863844
-0.39025758380538134
-1.2454886456889187
-0.9259289982850742
-0.713126440027568
-1.1102542107301279
-1.6668594779053008
-1.14603354723533
-0.931983005531476
-1.0502938807756133
-0.17827805127837182
-1.2576862233141373
-1.1052725425302126
-0.7645140421624088
-1.0678081216741326
-1.416659269303759
-0.7442436785253869
-0.9026206751838635
-0.8774745914973551
-0.6940868467350398
-0.6923930669987167
-1.2338130064895922
-0.7968651720232311
-1.0694961526899815
-1.0642917839531023
-1.3178227065981607
-0.7319194426351125
-1.5455474633011115
-1.1123912467821382
-1.1602525736251121
-0.9140874894763689
-0.9544361288528678
-0.876656236606019
-0.6786184035998627
-1.1206905437928592
-1.0007389546380854
-0.6850188047392313
-1.0138670661112958
-0.7046821234940035
-1.0476195369715648
-1.2748342288489525
-1.0792855322720432
-1.0785301877165296
-1.0128784481622026
-0.8198462755670806
-0.8451768705619902
-0.7265454841410346
-1.0683870290488868
-1.0163860263439561
-1.1604156351214656
-1.348138098728923
-0.46601721205459573
-1.3849626633277503
-0.962884864845747
-1.1621011184259593
-1.433747345386795
-1.1631991451870745
-1.423359063039603
-0.9769707319633935
-1.2069979877879158
-1.4493402774571864
-0.9887733895841461
-1.2622540698636973
-1.2595320121570013
-1.0522603186409953
-0.5711929796722621
-0.13043861260682135
-0.9308786207058015
-1.2601607879700794
-1.1708216590028222
-1.4077051868546466
-1.157856592253708
-1.2822708003597423
-1.0860966423311091
-0.898346204337618
-0.8899294123026587
-1.2478397278767517
-1.2190580156500284
-0.9890276400864794
-1.1920573540514143
-1.1998984063543958
-1.047500927929692
-1.2856546947305794
-0.9892630626084552
-1.0255527961586657
-1.105815806584806
-1.590936126560147
-1.0140045190299256
-1.2966630375886907
-0.9445203516641643
-1.2021687424171583
-0.9565218045671489
-0.7955535401902097
1.4351035069326867
-1.3221860757018955
-1.1790070527667347
-1.2288646643648284
-1.0528982438398462
-1.0339316588980623
-1.2280560010691008
-1.1697220614205497
-0.9364323437487688
-1.0708824697942159
-1.2063441930030705
-0.7073357404065996
-1.3924567474612115
-0.8193293217575793
-1.1192074105235168
-1.1033614600214805
-1.076438317163066
-0.985676737294237
-0.8795207675088207
-1.0837833691604764
-1.0978448609021847
-1.3166546349537787
-1.2990770390097715
-0.7948583982831231
-0.9023282970575766
-1.5695608248528747
-1.4371058184894432
-1.322243242309688
-1.083787607209097
-1.2827698000018368
-0.8372074732828393
-0.886280394036011
-1.2259658812794434
-1.040759212126989
-0.5187758850472427
-1.377886410972996
-1.0634207848109618
-0.9580498350918895
-1.3759578074220231
-1.1776792534786167
-1.241514773072001
-1.3490430998430234
-1.3076927213259517
-1.146826376248266
-1.4347521277330526
-0.7445591025689742
-0.9189508616814948
-0.5780264443793844
-1.1530798707180558
-0.984184997466868
-0.9279175342203685
-0.9687590795281007
-0.9168169966902666
-1.22324369873131
-1.3186229655960828
-0.9756667393488682
-0.8023069877735919
-1.0604867788800123
-0.7827657824807324
-1.237445558263832
-1.1351697996479522
-1.1797876355306869
-1.1443473583178816
-1.0004721585010428
-0.8323525153943307
-1.124687327881239
-0.9446637093451888
-0.997400423420598
-0.9596200755614585
-1.2499247880120905
-1.1389841393983111
-1.0563087263071476
-0.8582843240608484
-0.18149246599478494
-1.0002030323636193
-0.8496184031144616
-0.8362239288501145
-1.0713441305489766
-0.8725610766477786
-0.9422118069769727
-0.6177436086134637
-0.7396371656635096
-0.9587497479791963
-0.9238420896289289
-1.266927530904301
-1.1802232286679122
-0.7927189244961103
-0.8582251890252455
-0.8368440136317657
-0.8906217185560915
-0.6687489679827029
-1.6456717921480422
-0.755109031978394
-0.9004489769839251
-0.9307174377454691
-1.0511592664053648
-0.5756419817991428
-0.08324596787115819
-1.2901759575211027
-1.030923849209229
-0.7069810150707355
-0.01457337885475233
-1.1614491299031227
-1.1587571343369407
-0.725441938893617
-1.0881601638173581
-1.1320090765920816
-0.37143186000699324
-1.0790322710882359
-1.0862084555272922
-0.9014633636098477
-1.12733118551924
-0.9349830419351832
-1.0116196137413072
-0.9386139457121947
-0.715935951976485
-1.195637304477169
-1.163927308850815
-0.9893394430152163
-0.8150458943161626
-0.14184296520032635
-1.4317011932578818
-1.0579017414617788
-1.1848014889367415
-1.2754741838493375
-0.9472226488677115
-0.900814143152336
-0.5960662867865862
-1.266255075396801
-0.8835683418659578
-0.8568200512362645
-0.9853851875901343
-0.9469124685165157
-0.9594725546216557
-1.3296989840630455
-0.9965302967142016
-1.003484166232067
-0.8685368761147966
-0.7867981685163449
-1.2160637591098213
-1.5979997832144663
-1.0040631839713205
-1.1417261733501916
-0.9665076492174356
-1.156171381847402
-0.8777246420163587
-1.4846698734455763
-1.2913875340586052
-0.5067643395111651
-1.096654829605251
-0.962537884023273
-1.0620732060224538
-1.0569613568758203
-1.0722796285920246
-0.8530618201198733
-1.2498587064913873
-0.916791807211378
-0.9510587618157107
-0.8387205486122861
-0.8829875099649663
-0.006850196357176857
-0.8737410007896269
-0.8422611321128495
-1.0362449073540225
-0.9440723796738081
-1.123046271664803
-1.1293990745911315
-1.5086808607352158
-1.2732886867706965
-1.2587075060866328
-0.7105219689836689
-0.7632557516678037
-0.9019560434959226
-1.2952772107764847
-1.1272919603621623
-1.2544785505913265
-0.9849524226660086
-1.3113747439774694
-0.7801997801812275
-1.3219588358484542
-0.9824024004126298
-1.0258262548320567
-0.8323795254594352
1.7687221461811165
-1.2900652112891076
-1.3659989793288805
-0.7848274986020453
-1.0268643018765542
-0.9820836278344569
-0.6042201077713599
-0.7437339367134876
-0.8062987140525264
-1.110322079513908
-0.882494702082984
-1.1282472797899743
-0.9997309271648944
-1.0790956906800875
-1.2538433594003195
-1.396975738156333
-1.0291104224013012
-0.7578363012402608
-1.0797486360430852
-1.236634860132393
-1.2864068791717098
-1.2737908399799391
-1.652523586361169
-0.44718403074734475
-1.3700752920073127
-0.7662868595528131
-0.8061307216943951
-1.1097005345867894
-0.7390191855936902
-0.8958298876544452
-0.7732867972675331
-0.889401748564899
0.2527111433532784
-1.0887958351171942
-1.126789649590843
-0.7740623445014148
-1.1645113824647586
-1.230268173030172
-0.9154000036477019
-0.9792811588649233
-1.0911376101676487
-1.1133641690825953
-0.8537383061914469
-1.3681701312263381
-0.8028540787806093
-0.8134009206975834
-1.1109152661694526
-0.9296289236752413
-1.2096610573059712
-1.2455295052233073
-1.0560448129184838
-0.8812366055177955
-1.3318683942477847
-1.0673351491230185
-1.29647983383886
-1.1840490054903743
-1.196377597792727
-1.1696767746745056
-0.869956045844118
-1.1785441603218112
-0.9667832381377629
-1.0573117900047773
-0.955776972903206
-1.1942167004495288
-1.1718414779149513
-1.3189897011582095
-1.0761470717435888
-1.0164681209398798
-1.1867764513922736
-0.9093394738505857
-0.7829163649842761
-1.064466262321696
-1.0500457175142468
-1.2847603855443608
-0.8651863155290327
-0.6221546055843001
-1.1274884663641884
-1.162415239696379
0.36917552300668904
-1.0434257130118008
-1.0992194442622532
-0.6612208334452628
-1.0688369202172496
-1.2445454435048637
-0.6041630697855659
-0.8827938864479637
-0.7315732020783163
-1.0549847480264563
-1.175634675499948
-0.8372580535959857
-0.7470080076932428
-1.1832126824159521
-1.411013986622998
-1.365612408201177
-0.9847632444392731
-1.3501819229748686
-1.0974915758146329
-1.4364896485209329
-1.1915868307874615
-1.614039160804243
-1.0373097340539401
-0.985033053859359
-0.9144233785976933
-1.683032110904077
-0.7859017435550716
-0.8612416700569543
-0.9616031337985635
-1.1323458298982796
-1.0675607134806304
-0.7950206348429035
-0.7934762966975627
-1.0604549945750736
-1.0207971024261027
0.9335168453731001
-1.0038752492036078
-0.6575856490234026
-1.1355666530692443
-0.8274429379712603
-0.9537511769296639
-1.5048037216039125
-1.3177237296473163
-0.9645085085005902
-1.3572325527155003
-1.4650435608457657
-1.2920547144169279
-1.0573250110921062
-1.0420687174881849
-1.2033567803200842
-1.0555244669828043
-0.7561050966879077
-0.9230729823097574
-1.1560280241490033
-0.7310726291171701
-1.5557843343544484
-0.5822391950118444
-1.0444138475458205
-1.1789990604466372
-1.2180962535683642
-0.9340989584887686
-1.1531478570165348
-1.4351040916335436
-1.3176921010802285
-1.0972009746633498
-0.8013780948346109
-1.005087189520275
-1.031477627363112
-0.8506563172842025
-1.005887239307751
-1.3514004492753258
-1.4155751878324234
-1.0480480356875648
-1.3636527560075224
-0.9112311809124585
-1.0366927479264754
-1.4446330604311435
-1.3756569278734048
-0.8111130459069736
-0.8202299837408398
-1.148001818590958
-1.1660442212623743
-0.6889765507601471
-0.7815038552879351
-0.9778714682278584
-0.9190106063967203
-0.9093967242613361
-0.914331433302165
-1.4326654922484034
-0.84085907631377
-0.8178697207495695
-0.754147189739463
-1.17486351629834
-0.9942891659314275
-0.6926924343047827
-1.0916426013357636
-0.7485552053864698
-1.569846582441707
-0.9919205523599406
-1.0091693799432222
-1.0337775679404788
-1.3664797122097474
-0.6657501358505014
-1.229099099611103
-1.521825436393005
-1.4639127455537795
-1.2393217736047455
-1.4644205268980857
-1.1418014487131187
-0.8538149665913352
0.7333678341289834
-0.02057525392796691
-1.1862595500278674
-1.319351152012412
-1.1994190998694108
-1.4353462308401135
-1.1682219933323659
-1.3590388936975113
-0.7058626803160853
-1.3463586285257316
-0.6469977513382108
-0.6448599369746476
-0.9222069619445143
-1.224131522626673
-1.0105336063466004
-1.1479310958741231
-0.9013607754301846
-0.6533451489248219
-0.7392418596886436
-0.9510712571948802
-1.2175221538187353
-1.067390507412171
-0.9324734325816552
-0.9754139994623742
-1.2190968012422556
-0.9273537910752889
-0.9657424389040359
-1.0497838420007495
-1.201246197927734
-1.6149457902574027
-0.9778723251018002
-1.197480742073958
-1.0871141628816434
-0.4492440811447697
-1.1178133933803773
-0.8968996147663031
-1.1304313168567117
-1.115457761973645
-1.126464236305196
-1.2646151336369043
-1.1530617639719145
-0.2613413345425336
-0.7238453708464565
-0.9728080954260493
-1.1279829872460485
-0.9825737138904848
-1.1636602435970056
-1.2037373858651905
-1.077078822937674
-1.2839757157481635
-1.1782039604799908
-1.1156533747945008
-1.1368639895731634
-0.8804655551240513
-0.5795913587018183
-0.6888060007184301
-0.34156203831591736
-0.8183774924964178
-1.0879431972393827
-1.1132049864386975
0.0034615768739678626
-1.2579140260176274
-1.1050476910992102
-0.843818208739594
-0.3046142533925592
-0.8167363517191412
-1.011836467842791
-1.403769478762021
-1.2398804893798363
-0.7727518693473743
-0.580938612859979
-0.7543526010720433
-1.2941259610078226
-1.0128109746858718
-1.2201130401922713
-0.8762017598457343
-0.9814250943272684
-1.0295104302976863
-0.7238726796277322
-0.9895560290918566
-1.0997119061022096
-1.0419802413027341
-1.0307779273897517
-1.3311128041601006
-1.476101521537141
-0.44051552606684113
-1.2093762558619088
-1.0290883061738747
-0.9149551673535788
-0.9747549596042306
-1.0412116947557246
-1.007250191174267
-1.0104861315443165
-0.8666416429223123
-1.1961498314815409
-1.039304480953886
-1.3621640632325542
-0.781777786294349
-1.1723668164451129
-0.8559218206536531
-1.1139908262978597
-1.1937669293271256
-1.0907737757967202
-0.8914851389840139
-1.4294957355181281
-0.9948301055065534
-1.182906822074418
-0.8791146038044424
-0.9848776528816513
-0.7071570859804983
-1.0344307444717997
-0.7596655289860175
-0.9943615660145223
-0.9604937026239665
-0.9362227086207494
-1.5134837825880487
-1.2563671675816974
-1.068629451265378
-1.09009116004199
-0.8169042263855509
-0.9552673871421423
-0.8356785904997414
-0.24597041011949813
-1.0615791725825037
-1.1483967260983743
-0.6108172584537711
-1.076778056980173
-1.0581600446434922
-1.1889551567880967
-1.3753441844597822
-1.0723681686524773
-1.1445181957113466
-1.1612291591524784
-0.9773643299771949
-1.196640425298473
-1.2243598654425274
-0.8508342273966133
-1.2592252069927388
-0.943047709211713
-0.8293457306031699
-0.9064635032818552
-0.7056281059466516
-1.0556057633359572
-1.242796575578075
-1.4832326767541724
-1.0938784997306175
-1.0073940803517587
-0.8095373549008534
-1.1673701933217495
-0.9613194507266287
-0.9081231735203638
-0.9728219916925209
-0.6922379117650191
-1.0782740752327629
-1.211703388601195
-0.9944059893530511
-0.7791836827202984
-0.8472244462786073
-1.036062265591154
-0.6846102374829479
-1.1048892285696803
-1.337064868535596
-1.0110211460082008
-0.9159457352807151
-1.0463715402410532
-1.2167994819993826
-0.8788345016205971
-1.167284495297083
-0.8407470453731124
-1.3501660917675808
-1.1838391556633232
-1.1729943558684106
-0.8338451076529567
-1.0239533996612886
-1.023151383854916
-1.216435947042978
-1.1606912556874316
-1.1339122199309841
-0.87136984969703
-0.8270433039559961
-1.0836749048968775
-0.8195794871422897
-0.8002514199586254
-0.7972433645159716
-0.8723260775907434
-1.09163871351468
-1.2250112206002506
-1.0412781844965209
-1.4105102264374856
-1.3160471365967574
-1.1483878306616875
-0.8113702919127219
-1.0484623886555882
-1.2290779049620224
-1.030143774429775
-0.8172008569266734
-1.0334418272088974
-1.0926316973088237
-0.6926617899276425
-0.9115375845519236
-0.7808064415703868
-1.2500756132379183
-1.4151945065675746
-0.7652802828284792
-0.6022661704581765
-1.2811960934881073
-1.5180972200920515
-1.35928655169967
-1.2577782562807185
-0.7220082481567752
-1.0180702190274469
-1.1045169612022239
-0.937879520325568
-0.8358861800162989
-1.0648820684841354
-1.116815375523058
-1.0084410246513595
-1.4705120538576089
-1.2430082739936046
-1.397830482334615
-0.7860969545708818
-1.1854640401122452
-0.9937210997779424
-1.0124382708203923
-0.8525555614114599
-1.1065600843861314
-1.2236195974641808
-0.8941586917858062
-1.00024122395601
-0.9514994547225867
-1.146215782354901
-0.9769185835953026
-0.8564833987856123
-0.9652791810973792
-1.0083150841448438
-1.1765319989852023
-1.078685287362476
-1.6376687945845596
-1.0863532167943073
-0.7377456590559962
-0.9656606860228051
-1.1406183158094862
-0.8209780922438991
-1.187941970076622
-1.1479928176002332
-0.9623511769635746
-1.2233122315786336
-0.8992463832395503
-0.6894915767866885
-1.368566450996978
-1.5852984135242274
-1.2876363386230167
-1.2882998528210514
-1.1231657878926637
-0.9164601744682336
-1.1025272533654715
-0.9541329642006358
-0.6320956638050019
-0.986218461882747
-1.1347312961070544
-0.98334444489734
-0.6557406832581028
-1.0636140603748012
-0.7690307317661617
-0.8982467022146283
-1.0777567193123345
-1.2545138155932953
-1.0866792208056828
-1.5191860189929327
-1.1924868682697247
-0.8562598622817716
-1.070286320067246
-1.3228955852501558
-0.31349609308903126
-1.231730278947162
-1.1423390861520832
-1.100108455672123
-1.2117597041199355
-0.9177435902705002
-0.8227045235403063
-0.6593203568505739
-0.9001284575924319
-0.9237013603650458
-0.8319829396871584
-0.7804225610576635
-0.7728500213434728
-0.926713621651115
-1.2941592277782263
-0.935956181160099
-1.0090489531296019
-0.6700175847395625
-1.08585120742764
-1.2057490738430603
-0.6579678069342788
-0.9001521025308685
-0.6937307941420391
-1.3799241224839136
-0.9188338855228996
-1.154916441488275
-1.2096768175651598
-1.0937768526997007
-1.3089880255205881
-0.9268496662372159
-0.6950964249875786
-0.43822494024482006
-0.9965109156728535
-0.6549588981242286
-0.9093698593890167
-1.4867226358601624
-0.9679280342827626
-0.8415576286688756
-0.825495994195726
-1.1861142942665857
-1.0205517622669187
-1.5016621578259042
-1.3867650798870383
-0.7954698919012726
-0.851614117880996
-1.1372952544807242
-1.0823459689324628
-1.3249145283990569
-0.7873924785112065
-1.0577850988987325
-0.7608980315466041
-1.2489818042549738
-1.1353692728798468
-1.0412422421798797
-0.6112489702987981
-0.9618443427457425
-1.0888355840650499
-0.9332684232162315
-1.2755253239933204
-1.1648698671908795
-1.277354236073207
-1.3262233391106335
-1.2091810732338286
-1.2846631380354725
-0.8982159868898254
-1.2304984967380233
-1.0008822805338622
-0.8130714227870028
-0.7873687603284445
-0.9975998153376228
-0.9197150515703261
-1.0718003234992524
-1.0723463436222456
-1.0016095368447717
-1.2399335214810676
-0.6010410633286952
-1.2461756720173285
-1.1475810805674962
-0.9650670227737602
-0.7909564260822074
-0.9805348283222448
-0.8470151467970763
-0.7390760705156478
-0.8609930229938768
-0.9191804175307388
-1.3448138468066324
-0.926999245273604
-1.3855348476590927
-1.40784121372189
-1.1504091685129458
-1.1885479369573329
-0.6641619915591792
-1.0949481180128446
-0.9835633650396113
-1.1444028417246122
-0.8869581523783864
-0.7154293012459586
-1.4251878324446363
-1.736310572393041
-0.2066936747780473
-0.8895482684346832
-1.103637180352516
-1.0495183783492115
-0.8288444886561649
-0.9111844242817075
-1.0782232302985424
-0.9062434905838151
-1.0848140248319704
-0.9327697780074932
-1.2086010025520273
-0.8779328849655813
-1.1668608329365662
-1.0880703575003554
-0.4696911699526176
-1.025277960872962
-0.9961045579031473
-1.1031818651283603
-0.6294186505148581
-0.8914991703499128
-0.8332018099935884
-1.221646202725599
-1.0265719304995182
-1.2006765316887817
-1.179943749514264
-1.1663691208780622
-1.0230808778174199
-1.191143175909344
-0.9629743621174045
-0.7913572081249853
-1.0391403135135557
-0.7894679255779788
-1.2269489589937037
-1.0021651133004028
-1.2975524908021319
-1.071867307573334
-0.9639075725451519
-1.054802365482008
-1.1091617878015387
-1.229994353028755
-1.1526900162575642
-0.7727890922396835
-1.0207593526518142
-1.0871719926449361
-1.0882858409462504
-0.8092708499216248
-0.7390551928982957
-0.9411608098695674
-1.6049172063777253
-1.1330776115944863
-1.2203743186768417
-1.1015439251621513
-0.8190982953021779
-1.273354002797424
-1.3300716375583155
-0.9593691042663038
-1.1352043033043662
-1.1789834857830757
-1.110928188487536
-1.1936301933020013
-1.1893220928894361
-1.3279170851559812
-1.1012410460781719
-1.0345837052870903
-1.199671795531556
-1.1357638231852276
-1.0923152859379415
-1.079943158094002
-1.33529676137034
-1.1639798906689895
-1.0032547126762945
-1.1432032558325635
-0.8230503822836414
-1.4225415231588294
-0.9082922130344077
-0.7243540262063815
-0.954593853887174
-1.0274328345856587
-1.2259498775578355
-0.9194034081342861
-0.8528259303464032
-0.9653983709210272
-1.2859791965739324
-1.045737213619569
-1.1718269359591125
-1.0024698788541413
-1.2526708866848848
-0.9205554888571559
-0.8033867449657306
-0.07749101963452938
-0.9741295969690694
-0.36435070385066964
-0.5330898677892646
-0.9880904761894934
-1.0853215165652172
-1.3915641314059306
-1.2309593556253344
-0.9953949352890608
-1.079513770815012
-1.219840487694178
-0.9658546516049561
-1.7526119373062718
-0.9799283051467259
-0.9576057446711277
-1.2839565376377107
-1.1509457563448453
-0.7607439954878847
-1.0431644586289388
-1.4157065842619738
-1.1501432629111252
-0.9016552466706003
-1.2985131391735392
-0.6191169931700684
-1.1515316858804332
-1.0481214044743004
-1.1831979832048583
-0.9750566612301447
-0.8985773127844606
-0.8333408591954935
-1.2800310304309563
-1.4604906611342592
-0.8586326481618389
-1.0340775981210262
-0.9416318352240534
-1.3975335468261083
-1.096467181009788
-1.4638653270153725
-1.217275624552796
-1.039819192725256
-1.3933937514708565
-0.698678398015071
-0.8904408084546781
-1.0248039200868713
-0.8762566567411196
-0.8516495587554028
-0.8728042106602989
-0.8913602343909692
-0.7924618331223439
-0.9472838857302781
-0.9667212474434137
-0.8777630053265209
-1.1387561232401509
-1.0141071967398696
-1.1249827299377215
-1.3085823789033302
-1.4679856391316894
-1.1954530423563428
-1.1625259347446284
-1.0138763997479194
-0.8026744296273025
-0.8951971032329273
-1.0357400341571668
-0.8808842043823668
-0.976726998169321
-0.9071258457429385
-0.8441387566239996
-1.1435746523114216
-1.0949323729117681
-1.1446537937171546
-1.3699627584101775
-0.8927377211029365
-1.3243876179673784
-1.3485886245432084
-1.1354170442227278
-1.4705442592436901
-0.8472265758071112
-1.1024524894332355
-0.9738378030011752
-1.1145221839725021
-1.1249288310219423
-1.5181994807369128
-1.2774773049041894
-1.1713469988774066
-1.1678615920508777
0.7814361619593948
-1.4468604298993681
-0.9314702733549659
-1.1364384602177926
-1.7593938222634642
-1.1571104071044667
-0.7511993807364534
-1.2468928488000766
-1.48084783184156
-1.5607244972717853
-1.6092328187455018
-1.2261809460588495
-1.1320454107404467
-1.0581538988826193
-1.2186402306010151
-1.301744350194297
-1.2013285458444878
-1.4394819613745835
-1.1640150368344853
-1.421127104373035
-1.3588174409524274
-1.267313895640593
-1.5966615055428326
-0.9485191870529842
-1.454323770525238
-1.3739720507004718
-1.3512733231118519
-1.3591475147053624
-1.388244689053866
-1.2359645706951052
-1.5177284854224409
-1.2164966496943928
-0.7797802095922863
-0.38272611389350636
-0.9750060328725264
-1.4846947274451672
-1.1181872195444402
-0.7880240361602333
-1.1696745535762683
-0.08617640546933805
-1.0237668743693171
-1.0468851169688087
-0.9578019114671042
-1.253310504355598
-1.4844921164827118
-0.9753754903354789
-1.3547828620486388
-1.291428857949907
-0.7813912417647434
-0.9140721950444549
-1.185563936944017
-1.0095692725818906
-1.133307313583034
-0.6954679547246514
-1.0849851279825908
-0.6474371290378521
-1.183132315899264
-1.1143194223991617
-1.2312565557150574
-1.4429515519202598
-0.7751981704629383
-1.3395682704404674
-1.154469309413617
-1.2277068840826788
-1.1087748005317861
-0.8880066916316239
-1.2739383836297558
-1.2505332548033323
-1.140723193287662
-1.1281825349340553
-1.0231959997669047
-1.3524533738160327
-1.342454928929826
-1.2727201571421694
-1.4564055845720156
-1.47128469960334
-1.1440236211910577
-1.3370171817129264
-0.8795753227896146
-0.8288913773701977
-0.5770622114681173
0.37345617904710726
-1.5437988473636697
-1.3298405048844746
-1.0709850486041188
-1.4056437554440013
-1.4423745272384347
-0.99222906041315
-0.9111278758185622
-1.0516414343741118
-1.1194495188617597
-1.1366232936640388
-0.7180149678281588
-1.1725692065361746
-0.9966015784817848
-1.1229654903581467
-1.1615822162858627
-1.1609086304085694
-1.2955438832042756
-0.14870732084975988
-0.8345814706763989
-0.959602244008674
-0.9332946412058523
-0.5973229102739914
-1.0969671624506705
-1.407668971199019
-1.0687738705876038
-0.8750348813012658
-0.8316370591387395
-1.2091297134714754
-0.6922927402403987
-0.8198557663385491
-0.7382405012016441
-0.9297092752958285
-0.9414359418816111
-0.8340563457123967
-0.6888283431733584
-1.20325141485674
-1.0420749304457182
-1.0959361958976581
-0.9151503030680307
-1.077940725686314
-0.96267413202386
-1.0472718914247756
-0.8784884005943268
-1.0742413097065746
-0.7931239398754065
-1.2358963434063965
-1.1114929887576213
-0.9239381668160433
-0.5417420635355518
-1.0804079057677496
-1.1688224485030796
-1.159679633364891
-1.1379800540407732
-0.8656149868352391
-0.8434826725828737
-0.7879289611391189
-0.9090523514806876
-0.8270959155530511
-1.2092225776384842
-1.0411007009953828
-1.2546098304096067
-1.2198108614339351
-1.0553206779944273
-1.2780044540120545
-1.14717920509915
-1.1642308157507797
-1.265763818092445
-0.7395171341411586
-1.0004825606912193
-1.4672849890990916
-1.2373730316262115
0.0846376975941932
-0.4066145089613135
-0.9279742500157826
-1.0652757109613697
-0.9350253739268669
-1.2446988498486236
-0.8031524052035038
-1.0047743283283392
-1.2363852681546916
-1.0057925123029678
-1.0365358141987058
-1.1842466080167706
-1.1974760747423174
-0.8269440026585693
-0.7688145573331429
-0.7666966531476229
-0.8858280980824754
-0.7230335135375467
-1.3268730166728882
-0.7565018720044083
-0.9757892021555026
-0.9345735037826572
-1.2185320234718309
-0.998118732706852
-0.8746311188882906
-0.7399620642991317
-0.8698735619987067
-0.6434633767923768
-0.6833194964852299
-1.291942531090857
-1.3398401292773203
-1.3253214418664496
-1.1638934540854171
-0.9467803971469141
-0.9611625384793211
-0.8620757387574445
-1.352584053195169
-0.9809529714545188
-0.9539358222826615
-1.330806826922369
-0.3723264923172956
-1.3477803108430133
-1.520560743775244
-1.0527931953307457
-1.0828946524179937
-1.0401207224450337
-1.5574754974506475
-1.2340744942947999
-1.2617078350787814
-1.260569226019399
-1.1409304035216592
-0.7471133725391225
-1.1842061264743808
-1.3233764928131722
-1.286052935080331
-1.0968076842109125
-1.2777563192542238
-1.3174483212509125
-0.9246516889639623
-1.1494622925770728
-0.7204968540953819
-1.0874235268911616
-1.2923079893788385
-1.0737665305122959
-1.1116809013236135
-1.2529784904767642
-1.0304493340245378
-1.0461011954468746
-0.8263684786581477
-1.093931851993462
-1.1700606914664191
-1.3108637697502439
-1.3006156281983974
-1.0700852113458048
-1.2276971508406553
-0.7583941926880687
-1.008646542935985
-1.0788028077665208
-0.7767556840114169
-0.9975379221997397
-1.418005568598684
-1.1799798677711335
-1.025539252918696
-0.8432100674162453
-0.9879395095916056
-1.0660714765968082
-1.145312628168405
-1.050774343623497
-0.7961297868450762
-1.3619161299065599
-0.6824024313797767
-1.6527975976434124
-1.2481697503500844
-1.5921961945073133
-1.4160134093919945
-0.6954914011782807
-1.2705908026542445
-1.2026936069918353
-1.408292727802424
-1.1528150120476108
-1.4137440947900126
-1.4524733501983476
-1.0353717444855124
-0.822901721120994
-1.210936917425177
-1.1334561138743853
-1.126767045820316
-0.22380507412150608
-1.2392782150589328
-1.1021232577329205
-1.063387444527084
-0.7688320448692354
-1.0101121236442305
-0.7854089761956863
-0.8951404627134414
-0.3973386323996139
-0.8989169911650158
-1.225809103760892
-1.207167504472608
0.0671471896525191
-1.0533591078111189
-1.079606282618457
-0.9123847239792803
-0.18483005089277546
-1.2991598710554861
-1.055978631955405
-1.1638522082426193
-0.9845068901776834
-1.0266566208199552
-1.0652818094329581
-0.8310289908163471
-0.9145591728496902
-0.9906675799734679
-0.8498535498502412
-1.584646717801397
-0.6532038095902634
-1.0417233806469477
-1.1932536415520487
-0.8919126299557992
-0.8539071487592944
-0.8766631798255655
-0.2754650606517723
-1.272240051703023
-1.403156127309398
-1.2637048207992532
-1.2737803661346812
-0.998797671241154
-1.1919273485329762
-1.0813280348551915
-1.1300854971153582
-0.9892727822787597
-1.150734494849562
-1.113061059224262
-0.6892137822476808
-1.1594078256658469
-1.3658325253353625
-0.9947104922546568
-0.6121535479515623
-1.452167183265268
-1.0582503912308177
-1.0853891001969114
-1.0221402470796768
-1.158983354965206
-0.918685585574109
-1.0749879844086307
-1.00636063487546
-1.4594233561394612
-1.0457955722723302
-1.2565470276608022
-1.1473154079920693
-1.1240309392363435
-0.9548156529389112
-0.8096487908163678
-0.976629236144588
-1.2469779169609334
-1.2725716840721673
-1.0707141655293342
-1.3129170005038266
-1.3525653600942478
-1.2230328556690717
-1.065549072178997
-1.0465468619014104
-1.2241748004121038
-1.0216596526535184
-1.008978595225387
-0.9549622588346655
-0.8985111332171369
-1.018566971041014
-0.37161699471349363
-0.7483250807796964
-1.2390533386548614
-1.2907270795783452
-0.8636898781390449
-1.1926196496924448
-1.1809172504695855
-0.939934244874043
-0.8124153251546387
-1.2411997987939283
-1.2058649214098889
-1.1555572477740252
-0.9622821835522352
-1.1952294875692961
-0.9135031552051186
-1.067960793594842
-1.1972083280559547
-1.1288160123266913
-1.2063512764228896
-1.0897252479780601
-1.1527945096299637
-1.0758767564817011
-1.4142988373649097
-1.4076563945766878
-1.1747151948568897
-1.194055379487519
-0.8823863893037578
-1.0626620510356417
-1.2485366686410102
-1.3158466330620862
-1.1950563364329683
-1.1039286096175418
-1.1382183825118455
-1.3086235027153639
-1.267570418801824
-1.2823752914736937
-1.3837247593538566
-1.049800884326954
-1.4172915013383884
-1.398628545331883
-0.9585454597362559
-1.360699478922031
-1.1658078485480252
-1.0214057550289042
-1.2398241381279365
-1.3678385805442639
-1.1654440045695793
-0.5355748042352206
-1.0657923443645716
-0.7985519637916294
-1.1318166402799807
-1.1293435832170555
-1.3543578153276057
-0.7869141917448306
-1.428928585909336
-1.103487662991119
-0.9268502029391311
-0.8668279075706435
-1.1027789816068592
-0.31238488922309143
-1.1727044351235922
-1.1587552691379006
-0.8365817262396803
-0.9167112450341449
-1.2282651286275015
-1.055335892727695
-1.0278848360859258
-1.14600647951218
-1.1129797362920277
-1.0239724370589551
-0.7229412773825755
-1.1459997518841722
-1.180369180463629
-1.1340422810025148
-1.1217221251728804
-1.284165515519971
-1.120496076359259
-0.8799816528426154
-0.6287986514151142
-0.8825878979920372
-0.7842862468801257
-1.0809914680706838
-1.2294065520479347
-1.0593840347159833
-0.9601180065333066
-1.2312459925476613
-0.9630495712544664
-0.9174042936527532
-1.3274428359726125
-0.9772864283397107
-1.0923165140387436
-1.0789978251637027
-1.5316495308006863
-1.3750228393444663
-0.8222449523202292
-0.942202339302374
-1.1648448210758913
-1.2691426127646885
-0.8060358460411855
-0.8408001587276248
-0.9841793293834512
-0.9038883176073937
-0.7403955574245603
-1.156560453550645
-0.5175543458337902
-0.8813243206231871
-0.40197008496652686
-0.9714739809913113
-1.0923734388185804
-1.2288548162987618
-1.1851519931784054
-1.2476056283039387
-1.072301653697756
-1.1619797404370498
-0.7991627050687257
-1.2805722010070386
-1.5606198019106161
-1.4254442203173
-0.7985354717203743
-1.3383627738838377
-0.3845879924992822
-0.7276722079099549
-1.266214044332274
-1.448241134290517
-0.3793074664332628
-1.171511838826488
-1.581833700461169
-1.2572381461289874
-1.3501769202753862
-1.1756097046537808
-0.9635353663285877
-1.2163393949846306
-1.1101647252571587
-0.9505673292191229
-1.1719628025921116
-0.9505652038301113
-0.5890268375709421
-1.0703723635271365
-1.2312164529825613
-1.2162928536854822
-1.1525844135072532
-0.3779978999833792
-1.4891349962317055
-1.4154044452059609
-0.354631642756624
-1.0015321650098368
-0.9235508916840864
-1.3060324405090524
-0.9893674644536353
-1.1206787608041844
-1.1539628076859327
-0.7744557406702575
-1.051494015608176
-0.9061227276921916
-1.1428431888378654
-1.221321704595674
-1.026732906137494
-1.1582774859991416
-1.0310433889942836
-1.1747867719449179
-0.9519829966897401
-1.6952566175799733
-1.229267342629658
-0.38914612447333313
-1.2371611226767967
-1.1838138675388008
-0.5940127278098744
-0.9616268850105256
-0.6413840792197095
-1.0310628044837378
-0.8982478729881694
-0.7087189969680265
-1.2231226527224008
-1.1686380539956214
-1.0293629099743367
-0.9644082005454726
-1.2401429038357694
-0.8740809627197194
-0.8130852053764591
-1.1030018017597785
-0.9161543001720562
-1.17301986333901
-1.2070455813646341
-1.0563221480086173
-1.1878591456077108
-0.7691687013333565
-0.8947573957558566
-0.9420060565865997
-1.1289108263175278
-0.9554470592261288
-0.09467309069979951
-0.8962978620077997
-1.3914133251242258
-1.179460852618588
-1.426078449710734
-0.9301712201164065
-1.1458891583400517
-0.9327983492961025
-0.8712543675979234
-0.7207979826717842
-0.9281258146421347
-1.0977235328776218
-0.6464453144634104
-1.024376611552231
-1.0743096566995425
-0.9964100545900534
-0.6271133866854816
-1.426594218632213
-1.066084059025398
-1.5355721962127402
-1.1734928484344271
-1.0346757146643393
-1.0996892118650619
-1.1622464989217716
-1.2442557342966856
-1.140378038066767
-1.4111198925035477
-1.2384681082743871
-1.0811651112640186
-0.869314738340477
-0.8879758872354359
-0.6507039642620195
-0.6538445915907948
-0.7303541933145878
-1.0366063270782886
-0.6410823992378014
-1.1788169535098294
-0.665631226893837
-0.8614802918407939
-0.9252287621602588
-0.8932930860084156
-0.9027778784775773
-1.0419783294740828
-0.7097693348418912
-0.999604448721334
-1.132097347235186
-1.1103116204278385
-0.9185915459339077
-0.9761725224564793
-0.6609205478351508
-0.8202435243320167
-1.1465274168617399
-1.1527613493392577
-1.0319609807504908
-0.7222433188445405
-1.283592066243691
-0.8411013290526991
-0.7404289931653909
-1.014870421399224
-0.921470991750352
-0.780489062761933
-1.288938142269174
-1.123427771224287
-0.8743106249869086
-0.8641147819855283
-1.1679406468069022
-0.9396432957190164
-0.8780864541346838
-1.1233373444865442
-1.1175321559648206
-1.0418555986051854
-1.3508747352925783
-1.5152462397502366
-1.0752427181292004
-0.933712844159231
-0.671406036357454
-0.9861891755392459
-1.1965367075032365
-0.917077632671125
-1.4813558123355326
-1.4762109839327764
-1.1413221119591157
-1.1245311035296766
-1.0634776360952793
-1.1346728263707195
-1.008445476439321
-0.9942356862412962
-0.8312242294151873
-0.8468174838304708
-1.1992484500372829
-0.9805847534860582
-0.29161484200014987
-1.0850043740190025
-1.1013853003339116
-1.1119599624799017
-1.120769100250206
-1.1831989197182318
-1.196889832344962
-0.7361931677835821
-1.1853129798883073
-1.2776447260709358
-0.9548552906989098
-0.7022869729831767
-1.1723003369587677
-1.0410491373380315
-1.0351237538532727
-0.7861173878024564
-0.7304518746382054
-0.15373970333443834
-1.0218285693674212
-0.7936561834986433
-1.320276924290174
-0.9736629292386632
-1.0623826996685
-1.00031249520888
-0.7846278013977959
-1.0601958598412669
-0.8987279405120788
-0.9044345636002116
-1.5150256600356946
-1.3085571922759638
-1.1846947334087004
-0.9761792612923595
-1.0912701697280656
-1.201480419849835
-0.06547728396705485
-1.2598117671650553
-1.1497855705580584
-1.0113342848109816
-1.2021922845318211
-1.3479081703999072
-1.0857159594963708
-1.0482864806505867
-0.9943110557392226
-1.1994103635332678
-0.9923601067756024
-1.0112861936335338
-1.2345110176236869
-1.1308920385821768
-0.7284412434662677
-0.958998007767799
-1.0276162764382677
-0.7300628958810648
-0.7855865325059946
-0.6592984685149405
-0.9054442268987546
-1.0585832065716205
-1.1949470873948864
-1.2895987209589208
-1.4656798855670878
-0.6839586246123472
-1.0572356518348318
-1.0447194927424015
-1.0752193681503417
-0.39443132452928825
-1.1589579179898162
-0.4159544381917391
-1.082175319734501
-1.1940228510640032
-1.373590716908007
-0.9701021262656881
-1.3595189765383442
-0.8197721454637357
-1.1714052301443327
-1.0795045708940314
-0.8337009174207298
-0.6608386491430548
-0.8459559472452112
-1.0054005004621165
-0.9395530293073041
-1.1095163257005776
-1.0244710860055584
-1.0189472739562666
-1.1328888658062293
-1.0631666354052571
-1.086897433314831
-0.9782445659516514
-0.27521002444356174
-1.081852912409921
-0.7159862338842039
-0.9371989254728567
-0.8593569272956918
-1.192546038911834
-0.9639324221469204
-1.2060450022396398
-1.0168926492908135
-1.017014847146215
-1.0004207587661706
-0.9811524457754727
-0.8603658971772714
-1.461157338721018
-1.2553241830969655
-1.1367416219464277
-0.9625200465060799
-1.164726826390178
-1.2014873593667013
-1.254465929364603
-1.2389025272197234
-1.3825691822739634
-1.4529113862255019
-1.382496238187125
-1.1375790607554488
-1.2427251363377214
-0.8794042014890815
-1.0608466549908617
-0.6990039646635692
-1.353051769372979
-1.2103977775881012
-1.2641259770360267
-1.0895208703608965
-1.1742657673665815
-1.0495309961787
-0.814851042842071
-1.0394346576264728
-0.9286051838397884
-1.1346005809771378
-1.0071048743431532
-0.949015585691997
-1.018607787257005
-1.107292208976084
-0.8045277607354616
-1.0263748410188702
-1.240579513470353
-1.1394753619582623
-0.7526976743204146
-0.5759739751996638
-1.0086523006177552
-0.9468495409513585
-0.9132058852976466
-0.878964944440139
-1.0498176227665335
-0.7982602773950519
-0.9458139778207698
-0.9174051481570091
-1.3427344881537204
-1.0418251817087507
-1.272673721420075
-1.3014449814736915
-0.8288069081752084
-1.317371023341852
-1.2190951589860062
-1.102969642952022
-1.2143068979398568
-0.9819918576348738
-0.7713109615120458
-1.238679693041903
-1.265353956863574
-1.2353935613856697
-1.436038695699621
-0.322123020769426
-1.3861221975414688
-1.2794410926537823
-1.2316631895477361
-1.2860158906609058
-1.327728188753531
-0.7746779751205769
-1.143494755099483
-0.393949508546176
-1.0752381454618136
-0.967831290179816
-1.2536124076082704
-1.284566668369419
-1.3662923775677402
-1.6856464969672458
-0.9276209044195194
-1.0985277666069013
-1.2699948880842513
-1.264262722357046
-0.932389387951331
-0.9294778839976584
-0.8797351256225197
-0.9501470932301381
-0.943078766261697
0.22116703179383745
-1.3802288074927966
-0.720142981309541
-1.0899673282652378
-0.3231626043119642
-1.008168360909763
-0.9138530589315539
-0.9348154420572317
