-17.062066355058413
-11.527898731809643
-9.672396377973868
-16.97539226226462
-10.979424874748851
-7.828744597220165
-10.812105586734091
-11.548256701031427
-14.718294455653151
-4.550482042775599
-8.8500736487929
-16.840159020493807
-10.048502270414346
-8.457763026248124
-19.813325367287625
-9.599967549265585
-12.95577628319419
-11.665376278953133
-13.744441663039218
-10.65900689554104
-18.50403369198979
-13.195765346883057
-14.731370506979452
-20.955001284637568
-17.598290754680143
-16.361365896686287
-9.484044367186335
-11.196048740941166
-18.246931858575095
-11.509642380138601
-18.55077837204467
-8.555736567622812
-9.493131320829754
1.4451567329033992
-11.983528831875468
-9.202633721007487
-4.9539785335941104
-14.474807761659235
-5.478266058588602
-13.63054701665492
-12.096787471535869
-9.331607969611756
-10.383724893704608
-8.292418671521002
-2.857387362059896
-11.565365417477912
-7.3067765755963485
-3.4976751369623997
-6.524266947102433
-10.725787243564845
-10.15906427339472
-13.20945082592825
-20.287772322729474
-9.343450123735558
-11.748164254124362
-16.88276790875824
-13.291026541448794
-17.86159364435002
-8.951756188110217
-7.693372107311916
-15.751569355283017
-15.714349585324623
-10.863366133067423
-16.013376310116822
-7.977218995189041
-5.692909672894842
-6.185484715237251
-5.562338747685786
-8.786891738962794
-12.622832181538342
-7.702830005808501
-10.785727115702691
-16.852531675365945
-11.689531566502808
-16.49437153307239
-11.173210683487433
-8.671244809207792
-7.518114902670064
-11.320251704935863
-13.289458646346212
-13.469557345678375
-16.833993613692606
-17.705405658655856
-14.861065695086744
-16.167221080354157
-14.814995851985962
-11.557130126247333
-12.467891546166541
-17.46529265873366
-18.992921107189456
-13.48129763274165
-20.95539404813253
-10.388398201049856
-15.038526658006028
-14.664609756796267
-18.259996752660967
-17.290494595403786
-19.821657948098398
-20.46117028384582
-14.00510520003282
-16.61203548028156
-15.372633811228138
-16.262688571904015
-17.257012397384177
-19.218655275063654
-16.490624847852466
-17.393564322444607
-20.579413277709023
-20.008171251015384
-25.88508304091212
-21.96048774958399
-18.79221658470811
-15.018477884892574
-7.586231923409301
-12.760727363132542
-26.844221097105034
-16.740201405413686
-15.546745168777912
-13.288016420341297
-13.197864603892214
-18.049020313086626
-20.342677775573478
-17.039664534315694
-12.849818169086635
-16.97666730338042
-13.403392974016564
-18.34907579422279
-14.037680988685835
-8.172507328590413
-7.977864926152389
-11.117992898673261
-18.63239230826757
-17.076743386134424
-12.281763792762803
-10.506825038257876
-20.93462942451737
-26.57904401952268
-18.39357756544895
-10.250846924109506
-15.361691574047205
-8.155458994874683
-11.233697599699184
-21.163177814617534
-12.140120530970876
-13.48412275054549
-23.75094815637768
-18.745694586827128
-7.998854727658372
-15.064730423842455
-14.287051158782656
-15.071780693352252
-11.78543430407791
-11.900831598176737
-9.37053326151149
-6.9007467137269884
-19.613881331856938
-18.183008801729017
-12.381430960746421
-8.078615194732556
-15.698386951446096
-12.455465298744166
-9.182504449582126
-13.543216908146434
-12.522697195676841
-11.64813191039486
-11.555645069506411
-13.817688284272677
-9.643841763288574
-17.934601229708623
-10.767198565728684
-11.414630020036551
-8.215448375006858
-15.014277174762505
-8.877875799767693
-5.416774165490068
-12.796791201882623
-8.743222582835632
-14.128895241995611
-7.159120820307901
-12.584660085206306
-14.940695263132909
-9.338724511102114
-7.006433489848742
-1.908193251382258
-13.834020266401204
-8.025000753399205
-9.967424186096359
-10.776195623846945
-10.944874698245023
-18.10932411989178
-13.59292170939024
-18.619380325666484
-6.763145911477675
-21.31717481477007
-18.81545588383132
-13.943343754295114
-16.112031591689487
-16.928053710629296
-16.424598884520034
-14.82771387898018
-23.52746044963044
-22.317130166864708
-16.765719402363295
-19.604458508240857
-21.78355686550095
-15.24018785106935
-16.094562876357937
-14.842016368226084
-14.545631710135606
-15.28623857684547
-19.85159510459859
-18.168828515393106
-16.223079753680157
-19.03850780770641
-16.06927328460661
-8.417635555789104
-6.700147446244834
-5.013886062997663
-6.826355103780969
-18.87868449640922
-6.141411947339762
-19.520923439895256
-20.795610876458852
-13.014692494820828
-14.889613981335573
-15.921574386220229
-9.629335327218955
-16.211943483586737
-13.269560628619082
-14.47354482982272
-8.56588798145014
-8.9619645060389
-23.01300210462234
-21.259371987695822
-14.256866796811673
-12.336268427630117
-21.58470445843163
-17.952135674494265
-16.14005887665283
-12.00256445569256
-12.672710767376095
-10.205680603480294
-22.18417679722324
-22.5119978474029
-13.678138223593752
-24.66290385075674
-22.307751161878016
-14.507039676155593
-4.468879354416579
-7.791287621218082
-22.02535639419817
-15.079139069642512
-17.44058933381737
-13.973316928221486
-10.42319427806924
-8.67580012173288
-15.393973815003154
-6.540714704217159
-13.834887670468468
-13.915274281779574
-8.751997435414594
-8.30405594469278
-6.5164984076468215
-12.450407812379709
-9.929204718879575
-10.768721361355674
-10.503330219960581
-8.549729823421433
-9.34726498114641
-9.866255815766884
-9.238515983990112
-7.106868419579534
-3.4487333503949102
-14.03735933478309
-4.90423076623199
-8.150834320492017
-4.7299598815139134
-4.276644331009017
-15.092762094625357
-9.338986310556344
-7.244433101539045
-7.740421599889572
-14.131595528994403
-15.077400926088856
-6.220463211675451
-22.60118712769787
-8.941563090440827
-6.794842442300181
-13.882912653458567
-10.649203798236584
-9.800494028052825
-17.13840002403034
-16.66208937897973
-12.558546977138995
-12.895963888430273
-16.47434948617854
-8.580764874677548
-10.514985227960047
-8.695134877899704
-12.812456858070846
-18.031892351123965
-20.204957666121103
-22.844385918626294
-20.68467308893188
-14.801139402331287
-17.456925818436645
-16.819810818071844
-20.55992466078274
-15.954807931703058
-13.75977313306241
-13.572520924184623
-20.55645959115458
-14.038389540237787
-9.277392280935025
-10.956928819400112
-21.808310381922446
-14.616853905844764
-18.943823848186852
-20.26403493462702
-19.157961237640166
-16.817797885658514
-17.7607853214244
-14.88021807261432
-18.63456412327416
-17.64447373526673
-17.636533907057395
-12.253196096811244
-1.0529023000633106
-12.27062404184851
-10.466975741567092
-11.857244626212003
-15.583494035694759
-12.661799745817186
-9.047011429039472
-11.151916332595192
-12.94089484445685
-11.882456287932712
-8.886660601609401
-9.11029052502282
-8.927383405875194
-10.364013280966935
-5.222177129807172
-12.917893662846907
-16.71327146399418
-14.438074696394366
-22.35830050565479
-12.710506264546758
-13.195636695235095
-12.214824142378745
-7.396272772217169
-10.544963702911954
-4.915764158448056
-20.855231179342283
-14.885188684255176
-13.762506282220361
-5.1298234020179585
-15.008223917916482
-14.292341141713393
-24.714499825536087
-14.945395178925097
-4.304454398137832
-13.936367583337507
-13.579596385875316
-15.23413802213236
-5.719922359629081
-15.60485809537817
-12.490795799774153
-15.384199306367517
-15.393503947414287
-22.464547078661816
-12.418796956148805
-11.50839802086509
-7.101993769812559
-9.31541029898165
-1.3352299104961673
-9.49098595968357
-19.98885781263729
-19.421318579981353
-13.614315580338406
-6.929682827228419
-12.977810555156008
-9.781558991310476
-10.714778396759243
-3.6308272966422805
-9.425579964831911
-18.15412339834561
-11.034558668679445
-10.152215370834838
-12.773053458950528
-22.86178464357306
-15.148513329911296
-6.273402955970255
-17.102426662924017
-8.368736640994591
-13.980191392966358
-11.728672778965048
-17.733280774269108
-12.026081141491723
-16.797676296373258
-19.944305501306083
-8.04480964601457
-5.866723335442291
-7.034805340270054
-3.4274024119393767
-3.546391647778414
-1.9724780648069942
-14.174757822452069
-10.39064094061546
-10.212677090966793
-14.030240606838777
-3.090737402122663
-6.529739715542867
-17.75292530039792
-11.814835471968344
-15.305416717442135
-11.702562022781038
-10.899992160738492
-8.884423193734158
-13.845207034390825
-6.893580839404017
-11.02206566754058
-6.0678256869664295
-11.588261743494932
-13.321707116455777
-2.4878034757355536
-4.846190505520312
-14.01395504607504
-10.461850879058481
-10.627891817119767
-13.777337100982525
-13.42508194853783
-13.202743947161984
-13.397355415079879
-9.084675881372064
-11.162139065108256
-15.036197157981661
-11.051519365515833
-8.861644794272443
-7.340600328898891
-7.632937942042059
-10.857087545630968
-2.7940475307105856
-21.93951207282344
-17.082095452695953
-15.204073399831003
-15.196144352199049
-15.913691513598572
-6.8197491437433655
-7.149308875419123
-14.482159246564834
-4.107804282377256
-10.032367354568489
-12.728633583482349
-9.835879796758647
-10.090587876952782
-12.70046613026016
-12.316544924253435
-13.781181244492231
-16.367260029062926
-17.772806744310714
-14.591795314143631
-7.757230542554105
-9.367944408962693
-2.3544679418145122
-12.326982584169599
-11.222338848938236
-12.547544934462813
-8.875292987182295
-6.014679126021711
-28.84718324221392
-15.14826549871506
-12.058622754314644
-5.606910657420167
-13.910701901301609
-15.498913007880592
-7.431627173243953
-12.84076176860836
-18.704200692148454
-23.451764057191177
-18.57833768077834
-14.47210449187676
-8.02878308032345
-3.0131925418543375
-12.347724548692177
-15.056117557489767
-17.82343042575052
-10.658599409114345
-4.625918544178791
-19.09933063587435
-19.86491463725197
-13.410021082738233
-10.133737539210792
-11.379469247784023
-9.984122790402786
-12.87313595436622
-7.556455457668459
-3.322207155878189
-12.818520886625148
-10.415807430528098
-16.851432431538804
-17.923787302123536
-17.06610803097012
-17.71917580965095
-10.702002312936616
-15.804926135997043
-24.281560930127966
-17.842277253185255
-15.276521914960476
-14.158629820929649
-15.904716175114643
-10.71045878206693
-11.218059474745619
-16.90897345782725
-14.408088536794402
-14.670438340754181
-2.506909198709838
-13.969120475879528
-7.99873834976092
-11.79099799870167
-17.673988929700393
-7.649058635250086
-13.147570166137037
-13.350210724097543
-11.209205017253119
-18.001388959408438
-18.61677898397533
-22.038305661259734
-15.62073214169805
-13.06886544609042
-6.666703870937312
-7.553374410689511
-11.651171494617401
-9.500313009367012
-10.709519023251296
-7.175597427312212
-9.477965978533298
-10.305616387567618
-9.513606171050956
-12.881193480850285
-8.988736188829389
-6.916056019294476
-10.919495263565437
-8.171390084143692
-4.763462064251286
-11.153565935852093
-12.70651450209963
-17.881453625361438
-22.43474527389379
-23.265961779689405
-9.671061507822682
-20.55263399602155
2.706555348908484
-19.68590464736343
-21.93828189969991
-25.395870951456917
-12.485700095091673
-20.018454238880928
-12.129919051153582
-4.02150670307492
-15.606881645043586
-7.128887569210928
-4.956156326046962
-11.853700521330023
-12.924917540121392
-5.641649735372333
-9.444088421106933
-7.447662666863465
-12.286474411449937
-15.567123651308151
-11.083686830169093
-10.617240999888132
-9.770320390208411
-3.128548708679425
-12.861237066977466
-12.333829768175548
-10.715724104954162
-14.280305173468804
-12.466978725585314
-10.336921458871835
-16.980679379667613
-15.092806536082477
-7.9270284299456435
-7.244022904278133
-12.76783427122173
-15.004930883127194
-13.103588920978027
-10.768638117632364
-11.603070048340001
-6.893935106958217
-6.818711883396226
-2.6014502771200796
-6.882861491638508
-5.347730388422455
-9.5542938885296
-7.951067938735001
-13.456314564542936
-14.399638120989657
-14.355499189094175
-11.215254422159212
-7.815125300753802
-13.569418253797302
-12.750393314797847
-8.480244401114739
-8.055569690801725
-9.82631059089352
-9.553662279585929
-12.498517985205694
-9.604807321334228
-2.7246848428262282
-14.381689453033587
-8.85363372712471
-11.8626197934366
-13.354093326265243
-11.210723660413336
-11.920962635013439
-6.509850112455993
-14.531982064250421
-20.193460781511206
-15.263151364184615
-8.968738159748504
-20.99791433266848
-18.259764177667577
-18.447693447804653
-14.661740840192543
-10.147214873840603
-11.551714375960039
-13.947421229781114
-13.421403615266776
-14.650399686765713
-18.062397195022776
-22.256341491519855
-22.453734179833223
-17.48100196955714
-12.856972860285694
-17.000784236419786
-17.2740504826309
-5.2283755117291975
-21.51825465114947
-8.944628774972394
-11.421612016498916
-12.302559128508816
-15.494181825232317
-11.81663383977434
-9.939202066818481
-6.494439814176246
-12.239572677656948
-12.980179868126093
-6.106236367895304
-7.424615348380531
-8.922582471863237
-6.598779023060487
-15.767438568604746
-21.69731704609437
-30.887700858709145
-12.488527602930862
-19.836090853282915
-12.815794383313548
-13.014842882466294
-8.030724523525864
-3.6038392781588806
-14.910856669129224
-10.313617919355673
-17.337174612917636
-14.29096913151524
-16.823592521786964
-20.261800687050098
-12.189142534205295
-15.536292534765458
-10.45013600371789
-15.601004732704745
-19.39929916478588
-17.80005899379815
-18.006024413763377
-15.782386625149314
-19.630001875619612
-10.15789746977476
-11.667035442543579
-6.428381345464853
-7.521799989323487
-4.921878002382453
-7.809692377735296
-10.202284059215835
-5.43214586129692
-10.95673621910435
-7.932650392966398
-16.625505425653905
-20.76511849974246
-3.952971863738135
-5.928591668433132
-14.88838620136551
-20.080206349192743
-8.312441550337155
-18.062242709015948
-11.429840883435535
-9.19854245466485
-12.245422671976574
-12.258620026896672
-18.390485917031288
-6.645446528499784
-2.470524117202743
-10.827359030812104
-8.343745654902552
-14.405591574958148
-18.93368536466258
-5.66645194784202
-19.154793413023224
-15.274494776708725
-15.623778537368132
-12.577627809868897
-21.105923627023984
-5.876212719572067
-23.411734716438286
-18.96219760806873
-9.087392176924816
-12.213557203322766
-16.799858204612132
-10.468077960212964
-9.477233157111268
-13.265729752128827
-11.111829390728968
-11.06853782684091
-8.581602902700661
-11.682886399725561
-17.27816262080801
-17.273249435818
-15.994034716299755
-8.98166839250107
-4.857029848546864
-17.8785089624785
-27.014401771503557
-20.797112175929847
-14.468805686630478
-24.421849662460964
-18.441203364976765
-5.078038799740824
-23.080662674641104
-25.977173885776068
-15.26353160971313
-13.025778280822745
-16.599928240310096
-20.264932948148946
-12.64950774529818
-8.2808336624798
-5.507028511161781
-5.501106171870685
-23.42001216795696
-15.227225389897011
-20.239237336102505
-14.014474268749318
-12.175815442210911
-4.646392700347505
-10.403202714676208
-7.924296336401369
-7.297309738462811
-18.67541276220871
-18.924999771740765
1.610475440360716
-8.644919054628915
-7.713895567822188
2.7390282533397396
-8.67317770865607
-14.896499636220089
-8.506248849142303
-8.992228472895135
-26.026127488071396
-10.229059773069114
-11.621561350683823
-10.925422713021462
-18.28219958520777
-10.261392878100239
-14.199080396850164
-12.567728828136595
-14.131895320040055
-9.412232668587304
-13.671413334873844
-9.991949912305948
-6.991543714482084
-9.161716037712914
-11.113078184916123
-9.134076988983953
-3.4191642952752233
-5.440718332905366
-12.814604425551213
-17.22207771184319
-7.4212900705207225
-12.504830971082065
-22.797564572657084
-22.221401802614977
-25.484091242278957
-17.03805731171942
-15.069348747485986
-17.770619820567752
-13.669632238519696
-1.9500754617769935
-9.277155224845217
-14.278362112904663
-11.723394308957051
-11.743265817215
-20.75399836396118
-8.613365196798334
-16.235056650065943
-15.249279853838114
-17.05823101455025
-7.65426511509872
-11.793093502678826
-13.183506216081998
-19.20280444781857
-16.24822676482763
-11.188942993269627
-12.787025303930555
-10.539060965647224
-20.33271353528966
-14.880459433550921
-10.6831807391874
-14.1597158323289
-7.5514007258681985
-10.15149708804448
-21.158406022939435
-17.193530016526907
-6.9799143099012255
-12.417264805645416
-17.5355124976889
-15.67211088029292
-17.318809391203402
-18.88662387454574
-23.93917757411632
-28.355226707298968
-7.626813998703771
-9.311752891835585
-11.960105731662
-17.269965905521307
-10.303381296247693
-9.030394149633246
-13.887130961119752
-14.748864401712783
-12.569882483324463
-13.042141110679218
-7.754876073813193
-14.577585937151692
-15.765196289217048
-11.633819393626204
-19.04049135015091
-17.796585057562247
-3.691691728619979
-11.879738241701595
-15.805183316556288
-19.465124409396466
-10.85271719706455
-14.05947858702855
-19.836540195025485
-20.559149141458832
-19.465590263602067
-13.440796482967492
-18.178065696671858
-11.35899138867915
-14.360336412696775
-12.126820936134578
-15.139085711236
-13.106499240511035
-16.43139610095082
-11.534645476081863
-22.238151832710592
-19.448915509027728
-20.6050868826484
-16.379107485453034
-18.905281386647353
-17.879105859654366
-17.54655309695942
-11.172405143459393
-15.079302779099635
-15.202305078064867
-14.216643676722725
-17.665314502721202
-17.994184630658026
-13.668034700873676
-14.923351055123412
-18.12938372052951
-12.635950311270989
-13.932533330005803
-9.833220910887178
-12.551526028403734
-16.55715978624464
-14.579088664448525
-2.1998900055662194
-2.8986754215245956
-1.3854078006676662
-18.873560974524786
-19.264863269499223
-17.301485549604507
-14.396974663137087
-1.5528780012425294
-6.584658156320213
-2.3729079615340805
-8.691033309558772
-14.941048279344347
-12.107499179088727
-12.345223782120705
-4.371011247278172
-4.49492784989507
-3.0988460922379417
-4.4617071402773405
-8.467624312767903
-5.787356187593005
-8.088995814131778
-3.863966993244027
-11.016858058524448
-12.869769897416056
-4.750269439538052
-8.747406201175785
-7.424097346029384
-14.201276628991494
-12.584763509966844
-9.811009488184812
-9.658975385157241
-16.843491310634985
-18.396895678553047
-18.12723000600963
-9.147530670703215
-6.043087957109538
-12.867833542228976
-10.315296799188943
-24.80484758450107
-11.558998978324148
-8.019298138176339
-17.307401552342135
-12.654119012712854
-11.727949171332309
-8.530262972759736
-9.525140654386917
-8.621376930838458
-12.08734242691662
-11.350589787965284
-7.149003344707786
-15.01032589474643
-3.8275683486865866
-11.172963244350385
-11.840036155139856
-14.868074774599343
-10.028657464651722
-8.614512026801656
-12.630749042451235
-8.410517572440021
-10.56097736100061
-9.620471424498394
-21.525806075244063
-11.186905735679668
-3.6999210391674247
-3.3857277398319
-17.653664854376125
-14.735116931926168
-8.191039466383668
1.0371883455228321
-13.441791388913629
-14.614693153492386
-10.829026445334607
-14.527883771127552
-3.4328369687386875
-10.470744588264587
-9.280502529915339
-7.316226395743655
-16.8129142141335
-18.289249805126996
-25.52028678509251
-16.501493431253927
-16.072975855644138
-27.30745116181618
-11.206278904394502
-14.950905990949925
-17.36621895743509
-14.210947503924631
-22.490430063739048
-10.773415283602272
-15.368733840972855
-15.25651336958651
-19.701893505555354
-12.667473351871921
-13.699273215721625
-10.312612697043608
-20.424357914635543
-12.002696609368776
-10.661362995180443
-4.298757534593573
-18.438256445854506
-14.799626299428766
-14.782092843330133
-16.07151820337215
-12.310020714540876
-8.49514681559021
-10.177328014317379
-12.901500147738192
-13.0084162591005
-12.69749335995171
-22.768570207256538
-8.07834616406629
-8.979122239434687
-16.021677944344695
-7.348866795138655
-4.468280579022689
-12.183323887255746
-6.3018970230387765
-3.579545520506649
-11.94662088011453
-16.8211078240455
-15.05902886315188
-14.785312544696053
-14.785769845923484
-20.465202410370487
-19.51354683226912
-22.928503157454234
-18.058779449495326
-8.49801330558737
-14.612861681121977
-14.72245035445017
-13.277404918769243
-11.587955068319886
-8.192128229403
-12.576032888274646
-10.094152804820943
-2.9348320600054443
-11.039511050169153
-15.3085967050473
-13.67578352996135
-15.773914972082924
-8.843922657708248
-15.313484073867905
-13.33991746895201
-13.683743493206777
-12.488372165816557
-16.584018892632123
-10.96496139866457
-15.370431337471608
-11.630056887219652
-15.34381745447228
-13.821691638882147
-18.2445577888443
-17.670211664447855
-10.912264944707417
-5.742408153094999
-13.820218003043282
-15.172978205553754
-9.383236488762542
-11.22287088959041
-14.03318837308452
-14.158824100345605
-9.182956301400317
-12.945049012035103
-2.4495894660378994
-11.292154444702952
-14.325400944157447
-9.145207011413856
-9.342804500719076
-11.422321343979007
-10.797435911997972
-8.405653707353629
-17.442880286362048
-9.76243354785553
-25.686924399086223
-11.229601508684176
-11.333843343162506
-17.062157595814476
-18.23107538960989
-18.432674538783296
-17.62187762179794
-16.568990649444334
-21.06261606575156
-11.04019657815859
-20.411969593903624
-18.66650790629429
-23.895206595164094
-18.20183411604401
-26.239832060369285
-17.19590863155169
-16.079760243096423
-7.763388521766245
-18.819632781675807
-19.375036151052612
-15.246893446869702
-19.516965884167462
-16.221291112344336
-13.50525690416313
-6.959913002562729
-10.739385477189145
-8.456979838307248
-18.696879592742526
-13.699113878101493
-14.15920348384735
-15.137792057222839
-5.692277303413356
-11.964293728270754
-8.916389389982672
-18.180765402298395
-18.645652991807065
-10.862289790501096
-11.88348484889853
-12.693533969169346
-9.894668767397526
-13.04356929455163
-12.836668065244076
-11.805607529215678
-2.904064496268454
-8.698352793497513
-14.35399637929418
-10.198788417680827
-15.308215918976444
-11.285648053610089
-11.070405978097739
-11.688859744602546
-11.928565599863902
-7.354447535675945
-3.5802715613464002
-9.97207674748907
-18.678009844848958
-11.662180826006733
-18.214010089670424
-20.79406870581793
-18.273615342415344
-7.671483211169978
-19.354329840856522
-18.94030804125776
-17.317907871634922
-10.473040670277387
-17.30084933826242
-14.448612800119566
-16.54906907548542
-20.99090326627246
-15.993881099347048
-19.04950891668412
-17.710904980251144
-18.15193521308978
-17.17652402732145
-15.500681010917642
-12.926369594790255
-14.40977254953382
-13.75724242948855
-17.36547454793035
-15.472103237402127
-8.920094120602862
-11.876079011067414
-14.275193673702404
-17.048477790452573
-14.381260781681867
-9.633245172102264
-9.772021206284222
-6.385044695958641
-11.211578640688174
-22.850894918884258
-25.454898993618414
-24.74196431237382
-13.209397302081001
-15.400258402046191
-12.973498226647713
-11.698171930623435
-17.917960408176558
-13.353167883891388
-16.60495445946758
-12.049233316433583
-19.647004366772848
-16.31138668496315
-6.3536352010910555
-10.371717377812553
-15.39181119042474
-13.943287704230116
-13.128456163040635
-14.871892499028174
-15.010720385361854
-6.893734100363023
-10.0041111151555
-16.523743716072673
-10.419721918088445
-8.21466425173276
-6.443704856705725
-11.089558658459442
-14.737303913687722
-14.431683305481577
-12.565843603226481
-4.671457839511154
-5.760457487569376
-11.117683748441223
-16.760818438153258
-6.60703840356539
-15.281350540735822
-9.31546907522629
-15.070486003608568
-16.63575441739956
-12.90992388318259
-9.473132552471725
-11.131133117628124
-6.204538319946426
-10.39362781462124
-17.729354664806664
-10.090199185696363
-24.71587864431379
-22.598484018731497
-9.755761784225115
-7.63759477453921
-18.03274870567146
-20.697196110656527
-10.79235739900497
-18.82790564559383
-14.35619467019933
-17.15481187128534
-0.22948154021113965
-20.413181719497004
-14.571195482057282
-8.591155399886027
-7.000195441026381
-11.061400795195773
-7.017633310730183
-6.9840698375504005
-10.917106556906191
-9.991303469025063
-16.966075380589526
-15.316170576780905
-18.074060547277348
-19.68294268932977
-11.7883771725194
-4.737356938183964
-22.13064740464953
-12.885623822514177
-8.445154211443189
-6.991649226256666
-9.963286938088963
-8.989924849458877
-4.702537550299237
-9.583953958858991
-11.598964521811713
-10.803470123168037
-18.03960598695448
-14.8339517510977
-11.743535944131889
-11.27940392917148
-19.429034026721702
-6.508188205527798
-7.3922174545112185
-18.56212215531369
-16.786265254751996
-14.678664083521614
-16.05495437087474
-13.076840725740674
-8.289522178540786
-12.972942004084018
-11.83671951547251
-12.532294483461744
-12.460804661324705
-18.604867107788444
-6.165245079866924
-13.333022662570944
-18.541469209973616
-3.593603916087858
-6.6615977584696004
-3.3701332446038883
4.027368355351687
-12.367242315862963
-28.652700047308798
-12.741912404944632
-17.43013823919781
-20.398366118530355
-9.263827921295757
-8.300610068650236
-13.265951837856964
-10.522871903229753
-17.647749493964437
-16.70699593981328
-6.35602550994329
-14.218207553800955
-16.356953731148323
-18.102830348821094
-13.626772197814525
-17.875624700019994
-13.014316150026367
-15.265608798058743
-18.39748032688165
-14.198640601698152
-9.735801012491422
-15.388372918037007
-11.634022385887562
-12.212861335657365
-21.57729756524901
-11.29532503440479
-10.584491880782736
-5.757294040475735
-14.16312396105225
-17.211639302718716
-15.744907247409067
-19.27096662137388
-18.674066243670865
-14.620143080834282
-21.389787399583497
-13.728634026988722
-19.78130512953615
-15.238563637052373
-19.33277213694975
-13.884012013566995
-7.2542157792661826
-3.627750800820749
-12.610337795959374
-18.56543330784873
-9.559977502058443
-8.668152435041659
-10.634721053451969
-6.646861164635659
-5.735872632872159
-19.590387260149477
-13.749488755946594
-10.489575949497144
-15.501560436676456
-8.311519480165423
-23.090648859191802
-12.985341018911967
-17.56413192091999
-16.31916188699571
-10.560969537674339
-7.332046021452836
-11.810674780613148
-24.938053914240587
-11.229960815178629
-16.851268659263965
-10.260656126166296
-15.249284103433578
-5.050421000827885
-9.62195451742397
-17.663540001379047
-6.543141662932211
-10.089881283463903
-9.67093304159009
-10.570375317109058
-11.703028524378034
-8.076183695624934
-9.933180652479237
-15.678375228265061
-11.599834391092003
-15.953828671756035
-9.293054001388619
-19.408058066078514
-6.973913788140152
-1.5009362394438739
-10.162469545789392
-9.786708598201187
-14.18494977790926
-13.845687821705354
-13.006800040432559
-4.915779703490713
-10.83993053442564
-6.267607649029166
-8.066946151765684
-15.172960094531817
-9.656033661486582
-12.257061624724436
-18.915023004506814
-10.64987938578978
-11.722040132002213
-4.019727316548725
-9.138877139401217
-11.570085975466451
-15.333690850778925
-18.504163944277728
-17.2380669519237
-6.307158339757217
-13.03466084607227
-12.642862604023314
-1.3061288449053556
-12.722076771839603
-14.108384981299126
-7.291834518485086
-5.7543758910551315
-17.174524274974342
-3.0435008924191607
-11.139603400591572
-11.954081289465142
-6.087734727800884
-15.280421433500145
-5.153712376699849
-11.416556153366646
-10.214383836062664
-6.052858505624624
-16.552897497982297
-12.696558269588188
-18.016728651706778
-11.880766056828847
-5.286269580193419
-5.288979195394823
-6.208728154871533
-10.588642435847198
-8.43666312856626
-20.49590328827048
-8.89109163384774
-17.256534665998817
-12.005041838832636
-15.651705753842082
-7.02673879333951
-11.95605571898067
-15.038451201395615
-18.847522645854934
-10.22870662180611
-3.9414571959958806
-9.395395949743506
-11.748948523641257
-11.020966788930487
-11.205610085792012
-14.045925854984484
-5.798950005253346
-16.58185382648726
-23.90993967858499
-9.874899664175732
-6.327263351992853
-14.05198596635228
-9.91932101515898
-11.159273394392024
-17.02339362725374
-6.2529059365712065
-7.104702576382623
-15.826818213359056
-12.249008984396092
-11.371281571361987
-19.370647409137266
-19.228105005832955
-16.49361200998603
-13.55011050437057
-10.639772051689896
-4.891217932974147
-13.868408884083497
-16.663540552777224
-15.885500901834147
-17.347516563857166
-18.694091943055803
-14.391960623248675
-17.68535817859972
-10.614538599203492
-10.11292066881246
-13.381422758688785
-15.519354299652978
-8.301982325516757
-10.562883333344475
-14.891648775841922
-13.711556022048129
-5.562932345505018
-6.386886966931133
-8.158517619590082
-5.197096999990386
-4.324059297850262
-5.2540243336262265
-17.543312637781618
-27.697520261891142
-18.33321540473397
-20.822023838154216
-15.72431199636511
-22.791012899294653
-19.150303291742652
-15.992306230995872
-14.890261833851447
-11.541422936683162
-11.896954654760684
-12.45137434728246
-9.320624814337686
-17.978276218744785
-10.077283784994563
-17.77547704753379
-7.462789398097243
-11.522370151067335
-15.544756504874869
-13.172713628362303
-12.755484998658154
-15.667558392430767
-9.746039621639994
-9.408225272449002
-20.30597561426405
-10.285559604662794
-8.097118508891242
-13.681982875009517
-23.440392221556877
-8.030350558603558
-14.634846355688772
-17.69577396404018
-19.24968852379176
-12.633191037917484
-16.28509457769868
-15.319394846230573
-13.763838460132437
-23.451956490597965
-10.708487874043051
-8.846090542145348
-10.050704839698945
-14.673237532406674
-12.206012104782715
-11.874514841496264
-5.037330999364762
-10.969736968776203
-10.219274277031793
-9.367890067614447
-10.734201085712442
-10.8895606835342
-14.894776076330494
-14.611755255334941
-12.061162392890225
-14.237772177316145
-15.185152888932908
-13.039655067453324
-13.221483961808268
-10.841869202545858
-22.47712163973163
-22.72967229395512
-21.231291670757983
-22.301264527610957
-17.134286790565795
-3.4132912281769947
-5.692278508145797
-6.680763219803126
-11.731087622367653
-15.705884197451812
-10.92118016730884
-3.8948765554179623
-10.704949553273181
-7.023134195093583
-11.760824850820487
-9.674321320193238
-12.015064789968829
-14.03253064016737
-16.090038552133482
-8.964401989362953
-25.113243929437118
-25.653722999328558
-14.843094866111699
-13.232915075675152
-18.55101672444598
-7.720300718016254
-10.682791791305323
-13.762010540292582
-10.07396167733123
-2.5477928512334778
-6.070212717054382
-10.79662670016291
-14.197611232192106
-15.291260806882416
-12.381846453207555
-13.547314332213855
-11.556376282155039
-5.3799093380299325
-15.843956620289884
-16.809491539160177
-15.475056173608241
-13.98790280776025
-11.928014797854345
-9.90141485166038
-8.041372618498013
-7.833759318202247
-10.046253361863531
-7.972587745103148
-8.528223517760406
-10.67993103175693
-11.856266729429027
-10.977007173587225
-8.843330762848705
-9.725732742955646
-8.680238870717265
-10.629219690674717
-10.898202883541884
-7.178548812503884
-14.388108631565913
-9.77883634359073
-8.449947281734104
-11.213387594138283
-24.15031225460431
-7.019547198422124
-8.680018974291244
-10.237671339775776
-11.416570260544468
-2.1850415525130416
-3.3193350040075806
-21.77011116353021
-15.024901567308945
-7.258579141994254
-12.404309724891348
-14.300604699512022
-16.90899953815462
-15.219897338993945
-10.193240136707288
-11.039729957128973
-1.5986987726304882
0.4802799933093702
-3.739859569222368
-6.983345286567282
-8.732129506963133
-20.553683990732317
-19.347401545414293
-22.504249403760987
-12.471325204297628
-21.710006738609152
-12.629054336933315
-10.746592358505808
-2.9777330745808683
-3.810511925711502
-11.386526316965233
-5.509684597838648
-14.303262962290056
-10.758462035531927
-14.716572781871768
-11.185691569510645
-11.514788883563753
-19.800531302564366
-14.853734095956383
-9.452997953960754
-20.509847124868536
-11.621978742939042
-16.36623766096168
-12.052733223957313
-15.333672735627717
-20.302608886925803
-17.97721490505836
-12.770757267211774
-11.857283957084164
-12.460682480634162
-15.891824606354447
-7.879784574127015
-22.398332877388867
-15.14949328550484
-27.364998953200416
-13.808153761115877
-9.941494883307925
-20.957127899735582
-15.508601586278845
-28.005885672720638
-21.842888906761317
-9.377882927312108
-17.44506079099456
-18.59831055834757
-11.0228380055308
-14.612672488930237
-12.171865534915757
-14.762697244992665
-12.879099293347435
-18.363820246968103
-6.912151071063963
-11.750562220232437
-10.855160000227404
-11.28673088702971
-17.171323688509023
-13.28217408475294
-18.070935228542865
-10.8627658380654
-6.1346155728167275
-17.800407018117674
-9.358436342150874
-12.451980631923998
-8.95452164574969
-4.536349674194028
-14.708858424296913
-14.534458009617929
-18.205154867328645
-18.668196382887665
-14.110042441438289
-11.093657781174564
-22.190656484576035
-8.546078571202472
-17.185519684385305
-17.608022776524702
-11.651265385826541
-21.842793348837386
-18.60742813587005
-16.302571074544687
-14.042807062677499
-14.962837976745632
-18.003585796717054
-16.610368587271928
-15.333720239227581
-22.84210247699452
-10.375189334374518
-10.958478236722975
-19.63965574540891
-17.526571307376702
-17.55342191975206
-19.649418260965465
-14.290535947284592
-12.950100210044198
-6.015170144458274
-16.309489031983375
-10.60912459243389
-18.223850822637637
-18.097215721567093
-20.48625286754567
-13.125800090016302
-8.767529979059749
-10.35779260314667
-8.61646556696688
-11.842297069962726
-22.56797153402283
-23.22632747743602
-19.10614190561406
-17.200342171458406
-11.046909576094261
-15.189690753313208
-13.30807881561644
-1.8893361649537717
-12.455698592433315
-9.93650388963465
-21.81690693613774
-8.546566895223176
-16.924848429784056
-8.107053516893771
-12.379507199013517
-8.065120586022367
-7.717153625738877
-18.13395476881567
-9.75274907805293
-12.201268328553809
-8.720289504438334
-10.621009999534657
-12.414130689378034
-14.861897853251293
-10.746979210969524
-12.472400539427795
-6.6077372404175705
-7.78302848512778
-8.762650188465283
-8.922345510457411
-18.145768722597673
-18.65799438570216
-15.108137266813017
-20.95555389992496
-8.287235739788876
-12.822997077357257
-14.794401797153341
1.4427214516212317
-26.614439851100528
-12.808775103637117
-26.52539703950464
-21.010833810232153
-8.799883054305798
-17.07243902113374
-20.19927718033298
-20.021723726524222
-12.7439598327468
-5.940863115878848
-11.997374759219262
-7.592643420629287
-12.118785545987485
-7.202494578052347
-8.579536900737926
-11.251839743941463
0.7039539089950484
-4.769609555316666
-8.480084365377039
-13.431388473189546
-6.592666399418899
-17.564091873464967
-13.157873154545612
-17.115015320858877
-16.231097775205235
-12.17972729951343
-13.534201707402715
-9.692048949289031
-15.874369861857879
-9.133740828460134
-11.45356835386135
-10.658018048481097
-13.435775207716272
-18.978766276004603
-20.655530900748488
-9.918258477817226
-4.38727918120912
-6.079355075050557
-20.727943315667332
-8.528731253462738
-13.301131898416692
-16.989733686877052
-16.915915205664213
-15.987089793279921
-12.528160662506082
-18.006166628501468
-11.29712491125133
-8.767529504987376
-18.441315776887944
-18.118342343341258
-12.425245846342207
-19.63437892868133
-14.978474144845599
-9.343458079250276
-9.497574054772251
-2.208876939468702
-9.07194551796793
-14.440033729225256
-10.241980156758657
-12.084107754013415
-16.87536751026363
-18.939705565763727
-18.985658577675522
-15.851326807428833
-11.357277619256067
-13.859612079313553
-13.04624875107725
-15.403749192339355
-15.717015159132735
-26.146906997372813
-9.934192622965664
-25.06657802512808
-18.80176235925204
-11.444753179469227
-6.613588925695552
-11.915445796027647
-15.060341555371952
-17.564933060139598
-8.939457244152976
-14.540763753974115
-28.36343612866053
-18.520785656232317
-14.68223981619271
-15.898854422722238
-14.085917798296123
-19.648908012719566
-10.794170591097036
-19.027331477022585
-18.759368430486706
-22.88226140017905
-18.75676578186515
-21.027723237289354
-13.401620159867747
-12.640874969565218
-19.188895571162305
-5.669848531048718
-1.2866146412338004
-11.942997811525807
-10.770092372959482
-11.749847218788148
-15.478561489432412
-9.748820059108766
-17.4814759152027
-17.5433193946815
-12.834402848897838
-18.517212061024082
-14.023120331607412
-18.571008334932806
-16.769710970271014
-16.44747109433719
-21.177714799009976
-12.66916901468742
-18.909730036745923
-15.232520131799454
-20.17938699505693
-19.58131242551386
-16.036953191216863
-11.578805606531885
-17.661047264358384
-15.839181311796803
-17.325281680686714
-15.668613893681236
-15.638054237388364
-14.69243346510541
-18.969287420244264
-14.16149050099579
-7.542605506407362
-22.415286839475463
-8.41037506491869
-13.856530419337759
-6.6833168345603156
-9.922084839855366
-8.473460497436918
-21.84712511657101
-19.281298816921918
-10.718477376317235
-6.99974026302737
-14.574103143124972
-11.991497277818201
-10.612380979252968
-23.119303926442367
-27.58030926105578
-22.222745018056415
-19.765484076233847
-9.49618830255513
-17.712299006878858
-16.108836751156147
-12.94284336373103
-6.632278399919862
-10.544955513927587
-19.444038547688812
-9.934844336667993
-16.917836032434316
-11.168151510622295
-9.066447557288527
-10.578165473081626
-13.234668405530421
-11.38545869285717
-12.20950692485194
-17.867169399666587
-16.88951923822463
-20.639492146861713
-14.380511856265862
-12.98798874977161
-15.995341637942857
-20.006997976742362
-16.44677983830337
-9.870037800152176
-6.344075121976733
-10.122959228062083
-15.735233040184239
-10.189131331237892
-15.018147445243784
-1.927396221147049
-8.897639767900756
-17.439311539986825
-15.762990903203306
-14.511990585705263
-12.52250308129969
-14.154037429634862
-21.68207639343176
-7.863468405561598
-19.540129877607896
-20.89195820300197
-5.545324003551933
-3.9624493281183106
-11.529987784118092
-16.81825187926144
-6.948721398574072
-20.982555640413416
-7.288502441136934
-16.47251472589388
-12.234020487670023
-6.882811573151372
-13.445142630565286
-7.8997032060037355
-13.831763556386042
-10.923623532300581
-13.355602574868914
-5.339777586262265
-19.98714202598125
-13.964094890972817
-15.933723043891202
-11.906756557058177
-13.288104386177626
-12.092697257897068
-7.508117590756477
-3.4515735898972366
-11.473424140714728
-18.6909445774143
-26.96298591224768
-11.947811195699867
-12.964857291209768
-29.615303148804486
-17.08870285885917
-6.534043108640546
-17.132278231886318
-17.511156539212983
-10.592617684840022
-16.765815411176156
-15.441792451010102
-12.63559073384912
-17.69031006214359
-9.873840672055643
-7.115583533354634
-17.829047047988787
-4.174849546442495
-12.416640685905204
-21.432131498275517
-18.55525583920554
-6.170872790721788
-5.551392547987906
-9.140720630869637
-13.67890296560904
-10.416501041598416
-6.214624315561778
-9.699301926722733
-19.206970891757564
-9.571669586812064
-14.327523992598003
-16.63972698446007
-13.599700287355333
-14.605498038821203
-15.6456323739313
-11.288206802545695
-14.232868237723679
-12.20975172028357
-21.654325665584928
-13.672014359279864
-18.976295712766728
-19.627281463323648
-16.639943637459126
-14.830276113103505
-14.685743989033533
-9.226507616038209
-10.071313895111643
-16.253732629701943
-7.807027147812214
-12.108296267741522
-17.196167744865246
-9.751210927847275
-23.21098938035243
-17.27862836217677
-20.499383628836505
-20.97215668073391
-9.941624143350715
-23.180755764597144
-23.12259062695935
-17.081217133191696
-14.50668787044804
-14.331470863700012
-14.103260415621115
-15.949124128330872
-15.08797843275486
-15.148212903551226
-6.651761323530344
-11.255692797631959
-7.747287598613308
-13.47509728396382
-12.91074632860446
-16.770977222378516
-16.75569526777162
-16.59517121166165
-13.591185656622496
-18.197629189207063
-15.164494648511038
-12.875317650665288
-18.562652359796203
-9.955172823233413
-10.260609630909473
-16.41903475194635
-20.16403607330618
-14.385711257777402
-14.412348915647442
-16.67802021594896
-13.745986259296572
-15.635492923465701
-7.669075218377486
-14.404558467804847
-11.914309008572019
-8.950529223772456
-4.8625839386165595
-12.919284733060405
-16.999555592545647
-9.575015970835125
-8.43613278379673
-10.425498199123863
-12.746393095874993
-20.27034653513183
-14.586534114179685
-10.824107655221301
-10.32898620431546
-22.31445541126775
-10.536905826923867
-8.004618155946087
-14.316314553150335
-7.071194519605697
-14.061682496371844
-21.31854621940576
-14.412864329022774
-5.569692451373811
-15.214402509642305
-10.37985558408733
-6.675016288107209
-8.935866909302828
-11.010501337281212
-8.721259210875651
-12.101089148953658
-11.086026332347537
-5.732650297812189
-6.84214658420921
-13.026424730140702
-11.71876634537659
-3.7846928039266974
-11.924640295355957
-6.672052483667208
-5.7828498656801415
-7.445682020569393
-20.9345927837362
-14.867324274204162
-11.261458384181186
-11.714487865380026
-12.112050096023737
-6.9758492435305435
-9.688099769732368
-15.101509922515756
-16.012580014468078
-8.323854148054483
-15.16524066222128
-12.707816628214799
-9.421560917486152
-20.73650157252569
-13.592821215630003
-16.97487178997349
-6.13223852650307
-8.16037959640629
-5.642306526123438
-11.446376650894827
-18.046211499421982
-19.97899274109522
-22.499959574546562
-19.802478028440085
-17.67200672814348
-14.91227060848535
-17.14416569546236
-17.536163786076514
-19.18556988144282
-13.791571793134374
-26.71098958728045
-16.33587458409232
-27.384140597517916
-13.555997258033074
-17.16077089875707
-17.438974872047517
-5.541801395903466
-10.35966263796719
-11.40681402317184
-9.10176990887927
-4.4480535057196064
-8.372728290233532
-15.50677045380423
-5.6027426307428385
-9.299978123491407
-7.208925234646529
-7.4240534768689415
-9.271556375067265
-6.3079647940869705
-12.927614448781497
-14.59994808919005
-12.298039098646747
-17.314805077175343
-10.221889808746553
-12.929176729493573
-14.532509902377917
-15.777122430245647
-14.481519474595977
-10.076818943859003
-4.899547131425436
-3.648942979149016
-9.4121978458942
-5.983981336509025
-6.698119018193168
-13.99614322582525
-11.836095364869937
-8.229783913719533
-13.075986420906634
-9.01179246052515
-7.275776409570238
-7.13492191815272
-12.436054292906267
-17.183421338278038
-8.48247771328883
-11.886142911291607
-11.360250138776372
-11.897248267245999
-13.741279657045752
-10.863107607017092
-18.070783839967127
-15.407379426336771
-7.145468437683199
-19.253938959805453
-18.17527090136157
-4.855010789863016
-10.246756766414265
-15.669254382225837
-24.844079202287034
-16.158201544160214
-9.101830131225555
-17.396869901565815
-18.439528832728953
-19.465819227338407
-16.960153912200532
-7.889019458559822
-8.385573059265887
-18.673603102075205
-13.010326065227062
-17.553883402884935
-17.29062310113553
-11.215846592200734
-12.403496710271689
-15.576918303270155
-13.357762015069042
-11.104997960282155
-8.23825462244487
-9.343963798729995
-3.9104836981433255
-9.703446910091337
-11.787349079034968
-9.492803664001059
-24.225056727078496
-14.859958624652322
-17.329373787223204
-18.746245705639645
-20.10563279987514
-7.572647695549215
-10.309512960179436
-4.128301860797185
-5.932634160484369
-3.8505569573295375
-6.4306534738805325
-11.998924210695925
-19.566830962883174
-11.603920665849635
-16.079351976629255
-18.127382387630284
-16.36896607648781
-19.76021975521246
-13.183631667959467
-15.95411161888304
-16.128251379026167
-9.995335229211683
-20.72381737289837
-18.301504656114027
-15.573670272346781
-20.536246454201105
-14.73265180736609
-14.206824740691268
-16.622918307555025
-14.779010175408843
-7.849888689733177
-12.573847143013722
-17.94634774349825
-15.529050652807886
-9.227373532621492
-17.21188690557478
-18.146781656413843
-5.877748549473971
-8.675915486726765
-13.983165321173935
-9.581153225237948
-9.533839138050865
-11.916274186553082
-10.863201788186558
-18.555132285747028
-11.73525976204099
-22.02806338338926
-9.421443392205667
-7.680460515041446
-9.357281573628654
-13.17647901598238
-12.740807635893134
-11.028243298901167
-15.048570133254174
-11.124265974408068
-7.663537109649447
-9.878885824457374
-9.533693965346615
-13.0605018008904
-5.846566130061937
-5.304825005332315
-10.274490504202433
-5.206677839723099
-13.685586715856008
-16.784396126613316
-14.387324269397588
-10.498698958775691
-11.550965810132116
-7.022892724011143
-7.403283630598835
-11.99371306105515
-12.737126660324314
-14.85694222929597
-9.47711893594673
-12.058372541218567
-2.5941393926083265
-16.77720271352276
-13.743645411270123
-11.968029784980864
-15.45166898469526
-18.24640410412633
-11.498545289271412
-9.116000258869654
-11.931408196433438
-20.629368766372586
-9.272636650589682
-23.115803875924264
-4.705474755907289
-8.159869308772322
-21.370364992840834
-15.81050086109519
4.16818216036345
-13.846598262492446
-15.482441107581582
-16.25646493347341
-23.266926909938448
-20.736618746690517
-13.362876095816588
-7.390909474065488
-4.538640863653292
-14.495848398011177
-4.612241223383421
-10.494077554657096
-19.763955051197435
-25.82639054168486
-21.572590162962193
-13.479632224950926
-11.481815025076202
-13.101680928002239
3.0694550447266273
-3.5300157660292513
-15.011154312728868
-9.373362998625897
-13.351629935468265
-12.108805540442656
-8.564914171981265
-15.465857827689383
-11.461382370529002
-14.303678198939437
-11.763547774110116
-12.926413154046799
-12.8122699449059
-20.064996202464116
-14.970709649353587
-15.361987335792612
-6.4506201084210915
-13.447723559697458
-20.45413346507543
-17.278175925238017
-9.92136698016346
-6.877562711232958
-10.49523348901996
-12.40456226037835
-11.512769752378652
-12.93812408211446
-11.723075880352106
-10.654601631162127
-9.669940503240063
-14.491153067144218
-10.00754395284115
-27.968743965166425
-25.98689743472694
-10.06646550174992
-10.408827090481221
-12.199787465371735
-14.67361882910102
-9.414923108917051
-12.395388447429255
-9.471040087425372
-14.666894518472176
-20.977312936375426
-15.04927666101354
-15.823594052223307
-28.14888612938227
-16.751723712884342
-14.454334951602377
-21.730033012134818
-8.702080499151398
-15.120371785326014
-7.894990444763586
-11.705453146601123
-16.714890726611934
-13.383595593399821
-5.282920949798804
-14.285921254861027
-14.558244047736302
-17.858723167764307
-6.485813215570552
-6.611539099474463
-8.547662232061171
-12.55504304150266
-19.936363936577962
-13.063232279266902
-19.252409879663286
-19.63272652143862
-11.990674645322906
-14.76532783030747
-19.201083938698105
-0.8035588467243766
-12.506935914769144
-11.329557052107106
-16.81551462960252
-28.6103554329458
-12.01186813850986
-22.34778603905356
-23.458237386809763
-15.807918509524136
-15.483052394789901
-17.08168648693011
-15.090448945917938
-19.447614398215396
3.3258275178470598
-15.21801856490066
-8.400989316354213
-13.026763241124868
-11.788096342461273
-12.045465738725518
-12.404200763670758
-9.965625845863762
-12.723367882334678
-12.175448465748097
-16.129705974551165
-15.096274991139957
-11.076573135560537
-9.47586347024761
-12.39042410604251
-14.750781625465187
-9.320769985750005
-11.364449041040565
-11.706382210665346
-13.929336888659456
-13.745220343542485
-15.948040162573236
-5.664328633427665
-7.745971792890835
-10.769930344639455
-17.655177574157747
-7.89532101836982
-6.746676713252551
-7.324807192264572
-9.080673393673365
-12.922203480083546
-10.392278194943415
-14.421892384523922
-9.018037779217465
-5.859871958192905
-21.816421320112482
-17.95804241513008
-18.93636496093427
-9.484458038069285
-9.035302502325735
-27.85212322570896
-15.659464940084433
-25.445467052561362
-16.849660650652133
-23.379727958710724
-21.53264233308233
-17.233216030848062
-15.255359443349317
-15.072739720171281
-18.400868188685678
-13.531026499760948
-7.315863130256542
-13.699206872837177
-15.503373892700154
-12.630617668713494
-3.167204754589722
-13.146352868050556
-14.352926364088912
-15.84110607392956
-13.082337305037107
-16.847562870948565
-11.73699748988928
-16.686637776948928
-10.396602005176987
-12.690459878847179
-16.532860346514383
-8.762682037803458
-18.378198674345196
-7.913697245056156
-12.455556518542515
-0.6691540063554893
-7.9607796444455285
-9.62789042776722
-7.151703297610762
-12.206513023344684
-13.309203360707418
-7.765688160238167
-10.875548051872691
-14.858774516881564
-13.488083270191199
-15.083326081452931
-8.77117054044318
-18.12943338050938
-14.693175651315698
-17.805325911932663
-9.771645963180568
-20.439321809984786
-16.25048384426671
-12.515619226442595
-20.799281190742462
-16.530799108563684
-12.25255502809528
-14.738678342952547
-12.589685145329925
-12.006429102933726
-8.350953260517059
-16.98220013227337
-9.631170909142115
-18.090350854335874
-18.884361109210417
-8.474362040120447
-8.030566219409614
-22.06913481901658
-18.671178484229987
-17.22258035030531
-20.093846317878416
-14.600281507157064
-21.075741200380303
-10.090063861891828
-13.802267221966822
-12.648369704584951
-11.861907751713428
-10.679406412140349
-18.358442996049114
-14.750078538838174
-24.855841979548742
-13.341409753254162
-6.424771537667997
-14.308181532438283
-9.096059905045124
-11.623953031581674
-12.17273338627436
-20.14806699893677
-15.12105009874071
-20.475306095502354
-4.900751118204834
-18.499388829880893
-11.553165672288667
-8.794655982321487
-10.563341693085174
-9.071200878975645
-9.815177917769695
-9.026025983105797
-7.544709753674965
-7.10822462892996
-9.079198699498736
-9.739699386763327
-11.302478678838753
-2.9247020040252494
-9.630441577695237
-14.869948417646278
-9.630517685002964
-12.926721560447195
-22.8274002661174
-15.492315368968079
-18.753133058925584
-19.62226577210933
-12.373612872150915
-17.54126533141784
-8.975769314702916
-16.210071648003385
-16.874783490650856
-17.147350756076804
-20.89211101176125
-14.496374846887491
-14.034185365740285
-11.971983678824742
-18.32903654666945
-18.989657277105863
-17.665010146052794
-15.977197233236637
-14.589242270831797
-8.462076416853876
-11.108535601743021
-11.48771430357408
-15.785651503734286
-10.636614601656213
-6.624696578828036
-16.57583569494404
-5.239657296775466
-14.517728354930103
-4.73674817725659
-29.469149311458853
-20.44387642788475
-18.483691407878794
-28.35145482768788
-17.493950720308455
-22.357656930652205
-25.580572452197302
-22.464214762789254
-17.09485003016696
-19.13999518097735
-22.907323245250616
-18.902857696377588
-16.95692253722168
-13.368297634174688
-20.424079592191767
-3.0543451332984617
-12.169202514101507
-9.279507699851866
-5.36004107182541
-5.94031659511487
-8.205247420025675
-20.98857335354066
-13.115307522645558
-17.456284497507355
-10.490324314836197
-13.807963638569298
-8.779168489823821
-10.786140019615935
-6.187488952579998
-6.436741241761798
-10.737870920691975
-14.238097431511989
-18.17363152571796
-4.366949039161437
-25.783636499047816
-20.50274528220141
-12.615149509260114
-15.22271667475102
-14.805173565561603
-14.545666429513542
-11.628069934132988
-14.504854871744392
-13.516385371855158
-3.1355755668267093
-10.988186600052877
-18.78031439711421
-9.504854910328177
-12.515926689547939
-6.163264386171292
-12.883064430638662
-10.884158177171713
-10.206126304624966
-17.04514447048753
-16.716119952835836
-18.135215824775003
-18.148844399660177
-10.580862471063867
-14.101886446577069
-11.886792227734581
-16.724139272749717
-15.36696700600865
-20.319147729944817
-31.640542836695104
-20.0763507055193
-11.637175376413275
-15.238179140635523
-8.950600552872569
-10.746228063192607
-11.516025607584936
-5.392712599657543
-7.276230677367014
-10.054837236462305
-10.412517181425027
-9.433009426215524
-9.54542291158431
-13.267795102049668
-8.61696811866381
-12.338033258181458
-19.980222780969516
-9.607602328508559
-15.799849611247438
-5.674516775719365
-8.42842807427251
-7.204431525432696
-2.353018183797655
-8.8058508789453
-8.774978168396348
-17.71299971203696
-15.470511473777535
-15.374915894471691
-18.709559283853576
-17.497345714837195
-13.553090397422952
-15.369464054572969
-15.097036347801808
-11.730624497082186
1.5498173369138293
-17.662967786066964
-15.393293394823392
-13.838246920496402
-12.653720740798626
-18.777275446375736
-20.79925210204512
-15.521036777168018
-19.24668983349397
-21.5713663765338
-18.622317410212005
-7.127746264530767
-17.424694081140533
-5.652503172575379
-3.876823378206506
-8.512025708103977
-15.256531606930004
-0.4346755169423453
-4.112499060521198
-14.792035855128418
-2.8335719304118108
-11.285634684052074
-7.328049904613962
-15.237978760477638
-14.220320928141476
-10.291711207594558
-14.14257976959206
-13.913965303435575
-14.281933137939738
-4.9153559789476375
-9.280591269536806
-15.5220158649179
-15.170570773618671
-17.119308014610063
-20.648010522504627
-19.828870323862255
-14.549083143580987
-14.830984444354671
-26.69108131516274
-14.359113769136961
-10.984704054998968
-9.729324099022769
-12.602053862440435
-8.71791609601604
-7.921462646258362
-15.320521679636002
-6.912232988888462
-6.276374860297551
-21.798369882516205
-2.137403597835224
-19.38198690745285
-13.81817191505544
-23.898735772640094
-16.3753630212128
-10.376275370183428
-9.046865512403908
-12.878360248048168
-17.467098143900287
-15.608851890668276
-15.857012941741075
-11.099686634570336
-10.595508347660239
-16.929192082256343
-21.83247285899447
-19.891519754359855
-20.434139569226467
-16.504497692799838
-16.124258081486033
-10.031910127092061
-12.513419524496165
-13.416106418307969
-15.189984745094076
-12.225033907383839
-9.781548889278199
-10.413330227616939
-13.703135415881018
-16.84013848477603
-7.0661141432626735
-9.791852962611308
-12.987137980685844
-14.12474525856257
-12.78715776801485
-8.614855203666394
-12.269603029388605
-10.053275012778329
-16.48864524450756
-16.34829630193962
1.1972865835864859
-5.960832524361351
-9.949200471834253
-10.009184037132115
-7.440921456452816
-17.210241944965716
-16.570956609468183
-24.469864056166816
-12.880463551471301
-16.15072612830013
-18.072254091906302
-17.60722086573739
-17.083355557204115
-11.92692097052251
-9.731426327562023
-11.86977905921827
-12.732386599699296
-13.380213901195493
-17.634007432514558
-12.875846885529711
-16.355712702596673
-20.346146772424774
-10.824397301572937
-20.608757159237026
-21.748552703617925
-21.228996926779143
-2.614293419995242
-20.503295872420658
-8.099128992056848
-13.061512113750053
-15.50385021785915
-8.285409710122913
-15.206312969381333
-7.093198041831425
-15.00335234643276
-14.78882673512058
-17.681362464597
-16.554611568448355
-10.531620922874449
-14.943592148293058
-14.742708578797266
-21.7770804582773
-16.775609932457122
-16.232082976826526
-18.429820880507982
-22.687777350779903
-19.96858655444595
-11.7403393442166
-15.083018763519348
-10.708676308772425
-11.090515802209687
-1.5359056887761504
-4.3434337579177225
-16.372624726010606
-19.940093219807046
-20.01016580982578
-14.47263391146889
-15.296227673562164
-9.546572038447216
-4.343886995184608
-8.464085203092772
-15.246375053209974
-12.711600061268836
-7.05218301081959
-18.085994734432163
-24.443294714710504
-13.857235231598473
-13.36930595697141
-13.920367802642456
-19.83474749810381
-16.721358668169884
-21.692290257545142
-17.59504048832983
-15.424533615929313
-15.36112048663719
-14.523132130361383
-13.680918751680935
-11.539528251675435
-12.527571276867363
-17.367363187525044
-9.374153805324228
-16.81875182765114
-12.321365804216141
-13.30998562801728
-13.275517911634456
-3.375556762714698
-7.6277795175566965
-21.735220157691444
-7.9862486972954585
-15.23542088593766
-21.8689388951091
-14.526758659383159
-10.192653908678913
-16.439354996743365
-13.432086388025446
-14.144591286356388
-10.052426462141938
-16.18310319890692
-14.901017080238496
-11.801086132179506
-11.928753474639933
-9.062207663122308
-8.371099136127512
-14.57586350109456
-15.4164260470303
-9.26871099927883
-13.83363544015327
-12.145318917309915
-20.4138597339535
-21.581528162969953
-16.270651695200492
-20.628887517591327
-18.07516952725968
-10.14722226651306
-22.704838988609293
-13.567651480609406
-16.26673229203392
-5.415756262413055
