-0.29970577841384616
0.099472657649791
0.4634294811099249
2.427374571666614
3.554047324992641
0.1418240301227561
-0.09961985522425829
-0.27631176522963247
-0.1841593992083461
5.995949955961751
0.11474013858985803
2.702510870672893
2.9078617492513317
0.04057887068312525
1.1044445742425057
1.2330231181475424
0.45073940744632146
1.7586150487150949
-0.7534682597422203
-0.07349172797406366
2.296606328178631
0.10135325230927746
0.3183905951644371
3.8440596327995533
-0.7340977369583336
0.4499774237854711
-0.6908686366429615
2.8719068223668986
1.4827882730702961
3.2122886997975533
0.7531272479111115
-0.7917060310125394
0.1413450851137155
1.8027394555543081
2.1174192302049732
0.7627777892365606
1.195391782751217
-0.10316691823432392
0.7884749346908206
0.6296940525546484
3.3912573073155126
-0.13991636341296634
1.4254435233678695
0.49453717859279234
3.982879172072561
1.3874804587629508
1.4225841040446037
-0.4225498006950825
0.11075646125946241
0.6512455604656411
1.1219347262149664
2.6590609266742335
3.527029357845583
2.496661478039885
-0.2686220792672211
0.38912587051858955
2.279937816005266
-0.13090502402341858
2.387586141238352
-0.07254828189353876
3.107652531811345
0.5654502126604599
0.996291319306104
0.15200236705471087
-0.4054423307824741
0.152263099212242
1.1558692436853981
0.7665068195485855
-0.7972065687630989
0.7139877918215444
0.92059502332234
0.13025171560183074
0.8653941538704912
-0.7528561360790162
-0.5302485012470844
-0.18792251139575228
0.4812680534026093
-0.5313479433155901
-0.1623053145914233
-0.012989025857396145
-0.1401571067970875
1.0415061303409716
-0.3605756811141592
1.905424904198322
-0.06075999913806618
2.679341670060203
0.40710400190452783
2.3653698469445588
0.23085660577327105
-0.3418716172686855
-0.17671134589946658
-0.20356845344005017
-0.399972250995406
3.498875302203684
3.319793935492101
1.2475774283980734
0.438635243152924
-0.6504926846807458
1.0006548542239002
0.6193418420541339
-0.4943494578495834
0.23672665136161067
-0.09772694619650585
2.2077128380216178
1.3052326174586515
0.6054899434192387
-0.20423032268015523
-0.36754010783767943
-0.37998256228935523
0.6994458626459021
0.9683270002404004
1.7713058025360586
-0.9808461800259128
-0.5389793284158706
2.280677485263951
-0.7911332981344599
-0.02534665674963219
0.8275843779831079
1.8167170956356617
2.2496748519905787
0.7798939678487036
0.32582025868561654
-0.7212850620090815
0.2960532430896395
0.2583342560348937
0.4464013403195008
-0.6413025220116033
-0.7486363735930444
-0.46916987199687377
0.595406299244755
2.3848630322534246
0.18625479439304535
-0.6937958600258761
1.07581756618246
-0.4889569602307733
1.4919044890567295
0.6637675255187272
2.377176161234124
1.2364473096268078
-0.9085764680690006
2.1986598875804986
-0.18130163604058747
0.1601628088279939
1.0222381113983312
1.3022688032070941
1.265589685431968
0.5987410906587394
2.9025468865230524
1.7543124897083084
1.4841579128481164
-0.3149115995093844
0.18009891462678895
1.6559071945720012
-0.161969864631885
2.5164682486398786
0.7982281412075826
2.1584654715972333
0.9122996775418488
-0.9915541873061015
0.034183746981903844
-0.6918512366038113
-0.18629085460476486
0.9409386661177879
1.6272559889108282
-0.5133965390450452
2.539425469960541
0.4891866267922548
0.051655029873082535
1.1249998939053294
0.23658898380949084
-0.773432566704862
3.7332500465087852
4.425292397858683
0.07188995778608555
1.9248444533298656
3.681129801758976
2.862694270576647
0.19245932248679423
-0.11126685559885595
2.956917123492349
-0.6082787179136613
1.119631485934685
4.724985308292595
2.7541283809800277
-1.0095707748996017
-0.8759686857055443
0.39968173877521374
-0.9607915300214074
0.5367283120339919
0.43517907088971863
4.494208903259041
4.988902202327076
0.4506635534257292
-0.5652172538346608
-0.6270934696098153
3.5585663551532476
0.23246514064798213
0.5665055220279253
0.5568828524945902
0.30357905337125696
-0.6391132866866106
2.802111828041805
-0.41852526891038316
-0.5719545971827488
0.19464212566020303
-0.5399801489903694
-0.2147856562883049
2.313589476333044
-0.9267054630151285
2.971868147459799
1.5025058643095832
1.2132753568016639
-0.3504994219992645
0.11228783657683059
0.6050141514448779
0.8746443024181535
1.4908797387926067
-0.06748337702416891
0.1415714806969899
0.8435197590887233
0.19785767881303365
1.2221470633104248
0.09111627001240591
1.0391365532567194
-0.459420814589996
1.6680505937402699
2.864577761977417
-0.23317794199955041
0.5645422136614426
-0.3396203006208599
0.11677544966714705
0.005025769752258354
0.6624846422170481
0.540905477762636
-0.8320993445240978
-0.10669587750612912
1.0756638870948045
-0.5403872393570671
1.2942157017652574
-0.9559496097947147
-0.5318727332426042
-0.1811201004584791
0.417127011030216
1.5191417107192955
0.7287701898484604
3.252373853071663
0.34479784896298343
-0.34120485870967393
-0.6610197016994014
1.3503780445087112
3.3377362973232474
1.1917517539486218
0.10043876289492533
-0.48186907695327136
0.037123557554008105
-0.8599207032631981
-0.3732066004566397
-0.8499474203450669
2.942070883800332
2.9392546353319875
0.003944448312495071
2.7337064158049476
0.4238146983873882
-0.552512754188571
1.5176537264233696
-0.5412475297093942
1.210442661425644
-0.41468830371890153
1.2100219701826136
0.2231235014892754
0.419092367403026
-0.12752398148953167
0.7984620638818111
-1.0283796136703474
1.0798625863221922
0.18802853880269987
1.272389296754588
-0.773674091199867
2.0653495423838177
-1.0426188695359857
1.185222354169017
-0.45946509976804345
0.364895456780765
-0.03340876170290079
-0.5379579886794535
3.7055620677447667
-0.19556949614356683
0.3086340487412323
0.07568426887475843
0.6437098904131887
0.2071683260449526
-0.8427444678043277
-0.47065711829712414
0.46108057195564167
-0.7074227627842654
0.22997069318642172
5.373369680481632
0.5008262890452755
0.5908713691711995
3.2406902238523134
1.2528768626645423
0.041302670001843865
3.577471103991977
0.9863790606624767
-0.6122204162018458
0.7535535422065834
3.2244065617920623
0.9093773699555491
1.8042783348267157
-0.3561022212809378
-0.9850414342892495
0.1755042680214456
1.4392176266233196
-1.000921932205851
-0.9487569879086278
-0.49234177944914753
1.5610609464474243
0.9377730635029004
-0.4773738780679486
2.3371340012883763
0.3930105048142211
0.32592584936306135
0.41518862330728384
0.10984656243960547
0.2329771673939664
0.4756183526950615
-0.2656304439987375
0.008147117472281763
-0.26040351423819263
1.399522321759954
-0.5133394532773765
-0.7498487588877403
0.07563626831090879
-0.984499450228585
0.4409753796383557
-0.3193819708925029
0.7041256042693147
0.4940018282839184
1.7920546615632618
-0.1369072453723493
-0.4980823615630679
0.5351754615691229
0.3906793356363854
-0.5112855164306164
-0.15768582799558592
0.1845634726351965
-0.5257636115571709
-0.24480704328911354
1.1591973627342336
0.2630059120539454
-0.03699461314750465
0.9005429468641903
2.110738397064209
-0.21696183859430135
-0.5330970490282296
-0.2568497340456889
0.5426069266693895
3.4252622663404706
0.12214506163185639
0.983504514539752
-0.028645753876302523
0.5053045062167663
-0.7195771064000452
0.4017532200020045
1.0958285183537204
1.0991703485798539
0.4744056588038658
3.13949531469167
2.4650321433458076
-0.5065804638178957
3.302081352188789
-0.8403240983918462
-0.8353114971236514
-0.6676743698417813
-0.7274731942769831
-1.025807478698085
0.2668647315913879
0.07041514348112674
0.2687690380643363
-0.39172955672538134
1.887350357221634
-0.24067561865916823
1.4396962700117342
0.172945298546447
0.9217894424764119
-0.004240002264130717
2.552789420338573
0.38896827056693706
0.3122677184271399
-0.8358487938138084
0.7889267212295984
-0.10575968301511338
-0.4212972754386894
-0.6641131954290651
3.1225847758683334
2.243738206806426
1.2906499570734016
0.5422996142786353
0.7575134216474688
2.0905684347867117
0.39506272411375765
-0.6577825210480157
0.46455810033940226
-0.4404254807864753
3.1679826467924292
-0.7590848383490924
-0.3003272320263668
-0.2070491557428596
0.7793416347266651
-0.7365926108121429
0.3968048797960315
5.461356999111167
0.8935229237889691
1.806798282223041
-0.5108115069020671
0.08526843814689365
2.1970078961008994
-0.9013641126357488
-0.7629868678197606
-0.12034067252430472
-0.056937969830669094
0.7826133038333339
-0.39963549096452894
1.5783524780432237
0.5753867053835036
4.8415257272696675
-0.6388508776707944
2.957783163230695
-0.25682041725580224
1.7390287344689872
1.002608757184748
-0.32790813693619364
-0.4581752253346265
0.582309939937959
0.8112762433317604
-0.09976820210668334
0.9084654173774971
-0.3989413096216735
-0.3164839101972724
1.1052536501975994
0.4848346016324555
0.4066675713249937
0.2524664823383251
-0.6338488707702215
1.4465272090241472
5.1475826970659
2.659942915524485
1.2202175217072944
1.7541652958845662
1.5989755339838863
0.18722231536503006
-0.016416405648659628
-0.3755581925595796
-0.7166736464050775
-0.928572868324567
1.3970679157380448
1.545999354823278
-0.05424395192446751
-0.3183846726443624
0.12846188842306214
0.5469677764695567
4.194770592330554
-0.3029963228911568
-0.07386127104814207
-0.20443083174885868
0.4018051996465609
-0.3713358261781749
4.4189631727808045
1.3139026081921261
-0.9596609942862319
1.547685430299251
4.204994497726993
1.712996333768487
-0.26948006684491965
1.572245320773223
2.321209497351197
-0.2475392944134687
0.4981439674651994
1.2849238279273285
1.4384030370992973
-0.029205769186227023
-0.3995611732049496
2.1883058412628573
0.05573847622466949
-0.8746932273182163
-0.7070353097173934
3.0614069759157574
-0.013625352223324736
-0.2420514416215758
1.1040010788191164
0.8552012690491944
0.24033898493488076
1.9493360734112586
-0.8299890903131621
0.7289877710808018
-0.28205384745381396
0.5668491310344533
-0.8164583573109571
-0.0656794691355052
1.0197239657585455
-0.7168593042609999
0.3794473520317707
0.9112329908242156
0.012629676933510666
-0.31352998520638475
-0.5178308541686638
-0.20801956023666718
-0.5465560601991855
-0.285320867158145
1.6552671464696838
-0.295922398811119
-0.4195104463460884
0.31148644235518774
1.516992665954005
0.339957488681564
2.1090077859680836
1.0013290918184996
-0.8884564127479966
-0.3386367989054956
-0.08987586015315129
-0.07311827685459447
0.010291741512944867
-0.17177312968808264
-0.6934220454103999
1.1611683417779688
0.09454988831205496
-0.4358613490131047
0.3750629963340898
-0.5659487609838962
0.011645240483025596
-0.38888370565215136
0.21298532361318115
-0.013209597148935203
-0.8905519900553789
-0.958369612637252
1.397073755859648
0.45710662230675325
3.39662191120156
-0.5051433190541733
1.1008461789628385
0.69879892354024
0.2507789465269747
1.0430915469723832
0.43400802350427586
-0.1169571147423318
0.42618474466412504
-0.646341010192063
-0.30682172716760686
3.349231100031997
-0.12522215161653272
-0.47845422465483345
2.1904375006195917
2.542947069503285
-0.638141818152818
1.4906546636800058
-0.39646267561960047
-0.6161494776888848
-0.1106485121406437
-0.47660430432514955
0.05910952256723763
1.048972330274377
1.239683719938475
1.4596593050400386
0.17208165888965818
0.1568463904030886
-0.3422643550662019
-0.5449418429364555
0.4262090597872137
2.679655905571661
3.5510777239681572
0.5341236528286484
1.0806490403134543
1.337189319941611
0.5461841605654292
0.32189939076352914
1.3434530862639327
0.91071322539324
0.8787353390795786
-0.03711308993327072
-0.5482892388294094
-0.3781524192936895
0.12798772786321932
0.6615758847857884
0.16064908777052214
0.8909084111655002
0.2547881749235606
-0.27272183707837444
0.9123185308246499
-0.1183850097840837
1.248035629173923
-1.083118435823806
-0.6004592429021136
0.004977670189666896
3.8749295651669367
0.7660059625550129
0.4146234588684238
0.15133221761976712
-0.29330157352007896
1.9635117936202078
-0.058264732065404536
0.6057555116908703
-0.04385078926006744
-0.2914287265631907
0.22954328604647364
0.07337353518311061
1.1671573719536632
0.5979441965232225
0.9039060443598267
-0.38065160914624796
-0.5337284406604969
-0.8443677660554906
0.7493400716535259
-0.9880854041987251
0.7284212759574243
-0.9126371177245935
0.9241726045872312
-0.7491182555645629
1.1652417499635281
-0.3021097776608021
-0.9804458933729802
-0.7202355357075816
0.273352272360045
0.2475518810992755
-0.2992989814194182
-0.7516861192827473
0.014046930974674082
0.1297384620577281
0.134331144194857
0.6866448065140011
-0.6217925050328366
1.3958112075029587
-0.7837558849201826
4.471008846575382
-0.49102507700122905
0.6909206117414283
-0.882676973564298
-0.12056876919447147
1.255344068080644
4.456252744121148
0.14215519781261993
2.6372392385133225
-0.40365512954567
-0.17430688184399473
-0.5879941047948641
-0.7555008925969476
-0.5499640532135794
-0.7846882108732257
1.964946905802844
0.8238077760477628
-0.15052515619109802
0.5375119710683535
0.5187150684968087
1.1940101817079287
1.8153293874886143
-0.14227697265768582
0.831994729913064
-0.7486804278811077
0.72562399980203
0.5323839580803884
4.004013286549308
-0.5687378689150985
1.1019602470078371
0.37077940224841144
2.1248664083897375
-0.2405135174641498
0.3302835962129948
1.785684646201541
-0.09328191050730893
-0.4510248832701554
-0.895051379411118
0.042818391195125906
-0.9233474771625484
0.8979735928055739
1.1722827832933074
-0.244639875389287
1.3612442717945101
2.92808169350644
1.3528336166784074
1.2689574426722128
-0.2259631757829468
-0.41712059184264727
-0.4948547538857454
-0.7062247376611638
0.9037053493695376
-0.0095278168489391
0.22247101442241293
0.05030864658591266
1.753735495464241
1.2577817992274014
1.7877900986573216
2.1188369757111887
0.5881712121840446
-0.09813660702834714
2.049794064528542
0.43001805288755096
-0.9209844370673291
-0.12654091138416737
-0.49282790082528494
-0.9236503083856706
2.0327652645691194
-0.03999093489171204
1.503479626603445
2.0663162485418174
0.8088909314166775
0.5284249930733829
2.5103168792237707
-0.12588180147753153
1.0974699317179255
-0.3126549506387501
0.10590945340584088
-0.34704878461286237
-0.24477930379740745
1.0834688976259401
0.2588344523226718
-0.4961501142010065
0.40151351182555434
1.0550521537551008
1.0821624954304767
1.0009325379713856
-0.44086166017440226
0.6919816923026283
-0.2171228974761256
1.1259885134798007
2.065352174924377
0.3255152129562604
0.3788199750941357
0.6365723385181156
-0.4702604623906585
-0.4418568316974176
-0.7645899857682312
-0.5026310775524466
-0.1213653387310057
4.71972966205591
-0.5044580982685223
-0.06137224331163775
-0.05583650138149809
2.9272906202691042
2.547890055300744
1.4509932533414545
-0.03518309024884628
-0.6523602747169255
0.29257541464720943
-0.5102027285762681
1.0042080885791294
-0.7574654877974876
-0.20220780304338432
-0.878670905827641
0.09600454500714366
1.8275796100632429
0.7398209495834288
0.9971085331816502
0.7182718990590192
-0.035841626027181585
0.42189266377996437
-0.09935517493043722
0.4349426005762077
0.30767258315527574
2.4502559198649028
0.35014299447940345
3.0407059643404417
1.5028659972504257
0.09505784171867815
-0.765310366590869
1.1463107078531614
0.045524761364793345
-0.9461193798786022
-0.7818912389107299
-0.2782022494680038
-0.44021254606717736
1.9222698254757613
-0.6882532183385434
0.36535580701792836
0.5958008034783319
0.7729547734552809
0.5908078579414638
-0.7935818519960908
0.477914182611754
-1.0406359733513695
-0.8460568258062221
1.8484511709443707
0.7022445752664974
1.7033570055937917
0.0019966818773131828
-0.8591302189668969
1.487871210779923
0.016288535418240865
-0.4152533125077708
-0.6623566346256398
1.8991016191090389
0.2688355227090784
3.3040590525851767
1.1748260153234946
-0.9215717567362364
1.5938606195914613
0.13671277998196807
-0.4923504112515132
1.933351076885074
0.27135792832373595
2.754242415486348
-1.0070077172791672
-0.19688314315857314
1.6969073109711845
-0.2602156479972087
0.04861637492969303
-0.4641696684728116
0.9069849324383694
1.7006278261365726
-0.5198377441380924
0.3293881583284579
-0.9563873350799966
0.3737365860558987
5.396714525222576
2.7132826836341883
1.569826583074225
-0.6136806250556717
0.04041171340940667
2.8074998310748778
-0.24757482451406768
-0.46091170763798306
4.428599595572306
0.6281415375948244
0.4197579602804916
-0.4168580773071648
0.9847208550339412
0.3575449717530061
1.9622984494624531
2.9922692713995005
1.3232236267218773
1.4794380202133575
0.03134491574336738
1.5387735656925192
1.855411991563762
1.6589076223542494
0.6500944357589619
2.7728975893197214
3.6612831156293337
4.511439931365858
3.9517605070364303
3.0106870361421585
0.38182897761453605
0.5119332770811873
-0.2504606413820652
-0.7193126889730259
-0.3367306068187474
1.037358519752006
0.025219921810959917
0.6177307547038297
-0.7350947517728005
3.4687862071718847
2.9371195478400325
0.5121549654987675
0.5299261825079485
4.648024974296434
3.0782274191560246
0.49859519139859065
-0.5680118319311751
6.736825703915152
0.13822264160156245
1.0590334664122496
0.6030619166032878
0.7234608184368052
1.773950569791541
1.055211648009079
4.017665571429996
-0.18210115144905653
-0.8343857212884453
-0.14695281226580104
0.7745577210972502
0.8951654951557171
1.914641252499499
1.9003810897058004
2.1059565928815918
0.2640456077053636
-0.1796105866716418
-0.053362282297360814
0.734017370238485
0.5831420421533174
0.018990371193572435
2.039644912586931
0.27827923749261146
2.1340862069790445
4.068575783857857
1.6000536154352614
0.5551283401709914
1.0304957850327645
1.363297702607911
-0.159634317116386
-0.7557832983589274
-0.9101801105148203
0.4722363875416879
0.8939860153570497
4.128054125343799
0.3635147435299745
-0.8585546346056778
0.5161122408176797
-0.7342908886153152
1.8317935938789816
0.408199746526227
2.168770889285494
-0.49080320722264775
1.0020560477729132
-0.785909660303582
-0.5394365227766247
-0.4507486110630218
0.19314475559391575
-0.8901292501988569
0.6009590272654595
1.3876527624874275
0.8662751988704163
-0.43945769008214824
-0.028035639207471992
-0.021240331751169142
3.9545267403284496
-0.22997159868761843
1.8010426250969536
0.6335200438025487
1.0787450989331178
0.2787144378312984
1.8479548319299433
1.2969531544307327
-0.24129106669303702
1.674667423351405
1.190277614703252
1.920043213140619
0.33592297971434787
1.7569977572053113
-0.3932828201757594
-0.7453423924998285
0.23549116294551484
1.2549175646637276
-0.9584566145642357
0.16005616591512367
0.5708109302787283
1.0140811723657064
0.14383308672335404
0.4908577918768023
3.676385403056013
0.9909368536057631
0.11519641590105172
-0.5965939305694152
-0.9160582678288889
0.9060909558916437
-0.3768073699673055
-0.7746229136593493
0.9357285639357487
0.1409620256176448
-0.8205417284848602
-0.7113220094043075
0.8820270434320799
-0.08479961932098445
-0.048057083126170574
1.3394281619230803
0.6965239029775737
1.7506488698812048
4.661929836663445
2.6653390271392063
3.291630611139704
0.7553688962590139
-0.5244613453180019
-0.5442987820308387
2.3685777804127945
7.329678855484468
0.9237789593764557
0.24797410867631883
1.4237018873753453
1.2144299548815964
2.1316532569767506
0.47192202132758276
0.8073594170337286
-0.12482272017164156
-0.33848739948680473
0.040909235572427684
0.845811639699471
0.44664039448111287
0.5415693909029357
2.4003975617150437
-0.448313342351892
0.6375259478700237
1.4757154171391098
-0.4873126758808066
3.565508764929456
0.9315872116802015
-0.5526972169761837
-0.18594086335792076
-0.22126896593216314
0.9035131936046501
0.2179031651119756
-0.6380633487469076
-0.3598374723814373
-0.5899984466339283
0.782966323442642
0.4717908618380856
1.3153677107669077
1.9573508696489885
1.462073276633933
-0.0820228071486299
0.9440536040070425
-0.3409597692268383
-0.7190641215721472
1.0692671768992554
-0.33033642806931673
-0.5193206348585396
-0.307549067970955
-0.10568953408319261
-0.3759061212655789
-0.22423248951677235
-0.04398541538077632
1.7808116296133176
1.2899539972341136
3.217364321153312
2.54168806454211
0.31239914039542493
0.055495322318967984
0.2033315162506591
-0.21347579405139266
0.19802405342563928
1.1036694562681202
1.4407822477881869
2.874717470348505
1.1385256515666722
0.28204474517450195
0.9745913219421652
1.2034601481752334
3.18032198395729
0.1481055433153905
0.035948177769494105
0.054256398647368476
3.7672134421953345
1.4226574516641652
-0.9298721489848745
-0.8008375331653015
-0.5171483662956915
0.04369235117552873
2.3371252053657816
-0.6570577700770968
-0.3421954849938362
0.20096031262897948
0.01760797097358281
1.635461153422138
-0.7305219648063837
1.3723996603825723
0.07846724624617565
0.748011438281691
1.8374507031478848
1.9408516348758496
0.09055150568012461
-0.11575296274425369
4.305347383907289
-0.23860679231586604
0.1397163773154518
-0.8800311678102966
0.5129289888980915
-0.4911234054918551
0.5568999033828879
2.320393589382819
0.9853345199722495
-0.6471116285685856
0.4603124700907647
-0.229345867482161
0.889811786260775
1.009700401640541
-0.6209301481130323
0.7057934804459167
1.2107045699120365
1.9652611365641488
0.06814995660576495
-0.12255816971485682
2.0385691833143524
1.3232743270691463
-0.24120030155865227
2.0806376509908278
3.0545924549949173
1.6361080834307349
1.0467936468931724
0.12342134985358882
0.6040713025019967
0.9326010405784961
0.658379949245455
-0.7036026173263442
2.024085295325221
0.06906185685159799
0.19282697824764095
1.2144529380142954
2.5019622115429017
2.6058623056544534
-0.6291301390549275
3.061263596611541
-0.4980590672133135
-0.022426672773815555
-0.4607947559121673
0.9361897401809284
1.2075089655302
-0.8336439295475065
0.4312410871545049
0.9541286505229493
-0.40690265194133646
0.0829663269850486
-0.6241018755144898
-0.05782028754415895
-0.3412227157990583
-0.387045563556745
0.793269125014967
0.9246215866046141
0.5240249545814796
-0.2075335558127816
0.45886059419813613
2.0812335039271463
-0.30221629387841226
1.6246073050289673
0.421526163861293
0.2143389797347219
2.5462329503572807
-0.07207508572338052
0.696602203325588
-0.3590328972244451
-0.3721628051797663
1.0654478408756218
-0.7378251744448721
-0.6638323090856635
-0.14645582517385528
-0.542398286432205
4.334484916718391
2.873714502892495
-0.5750422772401803
-0.5088014507505599
0.5827198857338028
0.2513518957427576
0.02661341260764576
1.1586745678348918
-0.041739511186499344
0.8159343081564768
0.40380967092849723
0.4544524554546262
1.421246412272547
0.13739179534504797
-0.007568287194209801
0.9792176713631928
-0.11639842575588794
-0.36634070489243553
-0.761188209660481
0.1830545348130798
2.2544216540774062
0.37142275920563095
1.71865218224303
1.67546619038798
0.13189043611509144
-0.41031364773646395
-0.0507993542076265
1.668851599792683
-0.8085617889342925
-0.6689854002717913
-0.7226817963740411
-0.39729673607427934
0.3106398668425937
5.864759534144831
3.308474540759787
0.325646377776158
0.9772707582230439
-0.19197351743253027
0.7259504212716219
1.2774129954035647
-0.8005752700083784
0.682938097960315
-0.18321291500027662
0.25626825814094384
1.5302364881747172
0.9969598364182595
0.6694904002463381
0.376856455341977
0.6205440246039886
-0.8905984316564521
-0.5492545059070024
0.07145292620559453
2.3027613636815647
1.376673891929737
-0.5502244208069395
1.015582926429584
1.8782513338198765
-0.17843047099947665
-0.3887794387043665
2.431924960777426
0.6121597228849528
1.0214685133213943
4.067509928873732
-0.2346235535869746
1.467313286128096
-0.17028714276145118
-0.36158977097619427
1.3467313124819014
2.5257596816840677
-0.11460666210703989
-0.3833845840974585
0.46668598381816945
-0.4496173060210851
-0.49288261090007807
-0.7618660802604416
0.1503802320822515
-0.16120086542262652
-0.6219193234692636
1.4219140050625247
1.0694830919794887
-0.5064689813794236
-0.5000015026598148
-0.1465201852028447
1.752699522710235
-0.5311221619805473
0.15532196982464327
3.3443126040930853
0.25937893569341414
-0.8681353025312558
1.558865719902229
-0.05678708128435132
1.1673598504368181
1.6005975989336898
1.195827753906659
0.45135784660372963
3.661765142504334
2.2236426027256364
-0.2898009812917478
0.7936853593615995
-0.725064974229916
-0.7408453333711336
-0.04323035255943616
-0.014060731292812425
1.0396345946275416
0.22809476866825615
0.8404148129340696
1.1931927920200494
-0.7073029876374389
0.8580728717874152
0.3763957739336965
-0.774964557574599
3.100953161306084
1.1091838587164375
3.3139755415636665
0.7910868090518278
0.2983339806978151
-0.470380411385148
1.249583171612617
-0.7309864358212785
-0.5596197893306647
1.0790886224607856
0.20802320682695488
-0.9314043739888367
-0.8778812465636665
3.478705789201914
0.4309843573162231
0.9989931457215125
-0.24274074321317493
2.612367438430405
1.114185204410499
-0.3686251119737126
-0.6661658497410919
-0.7374198406557444
-0.7024774024285605
1.0692829708508749
0.26059167417776385
-0.36895390231630387
2.5884139248546547
0.10058382183195919
-1.0504468972139043
-0.5050487621137403
1.2351187008401794
0.03491427462344719
3.063192112171925
0.22299414938819723
0.7945826894726558
-0.09755085502124468
-0.6150433252238219
-0.20324644865304242
-0.33481454284846796
0.1685034984045177
-0.962340610538334
1.337674484327179
2.864459817597113
-0.09724288199981215
1.2073791256802526
-0.34892281100146955
0.09817053192566834
-0.11598300739819471
0.9830601765190693
3.107135223787736
-0.9813353010820749
2.234063875176831
2.8725448108075105
1.8669414559413968
-0.2865514721059038
4.0610306803493765
2.5918142795868735
4.7469712347460185
-0.3543021434152495
1.2770666947262368
0.48385171419378675
2.2960462541496094
1.2050251345295777
-0.48920461293438744
2.629226780091061
1.8746165505619254
1.4167173767088599
0.4270118577208642
2.910587948589156
1.5896285550980376
0.5171065497994968
1.9809716829578
-0.3940574384874325
-0.21755366026295103
-0.707039362492885
-0.6381037842362102
1.6380932288503294
0.7967471429744204
0.9290112939928992
-0.37418246411764966
0.27743965966356243
1.0810796091201393
-0.24208278972644953
0.4392605098689494
1.9013335794793802
-0.5422644713229464
1.7378141470672646
0.42087390367326233
-0.4866722476356905
0.8761230719119091
0.7521337629676467
4.264274799624102
-0.6404527952719625
0.8313918372972543
0.06429873206288576
-0.2554620689334613
-0.6489042331681181
-0.7065970048608513
-0.5477255807472561
-0.46197855281831585
-0.44736499861116813
-0.7338013544746602
0.36211712029947685
1.0880304854880698
-0.1490179000237818
1.2922146297163322
0.7914698020949
0.47708797384613594
0.03350710005048412
0.36730835226703
-0.6675516097842205
2.6572475339390214
0.7656816122659337
-0.6289315265282405
-0.7304179813777145
2.4015208604178273
1.3189200300163058
2.4384772056426947
-0.5571073609754551
1.3733751508047407
1.229992062585531
-0.9963071431660188
2.0650445939829156
0.4545709670801242
-0.38339187274621606
2.6097800287582107
0.0759580611525198
0.842240808200285
-0.7320135923552372
-0.7352317712103981
-0.12715570519151922
-0.8600816765187403
-0.3462558614432396
-0.44379033582419963
-0.68138703904338
1.2228562831882834
0.15541908258792417
0.152222549633127
1.645829249964066
0.5762206396689356
1.2808033680815432
-0.2986743023455313
-1.07020114711359
1.1633670042901973
4.527081455318857
-0.5105390905373672
2.395141888929868
0.6276527277602648
1.5337684286471693
0.026622117014901227
0.4338264192938134
-1.077926359287671
-0.19206484987057135
2.2605954785643316
-0.9271187743166549
1.916434226736394
-0.009826197618100302
1.2678200389748198
0.814308591979458
-0.2668912153903315
-0.16296172102052847
-0.9379784924839479
2.108692722749862
1.6602590765945315
-0.6200694803783844
-0.6897090378425307
-0.6747980817577498
-0.5383047943575487
0.3270819233135352
0.7855440575416794
-0.6185892332646474
-0.707092648344453
3.6120148624260526
1.1858036617870067
1.0394861801387156
-0.05115479805221375
-0.14225842515188084
0.027571581574671242
-0.9790854205675628
0.044009671263167516
-0.7916539721376727
0.23691779493956006
0.6007121953823108
0.3504527232520952
-0.5938912008746552
0.07854182795266039
-0.7397700651772094
-0.80713397515056
-0.4538497909961047
-0.7816411048651121
0.15257540479746076
4.508521691338409
0.0602929877066455
3.801849917069668
1.761228500879331
-0.7453875741321477
0.5176278869072178
1.8178099375152614
0.5678542890642727
0.0018522211269256217
-0.6620684050753713
0.046717388793896066
1.4571867185454606
3.36702859728499
-0.8750932245045614
-0.9945853260965051
0.8267965763248997
1.6177848480234902
0.23003812897245482
0.20859474748576742
0.1727339010979514
1.0334391839608934
1.3386750403265002
2.0898279977849477
-0.7451093295289847
0.5235536718847071
-0.5481647166181873
1.9685014351237091
1.6738944012733787
-0.18216826550423124
-0.44497106935656777
1.1278319632509692
1.1115812422615854
-0.37590898878292756
0.651519874247552
1.3980329663728452
2.1716908039414857
-0.6760823576006493
3.7016263382586483
0.9853039389140258
1.4024180975453095
-0.6298060917857446
0.5573206891882152
1.2006534099752144
0.09934031773294921
-0.4347404315107938
-0.09308308074352688
0.5932947495402059
0.32960848828641537
0.6060770058509608
0.10689372874428485
-0.6123106813795397
-0.4771504904808511
1.535353528606893
-0.12109167503233384
0.5609695872651745
0.3591226206048306
0.3253020311944237
2.515742095144725
0.5908678061712591
1.7860550183685455
2.7812893358422914
4.089138055028845
0.31458936632598106
1.7339718473268602
-0.6673327785030937
0.8942436526040236
0.4587762727385872
1.8864878525247215
-0.7100304651118323
-0.3163613326554214
1.8692413575975937
2.6156417508493464
1.596607496538183
0.3050407630036488
1.7229853527743095
1.8498809162427028
0.4037696250192453
0.12190813744341408
1.0231164828575143
0.1519999541434938
0.7116103608006309
-0.7438290173448151
-0.36960409655642845
-0.8427541534491653
-0.9154799363094392
-0.8707371677689139
0.21431071327667456
1.922886217565139
1.0295233982761476
1.5263268023826309
1.1423340501275467
0.6020560049033241
0.3163839399895373
1.3375757955989223
3.0562210117277293
-0.909766893728308
0.9692943316068579
0.18971982208561178
1.8591717630812337
1.8310478972469713
0.9362754552715409
3.302360307591689
1.9349535749333293
2.573315140944103
0.6576914199372724
2.0465667044529083
-0.15740480397618342
0.8745716878762776
0.5950382501330729
1.1015517089630058
2.367064645168525
2.468952622966861
1.054922915376002
-0.9505281752992777
2.627635219443037
-0.20906750035087948
-0.6635305919985209
-0.7400903947946755
-0.7368510154627046
-0.8502714051720962
1.2274339542035817
2.1717746191936453
2.06894570116713
-0.17036992750284663
0.6970115015803356
-0.6225630643875534
-0.8686343098130203
1.3104217784452767
2.3405187216520598
-0.103254973716207
1.504156138216655
0.5226879361652145
0.5209489169622339
-0.7866274711413751
0.5187655015320837
-0.6567270839259199
0.023754479902129682
-0.20750452948618142
0.8787264136213422
1.6565461236456072
0.6399097331091739
1.1258830468537033
0.14775730526815878
-0.06592971540295979
1.5073684107605183
-0.5952948113700518
0.508559880166235
1.3510571630735808
-0.556274434773491
0.5807880819699037
0.4278110621740531
-0.7511819720138851
0.0772148700419838
0.19827885765090517
1.6313764956433563
-0.476398017946431
4.104233925602363
-0.06398774911437606
1.5632074834914849
1.8074114887921502
-0.5248353748363875
-0.22021761641076903
1.3081146513606634
-0.015137509910496597
0.997987211111932
1.094620338185474
-0.6239480581101571
-0.6067850784478658
0.18012889872761165
3.205467098115262
1.7065182326408377
0.22122022972463284
-0.7551134809457434
2.404933914214783
-0.960487564373868
-0.8758455039846188
-0.7631401647226608
1.5272069355287767
0.18576961805674197
0.41295532544548674
0.674187741324138
-0.9018602888652109
-0.4429161111729201
-0.8126610226460763
-0.7275734485303006
-0.8173010033808098
0.17880963608408618
0.5383574189700777
0.19981017563311945
-0.18025619121665618
2.0439513988517533
-0.06985237902175352
-0.12566532505959083
-0.09890434669920203
0.4278822595806605
1.0618022199068082
1.3080612782856968
-0.29628316052708825
0.17943216900708792
-0.25632363999883495
-0.7651076728220868
1.9080203194736691
0.2835428952918262
0.9802005969199871
-0.464057512382797
0.052411386070090195
-0.7994291314097974
0.5774249862243246
2.140312601538366
0.05976346188825295
1.979704755945316
0.43501017297089206
-0.47461696244087026
-0.18640851734704766
-0.5264914898613631
-0.6752295046425958
3.965360947797596
1.6423678529387304
0.12020762657732782
-1.0519883370341339
2.5094737978697057
0.3962825431430668
-0.2826888134556093
0.13032584164826683
2.386559054119153
-0.1824635912299128
0.15024670363916068
1.0847577124804784
-0.9508711394335487
-0.032340940216436624
0.43602158737265917
-0.007967541762140372
2.09742310554898
-0.6302855931664116
0.686957425085544
0.6951663362365594
2.4366259429851844
1.400373340967235
1.16852033631289
0.7893125139870358
-0.7625774364527437
0.3076716177578439
-0.05631871815879218
0.9984635192897602
-0.36777636533223823
0.6021040816800113
-0.7733717257256771
0.6894729368581526
2.2338771660057573
2.1133803359794103
0.535411311575262
-0.05008244206410565
-0.5156948021859357
-0.7877647882144454
-0.8031895273238923
0.004696675820294753
0.20906523407843405
0.8380704654949263
2.6046022659977295
0.8215274103705406
1.314503042722356
0.8987491264389389
-0.37525836774256943
-0.02327998614878157
0.978587745135053
-0.4971703137540793
3.1771244843126567
-0.508204418496895
-0.08980929772372744
-0.29199420921028135
-0.6140242692927798
-0.02238703148074246
-0.7532362491645542
1.682094767390281
-0.31529015467771065
1.451466442786439
-0.1981683351792029
-0.5796107889623229
0.3119911864411212
0.19346403471125423
3.7389788137778632
-0.46406073166080103
1.1096080953184506
-0.3664960031647933
1.8550403019332062
-0.44415295154758516
0.148431547195305
-0.2886219771974844
-0.11688691007251974
0.03626168058397023
0.39616753629533474
-0.49310436986301087
0.14645713292241888
0.760471471847181
0.43527220977263387
-0.5541163336220546
0.6646479573451399
0.32740252960077115
0.6486700861138003
0.8184158650295359
0.30116800660057574
0.9201861138917217
-0.20208725901397473
1.8555956007033554
-0.1521663416995011
-0.2177826698600912
2.175573472746253
0.8868833897637145
0.45390849989459287
-0.710556139023633
-0.24314038133133167
0.13395830439386933
3.1328282309946998
-0.6749074749565179
1.4324905183896026
1.5973717558441736
-0.8854330726072781
2.3491157329633685
0.658851911166902
0.1822404881414468
-0.33369444705963874
0.1630982845652789
3.2234522574922178
2.1260027356736684
6.901454245944915
1.5440971284134686
-0.5676340842881262
-0.6344533721076584
-0.9889341332235654
0.12244294769266448
0.5138135013801772
-0.44095251170817656
-1.0659184689899586
-0.46213951185709323
3.8366244830395506
0.421555978062294
2.754682704427735
-0.9113686224949913
2.698587415928937
0.0187859228053468
0.37193430505008007
-0.12843643407138816
0.040075452544726935
2.566920829679873
2.0221651940860412
-0.6288401190806712
1.2437888500969732
-0.7908085549633223
0.8176623336057771
0.8685768161365974
2.4359841229563113
1.9690621091852882
-0.2803408542802849
3.392146580603305
1.708223286824145
3.6130327313669532
0.1274073246569483
1.1942798198884323
2.2799040467220615
-0.2816593704322384
0.6181710958446597
2.2060194539958182
0.452380123006218
-0.6804794669980937
0.5459190921386569
2.6591635863668923
0.4715053224698678
0.5444862554012403
2.6085671489922406
1.2856996757855186
-0.535417932076098
2.3543988937236975
0.054656313451050785
2.299337908277551
-0.13730939365584102
-0.1563495741279221
0.3368151079914409
-0.5708700775857486
-0.7609569161591268
2.6984449258327676
0.954489650078062
-0.16161483032931787
1.6003306089940468
-0.2927689369203265
0.23696027427058017
-0.5552233777488118
1.7639519674902515
3.7511879125439447
0.46738683123184344
-0.6214062984360629
-0.7152431409565163
0.6031078247070711
-0.6171591149587458
2.739084093206226
0.6517021925689629
1.285791720040265
2.775136648687268
0.11246816743410935
-0.33179359800838826
1.33091816912235
-0.21271467740913091
1.1837632637704232
0.4634529856956445
1.1930920056707859
-0.7955500458300497
-0.6192112016136568
-0.3103920532167536
-0.41144529765844146
1.4385324825796755
-0.44328669760728046
1.0844192956136522
0.16643767406760496
1.5811271138300012
2.0968633557724687
0.5406784976937983
0.643656546774305
3.423987677925304
1.148582108853965
1.2282191818971835
0.7861784473248401
2.9379582450280823
2.760046081779748
0.7773995808925563
0.032660696159126874
2.5225269579779503
-0.26965584536284876
1.2857425633280508
0.7446074732019096
-0.3921564473367678
0.7796916367776915
-0.6044050912385607
1.2161750011093926
0.8650102511654207
-0.4908938216949732
1.7498857116388442
1.3891932550466362
-0.46911118510954564
1.536217477752227
0.9479984814516937
2.7115521174628654
1.1513411607448962
0.6160634177380387
1.2847995758086095
-0.17457125492432546
0.7235396450331066
-0.003295513090638311
-0.3336668492724489
-0.02745145279841981
-0.3369756860335947
-0.7468299481518627
-0.38971433308259246
-1.0137725721440374
-0.4723563473525108
-0.05480524790411412
2.1990099147571733
2.5555220929210307
-0.879332982041788
2.920598552959853
-0.18083965585591139
1.878949514814718
0.4078516534642787
0.27733486971215093
-0.7800242347326319
0.6724004466237309
2.3105337565361754
2.875722377881356
-0.002338821070703498
-0.19520755277931726
0.19971024810806148
1.5455858823345423
-0.24964209607335036
3.458329624607895
1.058455783676798
-0.5874592152068238
0.5916733359264599
-0.34028789360013867
0.3793935749096236
-0.6468352386123641
-0.6611498987808566
-0.7070665581148674
0.12260092481383567
0.10865735824228144
2.9727413102845017
3.0503488291130743
0.4641941843974562
-0.2205367447486165
0.013328896214139137
0.04185487225417727
-0.9685815712913541
0.889471570836976
-0.8781487331837727
0.396664954433324
-0.9744354255532856
-0.7586294871575938
0.06284322732524421
1.5303527844146652
1.4025596885340408
-0.3426131748325798
0.30696777643151935
0.7977369677008485
0.6414908626589414
1.4364610263784787
1.372301284450168
1.7488492271430374
1.373767166919983
1.3861907418112107
-1.0239117946522212
0.2381660521332238
-0.10933218097148462
-0.695273129376697
1.5709692488243077
0.3750341426873562
-0.03544570735990628
1.5715209920362427
0.35540689279441506
-0.32978794529315514
0.2719412772660822
0.983573809677224
-0.42901881338322073
0.35550067074856795
-0.12391722444391666
-0.548975730224848
1.19734389284223
2.8157068507690997
1.9707516411902448
0.8450491357286852
-0.016872409411518057
1.9092605608430768
2.011934867120072
2.3027047345493896
1.162757048396919
1.5345067016596348
-1.0468743314298097
4.27745879868199
1.0037797788987903
-0.17081321308748665
-0.02986692993551291
1.6187506811426762
0.576687638119985
0.42819240274847553
0.09815307459652098
-0.9385427299852214
0.17315997869584945
1.3877057363354226
0.22158698321824521
-0.30148000821890275
4.00352237324724
-0.5392585475626036
4.368873042425166
0.6241784260772463
0.7483755001505247
0.040611068609809835
4.43659351576178
0.7457503473965452
-0.3130787585855838
0.8994494041818348
0.9733409243304173
1.779756714166722
0.5251814548058312
-0.7107704775387061
0.4610583582403853
0.34439296708170536
-0.9861497673613274
-0.3665194983651147
-0.6203623696349215
-0.6594519943313432
0.7790432456804145
0.4193098400541482
0.5835859234924834
1.5499003589450557
-0.39578231003369213
-0.4195186321149614
3.0778338758110215
0.18110555595977548
-0.2138293737567711
0.5962779124376515
1.2816678726739617
-0.008842750420252524
0.24905180015164366
2.8067039996224548
0.08386180375142209
-0.33702709322094326
-0.03813553250341685
-0.32030449426220486
0.7887307138379616
-0.18437903999301108
1.1725349263275284
0.0327999368261933
-0.346852308914458
3.8656902110872653
1.1311451806147372
2.7529200080376515
-0.47139534188613774
1.4756698602471616
2.0544668862577122
-0.8962382700194893
-0.04295252632077362
0.30515140588930445
0.06229047514266315
-0.08403871948251858
-0.18562033645118892
1.5574639626223399
1.676726558695165
1.4867149681337386
-0.974234171072294
-0.8158851267335291
0.7389898537237835
-0.23726500058998656
-0.8929621394742047
3.766321339250343
0.8144947264288609
-0.702385141013444
-0.7468079294578217
1.9355242107225155
-0.9425421086649204
1.0426115502221138
-0.5874830505710769
1.0675239086403308
0.3292185668738461
2.055313487599605
-0.00023330155932174996
0.6113852334583891
1.649809129379953
-0.05691440877589205
0.524776667169839
-0.9159837653384262
1.4433560936524843
1.1622729889974137
3.482975668292342
-0.7948433465384914
2.5127223554847253
1.0038501269857558
-0.4996234764843035
0.0691096146852049
2.427580600813337
-0.5707130982397137
-0.30477574722500295
0.7161765683019509
-0.789219063113347
-0.03588695759065271
-0.1335206954690135
0.9606743515490287
-0.16450571853758564
0.896442346358893
1.36775085034959
-0.8181305863118418
0.30262670497492916
0.14080431872874288
0.056720252590961334
1.441640406373373
-0.3220322630219193
0.8304217620477222
-0.04497969960278677
0.7003042137176526
0.4334834050907155
-0.5374966858240178
-0.8594009270829966
0.29341332093644173
0.0466304078529417
-0.8790773402212108
-0.9207102258150908
1.234916454459781
0.497569561524879
-0.08875461141269436
-0.35601601120555365
0.2507086764160055
-0.4869294712312632
0.9247914259348521
0.7503213268029417
5.6759310244705485
-0.6507912378037647
0.6923131397983833
0.28714401076451107
-0.7949992333376061
1.0871212446388396
0.5230653883347564
-0.3061023922207844
1.1968194018258185
-0.8998281099023873
-0.6964405494943303
1.540038882573157
-0.22187325034951463
1.368693183337115
0.5189583128963218
-0.44889418353190247
0.5386390021313718
-0.50992233896048
-0.6967843754819797
-0.3888002681654322
0.22337145039488354
0.24894765405263738
-0.879969555044443
1.2949084465617222
5.239006264627701
3.1308549965540906
-0.5423825729479805
-0.8711415155497066
0.669855492893221
-1.0092002438443841
1.4092982838662154
1.007257581467348
-0.4208953579114875
-0.4388098411525446
0.5383291132601281
0.1159930518215493
0.03295049923625543
2.8510985506138433
0.326736579969507
-0.7617265481309046
2.810697637889102
0.8522065721835201
0.4625583997557551
3.8692666937618045
0.2659235759189219
-0.7901745926826812
0.7918928812901399
0.5713281815218092
0.5989173868352693
1.4169110986667315
0.4170945552895555
0.573570433485345
1.7871340088991754
0.3837919596617292
0.6422421882733916
0.1086568954322277
2.7044390936223697
-0.618729327608933
-0.595401151801804
-0.7470510832481456
0.15350884743131643
1.6436389237398847
-0.005310502206462718
-0.7079133976874629
3.1512110613455127
0.010727537669237529
-0.2824119187552812
1.5006404191180414
0.3264439978089298
0.023048630312830914
-0.3863205847947438
-0.007932454723577637
0.5643089450338529
1.186933053235465
0.7124972016564378
-0.30798762932306567
3.738472050671103
-0.3573374372109662
2.7135743852731666
0.3900730874052012
0.11474231112958888
1.6702092707260687
3.742382258184555
0.6341604440145672
1.8038888754275508
0.9576591934486074
1.5415895424302923
1.1999300595092324
0.22493405889323104
-0.18091654616672745
1.3250533943873861
-0.4594169828442777
1.6721232847112215
4.132342998265249
-0.4258416326067976
2.473979101871118
1.9444340337059014
0.9030763883061995
-0.2320581495520921
-0.6080833018464731
1.693625116487447
-0.8422887928327657
-0.42696976035358924
-0.7625197613926314
-0.17661248859294731
0.6458455743195485
-0.8368672958331381
-0.7894377066395598
0.03870944809805142
1.4489491673431678
-0.1139640393206525
1.988329867339301
0.9142294763905949
1.560396298142237
0.8160184154144798
2.9210115414914415
0.5229671863801166
-0.13490987029735757
-0.658991668353341
-0.9757956964903793
-0.15335951046900792
0.8293948989926672
1.4236707429329336
-0.9002807105674528
-0.36468162489433115
-0.2580535700039288
3.8818932738145806
0.31279313368576167
-0.707820383022616
-0.1394312898042289
-0.3917647258524204
-0.9372696497296887
-0.8946451313524421
-0.32331444762743794
1.1745403459618677
0.20683386344827764
-0.9229431081877429
1.5068946055495842
-0.2046974428105316
0.8231882999601644
0.3827570867125172
0.24092357241593443
2.604007860657922
-0.2943838685506892
-0.007436619901835588
1.8630614473692104
1.64530442474555
0.9035074737562503
0.17623846495149437
-0.49293578805332366
-0.28917607298524806
-0.8803878152399954
2.763181753906987
5.470831187243316
0.1739098508596672
1.0266825331055467
2.2325625762923402
0.18470220828022796
2.691164681376431
2.8789811429100554
0.5898641111334469
-0.25627612826452545
0.2757353796721953
1.2955747427911546
0.1068223410994786
-0.3806082452205544
-0.8296262064633081
1.6829322072924429
0.9279563701087765
-0.5528621214866541
-0.8723684923641707
-0.1705262781766487
-0.2882721493404569
-0.9891552084858443
0.60346028635642
-0.21077175866155662
-0.49873646821503304
2.1313682924488373
-0.5630455621713601
0.3364151979552117
-0.12934853262653243
1.5613041615065248
-0.32023257220978635
2.166067133740908
-0.5994713723284244
-0.781231881987126
-0.30135907926779476
-0.6259673186269806
3.3287446397705156
-0.900481059738647
0.5000835729425519
-0.858498334369951
-0.7829835711929114
0.19989339985126894
1.1491593725323608
3.0474945411810004
0.007363109111262341
-0.4920871389600836
-0.5144172993642382
0.2581259509968598
1.612134455792749
1.6797685718546618
1.6534539848274679
2.6104098613991717
-0.4027527837364434
0.6109281228588935
-0.16148404801002952
0.2947568438657738
0.8318995637208367
-0.8590746477195735
2.8353911903165994
-0.7068377782400448
-0.3900362797875715
1.5992658896027574
1.4855863539565637
-0.6385672359032126
-0.656499778844229
-0.6016713796269667
6.451982284855076
1.5826727438575279
2.2377278598408132
5.32039810997103
-0.4159118122746095
0.6920959480889615
2.3419911983228676
0.2971549453123178
0.35468232547436734
1.9708334121568967
-0.5380908867493913
1.6409035268383096
-0.3329144316147364
3.8355173490849186
2.745137514277572
-0.16048903130817704
-0.7809909013252138
2.377018893485397
3.6030875380827747
-0.9243718179896608
2.052035221244719
-0.5851091176760885
-0.08531810213442015
0.8297247372317955
-0.3839274739392718
1.3322684955690487
-0.41958203701628266
-0.8875480267465532
1.7684817775866386
0.18800364110051773
2.167706507948628
-0.7972487125396105
-0.07935524018348368
0.5119400483504871
-0.8033068888678534
0.22157820107563173
-0.7715299778129683
-0.8389069915003802
0.709102478772698
0.2298088424510289
2.3046365451697337
0.8243535584431253
-0.7275764184740586
0.5089537969613679
2.724879691814059
-0.3513092809091036
0.4673612220178547
-0.5308614102191967
1.0401088023085616
-0.47259949841534454
4.713227390399703
3.5530171511239383
-0.9289921870450143
1.1525066937939257
1.385579950670936
-0.5790672806170012
1.3059985074077851
-0.01848579387019771
0.8247251428058041
2.562707405376281
4.0627768338302515
0.1713795277991
-0.19387263413973885
1.0769826928321613
4.007548544209368
0.703793863020711
0.42201329234166174
0.299678308768501
-0.07719835506734553
0.13963166678953348
-0.5318455360420309
-0.18984729952429932
4.2957924653305115
0.7839673259949271
0.3740652154046945
0.9853747216897435
0.6548708013951754
-0.6066904946701175
0.24695019822239803
0.15007355333023312
0.09146126968999636
1.3130222935088502
-0.25356906926935757
0.6082731668279812
1.7832604724719276
2.0365871949983707
-0.24578319665406886
2.859570742863501
0.942319652199245
3.209539633762371
0.21950518011445047
-0.24586193149137256
-0.9916215136395411
-0.5070726228850267
2.9668487685160096
-0.7156800358023389
-0.10615364722444118
1.0572079406067054
1.9853606728879098
1.2879341250034468
0.6903568911716673
0.4649796814614421
0.584240942344276
4.492591889013399
0.9706776065833809
0.19006926597960552
0.8338771359388395
-0.7581692108671223
4.029915045509479
1.5368483948658918
-0.4759715362124365
-0.20251092411727456
-0.8758375193303806
0.7058467701929454
0.37503597818746975
-0.6688336762016465
-0.6728279510094431
0.7712247696585647
-0.9833860267950255
1.6090557012170914
1.353356867285726
1.7956985788827045
0.15509317149690244
-0.3886937095968688
-0.43958416174519227
0.2052146791922273
2.9161444536748737
1.0795931931970195
-0.2861470409921809
-0.7610973350430419
-0.27180964164298005
1.3438834540124924
1.4543666675682738
0.4775698897121902
1.1210080063482966
-0.9141849196477844
0.45005337425711955
1.2155846613405676
-0.3159119256119713
-0.1085341149966878
0.9988338205989696
1.5701719383813282
-0.3862177373708329
-0.7235560386704164
-1.0644956246298847
0.8873317309427139
-0.37296094601434365
2.2037936610648483
-0.15716554526005902
-0.6392700587354837
-0.8787624815504433
1.276112682143371
1.4256143122124365
-0.7424053247268922
-0.5249645357869864
-0.8649810817816787
0.06967671324301171
0.9596807552785974
-0.662758572338341
-0.9058730863427119
-0.008299672931320253
-0.9640138560813295
-0.7158482421042229
-0.7281955280054302
0.7948085833321619
2.4451934470344168
0.34141582289639344
0.5791971503180555
-0.9594134932377373
-0.2574382039256785
3.4443589488922575
1.0779224820918447
8.61964639257198
-0.41087446143442874
2.8796844103746166
2.339339290373309
2.249536537546567
0.17283373427065893
4.431012887452383
1.2371700082982005
-0.40121252983253436
-0.05977606924538526
-0.2050274190067639
-0.7466885878636769
0.335563499787003
1.9200106275454083
-0.9625937965407849
0.9195518997627966
1.2937367271499156
-0.7212647611279736
0.8170991673722344
-0.5210272953966825
-0.8069111677842253
-0.6299576556960712
-0.10066312593659842
1.7768085323772083
0.28008515548974694
1.174982091422204
-0.24577280174416336
-0.3463548608160092
-1.0123667796177607
-0.031861917167844436
-0.33752151479741205
0.9751338172482448
-0.2383227384879693
-0.29202423761525076
-0.16183193888979353
0.08389256419334692
-0.7143897759217874
0.382407181461492
1.8447268138058754
1.7588443956254534
0.21109150335680849
0.6101103886032118
0.6618245208459202
1.0315498863402703
1.5138766557492178
1.459542996535643
-0.9040791176494328
-0.17319060034902534
0.6839006190450576
-0.9040522521194698
2.7369357570805013
0.8449542992831138
1.022622170496485
-0.63769464522137
0.9935116736256578
0.18559578405225094
0.7982790744556375
0.7987289063946452
-0.10669814093254393
0.12638643358562401
0.2972255206379414
1.7654429018170443
2.7891597215777884
-0.633007966513366
3.2321071489353286
0.432047234772244
-0.3810178638060107
2.184745026016655
1.5807511189779115
2.4408934350111817
-0.9183313107998202
0.34673309875041736
-0.0722959983532663
0.6068498380933575
2.687992254922544
0.7584170891412024
0.6635187315586079
0.6784123615590854
-0.4706156848627854
-0.4577772474327412
2.8097266592010333
-0.6431812012750081
1.447235718809259
-0.729240888015996
-1.0241027359722539
0.7020052589724232
3.9161946311429747
3.007356254522891
0.03920604301264113
2.7657804399802264
3.564163721647057
0.3816671456617757
0.375350346800359
-0.9881274060552362
0.4160866169982685
-0.8200962259194555
-1.0323108075924357
1.9788419677092177
0.1642820571199007
-0.6082819243364919
0.2021057579041201
-0.32122515879358327
1.6921985275838864
-0.712215092433773
1.2404728822868383
2.492481006325037
1.633030399702996
-0.230591067772523
0.5521142711982314
0.3722690524724606
-0.007316852714065521
0.19853771640134488
-0.3331874822452598
0.8154288766049953
-0.4534936647441361
2.4519422038956944
-0.83259301189817
0.4962876580490852
-0.7916527776394561
-0.3877403881893708
1.234587302852106
2.8404921658245343
-0.512649595824653
0.4963465725518315
0.26112997738023086
-0.68562988221428
0.3085734976703598
-0.19063990555249902
5.252561249993051
-0.9304694073364254
-0.19590404469373807
-0.8345640789315912
-0.8607368210923375
-0.1641025494841523
-0.6633027519075765
5.218072099912988
2.010097452635735
1.9430769123435865
-0.8690294369481137
-0.5279797735493061
-0.22263221595999574
-0.3105539339019863
-1.0661067397311044
0.03855851389969828
-0.9336444409040571
0.34095799962958023
1.3647004739594388
3.1765512267175398
1.6837721961165664
2.011873993065963
-0.49507345672995917
2.148475915888363
0.8434627481790965
0.6208884334201779
0.22012657436291685
0.25773529352347485
-0.9554300550677631
0.5830749284170631
2.9193668712148475
-0.5568184386091506
3.354204615418034
0.7221369670900296
1.1578900258385183
-0.5724737559331466
1.6105109307680818
2.932673614718048
0.4548689075567142
-0.3050501579852471
-0.1958017907845378
-0.744748426650459
0.7466141591653609
0.330350993999591
0.5469208667733554
-0.502145287946264
-0.7623359270075981
1.8231570353037152
0.49761902413698117
-0.2880362775736574
5.1601633274591086
-0.3314734516809969
3.1843526886663294
-0.17778884628962466
1.173943492401194
-0.07321321104591211
2.2640548357751733
1.7621327960270448
0.3394432875123458
1.9484017745635593
-0.9968917819305483
1.6836369468980512
-0.4312594998352846
1.250302672206753
-0.6371225134179742
1.0646093736424138
-0.9654498236486363
0.07791225907266457
-0.5612915628620677
-0.44636810231164203
-0.11154365164502981
2.176603552284339
-0.345615223319971
2.202343069766172
0.6432718257783968
0.631867715105337
-0.26932088409172567
0.8313793669842262
2.175243907302716
1.4129871739692925
-0.030608734690151834
1.8368102949574536
0.4278227220562965
-0.17736164736252674
0.8704516395231763
0.9070797122875328
-0.6636204479779099
-0.5074734085435442
0.8830329257951981
-0.5423475170635715
1.0496196175082086
-0.48955558698900964
0.0380992347600928
0.9277457367176916
1.0019237260912945
0.18540874070243807
1.4607611768026778
0.8763841094651084
-0.8994652993340524
0.44557475442916133
0.5453118219748794
1.0427149335039252
0.7512696376542302
-0.24280066460809807
2.5856508094323587
-0.14093356012809147
0.6978883452868717
0.12569302582431738
0.3810616546194396
-0.8926350707990311
1.5978199086584037
0.33069877251256535
-0.4262434737001983
1.9442404423240351
1.6108768871410535
-0.7352542860101327
3.7075809405340263
0.6535018100894954
-0.5736267029813316
0.5149868928638198
-0.6495110390138291
0.4742400384918449
0.6506861212463515
1.9896354208181362
1.3142563490958898
1.5485938882463304
1.3582836766711794
1.8258742023597552
3.1253661566680604
0.8336287908443769
1.8586849028681938
1.6196839806062513
2.0045112236575973
-0.5626401512425296
0.04239360161647839
-0.28973374614231534
0.6815540104230403
-1.1472176739632307
-0.03617914663847218
-0.518852754967937
-0.6271498933604767
0.33697653790327525
0.17681179974230687
-0.49652879443657094
-0.7240147646613435
-0.5848779064785866
3.530928388137959
-0.5814822874579243
1.2991513963415249
2.51965154580092
1.4307210184238497
0.3550835965158023
1.9559140244166866
0.060248772181889385
-0.7830064511240863
-0.7943816178033902
-0.04452658729439933
1.1376184572757566
1.6909575548974463
-0.24599130401282024
0.5623783822898111
1.7700466804214272
1.137141393147566
0.499771365841722
0.7632908695095136
-0.4574213031473786
0.21734652549641673
0.8152722246615323
-0.8122627933978968
0.06336786226807127
0.5771233054822171
-0.8943741620317194
-0.8011836065084198
1.8060753166745904
1.1195753029596212
1.0602508377453634
0.7794715885663651
-0.49970399038212676
2.5185092438627317
-0.10699968295737375
1.4961673612518838
1.6759328056723803
1.0859141325125894
-0.527077295052345
1.1770197871336936
0.6721406786192775
0.1927198508124136
1.2410839188889518
-0.457300932332063
2.816469796505942
0.5299119669173586
1.924867270797045
-0.0821671915561538
0.2996630529276094
0.5544070651696249
-0.41532716900284433
2.321132515970753
-0.06698002001564579
0.09652186329043723
-0.8002205573531844
0.9790314479008848
-0.584626615511259
1.254106464135232
-0.10547162934577262
-0.24726296686977609
2.243031523831209
1.3960572991054707
4.1048648546587465
-1.008215937252727
0.7387143650005589
-0.5616452307271934
-0.8018105534151018
1.4130097644738637
-0.7441249368472029
-0.32771083151761554
-0.25545141786282993
0.42505299081976006
-0.5301178827624305
2.823093148388295
0.5899723810061998
-0.655533136271726
-0.04463373196669854
-0.5523869843704539
1.6157459505299332
0.7814574045873384
2.202768765247292
0.16376108035998563
0.7268175227465168
-0.5736514001043027
1.5291352239272293
2.107575626591558
0.5813766670755293
0.07493560767365245
1.7149105465787775
-0.33082300607330106
-0.09256014902862017
-0.3813176337754487
6.534926153953857
3.5553433874114653
-0.5334964492399821
-0.935590865169281
-0.0714091777894372
-0.5394356420050795
2.269505575749341
1.5733544991566555
1.4757717169258726
0.15807274230422455
0.22888996294993894
1.2725906221228644
-0.6282943383150066
0.026604156492467265
-0.6986021887509817
-0.09596281234744718
0.504937608579084
0.37214113598393517
-0.6468889482173534
-0.027008428562709793
0.5507980397105686
0.32931177590271354
0.29898264819303344
0.7115052345513578
-0.3345006261510614
1.6873987093064329
-0.9361405364022797
0.447820701224087
1.3130557029622487
0.037760142275137625
-0.14438289510073288
-0.19175743251506197
0.21497066199669687
-0.02329854289462309
1.6948828348358878
-0.9113713908163064
1.0049003885196384
1.3460588556842636
0.1998696483878119
1.8566372198845769
-0.5570993793715785
3.5777238755494745
-0.5758411743797093
1.5744680717252264
0.9157000674563246
0.40994185589093396
0.08857368082026684
-0.003979115632934817
1.0621563476657203
0.964237942111185
1.6821184460206475
1.377544568028681
-0.45179983153578646
-0.21900014021228095
2.1499299085496792
-0.8381061734220678
2.204349246381228
0.33141401606735393
1.2501131235848713
-0.3366027845530451
2.312582263499951
0.2271757460999971
1.5134473732478158
-0.5381471110894472
1.6719316498564358
0.2561923664894261
0.640544347130991
1.619251148591718
0.34295507117441426
1.9213892207430603
0.9371311471067554
-0.7063039852793697
1.022498895640599
2.0628627404399023
-0.06900883513776973
-0.424426557390414
-0.40519225215614
2.252235572076533
1.1675543697289525
0.6276620213992049
0.24914118149361864
-0.3074251622514137
-0.31319971684238795
-0.03443221703072443
-0.06364212589863877
-0.8585992097625461
-0.8144797120926309
4.4210518538195185
0.09328951674515126
-0.9219009122605384
0.9304577131516136
1.6998235618023667
-0.6745956754552177
-0.588396445488579
2.645245009342676
0.04807228034009611
1.6728401484902047
-0.9476861750766129
-0.9053757697807803
1.6307325980203136
-0.2259063373346003
2.6593973324240348
-0.6651981117402945
-0.523730540597978
1.27830620832077
-0.08482259697153852
-0.2930866465886391
-0.38867910420531615
-0.5003456900355606
1.7663890408728062
4.63970901688322
-0.3119540825736552
0.7826487812476376
1.8764658025308887
-0.7595591970939408
0.6561168820103855
3.395222274038918
1.099133503423752
-0.41403648121629133
0.5434688265149314
-0.6449909784613667
-0.1908503582351691
-0.9799822673127537
-0.6333031015195147
-0.23673236771104544
-0.9444453720250271
-0.47389257349448366
0.5202771618926852
0.5466573794545092
1.5785554435862033
0.26279150300437487
-0.6432049188555353
-0.7550888411710064
0.27405407138623794
0.4284119623117722
0.1390695381696763
-0.5077483455866992
-0.5031550771419959
1.9857534141663349
1.6823611523202193
1.230606394974431
-0.04188862622103553
-0.6886261148452126
1.646722038520486
-0.5918748349571662
2.92221090691138
1.7087549799579962
0.8909061813928488
0.26938997231303863
2.236571875506313
-0.8490352132447633
1.0439245921800993
-0.04145485460058656
1.2822788344530252
1.6624516973622796
1.0230907999114713
0.49116739571068674
1.0727404424823466
1.7075164192293404
1.0757357413307846
-0.5663611584206946
0.6600967125375213
-0.6030207712331515
0.913665411409302
-0.6422152069165743
-0.6112972936234887
1.2931436313759213
1.931246266515503
1.1890281442493644
0.6458193167362348
-0.49640408177483164
-0.4235465543999786
-0.39568722914319043
0.3462516724285679
0.1441172933991814
-0.18604542517680936
0.2627926691494632
1.8812085365100786
0.287555091952058
0.4778391247510027
-0.7813422320113896
-0.525858864428751
2.880995451215319
-0.03998306476550506
-0.1400979147048366
0.14453987715855215
1.4150990722144983
0.6859396106018185
1.0676379916206287
-0.14098139162764642
-0.7445058295099021
1.116898975282092
2.3727923461472167
-0.3291946084308405
-0.6291261521045172
-0.10192066007458361
-0.9401086004461913
1.2843818937281883
0.0447048646730676
0.5491165167312355
-0.4811570739068471
0.2676515633891206
0.7416869875758673
-0.08086425170950981
0.998132134994535
0.18834761408620332
-0.7541648263071397
1.3988920506463325
-0.06111621553141189
1.138459643395908
-0.2976575899977379
-0.12313544998263297
0.7357443481007203
0.7633832662743334
2.25578054403525
0.02030497638454328
2.5113467477673956
0.6065274134988157
2.2372758549553717
-0.4752062490582333
-0.4274110694932222
0.2558516848982297
0.0884351538989858
0.8711432715160575
3.3566929468142894
0.34752582051923064
1.8618115866553315
0.8808803373109547
0.300116761029389
-0.1323528982795156
0.3484467817463615
-0.18059755973837488
-0.3271281470687884
-0.29218655270146404
1.3171461250553418
0.15343096104461323
1.290162876523517
0.5767881230681495
0.13149466857427136
0.2813572676109836
0.5765715030769821
-0.2053748328688187
-0.7871499930449922
-0.17357868476753624
1.8716697486618465
-0.1536970476806295
-0.9290705979099206
-0.3591269175212863
1.6411718525089898
0.19878704860258728
1.0043934985580276
-0.44553560806743575
-0.8088964643326342
2.613431357958003
1.061224023862271
-0.8576838726266038
-0.17213944484683158
1.4740134697505152
0.10505278032045996
0.4814550617645952
2.0649406123718217
-0.2988217270652696
1.2173629975406772
2.4022966482693358
-0.7586614156533108
0.1992318875657822
0.7984805365116817
2.3419114324879664
0.03327951279673585
0.2118747551185905
-0.03530949853829065
0.37945615836683605
1.0946530678610427
-0.8119576690826805
1.7631619156429974
0.4209891353236239
1.5163604187426931
0.678043806434962
-0.6380852795657368
-0.9154617364418147
-0.3914999600618142
1.0796964663220159
3.100111112247368
-0.8018541523915209
0.9563704080904031
1.2296550384431633
4.364480165032234
-0.4539546700643067
-0.16952491169069733
1.583644967555015
0.48910194987260097
-0.8909751513702846
0.4369930746809347
0.4889949765472255
3.965356999773245
-0.4153488951491649
-0.39604393804719273
-0.16526474858756196
-0.7859396106509106
0.18239321920368368
0.6300984760563008
0.9828447789647705
-0.4419664910650101
-0.7443765704973634
-0.6277777724691092
2.657727208239497
0.47840795569122135
-0.6699234093281252
3.3694068605174947
0.3106887804772925
-0.10681441827555228
0.6302352720102526
0.9782499961544717
-0.21036732135381322
0.6918260904442799
-0.11056410193614409
2.349520657694921
0.2180319423117557
-0.7248174028110207
-0.6606695722325461
0.43150051357256686
0.6783217355874905
0.17657710668684792
1.3157705064248915
0.26242192442767015
2.311986805969582
1.8379479295951662
0.6331558827060588
2.6674050532575326
1.6729092462228468
-0.7458510833451153
-0.07693734039023963
0.7008791718905325
1.6344686326958113
-0.30869810279159704
-0.32506762938697353
1.731794944045719
-0.14359331858365984
0.6834649337651926
-0.3775884746181695
3.3470830889667833
-0.18859283717975384
-0.12506630710999406
-0.7333980507159351
-0.4774316765769614
0.17467257826912821
0.621894406721888
-0.259175470787695
-0.8352949664573494
0.2722179200923215
0.13875609272482287
0.19228707151715904
0.5066160097635458
-0.9415969529708865
-0.44370276137671777
2.461112153891692
3.4003165515889413
0.3688108337243522
2.8863715305373043
4.196881420391874
1.0327836197280476
-0.41806749639717566
-0.7667386121749328
0.7821980782104829
1.855412400711947
0.03857528024661645
-1.0383796797224634
0.034234229009197106
0.4305814659548524
0.0719135759471335
-0.14953403339934795
-0.21734117701518463
2.7861883675233514
-0.37468748094391324
2.329152889867642
1.810811823699135
1.3207526284806375
-0.20512443852335605
1.5148838212163336
1.0995197393908107
0.7877679749445826
0.6045471845841202
-0.2258426596410424
0.29457390795630123
0.4639552120509941
0.45739319583536886
-0.3489602472503802
0.5166571061126333
-0.12218931868543484
-0.3054898463761699
0.787696562476518
3.3181204092756365
-0.938253415423004
2.2578931220035123
-0.4739825563374447
0.15683916746318846
2.2109554562015394
0.7913333321303261
0.3010379705271719
-0.36199937911426516
0.4340639492360577
0.21475104941542358
0.06828219943803887
2.2670785797829804
-0.15077079181130898
-0.6898021010749543
1.7300463989334498
1.045937310992338
-0.9823580245377698
1.7479045972227645
-0.3259855015473834
-0.6941088853651523
-0.7203047892203236
1.8476486168092556
1.0828961630599947
0.8929650671680714
-0.6678842451739248
-0.7583844973872084
1.4637405297591517
0.41605174093335034
-0.6834118970081211
-0.21562591861680827
0.12674767018635813
0.5043875280144072
-0.3613568082414292
1.1211529218618415
-0.06613371106645244
-0.4757107496546631
1.5802320891304267
1.0009259062845417
2.4609544515339072
-0.29166803959668347
1.1541801687795314
-0.06084240573740761
0.8055757518482337
0.9097665554579307
1.9548135400804898
0.6837110495247402
1.722076515827518
0.7489709077092639
-0.7992116466473828
0.7731962445560291
1.434592726841211
-0.27501840770420793
0.2811345187354287
0.2432178311251177
1.8149941286322822
3.084604092350289
0.1888538797687325
-0.02155531458156418
0.4646556028441812
2.636285337646704
3.0651656193247114
2.1892775224011953
-0.8057648091132977
0.7192457348403481
1.0203472200682995
-0.542009581460896
-0.05059601468779447
1.1983437215815118
-0.44453675227552514
-0.8460925704383934
1.0574527705224892
-0.6234083716265526
2.333816328772455
0.8137000305438393
-0.4867166958220446
0.2970649422665531
-0.4525271813635439
2.813017803719828
0.8785601247840154
4.796436777215259
-0.15569677008507762
-0.8696094101762615
-0.08191259071210046
1.5437342398217708
0.9744651563581975
2.1000762508272066
0.25557860038432756
1.8747578313358517
-0.6730079609926348
1.0164744960235457
2.193877201968285
-0.09799002467121452
0.4921462314292362
0.5144483240784443
-0.3412147356205046
0.9879157173588461
-0.6835726820489832
-0.3126960148606283
-0.44921617963255145
-0.5850210802845877
-0.6233178607913333
0.2785173553360958
2.722374096096559
1.7998104778984887
-1.0524466970141098
-0.6113068478015685
-0.7001589503598548
-0.49148753799960654
0.2896564870029087
-0.45614665019328265
2.004245581093733
2.5686728779522228
2.5809669370803316
1.6579682614970837
1.14423876200671
-0.194599878293101
0.07184871974116457
-0.15754579073487626
2.9765489313021405
0.1834836661718531
3.0410179837610354
-0.39264025576496353
0.26896738773532824
-0.24267544351971335
0.0483073335379434
-0.7320099876945425
0.12645528016627336
-0.9261883888004367
-0.8677590822351154
-0.9148358832303154
0.32030249462407345
2.405449233367195
8.999664056114444
2.062853044179768
-0.04800180019153582
0.42692062836752653
-0.11236496992306981
-0.7420438180404278
0.48121412514372647
0.9462901598595715
1.409486632394997
0.5592607936296674
0.34534057061178525
1.6758691245970445
3.715640248519871
1.2154793717104193
-0.4948224999850744
1.5924387014477799
0.5682490872627636
-0.2732837715930482
-0.16668276021449355
0.5906472458770802
2.6927949244324254
-0.42894203872367714
4.247851227770351
-0.47969146990010697
0.13659895351173512
0.283525995733453
1.6209874060969116
0.3385168483486696
0.8266346540366205
0.6270750208714999
1.8562069846551208
-0.8948812438185434
-0.36363448113473323
-0.3206534884180102
0.5631150309915511
3.080607805071496
1.061880154135585
1.2346795861553526
0.6043632778722647
0.8681303545066003
-0.2743382387775109
-0.8597942898076132
0.506223629861399
0.17997873183169094
1.6594290641938978
-0.12663341351556434
-0.07946133234592372
-0.6555506734324617
3.24623997437757
-0.8757114594164829
0.9527586391627263
6.205267096297682
-0.321876071419226
-0.6253498835327117
1.9704963549450554
1.9190161221966924
0.23132813438392713
-0.538760484410233
0.42051736208781193
0.5004303400982733
-0.5206705199232645
0.34124451525308475
0.4121851369693947
-0.3116610927932903
-0.5674946079689005
0.4498182323359389
0.8661809963289235
3.338692227828024
-0.7798486520924371
2.561022187341614
0.08043277391248894
0.9933314450418078
0.7704399499566323
-0.980102399510493
0.5796850295302602
1.4768162621056227
4.861057992532871
0.4917453627620915
-0.7390257883574967
3.5574210107818893
1.4425620548647762
6.204391719218942
1.8427623183784967
-0.08007836649371435
-0.691897923509124
1.895765391888776
-0.34908296781059756
0.4524907668337085
1.1487972647341111
0.9356698993918902
-0.36409207903793667
-0.8452849875119711
-0.6607450239208801
3.7977817036178108
-0.33327259853378455
0.9704370139974352
0.10129925348183892
1.520288264622059
2.3884580378239733
1.3492605476822617
-0.5169738888494443
-0.7308411901012805
-0.7697936652243689
-0.00523572389398596
2.4797319741221617
-0.9892989531350058
-0.8699150665583937
0.9653753793171446
0.04917860868385124
1.108215668363928
0.5537031988274806
0.15855865330354266
1.0314170326834864
0.41211200189430897
1.280472909736957
2.506537762274027
-0.374055665869471
0.27640608993497956
0.37492180923293045
3.6405953818480343
-0.44992744388402983
-0.8572030474073316
-0.3169337822964725
-0.7262799107972583
-0.7896568987165041
-0.08726691869840682
1.335286120799076
-0.7623122906984314
0.5384853376018911
-0.21646132172359214
-0.8605954901572123
0.8144912058408467
2.5068847270611982
-0.731942394712035
1.8614089328558412
-0.9416542408003403
-0.25906298776357584
2.4868860563433226
1.4328436866363117
0.3256944928638181
0.4583505131525945
-1.0258821222721315
0.2614372147005271
0.24661782113464736
-0.6668844814920822
-0.950410589748278
-0.7876577425591991
1.5597407771207097
1.5520716695750028
4.8399028151506664
0.04848046280193041
2.447215579678363
1.0344708854010458
0.566251323619194
-0.0009422098696161425
-0.3379225982474657
0.0785916972154776
-0.07340762924952701
-0.428306220731552
0.9815909656775702
0.34938769933346936
1.3714472574237748
-0.1201836107581773
-0.7233069460953351
0.9159224702488531
0.5506918441502421
3.560078174569674
-0.3611548685645274
0.2767372206102262
0.7343289702636735
-0.9466825805365723
1.972308641891226
4.01541365770238
0.1933850898728499
4.226552494591954
0.17213278968926482
1.75766968709769
1.2844790346038
1.5178978397077256
0.12217167725146058
0.5827523027610217
-0.3910723457674141
2.279611115886599
-0.7900475800367337
0.6356311612532187
-0.932806310196039
1.0005479633201202
0.34909095545659574
4.022069319923205
-0.4547971036139084
1.886217255640756
0.5440957682177017
1.780153161866181
0.758177109595994
-0.23814984802593397
-0.56315142095143
0.6634149743710804
-0.30233785395352625
-0.11035126931252916
2.6332031854881235
-0.2275699931860235
-0.14714237704293864
0.4104866999507634
1.5416809476912978
-0.23903944131130228
-0.7038744601332708
1.4351949006180555
0.7804448581375977
-0.7839606348353902
-0.3404929225142354
1.5143693619894056
4.053896633840997
0.14441812784123342
0.061277506802610314
0.2503092768769806
-0.5616364751215744
-0.9761372845589646
1.3381290046907481
1.759573268028314
1.709478580561937
1.3644638884367575
0.011888289793263023
1.134629479456252
1.7305905052697454
1.414918780779113
-0.8153488607574251
1.5835361995337267
0.6796719460663826
1.4183894037276905
0.5500205185912195
-0.40151036566957854
1.3481794364253938
0.6000291321215245
-0.4186673952975541
1.0681881885695697
0.8161048535703849
0.988157829705684
0.6574915650687382
-0.10308961269262085
1.342869549574618
0.0679307424932666
-0.21038368152108697
-0.8961132326225538
0.942804612076576
-0.19857916559171837
0.14126304651302365
0.33209226563826877
-0.3010574624810852
0.16077438991640078
0.4038891558903557
-0.44915090764563087
1.5979008422210996
1.4657909840632073
-0.9258378454052001
-1.074528081730698
-0.6688560372704758
0.027637119722934225
-0.4688380130818477
-0.5169937590224531
1.965072437404269
2.2583057581806427
2.326150329077903
1.0755548572037328
-0.42234831235876963
-0.9527728576426319
1.1086714857728692
-0.1531699978781026
-0.8940019104669916
4.326003448753688
0.2808962085184885
-0.4977804486910626
0.3592533601582055
-0.8094722125116657
-0.749454273284172
2.5929005130474345
0.1911142044816781
0.28991866505797187
2.6133279362452524
2.713919204771973
3.372919767144323
0.9143178026823047
0.02798419316525223
-0.4473404525988889
-0.27176363431312067
-0.5476184773078067
0.24133938796681048
2.5091172951989016
0.009393891836212816
-0.44971863916346644
-0.8105824151062517
-0.6738975794882279
2.2393619993942386
-0.9999806123766599
1.8344747710608917
0.0901145002565182
-0.3136924726821538
2.0193056382738206
-0.8592876219465624
-0.3600645631251791
0.199029515119553
-0.011125697273688406
2.3633885055155104
0.08419028468139507
1.329869606245405
0.6633313321493425
1.8496689159953623
-0.9932112220032635
2.90315414304047
0.4185484726573264
2.117269372069791
-0.46682791804119106
-0.766079585320428
-0.1698398770949415
0.9700730075728107
-0.1398161093885272
-0.418742923059139
0.00514639637757137
-0.05752539752304863
0.3658385547672448
3.413113652952222
1.84646644739423
0.24307122715227156
-0.3745153675592062
1.5725461683829682
0.8153541305688645
1.0222608769556254
-0.07292964918860176
0.7088363587894041
2.926425493576191
2.288047174708827
-0.7622394868397795
1.0789400096822015
-0.07237220725692475
-0.2868776845353494
-0.4868029567806521
-0.8784818990033658
2.8440442096972895
1.622120099383515
1.1363085417337384
1.7905705290906961
0.3994155131964843
1.1568730179309157
0.4441161805182975
1.670606769392391
-0.5751316198527417
0.3385261361026968
2.6894299808374784
-0.31336653275530457
-0.23743550108555908
0.6140058187076496
-0.21925016099954867
-0.23567153865891666
-0.9166639918501508
1.207126809424927
-0.10903400301332952
4.47665660747678
0.7056051538610322
0.797918624491772
0.3724726498638989
0.4538443887531921
-0.12704117181897628
0.4739010965262091
0.11363238710319239
0.29940090925195284
0.7429888644395763
-0.3179329987122137
-0.8598345245275547
0.31027435842454565
0.10556221836480385
0.6587571516447986
-0.4777317575638392
0.9422610213664192
-0.9724667730786837
-0.6260462114472548
-0.730074560455159
-0.351508109360538
-0.9532533350883101
-0.1962028304794427
0.3593131828445486
0.24720832551689573
1.0489661124947403
0.6986556516309643
0.6603478874301393
2.1405805300412726
0.9092390603502941
4.087368087700117
0.25595492268980863
-0.5764456000303234
0.7079327175876137
-0.7126366732850086
0.44137729980084534
2.321456270342171
0.7134455659696389
1.0144681964005926
-0.7169427477379826
1.5791582576290644
-0.8331644011493377
-0.8508528879300193
-0.3654762868164369
0.4285251421490195
-0.6018930912527204
3.619064574941109
1.6268108212002843
2.832032776299077
2.884873339570646
1.9621882226443614
-1.0322839011412837
0.8584410048910184
-0.3429851779062473
1.6135936419241226
-0.10755367347411982
-0.5453806617697795
0.367078007571152
-0.6613537930634048
-0.9131968597913689
-0.14518293232160773
1.6373016396618674
0.910461064461087
-0.132214221588165
-0.04050526682857775
0.6122708874580516
-0.7747529458240062
-0.563708908040088
1.6615890024942477
0.797840172003092
0.2865856257376095
-0.8291541132645134
1.01357130730188
0.06804103691451684
0.9799480024837345
-0.9818523166314995
-0.11383211015181989
-0.3776427116533023
3.5657125488587793
1.5784632265071867
1.7283152873175216
-0.4897320272643878
-0.15705815580958934
0.24242215693630323
-0.8402503868564967
-0.9848380715858217
0.17590777034758046
0.9840939965597961
-0.542383203962368
2.321628982916118
2.649278109612339
0.5952889496061272
0.35888657758135645
1.7858466570692764
-0.5111517432063267
0.07982328299540928
-0.05658798468894448
-0.9631697355811352
1.4675240838701606
-0.12340738875826258
-0.6400764409628481
-0.25099578575239495
-0.5002343597388991
1.0440370261925007
0.3727740065244783
0.9804245306018499
-0.22435880847251224
-0.6267872231006246
0.27475061315615007
-0.0679127447676133
1.0170011663131073
0.3675091028008697
6.074545313843825
0.2621916720483743
2.0839730616068675
-0.9588576060532145
-0.9836904763141712
-0.8821801094310925
1.1695588389718545
0.28747053672908446
2.255971668857895
2.620445617616008
1.5479170960923518
2.4551884636841623
1.4741883101467455
2.430964749522147
-0.2906255725728678
1.794098024927394
-0.5386582887614088
0.29840766660949564
-0.6347329910128909
1.2126513953119675
1.3064499259016327
-0.3738238496748748
0.04826141731829776
0.9530691937647379
1.588154017612912
0.8796626858403656
1.5388801705867108
1.206061016244824
0.8879664159697741
-0.12336645217522792
2.5293749036568203
-0.34042363098039224
0.7905555168624672
-0.23505356962037066
0.3989545136818716
3.4867136477840504
-1.0668757742343817
0.18928865592971414
-0.6874783137298435
-0.013601026749080569
1.637840504322734
-0.09565953386034709
-0.5426863674123883
0.6763458105258301
0.9978704195383523
-0.539459780994161
5.253456497117493
2.8438363282193975
-0.6295758941149765
0.07755854087196071
3.9935799088971544
-0.6457125602156528
0.3397352726764998
2.1399043596954144
-0.5824028527334049
1.52268428003397
-0.6045085457092236
-0.7396207635194376
4.701156358607733
-0.45786739974449964
0.12181014563381819
0.7938517877134871
-0.4197962431936768
1.9936853866132855
2.5676789580672246
1.0863520873029795
-0.3471296058729268
1.2758911667720017
0.5812676968179925
1.861482145773588
-0.2381234367500972
0.08522973477744664
-0.7688350091581165
2.6846138745438473
1.3704105628638408
0.38326167145274775
3.2664403478932327
-0.6456110517231641
0.565768801123416
0.4105218307121568
1.8595643953416694
-0.5459875573327112
-0.3029166849576197
-0.683854021028396
-0.7257684368868123
-0.6344756592482568
0.8770752008864106
0.2245778702034545
2.992359706680821
0.6696278375253754
0.10864527360010974
0.337748411239899
0.9482169428863959
-0.04077135971746272
3.06959270032207
-0.12414101546043901
1.0459802834266818
2.346369982932777
3.5783359637408756
0.11208956794599603
-0.23486053001196636
-0.4704599218926975
0.3054586244415504
1.6174792949036223
-0.9855867114614508
-0.9128678556328539
6.79355046468216
-0.8824424069265407
4.073303362185894
-0.8560887378835089
-0.8797816680545031
1.1486203501409618
1.2177150234294842
4.503658127013271
-0.7865009253518492
3.661623871678335
0.6423980894863209
1.5617840177453686
2.3102582204674267
0.9969972056449289
2.174694310830104
0.7597101080189872
1.3920124125014184
1.1439896747817364
0.09424641488188337
0.39719152538622077
-0.0019053544346071226
-0.033649030132711054
2.5557471247454346
-0.9840174842678061
-1.04368962517821
0.9565041568530323
-0.2262535438443464
-0.6016542140459993
2.0223363011526487
0.5495871586952434
0.20206627346211906
0.23846033484501725
-0.8096468834925464
1.4731324900690252
3.7698248293984453
0.25987010332886123
0.44328114829094223
0.6071016972446056
-0.031892801115649384
4.714388467381527
0.7661133319781418
-0.9008599310711058
0.17755986465182577
0.12284617553254874
-0.09257423331949272
3.4123780065891536
5.784435649642287
0.7611073220352361
1.2388071415751127
1.5458959900206648
5.8783738933362555
-0.5252278141562292
0.5483118863817877
-0.9714825657361035
0.1082140091299531
-0.3405161143449053
0.8295425000206588
3.648329282939277
-1.065170725491414
-0.7375779346234655
-0.10325089137506087
1.103990252088487
3.1965312547473537
1.753436415639921
4.93076386944071
-0.012188511495980034
1.2977606803743384
-0.920089954653676
-0.8177027033879921
2.8613330574403704
-0.9013640283122034
0.039800428421291924
2.3920190750799817
-0.03766259002534348
1.5314080293902785
2.0076519122974594
3.132547035061252
-0.5298598383011607
-0.4512134077247942
0.8953805089180811
0.21013530446526285
-0.07077423160066319
0.011792781264036828
1.2912582239931856
0.7146256529279505
0.158062075591982
1.778999424215975
-0.488155565712053
2.726062401716078
1.2034257832870132
1.1074324828589701
2.0055015500601314
-0.2442983492094927
1.5770381415719592
-0.38530306841920275
1.6608498959595892
-0.19183548674936127
-0.8421075321166546
-0.8737429859127179
-0.769397023768899
0.13219876670425784
-0.10751573524289576
1.638737939175803
0.7129676312444564
-0.34135185255005124
0.4383760628603265
0.0403640031427371
-0.9652581289837203
-0.3154141363788453
0.5290053285128961
-1.0061135269700014
-1.012045331737067
-0.811375934410219
-0.4783852341026035
1.3944700314394527
0.1699820421235069
-0.5714500980922965
2.047901355436415
0.692268460067437
0.560828319924965
-1.004397161028792
-0.7202988560209074
0.642299796857375
-0.6388338925473613
-0.5211611043824698
1.8567588130607957
0.3979931094271184
-0.054254789046709384
-0.24176970308935167
-0.9725986791346389
0.9403952476050912
-0.5240667587973221
-0.37538008812816853
0.059793517400628465
-0.16754058151823437
-0.30576904230037477
0.3886515407482713
-0.6689478722813169
-0.7405379523316129
0.4035732363802298
3.607325896339879
2.322595704720184
0.875703180414552
0.21592076813784988
-0.8646961784626722
1.518096195070624
-0.9306555918031579
0.8193565693279093
-0.44814100838574106
0.3540446894068531
1.843518239270959
0.3680930762285792
3.2189353435743167
1.4185806793351337
0.5191206373388277
-0.35460035147569735
-0.15204344586934015
0.8133020488965119
-1.009100345902693
0.669986828324931
2.612217309519536
0.2783053290683952
0.9427457596371597
