-4.086958321283385
-3.39609559799786
-1.0361307617682922
-4.148190969446172
-3.9274347107702745
-4.060472255952689
-4.242676287104349
-3.251874384369472
-2.3293304683238887
-3.46589045137687
-1.568481921424729
0.17688691645559818
-3.0326766323431364
-0.2564220405454237
1.5997258342864706
-0.7221902076875099
-4.606767535278345
-4.52219635536676
-3.5775517316377825
-4.45067117927669
-3.419598670065993
-1.4373570550791142
-1.6240700647182251
-1.2908647304563658
-2.6545031093275226
-2.160675190500415
-2.3309404278467953
-2.070958666164856
0.2900352144738272
-2.8221944977590656
-2.710118867435594
-3.4612067671289557
-2.755833161494953
-3.976458080144119
-3.8710266035500016
-3.362049934865109
-3.499998310024963
-3.4573023835843144
-3.810290880230935
-4.144843362112516
-2.0350364564186894
1.2017838915647867
-2.557539336224255
-2.046954343199226
-2.437757612612139
0.15588656468302386
-1.5917855927607216
-2.636771635029321
0.09280664688810059
0.6799708450466408
-0.35192473485274356
-1.1910640640898682
-2.4560849783701135
-0.5524533569940278
-3.6739764679256943
-3.9748207488432117
-2.435153174378035
-2.520474855179295
-3.640954888686074
-3.2508117165688146
-2.877164494115659
0.07256288973546432
-0.23704588951997407
-1.5204258481864794
-0.20509083791623783
-2.318055011873839
-0.18567702515764473
-1.3861053536388663
-1.0871685613798932
-1.0491963635696866
-1.8678700462121987
-1.1388749977185142
-3.354063185192576
-3.600589172042901
-4.255974750651912
-2.1471461497194158
-0.8273862211749616
-2.7649038277135762
-1.7565771952906308
-2.4558825051473794
-1.1371802136530236
-2.1674416434300308
-2.729152600526273
-1.7392064807806773
1.2440109860826163
-2.7378581270879208
-3.383744360597867
-2.939456034034584
-1.4574845174610265
-0.8017264378472925
-2.0973436866424042
-3.749083548508643
-2.071421663474211
0.43141066881136925
-1.4085678985177998
1.1267333140864544
-1.1867966681422955
-0.746367133129457
-1.8994787156652524
0.6624005388798571
-0.6244554477018008
-1.3806344570260973
-0.9378394605339142
0.2122543227765873
0.9184258739013662
-1.0836162526754192
1.007044987756446
1.470486297693732
0.01422035360009044
2.0008872769281236
2.0407973768213115
1.7976298940926532
1.4589082701613019
-1.3458018806023757
-3.932447464402682
-3.0222191104182383
-3.2619611185023043
-0.5994019849457201
0.08652532709175209
-3.080242686237086
-1.1955876192101549
1.91320143604419
0.18722930296182594
-0.7181411954139312
1.265211629872037
-0.6921825393483705
-0.8395480603165438
-3.8536957203911544
3.019970146188922
2.3387203072910236
1.0119460238329023
-1.1447036302251477
0.14206159454520806
-1.3376409023550448
1.0064674138926766
-2.9315255903631052
-1.8565504686878027
-3.976227590648457
-5.141727537825754
0.9241845443573846
1.9104961654937234
-0.9834209975566097
0.6851849134532604
-0.2632132507446866
-1.9190358526051203
-1.5469622613057914
-0.9169949378381979
-2.3543739196635296
-1.1853256014609277
-1.8687487970088923
-0.2646193370242913
-3.929266860451529
-3.5704866613693955
-2.546164380819741
-1.8551460311667842
1.1376063241247016
1.6570034627181665
2.270914797662441
-0.2747485719127284
1.367629041074491
-4.021406555677869
-3.921592822143838
-4.560915687389706
-3.272493413457557
-2.4582466510306613
-1.1263830210125925
-3.2362071760118822
-4.456983190529911
-2.28236321680096
-0.041946041381906274
0.4924031876113806
-1.6487550277538268
0.5202489292306287
-0.25016641001047196
-0.6768716288259078
1.421783409064865
-2.308918611030041
0.3378797316379796
-1.0860806602912898
0.6826954022173806
2.190302969365283
-2.5203556981281587
-0.18548211425492123
0.09316506941645608
0.45804077587510084
-3.8934838916291197
-1.9063656103111748
-0.09753172612954641
-1.655487612388701
-2.9542933827418216
-0.6617540264413633
0.5840877964648215
0.33299014749818234
0.04646150989300757
-1.3972996726990254
0.3064696492438759
-0.5142771972375264
-0.8411193469865821
-3.8019027589497787
-3.2416239668179783
-2.4159935650114663
0.4232525889042654
-1.5754250474809972
0.9084845303001694
2.057270185134459
-2.8137336860162105
-0.9302716550426754
-0.7640626068167427
-0.9777276790433986
-0.845681813669309
-0.4906120114465789
-0.8566297195707315
0.7569131386930628
-0.28672746102936775
0.766947918136571
1.9365301962504882
1.2244780340283903
-4.522557244826599
-5.12419974567446
-1.977469416760004
-1.841289664013489
-0.05318220055841316
-0.4377637686455042
-2.549730921604009
-2.943136112406953
-0.3486932922374769
0.6433803936589318
-0.5075870065101732
-0.6048099092354796
-2.9374762210860683
0.2590862232679608
-2.890194666061354
-1.1899168915989675
-1.4263350985337722
-1.8574130209791329
-1.5240667181583287
0.17130400387911804
-3.225300851684418
-1.7240782244008703
-2.3856497645361943
-2.9444963120046013
-4.698782357815305
-1.1656075169057032
-3.984100008969036
-2.056420946213625
-3.025492679260209
-5.2862767686838925
-4.904394592319385
-5.154447509188465
-3.928060392346991
-3.051328524311585
-3.921284698688847
-4.183317393368048
-2.304281498778585
-2.486080426875627
-1.9631643022287015
-3.7183045928108793
-3.955918234023467
-3.606076011063032
-3.8993257279791456
-4.894338737358518
-0.6541264428737671
-0.014595637504691061
-0.2601530086954422
1.2214167662141269
-1.4828440666127294
-4.793617485893279
-3.476823386703519
-3.163777385550034
-2.8237445342964302
-1.4585891177343138
-0.7698214647501899
-1.4540189422755234
1.5679155603844448
-0.08796370899099015
-3.0067846602752724
-2.0087170953278157
-1.4229174735026364
-0.5555725518696281
-1.5443949767620158
0.2979452857111795
-2.17501718199185
-3.721385809839212
-3.9067135280937917
-4.076318664472824
-2.5964298153149117
-0.8416259978836939
1.7711042568000528
-0.36905380202666693
0.11812940512634773
-2.623450769770285
-2.0279335802423755
-3.8803316619872468
-3.6297678511757705
-2.599221216866174
-2.724120310583449
-3.0435396624634943
-3.3162622506097588
-1.6726413811760774
2.084035836650713
-2.7282143822574136
-1.9774519706992086
-0.9900826208360213
-3.627762275087705
-0.26273206947708994
-0.7552252656717346
-2.616225020178418
-0.669929744006035
0.7323652547646469
-0.7382785878089029
-2.3687054709667787
-0.0476503539011206
1.2431136016184698
0.08651495873298409
0.37397858786353977
0.1776763198643545
-1.6239427329813574
-1.099344589815347
1.4373828142411829
-0.359137957647947
0.7338148588257775
0.9093467370289346
1.590617830822366
1.8827188498020915
1.36364290107771
0.06936870571214837
-2.5073344375742024
-0.4220340459478682
2.269717001669653
0.5117370019628352
-2.1071479423890853
-1.6714480702452108
-2.464331918016794
0.6603617540886785
-2.2664851363424843
-2.6652079355852014
-3.616325790966357
-2.8437542771249804
-1.8743589620718564
-1.2557106468923191
-0.8681742790697046
-2.911174009665156
-3.0179933874998235
-3.7933760332032977
-2.942163434753789
-2.7391197430032954
-2.9794703708888903
-1.6451988149979095
-3.1551870740162906
-3.741575060479022
-3.515677208765833
-4.830082613893466
-3.28986776817613
-3.0856441331757267
-1.475853186114846
-2.3115735343147765
-3.2634621443632614
-2.8467821553396804
-0.8340196909900722
-2.439599487758114
-0.5464321863423767
-1.2882948319390513
-2.1822542039790105
-1.4868030589819692
-2.4801071675646935
-0.8816123973083876
-2.8563895171925484
-1.9487996148144222
0.8279195274878173
-2.8147693095064636
2.031446485296683
-2.7125691649368915
-3.0078891423571097
-2.440262082789755
-0.0017132495286316107
-0.39523464350931264
-0.8089474428441141
0.03503690826075223
1.4200801089360429
-0.8232782254167049
-0.6131763700155589
-0.5325824101432
-0.33363767259750454
-0.754153348406715
-0.05744665390620174
-0.12053402863124107
-4.971019110747905
-1.4940974527333186
-1.181928101617844
-4.70888716352108
-3.2604051973046606
-4.267616580532171
-3.0434194517649087
-3.582827499330582
-3.701257824374221
-3.8225755391743177
-3.404632115789096
-2.0501635689766284
-4.155142672778694
-3.3597071135926204
-0.44900703426221766
-0.968174044450425
-3.6420520236173735
-3.5450096286615462
-3.5956017827203746
-4.845725719524587
-3.8853973473074017
-2.9933835390700305
-0.5349956534236127
-1.7082083529419234
-3.019803856497612
-2.560117997064008
-2.8310955705634546
-3.1832519514837965
-1.9698138841097474
-4.084023361915714
-3.850493786892878
-4.536498298004484
-3.060752890439778
-3.398205578935179
-1.5645160541189833
-1.8662125649236567
0.5127153749243699
-0.105736147461156
-4.109143821031692
-2.5915851868142523
-3.6394759163753556
-2.410875426389832
-1.8564518446150067
-3.2934448825272113
-1.4495685985360915
-0.5898206488469486
-1.4208299762125596
-0.6168907912963775
-4.082769005435884
-1.1338190123410679
-2.033609426637203
-2.1063321621725395
-2.1024150391912215
-0.11110878727705964
-1.71350350204639
0.47467175072291834
-1.3632265978866696
-1.2868932837734222
-1.0283637589505923
-2.0298122739681714
-0.742214603175205
-3.417668446755215
-0.8391466959173097
0.8362745323741241
-0.8639553088532852
1.8762772137370298
2.109853967826517
1.4280190544076419
0.2046671180059878
1.4071208253325018
0.5975786179696363
2.342427116158069
1.7919485586942954
2.0409290680599566
0.3416716413453167
2.512791240953794
0.7163076150570168
0.1077735404217528
1.6283405040330803
0.1096063622551531
-3.129674905070245
-0.41558770645623677
-1.100210038797238
-1.619307280496276
-2.467576136956927
-1.3154349403997971
-3.5958793882787923
-2.7794617524447376
-0.6223981304917621
-4.256432220256357
-3.869987145094991
-2.257222464372288
-0.4016421211539154
-0.5672336339848696
-4.823411789964637
-3.3565459825436346
-1.2822465283912696
-0.9133141758797967
-1.1827875410236037
-1.273958991751841
-0.4871259242819291
-0.2973555993772413
-0.9300528318154249
1.8988017929658159
0.8577143218253827
-1.3553574657707055
-0.5891998147579312
1.3072356938520386
1.0065622322379744
0.15961445723582057
-0.7801110490570903
0.813215942326589
0.6100974360669034
-1.1120559329346087
-2.563070747191429
-2.2915571112164463
-0.7958111290350665
-3.6501424777033185
-4.17950415247676
-0.3245447769405724
-1.6707512275165848
-1.4943517693461101
-0.9884060830161507
-0.03419112154365389
-2.47810701461564
-4.044795748878409
-2.104383905152175
-4.542725339916176
-2.6312780000341283
-2.122689858239185
-2.1494780531005993
-2.919364846966553
-2.5076050474626426
-0.15540687895300143
0.33497743699888116
1.7201142106531528
-1.0645825511889608
-2.1892272333403966
-2.268536339412352
-0.905450948963781
-2.179502823655362
-0.2724533519000343
-1.6222890189655452
3.271308889879547
-0.19234573050765635
2.2574140922967723
-3.11148405260299
-4.796463051830633
0.19667718520804942
-1.8276347590308024
0.18615129401588848
-0.8420916840190773
0.8866773229448169
1.7915630239428821
-2.2132037508822267
0.836240820208222
-0.6804530156287771
0.43679067352905343
0.4431269385597184
-0.27238054905362075
0.8470210602878337
-1.0799158555846224
-0.552786652573583
-1.1138056795712075
-2.049147271470253
1.3617883915044748
0.7412661985805878
-0.7187446694888975
-0.060484559365938995
-0.23322260156282082
-0.30278419593269856
-3.0335118439412287
-2.3959354723044126
-1.5096602055141306
-0.77324700508796
-0.3157820408550729
0.11770266973991139
1.6806210121140999
-2.8497456474870475
-2.461135571230797
-1.4697603270741395
-3.59597816868423
-0.7987143206367484
-4.135475468123605
-3.3452107187259537
-2.7790214090957073
-3.4983788270018468
-3.5768492518663386
-1.7892827166122862
-3.934343576820491
-3.43389523876563
-4.674748608357589
-2.548959104603276
-1.999651225600636
-1.2792198624684303
-2.98855555212698
-1.839031033738282
-3.6502983228986223
-3.9699271719485956
-3.8844860355431634
-4.591296825057613
-3.4729839404409257
-3.2448345860175425
-3.091018282484549
-3.2292790452106668
-2.461198696559267
-0.8280896679365732
-1.9278127799469464
-0.9242871307855912
-0.6825643928278666
-2.434992771014662
-2.4264452681109105
-2.221021544760946
-1.5152124186386335
-0.980401614197994
-2.2165566011203444
-2.6337365642925192
-2.651231608930049
-3.827342298413321
-3.593715427686296
-2.70706635125274
-4.6612912023317
-4.417834552471156
-3.7341038297233076
-1.8003365222661254
-2.0559256717664804
-1.8231129910183983
0.6603498186517689
0.04476047978201059
0.32963451760630447
0.2832025226569812
1.1289507653980024
-1.4330944912904482
-2.2481332722072147
-0.05027283599214272
0.3697280257545692
0.3992092619714732
-0.5905107043935321
-0.5104595820257092
-0.9791592524650065
-4.191097276682114
-3.2438140594289933
-0.8948598800804364
2.167791597408118
-1.2005205182574064
-3.633405704222476
-1.850639041676764
-3.807041598558014
-0.5093748141928576
3.8305926945912745
-1.9972391155155294
-2.473680389535748
-0.5786833958006882
-2.477744497305328
-2.503384756291205
-3.62921032228378
-0.6419341736860266
-3.502648029512117
-3.6884432114440617
0.2499520207041389
-2.7708564101605
-0.28788237377614156
-1.390268295378604
-3.551878518028391
-4.056727301361288
-3.996839600609719
-4.165175853044281
-1.3831538254447349
-2.2036341659300938
-3.8585957329157115
-3.5542675471022145
-3.1534899971748604
-3.2552377143968707
0.05359997247990056
-3.2881900217546516
-0.4993618459232503
0.10939541307007405
-1.7444967202755601
-0.6407256546756596
2.043823730789709
1.1638833485586475
-2.2132006034871456
-1.9410369953932516
0.606089786934757
-0.9165465891471423
-1.7784746043202913
0.6932603547924537
0.45029655187744777
-1.4974072373835008
0.4744492288208404
0.13005951391776083
0.5230033649824192
1.5977023723376218
0.0765593677043237
1.0107452188336161
-1.6500673522956837
0.3391189070646421
-0.2285800117941882
-0.2856021437658952
-1.750526537309318
0.8475187710528951
0.8047591154615188
0.05297875861673362
1.0088556770452912
-0.03954371663323508
0.602778674982658
-1.2535809275562393
-1.3706261230277743
-0.7295591850254893
-0.0639518244786782
0.304247911272546
-1.3308885532160155
-4.632640268686909
-0.8436672217795198
-0.932799972997994
-2.3790669425884445
-2.095080109218409
-1.7056804295408656
-2.6923663227876333
-2.961397435156397
-1.0477587350019755
-1.4284079665320129
-2.1000485873683012
-1.01076593252539
-1.2281745241939952
0.23798909255081147
-1.7800532727367533
-3.203932558155961
0.028658667882421218
-1.4611410956315867
-4.094350101504241
-2.7255378876950407
-5.554234422899606
-2.970674832395064
-0.8179219809817052
-2.518448114120879
-2.8949962610781936
-0.4053162009310435
-2.3600490200985256
-2.2935213892470463
-1.7927807683382238
-3.7716493737698946
-5.352898159339503
-4.22881938628829
-2.214795292246786
-3.5553949357490757
-3.7262772869465897
-4.620687573960758
-3.405484383401677
-1.5333738847511196
-0.38578184147055616
-1.55376893805585
0.35565554567323077
0.9249473123185598
-1.055913204158462
1.2844728309806923
-0.8858289038795986
1.134107410412809
1.4084079117061648
-0.7488441745453742
-2.658322279781088
-0.9016336531056891
-1.708227301061361
-2.4354166251725022
-2.2215361768617115
-0.39776591228675884
1.343189974301358
-1.955170340621701
-2.499258000289521
-3.2805505855852166
-1.9829399987660226
1.6612143661537009
-1.3122396808646015
-0.7064487328289869
0.0647109639948561
2.034165361348926
1.3833833745807655
0.7733455945450916
0.8771933158566122
0.986305863178369
-0.9102475293744704
-3.7500896468378615
-2.6617354689608623
-2.851236264812175
2.018183410185174
-2.666403046849795
2.773857451807605
-2.7941580382668882
-3.6239583259832493
-4.018969346842361
-1.4221458445445203
-2.622680672286362
-1.916837136961946
-0.5849949298168164
-1.5741809806693194
-3.7952252412561087
-3.217758690460397
1.4380152012166942
-0.7040557584680818
-1.4390696894778334
-2.4157648605009845
-2.974294877192095
-2.8054330944792243
-1.7465155161284165
-2.068657193341342
-1.9306256251416416
-2.9389752812543612
0.41301426529026897
-1.1537350644164248
-0.028732480629763524
-0.3161066695850011
-3.225355789318732
-0.13385679149736263
1.1929736694719022
0.4539372763212639
0.45127180958581825
0.0941240165074555
1.290428746223819
-1.253134814933246
-2.938350714921259
-3.4752173515001923
-2.7828893559909336
-2.9621900004004735
-2.604055547194795
-2.1135454807251777
-3.6198804421302073
-3.4314648086128976
-1.1674499431181087
0.15513711237929484
2.5565663099730283
2.5804848483131595
-1.7095543661021906
-0.4572445801549116
0.9094261557533783
0.3040959217372122
-4.3136870238995755
-3.3407428862621167
-3.970472185741537
-3.3849412484759194
-3.1058133213041113
-2.6371010947648132
-0.6073016592696769
-0.6012565653092683
-2.7261403238905197
-2.0942146467680742
-0.9091187604470704
-4.146524497275095
-3.5016875879830263
-3.054277310496883
-1.3147130796639068
-0.32445769434472693
0.7216413621619346
-0.7594135689544474
-3.1925447128407054
-0.6598835961024179
-4.893965646321853
-2.909523548573921
-2.500211220343868
-2.396806534503934
-1.1694959452420282
-2.139967954224921
-1.1617202092009946
-4.399563127971497
-0.035878816867997654
2.8040268040082785
-1.4547263838086413
3.3197735511006647
0.664820385044955
0.9971870128037663
1.701961362312867
0.20367276107279375
-1.3148648626341553
-1.8997540498449472
-1.309684008202959
-0.06075314017270239
-4.461826185248823
-2.3638818125483807
-3.75536412904418
1.520959367776656
0.18216921261434182
0.75523969572718
-0.368586762685719
-2.10463991794055
-0.5971216374523723
-1.7751046195841806
-1.5755582482139028
-1.5149093246627285
-3.084958946250694
-3.3895819965703424
-2.073529684066214
-0.17219538309267102
-3.8335984705481763
-3.0507618512294115
-1.820854324425468
-3.1018244909031734
-1.6806631143960784
-5.081063061493669
-1.8793157559590186
-2.1077202169950207
-3.3000800700692032
-3.035604810301327
-2.6355776493138627
-3.1552754259263587
-1.0476162346594684
-3.844129200312044
-4.807663693262384
-2.0168230483359073
-3.665576557700673
-4.049736854366966
-3.7281686542685186
-2.629570837839694
-3.1664739075524753
-1.024702584198364
-0.6877853749860117
-2.884695087730793
-3.9392024919904656
-4.132798689634452
-3.850787101368514
-2.74271035135508
-4.307583788332478
-3.452818535918384
0.8238508270357335
-0.3334005206398081
0.47835543065775643
-0.3243383355720395
0.014172043226169162
2.1449114081974003
2.0682693984973586
-2.6868622609988395
1.062202464480428
-0.4736929840375099
-0.9777954153308994
-0.5914278698549572
-1.6741594195824925
-1.6890517283666329
-2.131689223272592
0.7099176770335124
-1.8397873708659933
-1.3705168203397844
-1.0065686058583214
-2.2593721802648474
-0.21752188491430285
-1.0944314008952352
-0.4803291736231654
-1.659998967434614
-2.928446520451762
-4.167066252880586
-2.5321652226188163
-3.7280862021920624
-0.5413875066030085
-4.128674824849771
-4.0027502452867925
0.4118080525134319
-2.2629049054225057
-2.6606471553125277
-3.4125910764279057
-3.7425459707155966
-4.286599124849351
-1.6142008523266997
-2.010150803646681
-0.004030985907667484
-2.15659048515292
-4.95469593416108
-1.9303619180834137
-2.8028061226323717
-1.6625237545071523
-4.351303521065564
-4.063257943470621
-0.27211397987186436
-2.5446992247576095
-1.6173674914932281
-1.5252663440521061
-3.6238249278653645
-3.755705920243939
-4.246861424847642
-3.4717141694891955
-4.841968408041592
-4.699025848500481
-4.417025481870331
-2.2266115415525203
0.2928551012755799
2.1014814341732224
1.0351920366577985
-1.0167980238860252
-0.4192788912843568
-1.64351415507403
-2.096174562511081
-1.088314329131192
-1.45439327179907
-2.581038407472415
-0.5693817130923664
-0.880853919630642
0.16994197979159986
0.8277899716913051
1.0165647818029786
-0.03157910626453786
-0.29485842740695156
-0.9541184705435423
3.5318499191634025
0.5430462226025139
-0.9729005574825309
-1.702968959474604
-2.0411416440817827
-1.8089063336930302
-2.210042621065099
-2.987158649025676
-5.494285632337852
-0.2521737585842988
1.7717731854452274
-0.7414407739730016
-1.9003316524823148
-3.2049880716411856
-1.494678938462835
-3.150988788407114
0.0788844667486106
0.13428980849018712
-1.4593933703111195
-2.7546732868223645
0.10996081055789542
-0.6564792353984061
1.2064120810836743
-1.9025076930096703
-3.282141590333768
-0.3072210834933047
-0.8393764033132421
-1.7170232692110299
-1.2074743069078369
1.6425707562787029
-0.3684709135995756
-1.1075068367655918
1.2183013726091878
-0.31156066811923655
0.7497558131299449
-1.495707295724519
-0.8798455462980641
-2.2163111008213443
1.4612333850885337
-2.045579631684982
-1.2947145535951878
-1.0008059158043086
-1.8552273215402977
-1.9446629686331889
-0.04047942239809055
-1.0084265776867365
1.1745564137214433
-0.7277734927790394
0.3215070832426794
-1.6694084760495052
-2.242508612683324
0.04128616712556743
-1.9285645397176179
-1.7590417830944491
-0.1806631717644277
-3.7217765763886366
-3.155855495968238
-0.41736553810047683
-0.02830949533452709
-0.9331265840648131
-1.5204021725946064
-0.3491369259682531
-0.5819776035960602
-0.15916831140653376
-1.5652371350656114
-2.0537855943930023
0.7178722298275357
-3.513775115210845
-0.39346872257230003
-0.1321749326084618
0.45003091315470845
-2.0464003671461315
0.038796158389242
-2.591311049817736
0.8670260770481149
0.5476977956647857
1.1566956562933046
-0.32730329569632144
0.10075710057932341
-1.3287166243471131
-0.9685342269480002
2.819203714800347
1.7246117385518414
-2.6151130513734193
2.364674924131347
-1.5012823088460658
0.1282940624598644
-1.8717851037226894
2.1062175549727176
1.1120461423455508
0.05730534754380279
-0.97201964806563
-3.7800012081217185
2.651444922609127
0.7908976198875195
1.079987808304648
-0.27263713011365764
0.8541649350798596
0.2712276714083015
0.6042606865951732
0.4205946118873678
-0.8262502143252803
-1.5083453906318338
-1.7540931362768424
-1.1509421855699242
-2.5606891524394286
-3.6483256881194044
-3.951606537848132
-2.8389992534965054
-3.0478338383598973
-1.8951883765627764
-2.9255360973268765
-1.0585064680575669
0.522047279919643
1.9250288473683947
-0.10070940792108429
0.9998692089488909
-2.221297551244457
-1.844387226819922
-2.486769326652193
-1.0680093739789502
-1.0385258046733612
-0.7668575229676307
-0.13423929120024392
-1.0628553713425664
-2.908110955981428
-1.326022213074933
0.5974713243266617
-1.1878121759024014
0.39402240027639945
-3.8855288585969547
-0.5103123399255829
-1.9300646338831235
-1.7500137966310814
-0.7747221087774674
-3.5158226035317535
-1.1621004793955048
2.9492187498392144
-2.078712661401523
-2.646699705102233
-0.7449464321269128
-3.2143690657825257
-2.628114787772538
-4.476689357911905
-1.8025184249273851
-0.5040837851853404
0.29263142021130295
-0.8705417885267726
-0.9955961596462306
-1.9498563009863483
-2.643611392647435
-2.103209446037252
0.2572074234199666
2.444799376443216
3.402445872953156
1.1267239361258508
-2.0598382326590303
0.17387714426143464
1.2958847307347274
1.5943251556649962
0.5308456967672581
1.6097033151834688
0.20194962537034544
-0.04603702494747308
0.08999875698397952
-4.162385775992867
-0.6807596184617457
-2.5695334542731114
-0.9934785358693635
-2.1676046827459112
-4.812348637999927
-0.30130632996916584
3.261418550777873
2.1822075206641407
0.33493870241241197
0.3570536829012442
0.7496275644840484
-0.1859978342848454
-4.0585936075863716
-3.300672973312591
0.9763117537165749
-1.5146547099515248
-3.0613116257155455
0.06821967613908153
0.8345907174820411
-0.5330313353335504
-0.49278255717546937
-1.124371715400967
-3.4346002706560412
-0.5063485545671929
-2.174097188880386
-1.6048330737283938
-0.5538938236371184
-1.4726118172035025
-2.322454953453164
2.2829874509958166
0.05247066712333448
1.4936484674018795
0.9188666637899194
-0.2818956107373445
-1.1958641719407055
0.5704913365040991
-1.2821450592372532
-0.1833514058472525
-2.3587111437035837
-3.7887729054181514
-3.8949986322422743
-3.6020840960906897
-3.557350368332391
-2.010281546842241
-4.495712796261927
-3.074505256215813
-4.258568664940265
-3.2275056841157377
-2.128745149604153
-3.612650730261418
-1.454000793674901
-1.7252079887920455
-3.5450303117519404
-1.0243189286713235
2.054133290550313
-4.0417596509124385
-5.474165740934801
-1.17541674097131
-2.4019380813524696
-1.8322007522801864
-2.197648415752031
-2.5761011369134215
-2.1715364590810267
-2.652370774885159
-3.6499653737996756
-1.13443523900898
-1.1532230339337382
-3.3523492609771117
-1.1964962313520966
-2.8184847712834977
1.1331531668070356
-4.90870718299217
-1.6281835263825206
-1.1371982031667753
-1.334945126160262
-2.034610471617976
-0.815572368305631
0.06534591885284868
-0.2964588680651661
-0.30329589512239874
1.4030641200395564
1.7271896403674656
-0.21783552055452315
0.5421818242227283
-0.2212474922144153
1.2832375348323095
-3.682209897510209
-1.1788250623030425
-1.6794630598824203
-0.2932710519783425
-1.0069280847859803
0.5117989028931027
-0.28326518200006245
1.301858298247821
0.1675221638379032
-2.682496016696935
-1.2606062479557272
-1.6588956413291098
-0.6456814874387301
-3.719905334704063
-1.6061841448334926
0.3751356458296258
-1.4633386962726107
1.0296128214634315
-0.5595076276956509
-1.0691464718415666
-0.36601136926147926
0.8334706427691435
0.04507503121690082
0.8584288816299362
-0.5840347513479309
-2.1287190412089596
-0.890480101248712
-1.0741028121093492
-3.4925929856662856
-2.427640072513554
-1.0903487792754365
2.744433028087294
0.8748010036980969
0.4912707640342916
0.4887216526645294
-1.440389441794313
1.3332713122235693
0.6360292425822304
1.0230761973526457
1.1317203438898824
2.0454570947095982
-1.4584208614079022
0.17529845905099983
-1.33764098780155
0.18996241673720538
-2.423054879871672
-1.0610549210438436
-0.3608571350055796
-2.5064941371111806
-3.202621514554206
-2.752914643475856
-0.4870436943566857
-3.5528478335337463
-0.6730711209530598
-1.3855054021162791
-2.8953991512074677
-4.389667870843884
-1.461205050046144
-3.3552093367766833
0.05958438054705251
1.1234031045490795
-0.19329902598974924
2.3481588334280383
-0.7156633703437079
-1.4544032994074954
-0.5948447404527566
-2.375507276612071
-0.4893745445883536
0.5506839162004136
-1.487933664160181
-1.9598029241688188
-0.7333783600043483
-2.4099488917971787
-2.4039868594024005
-2.1088050774185074
-4.114502790712329
-2.676458169318264
-2.3904890182326275
-1.7923347190937842
-3.2130355348355857
-1.5460681871266957
-1.0311003002236159
-2.975623144649603
-2.337990102878865
-4.6381309422024515
-3.296476735105109
-4.1999236878590605
-3.032666138992247
-0.536639065631771
-0.2921530443617043
-0.5494672516984138
-0.6701298655605258
0.3596648152955021
2.9064897978082156
-3.4267261088993406
-2.6190555523175933
-2.84998711540132
-4.059053895013423
-1.5853032348700329
-1.2627905817827831
-0.5955967161972532
-1.412376797181717
-3.558715682316249
-2.3921286494327942
-3.2071818328443826
-3.2014687739681085
-2.0654114192690143
-2.18135278055559
-2.2045626740140793
0.18911619746376307
0.5537946478489655
-2.120254006954436
-3.0197860481899452
-2.744371883768786
-0.3031936698673613
-0.7186278957453531
-3.3845929362847675
0.21527948060774182
-2.5974312564377073
-2.878972488525324
-2.5066268708805715
2.690280064279539
2.0985890476599653
1.463766917498436
1.5235352983771344
2.36583117703609
2.6235326869459463
1.5724312619625223
-2.308753788104455
-1.1074258780458308
0.22453555931357716
-0.4883043639247574
3.4823955817863825
0.22286217636557992
0.7867856462689234
0.08493937237850213
-3.955598483017553
-3.431155804252425
-4.391588284683035
-2.620970810775507
-1.9387968268800533
-1.8128927097275955
-3.208790684350024
-2.3983139320083064
-2.2355339301004147
-2.555104679907251
3.5299867815810826
0.9273155843348648
-0.33564422848423203
-1.1589210365063036
-0.8065433493940661
-0.21302281472283535
-1.6929201039098747
-0.42036319623532253
-0.13040999982546664
-1.1455929282309905
-2.4191899281497253
-3.6672028302114876
-2.0418690163363924
-2.4577883223617762
-1.7223386341038984
-3.7415755472487273
-2.720913665910528
-1.831731312605657
-3.218488674447089
-2.47322361015618
-1.7812315290124263
-0.9701353750505441
-1.359800114215258
-1.0732579801348472
-2.8719655292787114
-3.1453153691366253
-2.1928060931348368
0.14071306378216064
-2.3956706056533967
-0.48094946812092165
1.0429951183453954
-0.9612170743175676
-0.5054878408848549
0.7377665767629074
-2.8462777155104027
-4.543795646370632
-2.2104592779120797
-1.2080654178216328
-0.8641905693291052
2.0350872341494783
-3.4628199682538052
-2.6478090347437213
-3.7577242086171685
-2.5866522931254057
-1.5654506272459694
-2.521608723855019
-2.6506295356186795
-2.6457401763788715
-2.05694317810066
-2.236816486651187
-2.9620577707033102
-4.097677867516534
-2.838907250695604
-3.767828987872318
-1.481990735750351
-1.178273371143511
-0.9371894314286463
-2.701754707550541
0.2994477064641088
-3.7549838525700405
-1.5056893640877227
-1.8386481928453924
-2.5811100029887646
-2.3756896436623487
-1.7337222317047605
-1.8923586801190484
-1.1450275380828323
-0.5293081226903148
-2.4712074328006763
-3.106694328595119
-3.002632861176742
-2.0923801460007
-3.8931424055722066
-3.9603483645304096
-0.6671640397003992
-0.9164344956126167
-0.5512871735326459
-3.371675690276545
-0.840979049821427
-0.5880771068863466
-2.5998962283136686
-2.2216875472098425
-2.0592774614974214
-3.904509421507716
-1.6946618018612651
-2.4867879433647975
-2.730823571561395
-2.8624643630504725
-2.544223664946697
-2.8473377028578595
-1.6453756973341878
2.6606084999463655
-3.3861376835131827
-0.3299645555235978
-1.7069333374450837
-3.7070348131224184
-2.051994137937085
-3.3551925727448824
-4.699955178660993
-4.259160351928423
-1.2195173585227939
0.04988736417420481
-1.4398826978856356
-2.075195436428027
-2.649828570126887
-3.1465792358861577
-2.742673579628704
-2.8863990000476862
-3.5818698676428316
-0.8512477627401406
-1.6912593587923481
-2.273989485946057
-2.6728366943721036
-2.830569849614731
-1.5864656682893932
-2.2370857528534396
-4.122066519510543
-4.466000424328984
-3.543901029077036
-3.7284047007149352
-2.7922942424230692
-3.8973202824644693
-3.6361942390071325
-2.664649201459599
-3.5352575062895566
-1.3272088494858671
-2.1722237307645607
-2.9414457992574863
-1.3153157399052133
-1.256199060957004
-1.8317511704591936
-3.5207696726304554
-3.521187341226292
-2.6139914350363433
-2.457158455712472
0.8292391247872253
0.9376191378896079
0.9451437043320317
0.3345644721278943
-1.2357048883220727
-1.736108416320904
-1.987248701722792
-0.9581558985062691
-0.5556654137103063
1.2703283340833735
-0.3230159457886423
-0.11588269695192688
-0.08867345085966072
1.0407885298151374
-4.037941572366829
1.2385800706926793
-0.47814581206254625
0.596633425982304
-1.8383005959295664
-1.223179840380348
-2.229717123798518
-3.2711128697170553
-3.2415100072848513
-1.5090410891093344
-1.7050894148643891
-2.297033651704923
-1.8797884058317975
-0.5773291788403571
-2.9277422397021207
-2.2202365350461357
-4.6275053269919715
-4.3527414786149325
-4.057800367013396
-1.023480601886466
0.9479370256488143
-2.003581096305502
-4.254294298681062
-4.683918925003934
-2.987292468364494
-1.99094564557775
-2.6563960597736442
-2.472663662177867
-0.6916021514861268
-1.5766076169771188
-1.7797121156058768
-2.7239119312003326
-3.4103567682320133
-3.9643288171749944
-2.8627271158128003
-4.5812541338772546
-2.216575394835923
-3.665923019622209
-0.5754563437728663
-2.2119624562328184
-3.2972365640215635
1.242854619498458
-0.040102079912854416
-0.47127905237083817
0.3455777945556112
-1.112285379714167
0.0441499883068075
-1.296238010901467
-0.8893259147185619
-1.7026880755150844
-0.9554210073804956
-0.13271643636909303
-1.4559324771861786
-1.9394751294780013
-2.5896077275629787
2.6903052126082168
2.954490512724382
0.9785462461310979
0.3573137796739556
2.7875220138443475
-0.10068434810577909
0.7553541494789148
-1.4452776234041997
-1.3514222000184484
1.0102109668290127
-0.38968417232683883
-2.3390935427931705
-4.541015762286939
-3.1064554388166927
-4.3775920052369175
-3.7020423546531767
-2.9862821282074723
-1.7360069067249564
-2.1730382077009636
-4.661858534949831
-4.212220442563189
-4.255471277663704
-1.910183289854572
-3.180756685382429
-2.3098092207409446
-4.0441970934399745
-2.6717717699247037
-2.043512680696251
-3.1297012303700535
-3.5190463443490168
-3.7036127334992583
-1.4638868703603873
-1.1692020810161958
-2.956696482120369
-1.4262346925782285
-2.0346314483026013
-2.0160158797536063
0.5121101239657366
-0.5779625991761246
0.1662860274707173
0.2763764081167748
-0.5599804738385615
1.912213230264752
-1.6124355381004303
-1.933381611012135
-1.4214849572780635
-1.7932663358431626
-1.4920165983641154
0.1489211879561595
-3.844461426050077
-4.155847968348585
-1.31421363239898
-3.4402582893918776
-3.9222805204050504
-2.5637770091817917
-4.740027499360945
-3.4047819466626668
-2.5072242855192983
-2.082811414064165
-2.4716949297766777
-2.736220351760189
-2.528823107764093
-2.906871167603364
-3.8599183046963432
-1.5209766854368034
-2.7418856360233677
-3.957142985587468
-3.0888683534982535
-2.0372141337660157
-3.208615762734807
-2.6243684118443227
-3.077865778820466
-3.2954143343593976
-1.8362571753367871
-3.884097559562841
-3.259850518105023
-1.5840925577852532
-3.592707665093875
-3.4847764671036465
-2.9578664389186957
-1.9845603759786288
-3.937465548011094
-1.9074828727325384
-2.6139958656898257
0.15970272876090563
-2.179723357560791
-2.383217775141277
0.5157660124310075
-2.2573358179250262
-1.2044392610187309
-2.029391351667877
-3.23042692039251
-1.6460552538004936
-3.2280627383521745
-2.977751234487981
-2.2938713851292034
-3.9379035084850225
-3.3517719989191503
-3.495536668690284
-3.78805553271176
-2.91105138008217
-4.769267517426771
-3.183335884636025
-3.243109010529708
-1.919520270791507
-2.247447344791369
-0.09682670115810299
-1.3375348005938323
-1.5732017441547377
-4.333659396067754
-1.5924453620652121
-3.18379244138262
-2.961525270552328
-2.778706090071936
-0.4882684359506904
-2.91811856572234
-2.7597729985542596
-4.38622954394218
-2.2322467664188066
-2.2021365443520526
-3.4589838864516094
-3.747850167630522
-2.6022171554561497
-1.702142149772232
-2.966528865739896
-3.0730013609256774
-2.196138683330089
-2.1713949731247495
-1.898001982072122
-3.191222123512328
-3.504843686623296
-0.9667358712068268
-0.8564608864359806
-3.1728793548728964
-1.2857806787341055
-2.8060599436928904
-0.9933026737657312
-0.7647572623123744
0.4345083920701831
-3.147426251303058
-1.6953084463546206
-0.8016745665406666
0.6737376562491698
1.1094334614490815
-0.8649810491034913
-0.5589413343388805
-1.8514813826363374
-1.4687088785892346
-2.6047368026747098
-2.6415072844837124
-2.7934689803634956
-2.628915634501825
-1.9345465032020859
-2.9755743133721646
-3.320916992625301
-1.509614150532442
-3.1002475149853197
1.7258751121924387
-0.15098678801148768
0.19770718945143329
1.7388239336399307
1.1964818575681353
1.221127729257403
1.416020485300141
2.5830680206047254
1.4531179341861007
-1.359555367602745
0.7236541053774452
-0.837366094324543
-4.195928382648124
-3.617647066743885
-2.9686537107675637
-2.695884735230649
-3.0258336993851804
1.1583164163474418
-3.5315073429351447
-0.2702810476569405
-0.3252740408446942
-0.6709773690400527
-2.9443354827863475
-2.359706199102618
-2.594429925650199
-1.6092094602050404
-2.0431166852724387
-3.2695339713251457
-2.2178814650455694
-3.1572123965803254
2.237987727320304
-0.0071937044643010095
0.9346796676968446
-2.8489159755062214
-0.4904477364088511
-0.9006037690796562
-0.8943716104988648
-2.190205254486867
-1.4354124155908292
-2.35087588320277
-2.1896941762963147
-1.3755614680131365
-1.2489839893528472
-2.175098753470769
-2.2661694209302694
-1.1669963140292656
-3.4771547056419934
-3.1091864904766804
-2.86293477142111
-2.0735944835189684
-2.642438849296973
-1.2857957887897253
-0.5416709314694761
-2.4292755072675805
-0.8294285742086875
-2.8716892294758827
-2.957788403832924
-1.6912884181189645
-1.6105099666800597
-1.2218029531919106
-3.1815158342645056
-4.539349615080207
-3.440158387989892
-2.7760283500529574
-3.2981100306959203
-4.018752612689657
-3.572569335134884
-4.246434297534984
-4.76662234970384
-1.1366705634343086
-2.0374089190417877
-3.4416413203132135
-1.9167680406456538
-1.6608311263379127
0.6259840910638272
-4.112683414700155
-4.341795176541783
-3.8367895753835666
-2.6431318414485148
1.6194226357915178
-2.08725094578608
-1.2001056563047994
-1.4222658013734821
0.05179303434762117
0.5990625584623069
1.1726662629779452
0.3091637643888435
-0.8943971559702268
-0.2497588618692478
1.2843681756218286
-0.3206619592167802
-2.809262378571355
-3.40082388344394
-2.1635871137791747
-2.2333672714218404
-2.1980700466014302
-3.865241624755779
-3.242325376995524
-1.8093965220176504
-2.8727826236485114
-0.9497434480982432
-0.6154467638900558
-0.5913020828174234
0.09027866639382376
-0.8900331666242883
-1.551197150025755
-0.3096105734587552
1.933723094424988
0.9269170522257879
1.5858247749881622
0.8605799491428832
-0.38584500689653767
-0.276491191897706
2.938029746148172
1.798120579035596
2.2085781177561397
0.6752905521888712
0.07628371450087268
1.3225797871536986
1.186978180908187
0.14563188015449968
0.5835060770391216
0.35315834906727417
-1.12774180250112
0.260598928408594
-1.4552756276019485
0.5533060579652813
-3.123449270397071
1.208837662827846
2.3496138624955503
-0.4962935021188343
-3.5092781998658427
-0.1343533533579221
-5.524317181779743
-2.927702411419531
-1.3999922094427792
-3.103580841644802
-5.137211937670433
-4.263683406107506
-3.5331388866914653
-3.3723359513315447
0.925667399253585
-2.8821273914408403
-0.23346089727777142
-3.17114946877543
-1.5434556327770095
-4.037174760406943
-4.063174875590162
-3.788244130725614
-4.081111025808198
-3.362204344677588
1.2683948912319916
-0.49130655190830125
0.31223862020434967
0.9147693566353452
0.8131999793253515
-4.013135539978464
-1.6795428156222725
-2.5502632669830505
-2.1590470052273467
-1.3795509901549168
-1.778098043868003
-2.08089785863439
-2.8696149697039948
-0.6063878111883458
-1.3236733023684302
-1.9709598932982635
-3.8830729306420073
-3.3424001137804598
-2.8834687553051603
-2.832812893887893
-4.328126129616952
-2.0514701450028467
-2.183390413081031
-2.4457870829637245
-0.08654214753085632
-2.988832627049474
-2.5240726474053927
-4.090417577331079
-2.678801918096929
-2.4975390607167025
-4.3830273304134515
-4.533719245022247
-4.576686818933505
-2.78881997688681
0.36278679258493474
0.016396155917151267
-3.8174292183602083
-2.4868769176572143
0.39329429639695734
1.5943529077647665
-3.2443435237490155
-2.1704753520382063
-2.513038913643935
-1.1117510604090624
-1.1025731818342077
-1.7720617156391958
-5.270136274485525
-3.8967098782664884
-4.325099488192561
0.29950764084779224
-2.5428604865984332
0.8615920123986325
-0.7030407879801742
-3.250013523898966
-1.2112863688837257
0.7796552946730009
-0.5619072945599843
0.03563773226210398
0.3042042327410039
-2.0065317443274884
-1.0092722624334987
-2.8725254352933653
-2.295108832437447
0.969189048937291
-0.7966290469082493
-0.6605176832663495
-0.7108959257411972
1.0474426881187666
-0.09262319285403875
-0.858360469534843
-2.0364117333267155
-2.1840147428906143
-2.2666866845340388
-2.3419289908197665
-4.589154684462241
-3.665930781190675
-2.0797225236636643
-3.064245504342808
-3.8516153949128875
-3.513091262185328
-2.8638877996630967
-3.2674098043803883
0.7252699047295971
0.17137204835254183
1.3630842353093793
-0.18401656611909611
1.135652787650971
-2.991338765011829
1.1346008294091616
-2.4039547925746776
-1.5474599370242523
-2.2736924054194203
-1.8439032727153983
-0.6497302095513404
-4.000335226621105
0.6045856537321136
0.11573456611286081
-2.4618982927499053
-1.4756359880519203
-1.6843845583359216
-1.3134432368617306
-3.582199672104465
-2.9691633434655973
-1.6868106746050233
-2.847670177301318
-4.412249373532903
-2.5506519982627003
-4.0206399347302035
-3.029163394664189
-0.5874513571479159
-2.186188197498062
-0.24869152155416963
0.8877677776017512
-3.3442825135893273
-2.2112513316051152
-3.731982249238174
-3.544150542733366
-2.8454963556609907
0.6472578469490097
-0.6729439948680017
1.6814734311893031
-2.035499686039178
0.9413998376080996
-1.8215919331354522
-1.817895624540454
-0.4726705314223595
0.9388587972579399
2.6948599495686967
-2.307797091317865
3.4424615157347533
-4.684436239283665
-3.51909234471386
-3.1317349558731697
-4.931022876904927
-4.893083680303997
-2.9156083141140856
-2.5239353501309045
-2.2988423814791172
-0.6063270517440271
-0.11264369659577189
-4.675035597440823
-0.4074154189791407
0.6457688112710174
0.6296867410410336
1.437014943881592
-0.20351203868480028
1.8287513231944486
0.5972682364758168
-0.03964407270720083
-0.5666244315584269
-2.596003579926646
0.0043240988943432646
-0.23939124957084468
-1.5439286084240829
1.3517088177090324
-0.7380907304206288
-0.28870004599837984
-1.852308416461184
0.2724996255394252
0.38424074183142654
-0.9710191443958126
-1.0711938862391635
-1.2182363385382367
-1.1533085448863762
-3.0844315051266813
-1.7815364070164974
-1.3535077332983465
-0.7488720413486049
-4.116073745270301
-1.087115242149067
-4.011184967514456
-1.588417862302042
-3.187143967592646
-3.272079136218829
-3.0759518364485325
-1.3171127066654262
-2.9919468574393964
-2.564998633306307
-2.3580855470501914
-2.332747310492175
-3.9511303520318126
-1.9055952399007388
-3.3715589707317175
-3.79531676937889
-2.670220757561016
-3.4198770492284347
-1.9918599186351018
-0.3473561079220572
0.41280374505460105
-0.21958443097735547
-0.9998989205160733
-0.48701858450585517
-0.8962660141889094
-0.28608787870601915
1.619305554092724
-2.4930689564046524
-3.311563618368253
-3.695453704244363
-2.328597291486255
-4.694090800465171
-2.6388864350959245
-3.089503829803165
-0.752753160982407
-0.6015200089863555
0.6010663350884741
-1.4294060926826013
-2.764387076300378
1.294937507711467
-2.976310728656289
-2.8147486999523528
-3.7905199347560234
-4.4395773198227095
-2.4924607455186885
-4.554689690929673
-0.8596380799508516
-3.2526709301239642
-0.5556106477648364
-2.097015886999654
-0.8975991269109846
-3.1898948825710445
-2.9386640745293113
-3.6560971607970028
2.7651033192518844
-0.671789503687545
-2.1931527603345184
-4.2793317588174595
-2.0505462632613813
-2.602421891672825
-2.7072223433683433
-2.4960135056040302
1.3793347801967721
-1.1188077273105281
0.4365565183769974
-0.6158592418857993
-0.41094314653579633
-3.02898789387765
-3.3000876425488146
-2.2850840669060823
-3.072848150227297
-2.021985750098372
-4.242386394354124
-2.2774664433449603
-3.9225583978293352
-2.15412686151841
-2.8390433383242075
-3.808493014955416
-2.5025638773484764
-3.717475613465302
-4.036528640436892
-3.9652584465120215
-3.1838807394427726
-2.5759199791868364
1.6092711792379655
0.6052968543643782
0.19130109856176292
-0.8903176692560324
-4.597109151018056
-3.7592404968077497
-3.634629456260613
-2.853257122241835
-0.680970055356815
-2.4242660304993904
-3.101443548517394
-2.5999886272322263
-3.7216882305796606
-1.5916849946880731
-1.511249992222635
-3.7059778566911343
-3.4580795971611686
-4.1783076506319725
-3.7472901824951155
-2.5589013454432745
-4.225016074989393
-4.953915101227167
-3.3961334732889092
-2.7789591179036677
-0.8208616841969415
-0.330671279687088
-2.221328989441753
-3.5610131911345815
-4.1293416480205405
-4.536563647064787
-3.32862456811285
-1.0989361806579057
-3.070185199017183
-1.4088760928665107
-0.5070054437509071
-0.792891985435133
1.0485309826310454
-2.3936435852139004
-2.521349772879729
-2.1047589770591273
-0.8814207692668855
-0.3140463285506102
-0.8853519074554321
-3.62793060710072
0.15329785224492753
-1.6527708862226613
-2.4540098520195
-1.4423647088300386
-3.799409440937554
-1.8526424301368212
-2.8952004691773157
-1.8081153245201482
-2.145508026678437
-3.263499490204186
-3.419012494659899
-3.212863198585521
-3.881495300402575
-1.8782331912441705
-3.7183296227037688
-2.390266208369511
-3.0038406277415097
-2.593962279479872
-4.089394567605896
-0.12329324039713585
0.1370859955417928
-2.146076299462202
-3.023242832115386
-3.6356834126774284
-3.3078279427673047
-3.711283716274395
-2.4251580792414162
-2.240555769083887
-0.7423621818186205
-3.957821024588025
-3.330455695991662
-1.2997413160801403
-0.8184386533843389
0.6984649883215901
-3.322214616245321
-2.9949434146880023
-2.536094591426811
-3.901319211096364
-4.266274440061503
-2.6630713846606504
-4.649393176187888
-3.7624037617792085
-3.145055813439667
-3.675024048746925
-3.111127389892825
-4.60195904652145
-4.825304178320407
-5.03789112761534
-5.18743130553212
-4.0627876787739545
-1.6751761850592055
-1.8869404760528483
-1.1376274012878396
-0.8798419768896506
0.9310366591178862
-0.8700806622916524
2.799429135482078
-0.2996065380481251
-1.279590638479136
2.244875515742903
1.1934295271588637
-0.7154584927419744
1.1399141957173033
0.8405395311695937
-1.2639883357761754
-1.41265738995466
-0.5136117989229347
0.10400579586882541
1.205952215523165
2.0627102409291265
1.9276304542749645
-1.2243548772650013
-0.8767367480399824
0.48857645523620274
-3.416187729504979
-1.0194554080614762
1.226453456629292
1.0691209476794743
0.17776636882043473
0.6263429806097949
0.5710847897576393
0.798762440137891
-2.028225716454908
0.7049694969299358
2.236873839093736
0.8625789534469389
-0.19633263509126453
0.21668032022190753
1.2566831065184858
0.060900173564460924
-0.45531082212866636
0.48164599525102514
0.8426387534186677
2.0662444041896224
1.771901399499275
1.457530517130003
2.2921806252599386
-2.098523910577557
-1.4790806857748764
-5.052479288768618
-3.01036797772639
-3.130278444244341
-2.6637197509620325
-2.2327023360271596
0.002162370838776795
1.6847528029930152
0.8794302435178809
-0.9788815417450552
-1.2058575980611406
0.2543362905018446
-1.407391576578271
0.5246920027517774
-1.4614036491598075
-1.6405834298307045
-1.7774170435374352
-2.4095822035742955
-1.2126595979281474
-1.1902818264389743
-3.043975263034149
-0.3079030919990482
-0.8194891693620507
-0.842622558984021
-2.670087648755194
-2.876225320748827
-1.0910536474634822
-1.0927340868152329
-0.45770437880240866
-0.8136029802964727
2.2360446396682243
0.8073312283221166
0.6700993888275619
0.3334279703044436
-2.7829073512313696
-2.854720501722537
-1.8778721737664636
-2.2939965927839947
-2.0520609645821377
-2.2071662482818573
-1.1550169727646031
-1.3317191219630953
-3.194374595319821
-3.0578668896146075
-3.9015820140088318
-3.6656401856791248
-2.9034652147602733
-2.093101346378991
-1.1149857945908408
-1.3354228695111603
-3.789215239116623
-2.9864852596919205
-3.3640854886681684
-1.0810472350290854
-0.9986223674321703
-2.603712907380424
-2.542178941868012
-4.229863226800747
-3.9702402534738317
-3.0269599642190377
-3.154430860414016
-1.16763960266846
-2.47435751669102
-5.062331452451895
-2.536162616352521
-3.324979585033761
-1.0737656614205804
-0.7197610335482136
-1.159664937750783
0.9985474125716914
0.7318396105693896
1.2751142069577486
-0.6114799978621221
0.8773344110654697
0.96506497508361
0.39590368318408253
-2.821982556654058
-3.1320985645251014
-0.04499574300595288
-1.1799349998031952
0.42128792176367147
-2.4392867965649367
-0.15373458428610787
-1.3652858261304586
1.235048918512566
-2.6833270928696056
-2.111982637820482
2.0022964457744457
2.62071060299645
-2.0478491398563268
0.6610675797481541
-0.7382420548379363
1.6118449943865403
1.9571616846607336
1.4541130088608987
2.0549571622047176
-1.2829208364556326
1.853498659459237
-0.22990098862361186
-0.29652741940773414
0.592831681579782
-0.16133722194008415
-2.1529433115463226
-1.4454245278781297
-0.5878951821431854
-0.035247747616482084
0.25943105994941806
-0.17427424043883533
-1.9373497085727407
-0.5931329793908514
0.11684376909424066
0.7027042951491982
-2.2979775446366464
-3.053845297176367
-1.5894457386983194
0.15357290326875173
0.5695990674813121
0.8667680543133157
-0.48111141740725927
0.2797743241716848
-2.5734603575887838
-1.8505935668789022
-1.5131883940517346
-2.8388406660794328
-3.25570165142614
-3.169522333437562
-1.2924742450372342
-3.4915545244120363
-2.085803475845812
-0.19983748176886662
-1.2134881981325119
-0.16332755390424025
0.3468221762178435
-2.5516405222394556
-3.854528417092952
-0.8361533167438266
-2.19350820116734
-4.631310939804637
-0.44498364443165883
-0.5789225625436021
-0.499857137997349
-3.1537266036626956
-3.5499297304366664
-3.744703409694406
-3.3293959038601795
-3.724399977202417
-2.5829858332488547
-2.4654906782162795
-2.577854071201015
-3.959472513062373
-2.5251108341859103
-1.714177661630988
-3.300001189975089
-3.1118542204056503
-2.2515381434549497
-4.424133153552444
-2.894915402231854
-1.2583532176314032
-3.2603398688571454
-3.93316182987303
-3.401335495329225
-3.390074415428294
-4.098143041837283
-2.883870157450622
-3.5778416288914396
-0.5017688073240273
-2.0691512750947108
-3.693258906871484
-0.19542180345673166
0.6667731820086137
0.17234815777494117
-0.6084361132867125
0.46133029991355157
0.901028863098308
-1.4966302597363963
-0.38971500442198537
0.5634425308280251
1.4415207800850673
1.068390733943993
-2.120853607636958
-2.5468802752509743
-2.286125689497377
-0.5883181650877047
-3.297228669089824
-2.9409737994906275
-4.842035669172477
-4.823907718837192
-2.5466518887688387
-1.7513325915707896
-3.2814225677000666
-1.511897183396325
-1.954845009268658
-4.137347823379152
-1.446238224116426
-4.086872632294808
-3.58258140309395
-0.30343236003016405
-3.095352214337169
-2.1749529960567457
-1.5482613149502922
-0.658466083555364
-0.1649885899529696
-1.208870191983431
-1.3459071313515096
-2.2945881006337685
1.1721389665080402
0.940886313188622
0.48614759689610987
-1.2962030742387323
-1.5585163575419538
-4.377012776742532
-2.154753294833026
-3.3861102073421705
-2.6012994244878924
-3.1178786513634527
-2.25374244393962
-3.2862483644328906
-2.392101761914143
-0.24413577498084837
0.38779408789977654
1.4752655441001454
-3.2324144873603142
-2.4619046962197464
-0.3932635915301078
0.28148897983144816
2.3684531016962924
1.10884939575755
-1.8643603583780393
1.3226892406449249
0.7708642529660121
2.173812254966341
0.5387193091643357
0.8608717838141025
-2.1078170981599023
0.3255173142690462
1.1909061245339725
-1.3959188603830335
-4.568996997184919
1.963378968873564
-0.1921560422453823
-1.0749929609568278
-3.372255162853642
-3.9598810997370966
-4.582433916853876
-2.7098429867297114
-4.129562411538183
-3.4803681875324806
-1.2748760978559883
-3.04251237845786
0.059001285704785134
-1.672045741649479
-4.157922951063796
-4.025043059144555
-2.6247353596646863
-4.1249308147654355
-3.6954605744830213
-1.8270621506699447
2.043274808785079
0.01295563426617119
-1.4204527905156952
-3.0714609560128374
2.2675994664060393
1.7570407144492068
1.2935560037265728
2.360403019888011
-1.1333647340062827
-0.37446611528377494
-2.4634642209863644
-2.2453963129550343
-2.623813506545927
-1.5106063762811157
-1.0515327717894407
-1.9856268728626052
0.3556780120509787
-2.386029719117136
-0.784234431065232
0.6445727311586117
-1.5402071746072155
-3.8496860192012683
-4.025286841525095
-3.4312956938508408
-4.088868622128072
-0.7998231345156294
0.5273803131576683
0.38015043579637
-1.80021277595925
-1.6584441774809102
0.14990504184622577
1.420913653843908
-1.505312966328668
0.09429143173247972
-1.3402295545442853
0.8912793435209384
-0.994598674405569
0.18958959958195631
2.103209144423027
1.766111868233027
1.9571266285055815
3.486220070540537
0.7034840875290427
1.621324593913453
0.4537013907960734
1.6971466271911566
0.9379404110604247
1.544919425374172
-0.3611993127617745
1.2651770282981043
2.3498018997747874
-0.26805859518638664
-0.5347619538120847
0.7828552705464644
1.3024755407365565
1.5655304125032377
-3.983913303814842
-2.7106504973501284
-1.1250989971974912
-2.303988218011157
-1.5759436419026882
-2.5494052955268605
-2.023921435161512
-2.4908551911642833
-2.6366099687362823
-0.5805144138776904
-5.28732412319488
-2.1244646488678507
-3.35177747808926
-0.6141514599654692
-3.4113774289834953
-3.240385492565686
-2.6482696627308493
0.06371013859801189
-2.1864179429413237
-0.687299416087545
-0.5013801953288852
-1.1757365274102554
0.6195635445410624
-1.9468197198658337
-1.2546251254966236
-2.9962491090679775
-0.0287490543067771
-3.745066622500479
-2.0256044187335314
-0.656185171237664
-1.6195833956372283
-4.425976531248083
0.3391511914118255
-3.5747202780843974
-0.15748434820854018
-0.5481576411198044
-0.1806960001062765
-1.0198987033842022
-1.7863272332487634
-3.064747671411623
-3.9808062881393105
-3.772449139443362
0.560008294065887
-1.59101964398717
-3.5083805496847886
-2.837257000269196
-1.3681776870573257
-2.798359170695081
-3.802685689634702
-4.369943394404623
-3.449433633985855
-3.298080330451415
-3.813549360835587
-2.8150826385014005
-4.549395960727313
-2.6422911316420037
-3.942323558344202
-0.28410091186136527
1.9198111044807202
-1.1545285603826578
2.168125843748178
-0.22189952985967565
-1.7243774198752262
1.0579615933679758
-1.8421599838617722
-3.75583016924772
-1.5749919889148123
-1.5483831767396408
-3.6389596370905184
-2.93610916992401
-2.8111487309527954
-3.6903336111392333
-2.7489085855779676
-1.6625488134595505
-0.87916856129558
-1.620904173708539
-0.5097043541867422
-0.8755033759884205
-0.8936499727146235
-0.571311312409642
0.44676601880857314
-1.4463681760855112
-3.01614277225538
-0.8175058296674688
-2.2013456033649748
-4.204256912228353
-4.940711635642253
2.7667785769960296
-4.200673971416732
-1.975332727048316
0.34586525429721837
-0.6002558287842981
0.785817456401198
0.7333812269447846
0.9719794149160904
0.27420684247636573
-0.8209512628686924
1.785575111245738
2.315731720190551
2.0662681374347405
2.0189818201883045
2.5461800411640634
2.5452232231757717
-2.8042206090197155
-2.9130228796275617
-4.121494544986435
-2.8483316235172076
-1.4558019428839226
-4.902184883512172
-4.464934862384226
-4.122280130709562
-3.696349874328708
-3.7578132782820686
0.2601074614123803
-2.4333288300956823
-0.021762270012625873
-1.366353941805256
0.7194771862598065
0.4509797329478997
-0.9275595396594615
-1.8055666389980831
-1.461765493605622
1.3077650503875013
-1.0612571758326765
0.570286897381482
-0.41541817600350206
1.9212463809686702
2.82280938685672
-1.622153057442375
1.579302696569694
-0.7790258939496507
0.2426353519891986
0.25362852255726454
0.581251484642548
0.7842662242998657
-0.20382446016292777
0.5021324097553843
0.10042779332638874
0.7052902548977441
1.1714264982569478
-0.20644301525203723
0.7349821914599134
1.3205310286745593
1.4613470504622068
0.6556000640961128
1.0852195147200643
-1.1494861761109771
-2.068822975853814
-2.4151925744768334
0.34016153431079066
-3.6476641852729
-1.9604388607746106
-2.018153993101538
-4.6701420176878905
-1.8733632452745101
-2.8251374619891814
-1.8792947162125349
-3.2300516339941225
-3.8618691062511172
-3.3727211648887225
1.0363588284012595
2.097103175927528
-0.21047142058299373
0.8041225727348408
1.1261799333794948
1.991622007578011
0.3700048339519466
1.4995954435004628
2.3782316025419235
3.2218978955767033
1.3774471631928418
1.8517691993521384
0.6456693277870594
0.603920221224257
-2.571112621730457
-1.1451459852778036
-1.9964988742631498
-0.42688481476307133
-3.3501258399892486
-2.303258011702141
1.1911091465096226
-1.642125660742485
-2.964462928097036
-2.523292778460164
-1.8657401660882886
1.7252451074732926
-1.2508384598627147
0.7025026864119763
0.3827259156096495
-1.6002348621175553
2.001458557498437
-1.1355350050370356
-0.9878968178971477
-0.04242856053176669
0.1535731857032877
-1.9123518688715058
-2.05347688275095
-2.612348997919819
-0.805733663543226
-2.4888204877131286
-1.472272949514632
-0.6922120704995381
-0.7271102040728366
-2.845790621315178
-2.362002863551808
-2.839796502287804
-1.2055802414279841
-1.9744436047748104
-1.265558597768539
-4.883056678125522
-3.7427006344236924
-2.5302005974845936
-4.27587893435797
-0.7943822277048298
-4.600852337024546
-2.1625021853724684
-1.8879525913681987
-0.7879858753482227
-1.8504514507034135
-0.7864742739398465
-2.3749343703345556
-0.7007734121074642
-4.738272767747736
1.4139324701624485
-0.8883020572333108
-3.665313543783104
-3.4123283195542244
-3.8487116264313657
-3.266260076244154
-3.603018412485977
-2.095373683337658
-4.0720199992825
-2.6196748477546055
-3.198938598551894
-3.6245593549060073
-2.865623060056011
-1.9464482637676386
-0.21201262288667466
-1.5534443587394517
-3.1759938425141145
-3.027888079118405
-0.7549845304797187
-1.9423328198573282
-2.546789368546145
-2.6687290652961106
0.40275190702557095
-0.3640719921408454
-2.5929083932786146
-1.9370451492221559
-2.3403348631119476
-1.0926185587549075
-2.1530607924739837
-3.395397622694639
-3.8660037322855927
-1.7328659071693546
-0.9997068789182895
-2.680287779523459
-3.085515108522726
-2.9470045881548668
-1.0468137701957934
-2.777986217967347
0.3071162084527197
-0.6958804442230093
-3.0718361582258895
-2.493628989796346
-0.3121048074385282
1.6796002100332688
0.5790501168460093
2.215612849829813
-0.3545232861677988
-1.057428743797764
-0.8486817221882711
1.1054020310898627
-1.1339178835817911
-0.5967377798306015
-0.8023747618238402
-1.3302363415361058
2.256365064985271
2.1076299624528025
0.17449659906424375
-2.462067847992554
-0.5369672681934381
0.7327791718868508
-0.9240753572264091
-0.773294835901336
-0.9903051126521817
0.40141998173445226
-0.9346974914864173
0.3345533800917999
-2.2422234809046753
-3.104512686481918
1.9507358242336967
1.1833647255100797
2.1527282397039427
-0.6241392466461496
-0.7743930627810005
-2.2918217536547942
0.5603629109502277
0.2346701942971905
-1.9345002978591688
2.4796430244900414
-0.5319249869664247
-3.667783203623795
-3.3930900137970403
-0.43275081519722436
0.3183550047213176
-3.4788508870958688
-0.4870707969165021
-2.0568996277635074
-0.2823460699590731
0.32317272892848126
-0.5209758875370404
0.8832176291190509
0.0055982240193123145
-2.18537748789972
-1.0664935167939709
-0.5655864240320825
-1.4912725526171253
-3.0751309424398388
-1.0842977792857165
-3.1598579796003663
-2.560794882657304
-2.6612278929304
-0.9378094714568481
-1.8769805068481449
-4.085552418496907
-2.968357525784346
-4.1530133614506575
-4.343492884817821
-4.763796741623676
-2.9457627492426135
-2.4592749638225038
-3.68072391978507
-3.106328786309227
-4.313005658294512
-2.8569904024456885
-4.7617302529367915
-4.966182439168827
-3.6394549957924216
-4.4835966946594725
-1.520856027097986
-3.2386548655558043
2.0772072055535427
1.4778069981954856
-0.32509157779342424
0.6311008411488614
0.44650167395352314
1.370067029482054
1.277966501511031
-1.7271855656469852
-2.5648662149010266
-2.398509984165562
0.8853492808844217
1.2910844811176003
-0.7705148359527766
-0.5998071298182828
-1.7653489655023897
-3.5716531141526264
-0.7750750894936183
-3.3512981155574773
1.422399971188618
-3.300392377209836
-3.014324713467083
-2.5791423115799055
-0.968254190802247
1.1378422298752344
-0.704767841827156
-3.3474371522174713
-1.0134113320371476
1.9135315945449
0.8835104232482335
1.473568338800278
1.6266721081652986
1.8242978918217658
1.0673690688716182
1.3728847845699013
1.5153877276128302
-3.6467625642880255
-2.873910724695437
-1.6453814528084885
-2.4854011478957423
-3.2632771405121357
-2.4403672408905557
-2.722075583047907
-3.006598890633459
-4.22666379825679
-1.4531185169427883
-2.8605629401387533
-2.324967671125547
-1.407670032066664
-1.3363976773522208
-0.5782646914430163
1.6835994587693137
-1.079138888868948
-2.5880395750354497
-2.645136627984763
1.5527085512466576
-4.018540714981353
-4.805318971532985
-2.372554364167532
-2.3638247989898673
-1.7446347456867994
0.5355982513189826
-1.0366921811966026
-1.6475178537062374
0.9240163489680929
1.2613428753780145
-1.5053723128174072
1.6002633915049798
0.19401906408516978
-0.08941568201812511
-1.8459772150804699
-2.1002878656735535
-0.9139408213810625
-1.497867575353841
-0.3810667678312914
-1.1843721860012586
-1.3487775323033608
-1.456896457952742
-2.4209831727322335
-2.150386860322905
-0.845906395737671
0.34327004751659296
0.693936950563221
1.1637168244434504
0.16699565210423506
0.45483451907045946
-0.2796016449585834
0.6163496695364296
-2.1894900155543535
-0.898585836277402
-2.4707068790464826
-2.2382273810469804
-2.7364682960998046
-3.3987044600623513
-2.8118531342897723
-2.4899247695573914
-3.1731021182833734
-2.0056020937986063
-2.9872650533943874
-4.097374239559627
-2.4356412710276403
-2.626813902406997
-1.9949917382975024
-1.7486464774440944
1.5676404845089134
-1.636645238858755
-0.18972089143690563
0.655846143440989
0.3055126245433307
-0.8983626551190393
-2.6079873508940317
-1.2128671784484786
0.20774334135598882
-0.5653612730797044
-0.5939096183328326
-1.727357620444907
0.1256199396694342
-1.968731782706696
-1.7767316033737988
-2.892329888453693
-2.6795057123823276
-1.1727225192573303
-0.605060058587687
-2.6002648234573638
-0.9169764298742125
-3.8017756367877302
-2.938435193420297
-3.896081570562588
-3.561593966028105
-4.913359223859537
-3.159842029832868
-3.0134657241147753
-3.803774702576832
-1.7460148498185122
-2.551676042085476
-2.2890381029166087
-4.042983056706065
-2.199576171378679
-0.31831204970180893
-1.7739548813410626
-0.5003419561242044
-0.9185415571755795
-3.331469276758642
-4.509104655838892
-3.3718645084917584
-3.0776955028622455
-3.230103587424422
-2.2943556358244943
-1.8700711039813689
2.596018201812777
0.742072747595504
-2.186765623525077
0.23618132331994857
2.463270419923378
-2.0180363351197235
-1.2076396659709354
-0.317431819592751
-1.0860524514071002
-1.9893048397472781
0.29766250357316015
-0.25786004940957796
-1.8237855223306412
-2.5928307244627122
-1.1141122799894125
-3.8771131921588395
-1.118961673211917
-3.4595466915567794
-1.4808530096979173
1.1817124307259013
0.6498045219250159
-2.2005316493437777
-1.9316128593973398
1.7118745541252371
1.2871024343119433
0.18741033910189442
-0.17845328823642814
0.2586891046688289
-0.7156067777071144
-4.015293716886083
-0.1300527718926523
-2.357189131797182
-1.4118345419681098
-2.7733588419796593
-3.0965653079634254
-3.649814168328765
-3.1724266633261253
-0.29109901519131165
1.6502930175999122
-1.5611633999198862
-0.7150283299084089
-3.0678091245202412
-1.0744904876951054
1.1171987995997021
-1.8708198841948238
1.8929943825663729
1.6597742632878885
0.4135567905072326
-3.5473403823119383
-3.7987889331726308
-2.8795413390352085
-2.7507262871922005
-3.207972793477247
-2.674159072971016
-0.4675612912687722
-2.44105840798048
-1.6850302615492858
0.3919884325878584
0.3288435571194074
0.5139731533914427
-1.7357471976774708
-1.9652651206560068
-3.404044042052811
-3.2933771419767477
-3.5695760316142384
-0.847285368423263
-0.6688153314344405
0.10512483383726112
2.1524402558766615
2.81469163353249
2.7242507042255206
2.564857788610142
-3.489794885380546
-2.2234242937100857
-2.013390507049489
-1.021452870492441
1.1590859877020872
-3.5792606051941847
-4.626928481300167
-3.776623924242244
-4.541883858366991
-2.318832123567801
-2.7735122032288926
-4.544130651423706
-0.7543943749074153
-2.2303634888008803
-3.033003797810114
-0.9570626173203258
-3.1004495826491314
-4.090063398862416
-2.7256493939838546
-2.529250896828459
-3.980349455727297
-3.3167552222574823
-4.315835252541361
-3.597937216689896
-3.716747594029602
-4.22667980180308
-4.7263745296490285
-3.026893377174314
-4.169957571753746
-1.6425203553075751
-3.1740920323026725
-3.841029281582289
-3.0850584274977257
-1.7597194164311918
-1.72702371760295
-3.1632156867462022
-3.136926257150249
-2.8764948737858758
-2.286923766217724
-3.3117298141051545
1.5220229087957509
0.5238187266995236
0.9940943419640502
-2.075439655918821
-2.414722775540076
-1.1767977285651856
-1.9642231982804752
-0.422401507891059
-2.214852415081653
-1.3700965729479466
-1.5018110912242588
-1.6134251814630758
-3.9024917617442094
-3.4040859372465873
-3.795595327866924
-2.261880864100699
-3.5750382038713044
-4.9326481291920405
-4.040153753206669
-3.9163237412439056
-3.982321895359742
-3.5322337069798113
-4.87352729537291
-3.9435150108133907
-1.9225400799238614
-3.3544614997403026
-2.321303340340333
-3.1377988125188905
-0.7804388940896676
-4.113414331038608
-1.6054156624314713
0.04091549133362826
-0.48165781880370717
-3.2366750228469576
-2.0469265887813965
-3.7913864790097924
1.200765952733385
1.6344443079466071
0.9796613297656169
2.781454509679564
1.0798592817325678
-2.008884778085657
-1.767496326810757
0.04615591972126776
-1.7739193087034304
-1.102103740236216
-2.0466372765055674
-3.0482873479260846
-2.262392386577773
-2.208757375332204
-1.1375867900220187
-1.736766568173026
-1.32221936457214
-0.8871417588347141
-0.1284019064437324
0.015082955460920866
-1.9970821983285165
-3.648479198059566
-3.8705113234276673
-2.7313795440225697
-4.1933128256881025
-2.9737522301641315
-3.1400415761149167
-3.5419432461687164
-2.8469865963633727
-4.272343201807273
-3.391149928006703
-1.878438101956688
-4.093349749860658
-1.9510014979534156
-1.7916201202826396
0.1789748507272284
-1.6927347668753159
-1.0516290465744287
-2.2659733721352597
0.3004714637233472
-1.6071379810506117
-1.0069158914273701
-3.540410629710693
-1.8727689585845941
0.2650263955998101
-1.4725635993395956
0.475780220969901
-3.3554190819157084
-4.024531383274896
-0.4600829425451368
-0.7808315974598308
-1.8562945727906666
-3.1375516982018756
-1.7128028112438813
-2.406858433634955
-3.439520028893235
-3.087850838811336
-1.976992324748676
-3.7797773333395455
-4.309789404685447
-1.2630225754589248
-1.6255825663104688
-1.2583786887983348
-1.927979858983424
-1.9927108054416456
1.9408641658769068
-0.43869941481900937
0.1924748654229339
-2.7602097198440965
-1.6528653167331875
1.8860999282945918
