1.9925487262380235
0.34798660873489884
-0.17159143122717713
-3.2216923267668864
-2.8732170118607376
-0.771970667228437
-6.214127048837259
-3.6999451568778077
-0.8326453810816252
-3.981503142145492
-1.1944325491713357
-2.378073077771173
-4.579338830835259
0.14056187475348458
-0.13138366910503907
-0.8318066063058652
0.4037735503984472
-4.255301182741219
-2.8742010543210257
-4.268407960986183
-2.9713822934560516
-4.126823131341529
-3.0253456868892568
-5.032640470330387
-4.44212455728008
-0.8499391896613154
-4.986694895529984
-4.285803909085989
-2.933669892838254
-3.1885887952911025
-3.496765187291118
-2.5088474476312395
-1.9782751139523032
0.869300599596365
1.0684690903982583
1.674729690887507
-0.9946995533782887
-4.443224224490837
-5.754531042669877
-4.848769017183991
-1.2004897923090714
-2.6536600366477217
0.9871383466637826
-5.170666194480021
-0.7644877344125274
-4.265319640069441
-2.102320608171909
-2.8150184636663695
-1.6435641422481553
-5.279903600546528
-2.656223711791483
-4.183432038131125
-5.217672786087908
-4.2714863863851384
-3.365551161965275
-4.666121470094052
-5.422573990442426
-4.415095132125122
-5.358869936510082
-4.601679609971097
-4.952514801795925
-6.716236621448646
-4.98436133047297
-7.183912017254871
-7.702630144143974
-6.904115469632769
-8.578426951056377
-7.851259522121507
-7.148368020783005
-4.890468935008476
-7.018263495804398
-6.485304556202233
-5.724656866780617
-5.31534825314406
-6.668946696935704
-7.869405706058165
-6.689102719726193
-6.170937517758325
-6.184279930550746
-5.126114673646885
-4.909650029851271
-4.750931474755313
-4.775516823751696
-6.308847426970891
-6.454260370241392
-3.6961177152743083
-5.957662396702965
-5.9978761265044005
-6.879079138889412
-5.892525146605617
-6.17334016083614
-7.581394536422227
-7.15140143928743
-6.185896569692977
-6.056588424554604
-6.701884131274163
-6.498222707416982
-7.716541891095982
-3.0202588825919197
-2.79975495204095
-5.288118828151755
-5.129206501138745
-1.5835547669939565
-5.639005075012381
-4.3582422422094576
-5.856022781685291
-5.915885180776257
-4.095289788544616
-3.442075107689951
-3.4512288967837037
-4.390044478127493
-3.2215976285168217
-3.5509595527002884
-4.557557187393862
-6.178331857083425
-6.292951274149418
-7.168897739198899
-10.802155432087929
-4.503915332658322
-3.0248641049145424
-6.697553424788899
-5.538296338844261
-4.583161641077038
-5.139009651288326
-5.014398186236058
-6.156455720559111
-4.833712546961202
-4.373521742089654
-4.20941460388845
-3.8815899385433017
-5.175841317322225
-1.9670122411953104
-2.2859067416886845
-2.1638243799401367
-0.8975592271813622
-0.45733975066643084
-1.2620595756559196
-2.1160280142930388
-3.4708889430575764
-2.3582538731083424
-2.918585472306237
-3.6153763144911624
-3.429865815578162
-4.091705735736412
-1.9615906546178037
-5.120571772749099
-4.3740647096597565
-5.755138515410183
-3.3070913614719633
-3.7119948384117336
-0.8717850791671033
-4.589280039785399
-3.4414329331843314
-3.2465451926806894
-1.289415846143906
-3.344220718763038
-3.9726501621791925
-3.322890854695516
-4.720487445892819
-3.3606934684884933
-5.589454685004867
-4.600159871587813
-4.276665138835136
-3.5943700378068737
-4.339557949425776
-3.255159463976468
-5.126229341446463
-5.148958222132736
-3.929695002970929
-4.782744080556441
-3.8147566502019497
-4.3561128915488565
-3.3609519373022874
0.7941731527959164
-0.7923073279554248
-2.334126716284412
-3.9671547507529263
-3.8386809175648193
-6.487902456635787
-4.3080130233337615
-2.912635831395847
-4.984534758175642
-5.573440766981568
-4.017093474558699
-4.303011059356068
-3.0291082671987892
0.9807008867559917
-2.0075301037722486
1.2024947041685818
0.05935285009469227
0.029355440122696974
1.2621417572058742
3.428143884833994
2.3079662921880484
2.509370723593749
1.0693363183421953
-6.470204480377134
-5.784535408148782
-3.6196740253126705
-5.200580520181012
-5.396885389324239
-6.279700000632274
-6.106073813469917
-5.3384182910468585
-5.260209451234288
-5.598908248762375
-3.4128078667240223
-10.51019953589691
-5.827179934153941
-4.813573730475248
-6.020137238870106
-5.131545648786779
-5.96182231842537
-5.465160208221817
-3.989454964455074
-3.8990972590989355
-5.69387937391971
-4.408872872311695
-1.6558052513280186
-1.689679626873355
-5.372094824780662
-4.822717108076679
-7.517553504732137
-3.9133729202922827
-2.2947810821792674
-4.179692089266455
-6.3407077039367215
-3.6398643208424413
-4.13876906239075
-1.0947351178248865
-3.6442787885623042
-2.655100615407764
-7.1980931373338555
-7.151170752907556
-1.5222659243561887
-3.6952676473908204
-5.587630359637457
-2.1459128592884604
-2.8524001564630392
-3.388083590035488
-3.1393318556250733
-0.22483182125611134
-2.532115258667741
-2.9855322907663084
-6.536224537868506
-4.047055352441063
-3.4355417351692488
-1.9914984674532665
0.10446599654488531
-6.133822350244829
-6.2437519575686755
-0.21913358633540891
-2.810767331106819
3.1382775547761197
2.671291935639343
4.373334709114313
-1.2704592006926785
-5.497975818395811
-3.367913441216948
-3.4299739660475668
-3.960524840982484
-5.160359687668167
-3.746242208924818
-2.9428184446702064
-3.0554522957718184
-0.5796263628652656
-0.5714237560304256
1.5444506436749885
0.6043636069989815
-4.824676269469156
-3.7027891959962655
-4.180469488164243
-4.2083641039655495
-4.836264008858771
-4.6261361850024505
-2.09905562978755
-0.9969297264379496
-0.6526813057420486
-0.9867816315101265
-1.3206463200662708
-0.23680137380299238
-0.23455692919059956
-3.0389668733624235
0.016517939325483066
-0.4624802188001421
-0.7616783156352267
0.23825109170422554
-1.812037399789805
-0.2940071838157665
2.2772428294464175
0.00608335645478264
0.636985983691932
-0.540615917336692
-2.054454129185552
2.8891520882223967
2.4071772992645775
-0.7757240114986093
-2.0958636044739833
0.5140388819610289
1.7903699384133331
-0.6350550562160934
-5.36956523380662
-4.081546758847544
-6.8766398508991236
-4.16237253843261
-5.7215194407243
-3.3531076071158807
-4.7726914177634185
-3.845705277857099
0.9573269101678186
1.0999582623423734
1.958494875945305
-1.1142285069583893
-2.964843315737778
-1.8942601947448805
-1.8958179483820032
-0.4851791634688014
1.8878275151522321
2.1520130407422484
0.43228187252643213
1.026988439076733
0.9048291691344332
1.2201235287527465
2.1764905699639856
2.521845700299999
1.8773729823729255
0.6433392118701273
-3.706823400679621
-1.9812904040555515
-3.166519416518333
-0.34925297086218476
-2.072441808242314
-2.2718382407599913
-0.8576576422739223
-3.4212515412639624
-5.555346839718441
1.5342477111950474
-0.6767100889859573
-0.7763825965109756
-6.714625658084153
-2.4822114648792377
-0.5884844634823747
-2.384023756010617
-2.3798524597488173
-1.7637147691925539
-2.232204578337975
-4.89725981954421
-2.111738468091522
-0.5893892548032093
1.3595163518038582
1.8646402416109087
3.9193737228697145
2.8228382935994647
1.126719895408034
0.3224903368046719
2.738855185873959
-1.589362919638168
1.2409490981083877
3.4091891299671797
2.3963681668292565
0.4865986661883288
0.9535266910548397
1.3885230450169506
0.9853908610932918
0.28850126130842324
-3.0394957437572767
0.37917869121540915
-1.9978950037834222
-1.443908933231123
-1.3803092243739137
-6.026474371912728
-4.336835188982816
-5.677798907414651
-5.075168543225305
-4.3424219276288705
-5.335491924400638
-5.1542826569568305
-2.8449026317457307
-1.8214641959665647
-0.14106550126515138
-1.7830762865465088
-1.305070359104414
-0.9415423997255172
-0.5341829496677779
-1.4487391220603603
-3.8117654346659235
-2.9329205314463733
-4.932972692702008
-3.5719866956986683
-4.409890307017749
-1.7014359359947095
0.1507777088528821
-5.967484039975567
-3.077308893021411
-5.36010619307843
-5.876692289629858
-3.1333974810744447
-5.529220761216613
-4.866798723676784
-3.9452327507596183
-5.249695181730475
-3.189701325418836
-5.32293989459354
3.096570071674418
3.551683649488866
-1.2467089936598659
0.4073632329155856
1.0039790080793687
2.284758642080463
2.9209962098430635
1.5086406900394902
3.328620039711531
3.5136808594178914
4.45481057644921
4.1658450369863
3.611955278225214
2.9512580737341247
3.098703235720887
3.890433748264555
1.8550787513288718
2.92000794630865
1.923263211094842
2.6244288096973785
-3.3096511544195084
-6.849667454641741
-7.81798995150519
2.601440078509805
0.5888746756439591
-7.529901746112608
-6.397932581622267
-3.61760029844587
-0.26931115766178104
-2.7991555661533
-3.093818760959644
-1.0860670089399427
-1.6521373006326043
-5.244038265597606
-4.8314455403647045
-3.1470286846674735
-4.106965842489609
-3.8688136117755203
-3.4064309470209673
-3.9068810136504006
-4.405216904002287
-3.655271191255288
-6.608347620538598
-4.430392025495615
-5.01189099272522
-2.5780797792109027
-6.0317970123797915
-1.248492239397485
-3.455669062631515
-4.79354184899247
-5.540288926836264
-3.6995791444755004
-5.981565276225327
-4.576930862121717
-7.497673099996026
-6.236387247782667
-5.8280945364370735
-4.476484145682154
1.825226466953982
-2.3302188947790534
-0.18984311387645908
-2.307623754398056
-1.004012965853714
1.0624115042352436
0.46495245113147465
1.3380044581015231
1.3210749613760926
2.205159493766458
1.983321968673516
0.9709910764094889
0.16120780792513278
-3.489942936882807
0.28522137259545854
-2.302315302621065
-4.818545017744009
2.24016688009535
4.638722531421408
-0.960220347760199
0.1749552389399105
0.6632409971048363
4.262465368831829
2.7328388254693468
1.8485117519190943
0.7678075855048044
0.6441439241063613
-0.049624958238488226
-0.2084472421814719
-1.829450066748865
1.7651960932277844
-1.4352010555192238
-3.874544268380089
-2.955960819192394
-5.971101866463481
-4.556623056197016
-4.01980984943907
-6.339414207614295
-6.130019069648084
-6.46499468758326
-5.89342057361024
-4.663275572922426
-1.7262150752015275
-1.997784256531477
-5.530572294686638
-0.869758483109366
-5.402743379420314
-4.287345806821366
-3.5766872260684313
-7.4866712125419115
-5.883781269205317
-6.7165872630507995
-3.7118220148630208
-3.652485782229827
-3.3759973481116146
-6.361341447504629
-5.71287993207511
-5.836763642186229
-5.4298197233700405
-6.2058192484503145
-4.902109353139115
-3.719825160061326
-3.274977866522615
-5.87153707641912
-7.041162033893927
-5.615115290171653
-3.1593145006594603
-4.423415559644484
-5.6556261164133375
-5.788001995490939
-4.033643127087172
-0.3042506107409808
0.07571757054050843
0.04272912218583291
-2.8477231310086983
2.6926641178960242
1.9112359000337023
0.5873276329023813
3.6747913064733995
-0.5452063063675262
-0.1432561982710443
0.760317142767785
0.8123659315407532
1.8405160953883781
-0.7337057071437018
0.4479632037929222
1.5788719369827753
1.8384367721444834
1.1929137714797993
0.7929028749791582
-1.2243612147176168
-0.36642933747893325
-5.647435821218922
-4.501160796342407
0.01911111893269779
-2.1614563003770293
-0.7134958689263777
-3.7104271173113164
-4.322095543367146
-4.517462789906585
-5.446793081931251
-4.937902406530547
-5.527136158045739
-5.809282372420665
-6.0386110350202165
-3.2209900619522904
-4.770626079512219
-3.2193871731596655
-5.766087498034246
-3.1911802508938356
-6.020039390682404
-1.021405803890489
-2.6799908021399754
-1.0788540523888095
-1.7323460908081305
2.5069492504444817
-0.6098049594719074
0.04108273720862243
-0.2677288731019605
0.27411954973505104
1.6259541011702425
3.2606954493095146
-1.080888117151003
-2.3405134504342398
-0.6046203627635608
-0.3679747258986472
1.2128069733104514
-1.7557537278148843
2.9901871098739616
1.5849347735264065
1.955877038216761
3.0142062417749553
-0.42500817061754104
-0.7206293558705231
-2.6768077517729263
-3.3723721706174543
-2.472107586336637
-0.7610230892067238
-1.0546683020392311
-4.106872280598312
-3.99269981924194
-1.595995698216302
0.6911693834361425
1.6832514809156947
0.7495467863190355
1.1527850101870425
0.9008921076490982
-1.3551995883177685
1.5359786368996178
2.6141738668583505
2.0285826202621933
1.7820818414104425
1.6761027535827662
2.137727275982536
1.926093006799467
1.8985236376038663
2.323914693728712
1.01742819783069
1.6022281166831078
2.1253082441345486
1.7916244866118716
0.3944026762976416
-4.33365072701779
-3.79800758701268
-3.181707745644096
-3.6014546114737502
-5.1386994116777895
-2.3510565909163814
-0.6288882650786547
-0.5426661170244803
-1.1801324969302307
-2.1258191353350586
0.6594716711764192
2.565168211691546
-0.11841141126856192
0.8270879513072165
0.8722078899096606
-2.4200379301549546
0.18962225460202498
-4.165640771118959
-4.083579528961938
-4.219541502218138
-5.457078728981031
-5.184301083719372
-4.871804341902419
-5.797731829414076
-6.867860194228339
-1.7383166442862328
-2.924926381811816
1.4984741776470833
-0.08055829757206778
-2.4711780871882207
-5.348651115951455
-3.5555291351193334
-1.1275276363568003
-0.8377699765558826
1.2311573964053644
0.5341932619242126
-5.843221719184665
-3.9059927369545813
-3.056864448583362
-3.7944775465481015
-0.20387363573181394
-0.431204094174594
0.09993345650217478
-1.9922706215765795
-1.6300061065517508
-2.1505949082042815
-4.260478955215833
-2.067443523145755
-4.8394496324786855
-3.540400393810957
-3.362261125123775
-4.189996899618736
-5.0893375116294814
-4.512246117505268
-3.598276653984355
-4.265997756681763
-6.485824728607277
-2.6934070683402833
-2.5174915564817697
-5.942388371866674
-3.810022433403428
-4.037934665146276
-4.409400976619361
-4.473979499388671
-4.834277211989231
-2.808718795638444
-0.21757547932798815
1.0124271341700721
1.7220795500183232
2.926115906686054
3.2478378148806217
2.036290001794565
1.214357337886586
2.2931403861904673
2.2341751187999663
-0.36113441076450314
0.5234778061845615
-0.4405194202484748
3.5978775237942218
2.011946606071227
2.0652867425866006
3.0887261552791694
2.2920691045873247
3.844200377440992
0.846599017965963
1.5748483614462776
0.5072045948940236
2.305018817313119
-0.6708331709643898
0.13534290008416083
1.5953451964322902
-10.678896992887257
-10.154337347881674
-4.8023225078456555
-7.8185393285448
-7.9801199620032195
-8.987141620937926
-1.0480093982855467
-1.7156482682572567
-2.557813174142299
-2.3895965451747023
-1.7933791834700714
-0.7020539194565618
-1.8353519503935474
-3.1604175897107156
-2.5770419795626704
-3.2196835387279332
-3.580297405554831
-1.742790737083463
-1.2845321400218348
-4.114895594628701
-4.32366671369773
-3.2976341476439104
-3.017019231135797
-3.7175088477628826
-4.258657284874326
-6.4736701155041505
-5.001270987385457
-4.395679450089773
-5.597782657826191
-5.163351869352594
-4.52042925451231
-6.1551534688640945
-6.1787300660826165
-4.951150280415495
-3.581508767078355
-5.969074247083022
-3.4389653199358365
-3.492784924197543
-5.112125100843787
-4.889268348900169
-4.391657239240176
-4.223817334644938
-5.1303794826413345
-4.460444501823226
-4.689519589664684
-0.5967937311811734
-5.771426381734576
-3.487234561483933
-4.545797683507756
-5.565497299962363
-1.7072974340953033
-4.157325036485901
-1.6967429801589717
-7.461737555597773
-5.938196052938437
-5.005210859743402
-2.0763063434433415
-1.1467638538008595
-1.8151618491117532
-3.2665948610806725
-2.418493160630536
-4.683172564165034
-6.950413325555387
-6.974496639999442
-6.068582280829588
-5.2700340721135595
-4.929965934523236
-4.994800731333832
-5.240767999449271
-4.745892286666271
-7.223114120494053
-4.979987845834824
-1.7965043552443534
-5.3217342977250395
-6.53338380631229
-5.352375399566141
-6.441500961887728
-7.113195556655403
-2.7951262270731303
-12.444135978104097
-4.282175715785307
-5.087811632018049
-8.093727206941926
-12.613169775252556
-10.509746412596094
-6.8927467748113145
-9.990944702601137
-4.4751117840325625
-11.814300551570877
-6.724203155782015
-11.754413679895087
-7.204591060770642
-10.565720619552796
-10.394668453434724
-11.593310561958573
-10.475701810928008
-12.19277313156896
-12.68346445550167
-12.121271560037618
-14.051071135038692
-9.54672122967493
-6.763097968186591
2.896228693490078
-10.558394392713941
-0.7479433687878088
-11.700472711017788
-10.410649538202435
-11.80802413760209
-11.656913710063003
-10.670849937397112
-6.212312834245854
-6.4457410290881185
-12.473386261903931
-11.435476059508886
-13.29482082303329
-10.370797456250216
-7.231732385460271
-11.840952968820465
-13.539867110082508
-6.639092214499703
1.0124446197750911
-9.99643636320831
-1.1351458735929678
-5.886992842152078
-2.7584314342536516
-2.1952985014623176
0.3079213668654923
-2.2152156678760067
-2.7140259761012198
-3.7430547260191163
0.5905028365707239
-11.686557836960667
-9.713508981896052
-8.016637045490604
-7.302492355684741
-8.253553387492282
-2.8017256677875095
-6.560294896302693
-6.840963866071357
-13.43590919010384
-5.584643557934689
-5.202001842531149
-8.331549207023391
-5.245693820678981
-7.002232581990667
-11.669396000033148
-2.340672958184027
-3.388886202747784
-2.635907761789415
-1.2038036098621343
-0.4844499067986995
-2.667569874606473
-1.2004879881452493
-0.05044352336204083
1.4814286849921112
-1.4270033463228988
0.16909457722753674
0.9794364521323373
-1.0978810015331821
-2.1947555143729156
1.1468231683912187
-1.5962545575812002
-0.22009316995770734
-0.9594999736267036
0.7140332917499702
-5.523911872746746
-6.401055653971374
-3.8838213250776272
-3.38487829034941
-6.295436714593842
-1.499754406528157
0.16968233675362177
-0.8363152669361316
-1.7489356482020748
-4.561669344613705
-5.888784555389199
-0.44294046116631436
-2.044745629168082
-0.3078478122383358
-4.879208831039218
-2.0972934301854314
-4.403366845327243
-2.790006041435494
-1.9744821572929516
-2.8108786683629434
2.400988588267592
0.26255426815153826
-0.15666080773154123
-13.307562320568847
-10.390540587258924
-6.28825659383072
0.20909698773332364
0.5412782372209886
-5.499649135745154
-2.0468730453318713
-4.790907685690664
-3.8511393484282284
-3.7505014977856197
-2.1928994993804007
-3.74780146453533
-2.8768183761460717
-2.775245571827161
-3.2703020219830425
-0.5196833444809871
-3.784147374845088
-3.5948749016900594
-3.857135301599727
-4.18174844093393
-3.7444239671754342
-4.915573819316893
-4.535627012235085
-3.5177930424413115
-3.392517191250054
1.4581128379438995
-6.7510139829978355
-4.363340014900415
-2.087072045910271
-1.7267473620866354
-0.7988569776548504
-4.273735059924866
-3.1416798884370913
-5.136458066248326
-1.2339300093038454
-1.4237911610861498
-0.8936660867245882
-1.2875838827985846
-1.2466501851104805
-6.1948737514429535
-5.645071242476805
-5.020117448755331
-4.092193629510598
-3.259477106947194
-4.868803857886737
-6.416012211037795
-3.719328535821731
-5.406159630171021
-5.218620583766224
-4.883322938477185
-4.165990598060312
-2.320891467924984
-4.550338125322287
-5.135097325375605
-5.2898644028881066
-2.0202342271566476
-4.065487913026692
-3.0332853302497877
-3.5844570903529154
-2.460997284743183
-4.3011864387648
-5.415570506699874
-5.31664053532508
1.0746549188248948
-3.9186461224270817
-4.864164539975735
-2.387831591095724
-3.4688153185827018
-2.2161487348160183
-2.71694626865023
-4.278397748079087
-5.426631650596354
-6.4029156670697525
-5.128970717978708
-2.4827781432815135
-1.5398596097708923
-2.760862935630403
-4.581325538527493
-2.8290734915827094
-4.923532575980957
-5.885730870773688
-6.4741821890477596
-2.9430417042779045
-2.506818617583816
-3.526621099872134
-2.309080534896288
-2.015975967802449
-0.7213606993543297
-4.417470657331331
-1.3282809280081371
-0.7668707619054269
-4.368914101450578
-1.3648871915478198
-4.006998128442496
-4.189729676688823
-2.595634608920198
-4.142339410191157
-1.6633498114275085
-3.3243240456707928
-5.6740703532780525
-3.943856860388964
-6.93641401195233
-2.9888905719830774
-4.131366270660742
-4.447748084003341
-4.209084729201228
-3.558208231539991
-4.4909792238066215
-1.2814649810755614
0.5277270725879358
-1.0062181734072138
-2.9776849612997753
0.34387075362941055
-1.5876274539042414
-1.4190678903564182
0.8938529473035528
1.2840694328139368
2.27023987512513
0.7751407993896743
-3.260948129810229
-0.4271250132151869
-2.5228591703435272
-1.177303638407372
-3.7088755524425325
-2.357636511540674
-1.415378579276858
-2.1624698341685624
-3.3716147029126944
-2.710650419300797
2.299132915931186
3.344857126319887
2.839061088191131
1.557390736424656
4.8063623540028475
0.41188245017733993
-0.7499338773952202
-4.382881293668011
-0.03613922479744769
-2.71696409344242
-3.9550499179963965
-4.460192697421715
-2.5992537272860914
-0.6312515675749769
-2.7940778098724937
-4.982576912134327
-4.933069893399954
-1.2309607184321238
-6.026454900410849
-2.3828996495736856
-2.5323462641313763
-5.604364249744789
-4.883363386969108
-1.9602111462325364
-4.325490361385029
-5.437300550743121
-5.999531206850358
-5.038669723601365
-2.9212149216616963
-5.1897681768069965
-3.3183843523588132
-4.7877835873676595
-4.217556694899073
-3.3316272383498653
-2.3281165600201783
-3.0094565121563237
-1.5579647302821813
-4.973225075731263
-5.22213222452436
-3.393889150846812
-2.392409780368543
-3.152687895259537
-3.833671188590873
-5.658296577386219
-3.1560633934600695
-3.540805388331334
-3.9170832793573584
-3.8949621908713548
-0.3313097258895066
-2.3512255172890764
-0.6100705072490761
-0.36060722121301203
1.022317152107815
2.6801396411414045
-0.19833427542924997
-0.8037928823889984
0.23659683341665994
-1.8337975401366355
-0.7251681545106117
-1.9908052524493338
-1.0052964622371856
0.06625146239285562
-0.4072722940424308
-0.951819847463462
-0.6970787743822127
-4.195410489469182
-0.9305939004552632
1.6536995025682926
-1.2671965556215485
-0.29247797902646333
-1.230372518789626
-3.3976078474619618
-4.242453235509067
-3.1127342050422024
-2.8479145352786723
-2.9183376555595038
-3.319070587111848
-1.772576859504174
-1.438585174164361
-0.24843266011510612
-0.32154907911222175
1.3553149741745325
-0.23009747283800963
0.3574395026732726
-2.9749316748875634
0.9239567773433095
-6.124624495010434
-4.036653750475885
0.15999291508282387
-2.895984927857337
-5.85551674244498
-3.0057600985957986
-2.8242379557087336
-1.3162782685316006
-1.4724162374452803
-0.09380636455112823
-2.5344124866572697
-1.1207569959896908
-3.6248858942304976
-1.6591558027320437
-4.072501813511661
-3.889491852223638
-5.1078806467709885
-2.3088912232802685
-1.294541160994339
-2.2717858348709803
-4.24662536404815
-3.3012414436822173
-0.08999057139536615
-0.9497017739756846
-1.1765205799405645
-2.4544636041324415
-2.017684010912874
-4.097667350119395
-4.105763151533956
-4.104606659276332
-4.786559239491329
-4.050095814205829
-0.6469244905705342
-0.15718974279490672
2.9378924573632608
-1.4200707359314801
-5.562267715548358
-2.1514036773031697
-5.313509796637258
-4.707571021000743
-3.6904175401382355
-5.652124745240549
-5.478150200136168
-3.7414874129900726
-4.144207114546545
1.6234156200678567
-1.6453724243429133
-0.8105477204945917
-4.289460677969746
-4.724122565933021
-3.210938136995323
-4.5664355906494425
-2.0662383635641874
-1.8864298549258554
-1.81411860088618
-3.4260238045931897
-5.578955963337308
-6.224222115803845
-5.1955322952110405
-2.5573666120646505
-4.932515026156228
0.9911647416470029
-3.643345273497742
-5.530874803065544
-1.9646147294253908
-2.5217409328046676
-2.666688347146674
-3.799980485260578
-5.371937448001653
-3.578678129051831
-5.519424519410313
-5.415185561835113
-6.453677512478103
0.04082893054132675
-3.726903878315704
-3.020716621446444
-4.836841916749833
-5.691347504161124
-4.50268456934608
-5.336344340846597
-6.648255569571993
-3.8297935765194313
-2.763296032577905
-3.5778694025986484
-2.1628088791083933
-3.483570056384469
-3.3968501316486077
-3.4996054312248894
2.8298713582283255
0.24034132098471284
2.1120757308384586
2.349678737523602
-0.07903576346463281
-3.5608710607537994
-2.2111239904737827
-5.218309936411548
-5.587222744029807
-2.869688867903763
-2.703688289659839
-4.958158814552817
-4.07326509571195
-5.063986523718057
-2.323259631577721
1.7831341893835015
3.0421244969660175
2.924397383678114
2.0087919895004513
2.820488413345168
0.9950567461647131
0.0028777738794873997
1.4058716840813286
1.6214310720135225
1.1654270484250313
0.3842282643660828
0.4712381280235518
-2.751469783652344
-2.451299993243432
-2.185376346159064
-1.6695075421276468
-2.723902124057962
-5.349294709972294
-4.214876973269799
-4.53479438263067
-5.624062408650735
-4.2390484138555
-3.4378603989992067
-5.135122305185217
-2.749908604297791
-2.991574955550951
-5.347489441162997
-3.3383749552186757
-2.857292462286733
-2.2258764368676123
-4.502719814663756
-5.15724154572149
-4.0766073137966625
-4.756707939071009
-2.797892374781506
-4.742673037560525
-4.84462544930831
-5.200564270605535
-2.1945789152164714
-1.13089649411027
-1.6735403334407213
-4.63637769739523
-4.889765374303827
-5.024257948328902
-3.4425513140605126
-2.095340918193749
-3.9524536419733307
-0.5404576198446672
1.0164238304083126
-5.439722845076636
-2.595752066140511
-2.3798492297882268
-5.088021502918336
-5.283800546086963
-3.6984267263737243
-4.845988160911329
-4.1499323139578745
-1.9057305439458612
-1.669669399623111
-5.893874147544585
-5.0092958377648635
-3.4830397917852953
-2.4635060715292254
-3.6616303416632436
-4.518799663437625
-5.088821901836109
-2.800997446440615
-5.8950112766871126
-6.692747465307521
-7.766656860258165
-5.124092976287496
-4.060188051013585
-5.357440458204037
-7.112464933656231
-5.052262828250882
-4.631054566336004
-5.575387661262222
-3.8603947313940847
-2.915647011237576
-5.1414609375568405
-4.73446856314046
-5.74026987183116
-4.130476927178757
-2.669046241839051
-3.0522815542312056
-4.455818264892706
-3.288802098073903
-2.1162459843993364
-2.0376287098177124
-1.066740105359897
1.937021498829265
1.3990736567114794
-0.815742452049403
-0.4430834845714866
-1.7501202387234818
1.8301549136616804
2.1544966147707285
2.6363991327080116
2.880063005885261
0.9315540264071474
1.2684806533511959
-0.9418873968430895
-2.212971109811419
-1.8853023831956577
-1.2591885030807877
-3.1653388122387485
-2.577450488963283
-0.2887640291429414
-1.8637710960362934
-2.010294555053411
-1.3492845246337957
-2.3697446793619825
-2.3342680764841592
-1.8584178175278723
-1.3991650857549074
-4.364130220465192
-3.4979713531536616
-5.2066142982768735
-3.866785330885026
-5.86197999091493
-3.0154764414639015
-3.8924054271125614
-1.9501888219706403
-3.706864993956866
-3.972345873270922
-0.4912416659306142
-1.5539882598063424
-2.2857295237849207
-3.7307246400440035
-5.425393609716188
-3.320667095284435
-1.669764828206561
-0.5256641791495134
-0.7522113849395385
-5.581096896233744
-4.349828069009785
-1.6316539180106848
-1.60300182217086
-1.3484703098584372
-1.6027144023900857
-1.5425812863334414
-2.0417212355392342
-0.9400273246713421
-0.7937000021539836
-0.4961529550306472
0.49202100029216767
-2.77812872444252
-2.908602103446306
-2.891666139120429
-0.3806218295948004
-0.4662212656965823
-3.2622509898219647
-2.303683899350567
0.07245870077252237
-1.2974608638488705
-1.5479219636573618
-0.5713653585387151
-4.468892235298685
-0.2472093698121438
-1.4413987451261834
0.3893749192640421
-0.04838874902096857
-2.037864735939077
-1.8510935498590244
-0.4056318186528196
-4.070607481199106
-1.736466497648794
-0.5657681354901786
-3.3001229883345005
-4.854260068943313
-3.463502803124432
-4.666270450840184
-1.1445416806655542
-3.162774273278232
-2.4974896959087367
-0.24377162819010778
-0.7155827406548743
-1.5248153347957385
0.8430199167451616
0.12050603295426932
1.7576202273916912
0.054692759983176575
0.8991837062266244
-1.827887164893422
-2.9450017086172195
-1.0039383120163925
-0.49768923487709604
1.0016758428894403
-1.3364030271806193
0.8207124428199077
-1.190746586338089
-0.20313778701140073
1.2593107876535645
0.6632542081651205
-1.1316357110906252
-4.255737320894568
-4.271358852289877
-3.200258880472112
-4.028361640271122
-3.415396975775782
-4.752172724832359
0.9731201078679479
1.416863012749809
1.9443992906709207
1.9680145546756067
1.614819590101839
1.2525821665110892
-2.7574505969764926
-1.3948598095744225
0.9052738790193736
-4.175282542049518
-2.5676709544873804
-3.883784319284551
-4.0205854738564675
-5.11182346466596
-0.1575237504346404
0.4717031452632521
0.6954319614591443
-4.274049861304578
-4.173637362816799
-4.082951913280253
-5.672934678399995
-2.4088349423568527
-2.573880553871925
-2.042726524471457
-3.8208390101725302
-3.9620820678168136
-3.9970150029380735
-1.1670959970768688
1.9593902803621122
1.1239612506993804
-2.317022452303366
-1.2085193320671028
1.9385412136531412
0.8543905165853305
0.4423230066966479
3.105446793413712
-1.11403130590034
0.08793587031756522
-0.2457484754073762
-0.4942529180326076
3.635687271892981
2.283856621815688
2.4257847014300298
0.6467854551581316
3.7436430642339777
0.43788754124365314
-6.395290292541096
-5.38211744466228
-5.993697010040461
-8.77951142733305
-9.330730214595429
-12.875892878264915
-7.431500719665605
-5.447871946644781
-5.735298417161758
-9.394786425069002
-8.81620271569482
-12.73162918133417
-11.533382342318106
-11.588679529254646
-11.465091100860812
-3.7282076929352175
-8.39317949127938
-8.576471359494914
-9.021219617015872
-3.6392530416160995
-10.298874095687545
-9.888442624710965
-12.505124486270164
-8.25152915858606
-7.12377119200217
-11.190423032976751
-10.789965474760836
-12.842801446053523
-12.768001335089757
-12.111147207503699
-12.970081566033585
-11.506726830650187
-11.078819264484057
-10.949492613573089
-12.46035500850027
-9.270097713882961
-6.544400250567904
-12.015643642249454
-7.927322444349187
-6.597619420636032
-2.660163427237533
-8.352329718590513
-8.227420196037658
0.6630292166051035
0.6785028237103352
1.0153354862741146
-0.29005774821214136
-7.09137932930795
-5.700196587631504
-6.806786717034337
-2.4893511822256107
1.4388218858829114
1.9697044266267911
1.1829992124659765
-1.2396646205862158
-1.9119083743816137
3.946811865940205
0.11656524300537874
-8.14489360117175
2.0428522644607576
1.5817024138480429
2.263404830360559
0.6540509712934908
-0.2764704324361411
-0.28595922881430547
0.37879040805134123
-1.795154929405769
-5.387211132449676
-3.93608590034788
-1.4623199250349095
-5.228771962238144
-1.8919371518462949
-3.0012398975428227
-2.2198558679322997
-4.2815546134710125
-5.746541654299363
-2.531967977674925
-4.44219742209975
-1.4428466044414474
0.0309745988146789
0.5878949988405603
-2.523253634817678
-0.906570919917938
-4.934312093465303
-7.025171672337487
-1.258010245128072
-0.7858180500986838
-3.3708176400863197
-2.387096891462221
-0.4614147451451701
1.2211213693447738
-1.2374341051387006
-0.5736508048334283
-4.470398958475249
-3.657027342343073
-2.463980722898044
-5.6268606572479944
-4.965114336412865
-4.332666644195108
-2.5952732669912586
-3.8799545089570775
-3.4836523007672158
-3.5184664670955144
-2.6730309341131386
-2.7965621631291127
-0.35463390136422224
-3.5931741531662507
-4.973435962841759
2.5991193344602266
-0.9137609886316473
-5.024013108725014
-4.155799088886094
-5.437501224740293
-1.1811039707902795
-4.927846791764547
-3.1955189102539117
-5.625864846213901
-3.04813226981219
-2.1165545420698493
-0.6523905397994586
-3.26239049319126
-4.666259269118157
-4.081316378701933
-3.792770008027155
-5.644331311249384
-5.5539607525588695
-4.080755920253981
-2.1945632827755457
-2.4950806088996496
-1.26307643883151
-3.757530144822283
-1.1735074635644533
-3.517656103260749
-3.888922094580113
-2.3817030641113854
-4.000799418742993
-5.896782696711562
-5.363336617782147
-6.436483998709196
-5.748531383002057
-4.74882181773119
-3.8595304646086293
-5.218605150704527
-4.268654413880651
-6.009174177857312
-3.928379099116931
-4.303741652272585
-4.901952275042422
-2.9545511474149766
-4.16092906803561
-5.409663090336371
-6.883354161688731
-6.384209854849015
-5.817530295660232
-5.938746917382278
-3.4297010992394963
-3.909723365404572
-3.6767156494840596
-1.3773217412490921
-1.2632512548600325
-5.8370709064387905
-5.349548798547311
-4.849331632840622
-3.5409473019832287
-2.6462334081176406
-5.253087153778665
-4.590912506879456
-4.325955306243558
-3.2157097767743545
-3.302887949201547
-5.313980650283425
-4.95083852515873
-4.820965562567528
-5.141995574093064
-6.080705847647102
-4.642380472714095
-3.0039223025221204
-5.451000159751285
-4.336766293305425
-5.841845256478999
-4.821007830036127
-3.9486619241599055
-3.9749990083163267
-5.718604749816675
-3.513322321576773
-4.040746747951168
-3.872361320573863
-0.8300467466976178
-1.1180799484313888
-0.9667194777487558
-2.674438644222873
-3.476988685877483
2.9531465210030605
-1.4860559508425815
2.4859588186933506
-4.2940014466353125
-2.816048948965696
-2.370831929145747
-2.6699696906708654
-0.2900641500799089
1.1790359700447972
-0.0960346623336501
1.3203938272786786
-1.8110065472645944
-0.035508878675642785
-2.2052854459586877
-2.8956980641948027
-0.6488560469738971
1.3327023885049634
-0.39177000220805236
-2.7432946623544834
3.9700147287967114
1.269974440759719
2.737745477705664
2.2835932229212483
0.9986602401898514
-0.4714137994873224
0.40269257899374244
2.1073418858470427
-0.3760910318673827
0.4362587539698686
3.50289935680996
0.1702077137625797
-0.38197663317120467
0.3459041105677325
-3.6442577876958118
-2.5487496685560718
-7.133822445813339
-7.160887024651178
-7.559178889793749
-7.710189525418185
-5.492125971764965
-4.181214392499177
1.987664246350164
0.911417376917705
1.4273600289454138
-4.107195573067928
-5.358321155128588
-3.9044902598257223
-3.6816538549191495
-3.6099584964646323
-0.2653464666647045
-1.6107162091362441
-2.2693379871012196
-2.420162324653349
-1.841811915254967
-4.377488374480637
-2.043437455253706
-2.854490772166467
-5.647464227670006
-4.508013334942493
-5.813652336952617
-5.613660864720516
-6.959469849808841
-4.830190783385309
-5.051673062047005
-2.5025281815223126
-5.026804270223596
-5.853661994275938
-4.746042753356705
-2.8135508182836393
-4.538788063757305
-6.95895534702956
-4.145567004921179
-3.061051164661089
-1.9301452044296787
-2.180694381374923
-5.712682958341296
-2.968316003711454
-3.880006069903035
-5.948023850680696
-4.520229226949162
-5.26528510779594
-5.22847853499506
-5.5362719043413495
-4.089851413964531
-3.1594625592734453
-2.4143375713641437
-6.464400889315156
-6.410110933906957
-4.803502862359306
-1.2623382861000305
-4.610300556855464
-0.9957219166329574
-1.3000098434996743
-2.8188898617902556
-5.216023321203004
-3.1068289514854186
-5.225118698481872
-2.924551047223722
-3.7930065253081713
-4.213091156223999
-1.6185730188099947
-5.537655049026213
1.535699715281508
-2.4548783469251205
-2.410850225713662
-2.4721878710013145
-3.195825290187833
-4.370774922333762
-1.954780191655383
-4.967858226987795
-4.923985400529465
-2.659162498840394
-2.2308503105647195
-0.2818019937914076
-0.5119608655663764
-1.8992838432133605
-3.7378929256539752
-3.0107073298435623
-0.8025471476436312
-4.728604237212391
-5.3791191798483915
0.6073635976172875
0.6014189783793076
1.3793605973208507
-1.120885717426396
-0.09645345030075891
-1.9932414088208787
-4.997165110918957
-3.191809330624414
-2.8313933585518236
3.146601386822843
2.8187673172959298
1.5196841789861375
2.1193614961266785
1.0108113588222163
2.596765129924514
2.9278872331622408
1.620699593638262
2.6150999412928932
0.260433907327424
1.853394152494537
2.3269984951361113
0.5540107000631378
-0.14434458568375486
-0.3599983693289702
-4.779702899577705
1.5793002641011489
-0.6643460486432283
0.8142844795973266
-4.093972942265092
-3.0887069330761934
-3.839600112785793
0.507220120184148
0.19130992082306464
0.10153445498916414
-2.5407921821286643
-3.3260519044469534
-2.446939357812242
-5.562696582045286
-4.845578953825143
-2.8437422716796465
-2.0348211484513157
-2.6360073639442567
-1.6574432852077243
-1.7449284814426629
-4.618758852253325
-4.958806888258946
-1.7214278906035845
-0.6350499800050298
-1.553010518057993
-2.4825952132277758
-1.907784529974922
-4.074267913360719
-3.3147488350660588
-3.190393411640379
-2.586931538271549
-0.9795166318726201
-1.7605957102689445
-3.7285657921102606
-1.3719476763259708
-1.4724453154704937
-4.880173924847576
-4.931651559964622
-5.695366325139562
-3.0376621024666113
-2.274460407767592
-2.404048171251172
-0.5943788278428278
-0.5958431757088007
1.1956864190241956
-1.3469283886986307
-1.5693768305696425
-4.087341225772413
-4.933192685019802
-2.8664350454657406
-2.4530994103586976
0.516892746914545
-0.39463235471147495
-3.439946136997275
-4.887298971129393
-4.570667895257701
-5.116548935312682
-3.8434286404182982
-2.5214061979797613
-3.489022232495731
-1.4225560600285059
-4.49252977849936
-5.222822081627871
-3.7982597273291816
-2.242784355127482
-2.055191324561821
-2.7267963879880073
-0.32220426361974686
0.04899476746265763
-1.9631119669085773
1.7848486091952411
0.8849375832990245
-5.253029285912195
-5.70833468192014
-4.708636170795937
-6.511435273039921
-5.7890909769405114
-1.0615621162936049
-2.434005084372144
-1.9729077376917128
-2.7430725897768067
-2.6985996344713996
-2.4136743801994713
-1.2204799260983572
-1.2049136134914282
-1.9172139680908606
-3.559154099115284
-1.3505793052571442
-2.7845828599945266
-0.5391873045390846
0.5979068204784909
-1.086057750465148
-1.7139553889003531
-3.1176429797793483
-3.0002403875176205
-2.379613625243225
-4.248939621600346
-0.6489508235667478
-0.9926028190971609
-5.259956962454099
-4.984646175467387
-5.3983144013555
-5.35888807075833
-4.9841707159227795
-4.708291761497202
-3.486075083459305
-5.681331880405431
-3.5089282062817935
-3.2555181270116815
-1.686806345893859
-3.268613474268734
0.3712908841309578
-1.4144085218581228
1.4809369767308191
-2.280943961962559
-1.0100950802456932
-4.968070494169926
-3.235533308888681
-2.0793834002830627
-3.04619131991503
-3.6751696734519714
-4.996558159924281
-3.11235091781191
-5.684055747020526
-3.578493643143661
-5.550640841926464
-5.125479096823593
-6.827212952755176
-5.44402443404029
-4.953082226921802
-6.898287926889572
-5.4876791127972835
-5.614421816275222
-2.7338321632931666
-4.245270161681015
-2.2958795716679945
-1.4761291636624077
-1.7774466213555193
-0.542737142350282
1.9065792137798554
1.0892160727534923
-2.386871183935486
2.151254199859989
-2.1324722016697586
-3.7093880452177155
2.2489626939931675
1.3643742499741016
1.5264274218785174
2.071871285611652
1.8523732996162232
0.5349580782288241
-1.621102785544677
1.551738134908803
1.8497839512740586
1.5459509920013652
0.929827819531009
-0.9554151371866879
-0.5004233061418253
-6.474515839115287
-2.1298468285094776
-4.225164750639658
-4.210819072970205
-4.821261741496851
-4.145805379344579
-3.1538369102875885
-3.1346915489817087
-3.428230368533902
-4.204038255317805
-3.8405346622947594
-4.6908972808007166
-5.220601646124092
0.216621226038487
-0.7707469746474276
-1.103870694046518
-0.09206864298186113
-0.0562615473896646
0.7741830284196168
-0.7430846662897457
-2.292768273262961
0.18247619230833922
-3.905171780510909
0.3201736828025019
-1.1124334998295975
-1.8663953266317135
-0.29036562358520657
-0.11298830910980462
-0.5139821273266408
-0.4684854530745115
0.5314057092146043
-4.001963762957667
-5.217822875505157
-2.783985701623802
0.6277895009327495
-2.601738253793587
-5.212156660223226
-3.5749362707098546
-3.084075118424706
-2.342840817231192
-2.3553752093284634
-4.7095031424221165
-2.4403562705287007
-3.7982055940321446
-4.09397083862334
-4.9788391357792685
-4.442632268071586
-4.766067089118429
-3.9345017853341377
-4.871589365821473
-2.9460379525414395
-3.803340828270675
-2.5467000681862557
-4.725404789860365
-4.25525316008167
-3.47902420684877
-4.536638894398595
-4.001469416124492
-3.813384689307529
-2.3742062280934935
-0.9758020108280057
-0.5381923035774239
-4.257669569511435
0.44679132879527506
-4.468569113752789
-3.9672569249771374
-2.7590877868256523
-2.640702425268103
-2.6759841613261117
-3.820174385626501
-4.251481872482954
-4.233722262178736
-3.389122738451878
-3.6891500883364636
-3.5433614330332697
-0.9390942382584792
-3.5866447413380222
-2.4088247619952523
-2.5536389656978504
-1.1237536156810575
-3.344438321411475
-5.230294601191228
-4.20238822027119
-3.232796594655948
-3.8075845912387116
-5.076858158057776
-1.050116517824842
-2.133333860617233
-4.973948882497543
-5.673452099297435
-3.6480818490382902
-4.449655034875889
-4.022703548758798
-2.6973277938363376
-1.9087286002562311
-1.7158077843969832
-3.883069258561558
-5.348251559266963
-4.287718355762672
-6.597214855943722
-5.808958552473149
-5.279521338590972
-5.885860554500427
-5.206554506205541
-5.321478933425758
-4.201790688174131
-3.789615109971003
-3.457367407669082
-1.2097696828027837
-1.6284713214845992
-1.5010783924542954
-0.5758763289789042
-3.4901990837051837
-0.27170919992820963
0.9397279122126525
-0.7239821543603993
-6.920639007477883
-0.11277353136392254
-3.7895107904406653
2.8117103720174903
1.0474694172112025
-1.7690291355453196
-3.0355377887256387
-5.779870242228648
-3.365513083975286
-3.0023353875346572
-3.914771948575197
-3.5579635609987084
-3.592065502864542
0.3992689714742691
0.02941727823885909
-0.9341837526717094
-1.898881074017233
-0.8235691864001344
-1.9996526777341972
-0.40254718601075945
-0.7910978942218407
-0.442772653026296
-1.6546556637400736
-0.980982548809926
-0.017167114344259993
-5.011985914543439
-0.3389435870718469
-2.9674167611883995
-2.8629285068419112
-2.925485981035625
0.8948175273405214
0.840832946317655
-3.507797624697334
-2.617470181182635
-5.4579450360261434
-0.799985179372355
-1.7124581215440207
-4.20958088077157
-0.8266102715966925
-1.5428578269790143
-2.6621261060619354
-5.757053099506368
-6.551000226919216
-3.1104030865031924
-0.07683097941120409
-0.4399799990272197
-1.834596241703483
-1.7466262254968712
-3.942092362826477
-1.4047065666383816
-1.9453166618868505
-1.6460316525268497
-4.3861749395198135
-2.659202493746762
-2.9309678552138356
-3.1441328734019454
-5.51200101638012
-3.8432475010892815
-1.343686432252305
-2.286295526916363
0.2883461785589989
1.1495134468946482
0.6500221668955812
-2.1775275615470635
-2.1212662848261137
-2.2782935419609007
-3.140445135193782
-3.633135520160401
-0.9146069986991753
-2.670969046202859
-6.156919880258739
-3.0782797101575756
-2.7245492569985954
-6.875298965587515
-6.250229021559302
-3.086644712701867
-3.062064638895528
-3.952247137978737
-6.959006944504133
-6.132532687746261
-6.244823990402267
-2.4616043050779144
2.861727334401646
0.6699587865799781
-4.547610904441468
1.0405300665579287
-0.7612817326016519
-0.9529206186972918
-2.2256943516596284
-1.8040367219281244
-0.6643587744377779
-1.2987422129807407
-4.010823263659943
-3.9102039367285863
-2.0262672140842937
-2.7236114342432156
-2.9237132916464366
-3.041488862263651
-4.192388762239746
-3.324987509712589
-2.1708828030322023
-1.773392570480336
2.738600917411533
-3.4914544165004155
-4.141036671246451
-3.9348872878948837
1.4696194168120607
-1.87260417355363
-5.199480845533689
-6.084239114617155
-2.0652234275384695
-1.119855645502489
-1.214485974935597
-3.0730186731740057
-3.978872149769133
-3.2910630007945594
-3.2481416222937334
-2.408120389223261
-8.650367689996905
-12.905552297168546
-7.982708166238933
-10.351478044087667
-8.062032867211979
-8.049077079173486
-11.503407549440245
-11.530800942019685
-11.650067294465272
-11.131626457322286
-11.047217250539372
-10.272850308071522
-4.4721849929596145
-7.669124613247313
-9.003841864445999
-10.741052539878844
-2.896181929778892
-2.6720862727308967
-4.49528438558581
-2.950346595175439
-4.51941263951551
-1.3656276027555387
-3.3692006423122303
-3.750479284317591
-1.3586287184161574
-0.7025815060712104
3.1252480284307085
-1.1267715280457753
-4.91727019618501
-2.8645051190052477
-2.7753103134292987
-7.618305334147035
-7.78614315805616
-5.8293124135586964
-3.930536460946349
-1.5130701460294445
-1.5718864843221723
-5.957577785963314
-4.958377059344761
-4.25612342526647
-4.794317281947463
-4.929705381401071
0.4543101344236211
-0.1738708566650129
2.020752274583252
-0.20844043807974155
2.7292532073732927
-2.0145975145271793
-0.6588876187616669
0.03998586313793373
-1.2757881036118923
-4.9606093115642445
-3.273234695205565
-5.73945031353909
-3.4114790687126004
-1.6758307013778024
0.11115226527708222
0.5970947611927684
-2.6545086719688067
-3.8511256826901796
-3.935235941270804
-3.220570936119885
-2.3128271353747514
0.3959651364799259
-0.21113846596034036
0.010903047753489492
0.18146420590641332
-1.7864155945758378
-1.406277519681458
0.43244072505753794
-1.3363197723230789
-0.6164324289677956
-0.6784356079307976
-3.1492204437440945
-2.0685057630102825
-2.5479454436240694
-6.289424772761161
-3.184452287724479
0.026598457970813838
-4.10671358917526
-1.4801038016141506
-3.3082564594999213
-4.772177911939812
-4.15482330818236
-3.79629687220568
0.014530064534268083
1.2611900953242656
0.3864331448675997
1.0504765190605603
0.6835413853603078
-0.9163572787194918
-0.37937364072623136
-1.0895262288843972
-2.7309116962123428
-2.3655870019605194
-1.5887148410967322
-2.5289868284394514
-0.06910478982956325
1.3755403186868742
-0.15111925268285142
-1.5386952490338988
-1.4302015298453203
0.5073867409284742
-2.812507837027342
-2.3620775993969305
-0.6334032892203381
-0.92555590695767
1.7035513653133003
1.26226337938917
1.1761496857285043
1.5010811777329975
0.3907924685794153
-0.8313208759126629
1.598110158321082
-0.5199812094932093
0.6428360059657565
1.6048649457717719
-1.5335117383491395
-0.051522514660651275
-1.7690877160920135
0.6368873482638951
1.2171005470139755
0.48730345051769053
1.5447984097258303
-0.6533057882329053
0.416068005455136
1.6390797387120157
0.9002073465613027
1.3255902384555787
1.9881406368057009
1.8658288497630986
1.2909382067030577
0.08774498395378805
-4.418861411193757
-0.9147269105145592
-1.324777803555974
-1.9132689583012752
-4.112378843638345
-7.718027253085142
-0.6220172175393806
-4.897415908641863
-1.4336283344650729
-1.235859768385857
-1.5197144562464615
-2.7105774953442885
0.5631527519267625
0.42880932012413353
-4.484200576622785
-2.7673136516775347
-9.030617878616438
-3.2328847317175695
1.4355828264696335
3.040566980693052
4.473784466240612
2.4924743032534344
1.3298362081752009
-1.5877889513728944
-4.604949389208805
-0.1303331569322974
2.3359726550685327
3.018569160253459
0.575565402848446
-3.336214880027875
-0.36910351636927985
-0.5017480007882904
-5.026401448130985
-6.894543852822155
-6.878054652047442
-5.603495004504919
-5.678501309842197
-3.750505522871716
-3.21046778087738
-2.46673517597201
-4.07725404718757
-7.382056496771294
-9.206338838913869
-9.75863227901498
-1.3652924394709995
-3.9884338714865324
-6.925482284456537
-4.38671699011571
-6.885799173657835
-4.636666263581711
-0.41126441816331516
-0.7057309088584538
-4.193072510852772
-5.129177208393189
-5.49814172496973
-5.578720826425457
-5.000634716523898
-5.476272147886064
-6.29896476936518
0.03622484649453095
-2.5639286157838694
-2.167758457376896
-1.7023440202165716
-3.3726673816921444
-3.3529439465539554
-0.7669008709095054
-5.613148198362526
-2.6410401278549704
-4.3916669889497255
-3.451588138971127
-5.055369849768221
-5.649015422776644
-6.362018133725698
-4.509959048180605
-4.11793361059981
0.42308064780958055
-4.030630204716044
-3.6063430082361174
-4.0426952407763626
-2.6465653825551327
0.37217189107696624
1.737257803842723
3.2228374691085806
2.276093457855622
1.3573258026673944
-2.4815464446198847
-2.503346512531285
-1.4560047454019478
-3.49957392721395
-3.8796334818461284
-0.5289635593801427
-0.9457790980380347
1.3651629592099583
0.1481021683878505
-0.638325533462891
-4.993557035738143
-5.469981053301748
-3.149726065085554
-1.4606385948139449
-1.812337978866979
-0.4403861250986779
-1.741329906763184
1.582749942053649
-1.237296436238129
-1.1055629256085002
-0.5333028699506854
-2.430506919003173
-2.9537965391376364
-0.8566486785913602
0.9371404133486867
-0.062121802403802384
-0.023246672452876482
-0.7764142035356962
-2.8554540171390403
-2.0804206689256737
-0.3914896160531678
-1.4444908487118866
-0.27678414707682686
-1.622296541588136
-1.5070526158380864
-0.9205795163212707
-1.9613105107300846
-2.4827329102152857
-2.2231262376884824
-0.8439061283900131
-1.760717877561874
-0.808093283527351
-0.8643691301652849
-1.449432570572698
-0.4171430411964917
-1.1079405439827381
-2.179437859470859
-0.26207284234465456
0.09599151651555626
-1.697879085164097
-0.5242169846737985
-0.7811969115031665
-0.31398071798331406
-1.716183320183488
-1.2022367482795837
-0.8112892864956703
-0.8293382057694455
-1.8187832812626463
-4.880430461378671
-2.1350606249120476
-1.7280994264143041
-3.2704584889637607
-2.621888958784392
-3.2152265685079104
-2.847327215111677
-2.4987904047099048
-4.2419859234435435
0.662482703301699
-5.086368098230501
-5.612111108054466
-4.358463892719129
-4.363532895011305
-3.311185328081519
-3.425591362748645
-2.264996898604441
-5.315620120479991
-2.970949619994302
-1.2019534103054026
-1.5503052777207054
-1.0549191955828736
-4.652398228889132
-3.5631061630930243
-3.691162470862996
-0.8234231158957147
-2.0803822060468313
-3.5854943125167535
-4.784505182355563
-1.967996330415906
-2.8359149720598262
-1.5541289444187967
-4.40470059078164
-0.11289262373408393
-3.10170955293073
-1.0360541529462564
-0.9201941824116804
-3.165206994764329
-2.7868894851560015
-1.0704114411533932
-2.792454914274706
-3.640964742246558
-4.141077224189786
-5.44494033136707
-4.018125636110936
1.5979557402208031
0.5501150799362036
4.033503005810954
3.787157949190169
4.0792059234807
-0.316000346156878
-2.228962836225527
-1.2799886826375637
0.8690757121040411
1.0233070685381587
1.9118299460047472
1.662106418630966
-1.179319974499907
2.9606108222448313
-1.7003992416486207
-1.122596015919019
-0.46576953402367505
-1.7336955742893627
-2.61009845618032
-2.3010215877547653
-1.9926554499224762
-0.674863674108487
-2.232065437699558
-1.8621001024204429
-1.347648195793259
0.08082146678943936
-0.47415022640819493
-0.2895514521239062
0.24754475062784853
-1.2120883170598065
-0.8734246830333363
0.06818950408324631
-1.4393409386850655
-0.23878079107209338
-3.081127821278393
-2.074202199591328
-1.7077151448647196
1.1085574405556315
1.7565159031201563
-0.6611248490469848
-0.3551215140562014
-1.675343787858668
-0.16886634646295007
0.125160514278289
-1.7618700019592752
0.5871916492010117
0.3376427767013541
-1.904515552524336
-0.29807875245803617
0.531910690171788
0.1321032481325306
0.9816155229972894
0.7698861166452302
0.23611778380233017
0.6779043085472451
-1.6661338924922107
-1.3569966093324193
-0.8377565051233866
-1.4134040527233813
0.27668958827320456
0.22409727367721421
0.07936399958580309
0.563865537898987
-0.2868687412646982
-3.904641975454777
-0.6503287240115186
-0.5113910729524813
-1.312704846015257
-0.37599520453407465
0.2507688486523353
-3.01628080686968
0.7320173306694011
-0.024488953237426392
-0.23933097585364083
-0.6282608775971514
-0.5463029572444753
-0.1943817629176423
-1.0681966066713025
0.44035754749058287
-1.5887013304363768
-1.520925294241417
-3.04124704695538
0.16326512994181575
1.561775993382766
1.182734374395049
1.1678942455894967
1.4408244276777395
-0.6967743108607057
0.5312608200856527
-0.1335568550194477
-0.7418382309958388
-1.551393198157753
-0.4019362343899251
-0.19668055119997252
-2.1412507103946345
-1.9974833854755392
-1.1282622549328958
-0.59242208938098
-0.9869460278454372
-1.2126361822540122
-2.795750196679121
-2.2534867808348125
-2.977573376591609
-2.6063057974740085
-3.0329526499349395
-2.2389492906855972
-2.5697864801812162
-1.5728052770445347
-2.2446454944551553
-1.3059881598378766
-2.956950588157766
-3.840363430572589
-2.160694794371843
-2.800806366093347
-3.1762615017738867
-3.264023434596412
-3.1476730719708965
-2.3410581547566527
-0.8081774207325965
-3.7168996486032015
-3.063012022044378
-2.0721475576647754
-3.768675204377778
-1.0137747217402362
-1.3833195524956965
-4.671317143564133
-3.6939504060737045
-3.360117404664652
-3.8601208533204496
-1.1442173565812765
-3.2107474445338253
-4.360784255221979
-4.777547393789302
-2.360310877601845
-5.0639575547187485
-4.846805408896567
-2.299305242984462
0.44914072271562666
1.1182268528405555
0.11272539461163222
2.199199638332205
-0.1093031993208442
-0.30988138157850886
0.45496070729769267
1.3023463490824263
2.375093245055329
1.89525366296842
2.1615594065168913
2.0976015056873845
-1.464929833228173
-0.800095236366331
-1.3366655541996568
0.3006281473829484
1.734710810046293
-2.2151891624400113
-0.16341231894588648
0.3898382173780839
-0.06676093658593762
0.5493644691115656
-0.1622190608829226
1.7806835290363805
1.7992940562939248
1.2791940301277962
-1.2652914005380378
-0.40448897678411677
-1.3643590221048856
-2.3654005385606105
-1.9000897287547867
-3.5001456642326256
-3.4028102154214923
-2.5946047448599043
-2.4672634544736054
-2.4220867485678417
-2.2318207201820153
-2.9732778845683727
-1.584279314006151
-1.5944985560589404
-2.3803393260679546
-0.6064201714822437
1.2117562661128747
2.2131714731232286
0.4024827992961655
2.58862229592264
-1.3776101673397403
-3.084820135595078
-4.945888430547932
-4.408547272491521
-3.8654647709437615
-4.7781278409464605
-3.768076107755472
-2.0907275870793876
0.25037590010765687
-0.6570664895989684
-0.36935693595942
-5.813982634250667
-2.751043406482924
-2.418405790804074
-0.8697479316439182
-2.8145480029430203
0.3968468269681371
-2.7537902293970253
4.0169532730076005
-2.9273750103263176
-0.017478298666241843
0.676472826570663
2.3067212309431717
1.684421003784757
1.0815724831533378
2.2382570506624013
0.7117442573688357
2.0063037831231423
2.208635859943385
1.8137942851041653
-0.09277500884789847
1.4035682446631315
-1.3420526138733992
-0.7043796851559732
-0.21459903090835536
-1.4254095329811678
-3.0530325745105005
-2.6779897219059396
-2.849051194503279
-2.186746910124099
-3.5645776521347567
-3.2239001524464594
-3.037671796513205
-1.7355765897776188
-1.7704652359620694
2.8055747109554927
2.778353016050702
3.246366572059153
1.1980818219378313
2.5307861413480692
2.172454214391536
3.1973470826895314
-0.41114184967276
-1.476798373697821
0.7312893293301749
-2.141476887273517
0.22206043753443638
-0.5790088823684835
-0.6626056305139438
-1.2576560809940425
-1.0152739491725224
-0.8602153242274344
-3.347355676553134
-1.700000138097671
0.36367561061403864
-0.18988451268739825
-1.0976722054970893
-1.3336423588617843
-3.7363889578608536
-0.1587298401538747
0.3480653594978398
-0.061726018723261444
-3.4029269891744804
-4.004264892394236
-0.9012186504039393
-0.38413083811570714
-0.7810539491221726
0.9836722509499276
-1.5706670307111046
0.08899678098154151
-0.2752081179268787
-0.6457313132792828
-1.0541199860097952
0.465244579574287
-1.0227539885745893
0.4511265721186564
-0.9114745187432649
-2.5846862313698864
-1.6682518496889163
-2.744793753257215
-0.9276437577750549
-0.5440191651822619
-0.5289495094994098
-1.039609349383699
0.8770730091186895
-0.5652353309148372
-0.33897952445952056
-0.7449362081162043
-0.19917707519539407
-1.1175977356684719
0.2171151531753397
-2.3080833309386968
-7.456583169141654
-3.4099176101290904
-2.716146667144323
-1.6446075981252273
-1.3122525362828583
2.292417031795908
1.7358345376544284
3.554366384361372
3.311110358160831
1.4628731653058482
1.3026319381984235
-0.5393480908924915
1.9451575980742226
0.8764571417056699
0.7613487503284757
2.1011881318188363
1.9014684613705157
0.3184525303286947
2.4206916519913264
1.7177909164548548
-0.2379970073241473
0.013982609391479772
-4.01345800397446
1.487787192914921
-2.990258492186362
0.0465087042530018
-4.149120838623348
-3.994055454639387
-3.1440157461620704
-0.2574211622240211
-3.8307680425408215
-5.219764035561744
-1.251954022156716
-1.0099080746632692
-2.4513495307789346
-1.1775049586507764
-2.2954136255662765
-2.610507001310406
-5.153456840738184
-2.7039822246744563
-3.2043550526329936
-3.511058386380114
-2.0217496776850035
-1.242287109558065
-1.922388422496192
-1.0954621256526516
-3.0900278259437073
-2.451096562687564
1.1712063546251275
-0.6830159824568872
1.0972529912267877
0.7323874695333425
-0.533363136656156
-0.9693232930396272
-0.6716099623024049
-0.2697640289871708
-0.6228457965904362
-0.46539785832607694
-0.6752889372932127
-1.4469957575425516
-2.9390718318551037
-3.8434434709677765
-0.9471081281413551
-1.1655699432765594
-3.523925697644983
-2.9512179688625584
-1.8003818993273062
-3.379758611565422
-5.320256358909208
-1.2235805038973555
-1.8968521473842583
-3.00496682260318
-3.487606387943841
-5.273054762946402
-3.2428816282601796
-5.348439746276263
-2.378411164436193
-3.941878244717768
-2.7169463729681214
-3.9637960029472206
-4.732265677330043
-3.450078826321989
-3.1365944455580825
-3.2391409843034737
-3.127964710708669
-4.1842073383379725
-2.3440011065173962
-4.007825867298794
-1.9673132403436338
0.20526569675623763
0.33323256448442407
-0.7335356250593594
0.402693590952124
-0.33319196132126105
0.07367428452344538
1.5039862626192835
-0.5189801938126581
-1.635698282116218
-0.37692753305684046
-2.221635113582384
-10.259106990500635
