-3.447988850980216
-1.08279143589968
-4.517971086861328
-3.82739342681457
1.6175498445141394
-4.753939672725094
-3.819248074097544
-1.9301085364537907
-2.3720100130371105
-0.16885464490950297
-4.424901341722757
1.4871766479854358
-6.5708471661832455
-6.703917992287356
-3.7026029897974215
-5.162942365962117
-3.3495634048699383
-2.393805880670798
-2.1763567807100936
-4.771240365275856
-3.9445950043810676
-3.557163054267007
-2.4147262962861373
-3.123375109004141
-1.5859840516472214
-5.347201962884475
-0.8284865378302956
3.0186204615953884
1.9524751465384322
2.6002851884739604
-2.0376517557197507
-2.648104834200348
-1.3794270502025154
-1.0538849297280142
1.9360506567796851
-3.334152157490913
1.2571507822908514
-0.6206279503041385
-2.284846016120201
-1.8281806545481316
-7.338576131215707
-0.27941439518293953
-0.9200126847402341
-5.212703789957915
-0.741700748294764
-1.3972300200693746
-2.525605766429756
-0.5019355706721487
-0.6372545205159226
-2.9132165517546484
-1.5676004456349948
-2.2045992267376446
-1.6118198047370564
-2.0712560308426937
-0.26036499545684955
-1.3489603578486382
-0.265078227578466
-0.09012654412652554
-6.64995576746788
-4.541126755145941
-0.4326119728613982
-1.3089400111117526
-3.2701042635070583
-5.121422908597152
-1.0728924595914373
-3.097689615805278
-5.2948902512858576
-0.7355209584000505
-6.8490471639831965
-4.08122975482609
-0.7754655429994408
0.44734120683252276
-1.0387821636495769
0.10486950818151708
0.6117355447210095
-3.1135595788106567
1.0746914540284669
-5.959547867371815
-1.2968016596535823
-1.3235190092780906
-1.0882850692397612
0.34099541850307247
2.8482584244836104
-0.6330551817740895
-0.39822241757036225
-0.8441750152613617
-6.313198850089663
-1.004840112317677
-2.0626194902052575
-1.7215886069956063
1.5791987479900653
0.6519535357340283
-5.237867981726678
0.5063206057216809
-2.899234476435944
-2.6907481792188723
-4.0842989445399995
-4.349163390306208
-4.73410570024217
-2.7252614635602033
-3.203255530417972
-7.758697900026028
-5.166505852022899
-1.8211864765191073
-2.58611161156814
-4.070336431371095
-6.019704307751383
-6.7824444627229585
-4.5723315088238055
-2.2894178933610743
-2.956201403718482
-6.405181210699467
-3.2143153933207738
-3.38418198536241
-1.528974708656794
-2.800879586765343
-0.786818086925799
-4.603717686527292
-1.0115845129655991
-4.540689508631495
-6.220724485788915
-5.592536481260468
-9.01861752298373
-4.592572011652947
-6.995297991832442
-3.8349824146091875
-5.21529722967574
-2.0732210910874036
-5.837458792989342
-3.543788131522212
1.1844200070838191
-3.2043273537927517
-7.5383792920500134
-5.623695801649083
-8.203651338519084
-5.016648888097528
0.08737698635732938
-2.435494324030314
-2.7194931061101424
-3.1206999283422427
-2.4654271242003065
-3.0445866513401185
-3.2873004485314965
-3.277516335234508
-2.622084289039594
1.8845051771422612
-5.336580347863358
1.0626585057973728
-1.6787891259165677
-2.1359753435139623
-4.905871715048393
1.0392171580234382
3.696396632606101
1.2420017059841162
-4.966063220800711
-3.7572880409132026
-5.923860156012194
-7.477816266073715
-3.1116820048504534
-5.90980684687956
-4.093961829902867
-4.482558819788363
-4.463587978727318
-2.506440836429561
-3.0112167537073598
-1.4128582325531986
-3.1929214895019387
-3.1555956221619095
0.35820176567038464
-3.103241222918154
-1.0918791085584405
-0.8228612874580783
0.5269697779570457
-5.161875509050108
-7.156072045265082
-6.709259129405118
-7.157428381074669
-4.452229940134944
-1.5891188763731736
-6.824530231407403
-1.7318813073448358
-3.434924376197273
-4.723401941001824
-4.3907165338688765
-4.878771237176241
-3.006196529418569
-0.04338695356505684
1.4752175463574786
0.9710887065987168
1.6647900250051728
4.11849932531628
2.660189049744419
-6.002402789334516
-7.626008779416894
-8.049636836188698
-7.0208015986709755
-7.4670660872689965
-7.15163031482099
-3.393482804871089
1.03155353110221
-2.0304724207547604
-7.701748451921324
-1.4527119572601823
-2.7749346423466394
-1.7745525575906145
2.270130777412636
1.411677693031639
-2.85001835799702
-6.198834149098698
-3.844209474528299
-2.6033858544050275
-2.4856217857208835
-2.220493676988405
-8.137348197102128
-6.778332090826267
-7.329673104433527
-6.826058433922044
-8.074704526073942
-4.99425214999205
-6.268707634428185
-6.846161107098571
-5.604948452353838
-4.583876411128523
-3.473941534705199
-3.0493951824641936
-4.121406295943513
-9.422970920354539
-1.5652145697945683
-1.7507805537381436
-7.256991504234392
-3.647340524860252
-2.0060685968104113
-2.424366576277606
1.305439793825295
-4.994687976317878
-6.059479504940243
-4.923077522097838
-2.6581156333159868
-6.628854680586466
-3.7369012704278832
-6.801380940675252
-5.324325306756276
0.4112070804686735
-3.4781811099288324
0.3098672178564652
-4.351326361962975
-2.329980048363126
-5.031412993696716
-5.606325654315731
-6.0293217599266296
-3.021636314946315
-6.467169060868465
-3.135124927773931
-7.0559382845364125
-4.51211708927224
-8.683896400084762
-1.4344907601019972
-5.9681838413301795
-5.882714791141808
-1.4041745351991826
-2.37629328898658
-3.510025662027135
-2.804454784950962
-6.907413839352398
0.5039489658104477
-5.264767253167551
1.741843133571408
-0.8671470835527018
0.7935255961397811
1.544386295279811
1.1158870246481853
1.969494411729376
0.39675298946843573
1.359158070871258
-5.3956493163504975
0.5024663845122099
-2.873777243368049
-1.7800859787864476
1.08544101127231
2.1926099706012994
-1.674642329585075
-2.195224106798455
-5.826262363795559
-7.077955564630861
-4.085948559205132
-6.577681682275567
-8.149448352673588
-4.75823542027395
-5.131049083249764
-3.088193599339446
-3.330381635891361
-4.896121287820588
-5.244951303364419
-8.132067767084667
-8.844998950635823
-0.594665841401668
-5.811258122751099
-8.550339119577076
-6.586353206582014
-4.593837175767036
-7.3211683239266
-5.457603108195384
-1.7232555739384252
-5.653769174820303
-6.7338560089246755
-7.494540391736127
-6.513822314443801
-4.764541439704325
-6.988052878964126
-5.593153056636327
-5.6656716044103685
-7.0176389925008165
-3.2072139284082777
-4.486749342029244
-2.386096680306059
0.16813830187191214
-4.707891455285615
-5.2273184344179064
-5.310219399780583
-3.37381046915063
-6.008116781141087
-2.6842384241370945
-1.9466357528627782
-1.6409648844481683
-7.270946691176783
-7.4436584098060905
-6.58303869398194
-6.490659785614598
-8.568270261732028
-5.952361575948369
-9.221426798554845
-8.582220798744446
-1.5589138209186921
-6.539181065918477
-4.735632053035087
-2.9679594936171636
-4.265458712815746
-2.2819631755712546
-5.501026966013136
-4.247546411147252
-2.3347684394460333
-4.800038579440777
-3.8568397152899583
-3.8057926424714346
-4.143585246580587
-2.274136886980072
-1.1505843658252135
-4.845566486422839
-8.360096880829982
-4.5078733475516675
-1.432358197264906
-2.216990754507059
-1.20568108395827
-3.7744488877892204
-1.8492743735331572
-1.0982085020075647
-1.456943091778254
-3.542752639460325
-7.325667805253567
-5.333380299595662
-5.774014763508023
-2.5923089406091564
-8.031371051396412
-4.5718370124546714
-3.053495636159746
-2.8673673240855746
-1.8052126837987545
-6.926790135001686
-3.840046429997103
-5.472565237527139
-8.554967146242877
-3.9755465881289576
-7.509802878065087
-4.571164140432914
-4.064073231364072
-1.438218568859611
-3.163279823291303
0.3289525991588029
-4.185280550989475
-2.8566015558858595
-3.8724701257594827
1.6408948856642431
-4.533315811872608
-3.9336828944822124
-3.7106504899686383
-2.492948067883034
-2.492725774182415
0.10292489246080627
-0.6865311048600358
-1.9319179486473217
-0.2404372123013354
-4.516572354978813
-4.788284914948546
-3.4313670053700918
-7.458907051718074
-5.554124270942648
-3.773281930843249
-4.610180594471508
-0.7017766839460927
-5.805011326028673
-5.649092529046121
-5.012753042024791
0.5961602847302494
-6.7723542623398005
-2.3273790467953175
-1.4051475330737977
0.5655320120699623
-4.63968252689058
-3.6301255172060265
-2.5553989133723762
-1.56980184568432
-2.2631396660224583
-2.374204652038376
-1.190976555617612
-0.16999391106453832
1.3505661191479152
-2.3840419469830656
-0.16773436623769888
0.6295739607852329
-2.7693029436570376
-1.8347529631979886
-6.76001273821399
-2.45357285527047
-5.846575730965576
-7.553678168162801
-3.4495511000038803
-4.208765983652905
-5.364975924083438
-1.9402593138496569
-2.3724636640050982
-2.797837776684641
-6.5574211036903485
-7.126906398260354
-1.5852974364891912
-7.125588902398073
-2.7123353230427827
-8.463335304993482
2.010319634583866
2.178869600694097
1.966141408243406
2.903418531845161
1.9010140563388054
2.2667656694277984
0.5128682116738454
1.2143074357927557
0.1201679364726238
-0.376585999806362
2.8749682430511365
-3.7244979810554506
-0.9077723256431909
-5.733689525922983
-4.4749416382929805
-5.939273269591131
-1.9597438047081581
-3.008500067429943
-2.7910471354066946
-6.105935624771297
2.6430439232281815
1.7157978642684872
1.3740455101698217
2.128785872538103
-2.5221942914006545
-0.38464601394689
-3.37714119803538
-7.232065530579404
-1.8288446690255986
-3.6280180174123533
-5.550600814355901
-3.814186510163021
-1.5810881378116677
-7.527461571205826
-4.720547074011498
-4.574604174247564
-3.769910782681056
-4.050402757495626
-3.001085423308318
-3.185628133638909
-7.921975863873022
-1.5488442187220566
-10.035859406201938
-7.311860327406454
-3.3623759867622405
-2.8435047504806805
-2.89813459876635
-0.15362309457891965
-4.490593525885877
-6.512921366461512
0.49171009787595676
-0.8159618181112944
-4.129519302312898
-5.190916836994927
-5.212488864233212
-2.619763139885839
-3.764117236253784
-0.5495858440748795
-4.199789158801625
-5.584462974777176
-6.552181760362155
-4.063486173691793
-1.458009724922333
-5.5490878750745685
-5.461573670890489
-1.4843644503057247
-1.382829631443078
-2.858152789709197
-2.2215433528755213
-4.580626633528231
-0.9446605949882643
-2.313572431864066
-7.5657249566867995
-7.252900071275289
-8.424252518128041
-8.636828420488158
-7.767833442020459
-5.912755069450161
-8.092780976521366
-4.492430303090482
-8.381748034440172
-7.72905254030274
-1.6782569578056676
-4.898709885104756
-7.154405608592522
-5.472344717562371
-0.9308700037713065
0.47586147071010726
-3.8091778097523163
-1.0115702317507906
2.5644755673561743
1.318774107517945
-4.703748503826311
-4.557330938649629
-1.265140828086187
-5.590345749935178
-7.102197294858551
-1.8879819942725238
-6.061728528015965
-8.917168147209487
-4.47645241697109
-7.040917492185415
-5.613841382925082
-6.647590560129213
-5.199635110469715
-4.798957152695014
-3.6811530381657365
-0.7248691575074738
0.9379313074454501
1.1328366771036493
-3.2379115250778363
-5.427321574447112
-9.37924299909466
-0.49580149600702983
-1.4842106289481645
0.051043663698107866
-2.097326953489709
-0.6626567462455114
2.9403172848696064
-0.902062418789333
-4.633764640542247
-5.347452506183737
-3.8563136716898847
-6.4964222849020015
-0.980173298926023
-3.042411005754747
-1.3303829702928793
1.917878209676881
-4.59463520603191
-5.621076461235542
-4.490066032831686
-4.692384212516817
-4.3312650630772
-1.7593290352658326
-8.44325968894724
-5.838806665536272
-9.149697481625397
-6.478486947236229
-5.454300493382119
-6.67975695752426
-6.133570315060253
-0.938861087393047
-4.385490100679367
-3.79495618816383
-0.5420974448226878
-5.962982279131046
-4.20967883500688
1.6025226923050317
1.7093688815528045
-3.669720064603519
-2.5994112393398243
-6.010407722835986
-4.904989255723648
-6.819130718272026
-7.202300354977054
0.5094228256494383
-4.0586207892652295
-3.079112037570006
-2.684823680928321
-3.5547004324930462
-8.997727892490468
-7.714601593374875
-6.759456508748519
-8.617170754260854
-2.338032017538432
-6.116108701477834
-6.790016511660418
-8.502804617120994
-2.6638656560904854
-5.456804312049478
-3.712813498399977
-8.651124612822771
-1.7484567769330992
-7.958181756213576
-3.455261733626398
-7.045631465143909
-7.784965108276231
-6.36634066731236
-7.331360858083781
-6.312759194571732
-4.9048725536789455
-2.312123667267575
-8.765819268385675
-2.0537700369663425
-7.955288909864693
-5.959076189598034
-7.966081355708021
-6.952674955974256
-7.181763210780501
-6.240070516142358
-5.987260324087606
-7.419405678036328
-7.452043009484393
-0.6529658870391871
-5.698183779290604
-1.9418390986125524
-4.6671660698165995
-7.145197010668446
-2.6339999656376554
-7.486976088628736
-5.856749917387753
-5.291437089567439
-6.080239678741816
-2.979539024776044
-2.849829903584175
-4.99044429179063
-7.30095830640348
-3.4576991723604564
-3.9368615565208476
-3.9778712391455575
-2.205309181481476
-0.8723603034322726
-4.884370037032344
-9.160548029900777
-8.436753793058795
-6.472718514896977
-7.3257286490982425
-7.136006926863478
-6.4727238080792135
-4.631670861464452
0.7374450578203052
-5.498810559581464
1.2809507968760174
-2.6656622586478615
-4.2866836986232295
-4.6452418485898175
1.8049339390674226
-6.490987482952528
-4.387091204947332
-6.790907064939894
-2.351543605101433
-6.023771978483183
-2.91970889673694
-2.1200583882739155
-4.759855098883607
-3.655723584133291
-7.524037681299814
-4.407714922536078
-6.566522313085993
-6.408619994954759
-6.406262172050212
-0.6152313598168453
-2.7850025896262283
-2.676873904788912
-1.0500843762761645
-1.0668227507723822
-3.8791105252122096
-6.409916501402093
-0.7527179029758484
0.9059100545078842
0.020202807735570483
-3.8216814696209402
2.911018201823316
-2.291064429664544
-4.001067791900294
3.208923065211141
-3.5869372839629188
3.508005293658216
1.9591845174563285
2.1311033501043997
-3.7349718335637965
-3.1355965777099106
-2.2406619549141205
-4.6805628183546855
-7.986899220254658
0.3059383139580869
-5.6390601349038745
-3.8187080259486352
-5.426948458268622
-3.399449739310346
-5.481324881297942
-5.5991136819383005
-0.41159649798139253
-0.5615555319556719
-7.214696608163028
-0.35025931363710594
-0.6836620291974125
1.676974467391746
2.0790597247822777
-3.1976167379146827
-0.029916142063608986
-4.129298731531221
-5.914138804651009
-3.40210177748481
0.8969565776429431
-2.916362819961206
-0.9001040858309242
-5.331358462933352
-1.9619193377868638
-0.034475846028361457
-5.537844853092429
-7.215011588852558
-9.439696618156454
-0.8965344004638047
-3.2767723639683393
-2.5578410867518695
-3.4196071039905966
-1.886742394228516
-0.23343698509909072
-3.159171076890755
-2.396953749679652
-3.247950903891412
-6.880860316489412
-2.713709577046805
-3.4618962710738597
-4.377236124085507
-1.8524631218780183
-5.025482422113465
-7.78585524767983
-6.526157829074461
0.3768376238294139
-4.978430028257121
-5.993063563947509
-7.095948246895142
-5.811613076715471
-5.298325145278393
-6.393011743243408
-8.103564188355548
-3.2525469090906745
0.9483235787939692
0.16152853830719355
-0.557721262795954
-4.312092233484111
-3.637762883329457
-2.706203962502898
-0.1720497132784451
2.666910402569082
3.0689126246985206
-0.8738042894731088
-0.9002347159123614
-5.233217566522845
-1.0144327341758097
-2.0650123243818332
-5.598138886771194
-1.1625919288540283
-3.7426062002689124
-2.5272233508221316
-3.118794102284345
-2.705338814218134
-1.188920549362413
-0.1822628989650209
1.308383014740163
1.3091565146980801
-0.34518503961738556
-0.4794678710092908
1.9963029622904118
1.304484906748265
-1.1326382309359304
-4.043433402442661
-3.252286776500821
-7.25278278987693
-6.466003526413418
-5.9956640798240395
2.4387221738670566
-0.798465815826475
-2.672611361702914
-3.0064946560568933
-5.21598465162706
-1.765305300232678
0.2790268018668177
-2.8835896062234285
0.8966764545612956
-1.8211056965191506
-4.174489353890949
-6.955032069815545
-7.086923888107989
-2.367023415967097
-8.141684735830832
-5.676640685207447
-6.40710284547128
-6.928299217578778
-6.97367864814731
-2.2964302714971776
-3.0785274727430187
-2.8980427543846576
-3.583873589671486
-4.0284456154966515
-5.816312219914255
-1.9415487997090008
-1.8045402765754222
-0.7718717635822843
-1.3070967723490832
-1.0633592894656658
-1.8659166053673957
-1.6140247333479663
-4.2657796988557015
-0.4202846310495041
-5.322559112702001
-3.7844303942116646
-2.7282741028484514
-5.14325895641737
-8.041954535036353
-1.5649235160362645
-5.834045735130379
-4.138057182535472
-8.139788345028427
-3.150879584161536
-2.156224416722203
-2.231233444563469
-4.328816220316112
-2.5253658844581524
-2.801251729581294
-2.5278234241204895
-4.221607607050629
-4.198188475961597
-3.6222145621871067
-2.406201330453359
-1.130646091709218
0.0006959636514400902
-3.41928470877171
-2.4986940460682696
-1.9216502253447665
-5.095389610328602
-4.261391741158099
-5.79298277107001
-6.754230691283196
-4.603847942044173
-6.9292263844320106
-6.3314761929490135
-6.323641137533485
-2.7442981317043955
-4.270768002013657
-4.6732114506701965
-5.72040163116268
1.294289796938659
-0.9001088940865062
-4.314051404066028
-1.2184876785688605
-7.914643918635316
-6.236937314481849
-6.507090865274351
-8.974951129433137
-8.274885348767057
-4.392881955539525
-1.8714236095330223
-5.69608689695879
-6.6907070384008165
-1.0969176532577252
-0.8863839051985524
0.04927097881608811
1.0514725616220248
-0.4728018334179446
0.07980873705578306
-0.9182641336665873
-1.9437893340406653
-2.2558164449021025
-0.8033351810418686
-0.8645871091271893
-1.1807824031965004
-2.2000520630608422
-2.078745153201046
-1.8065988399239619
-0.6664462402895078
-7.991609051391821
-0.2797818980558809
-5.770837905472321
-7.492432155353539
-9.901816763744005
-6.984979252119917
-5.395285029614251
-5.639834980687788
-6.44159248444026
-4.6386363035868845
-5.050387617445342
-5.031957172334757
-2.0391157428885998
-3.8350544375719964
-5.877990716210978
-1.0801703453209488
-0.6681699851669277
-0.4797203300771171
-1.0102348316052274
-2.24623612434194
-2.913615833430823
-0.5653890813812119
1.1539999228061302
-2.0565829877394313
-0.003180839552650472
-0.14349155163561045
-3.3111378410936956
3.565102827230753
-8.591658474147511
-6.081055596755993
-8.65178546976415
-6.729515581676628
-5.629226678243542
-6.828212133917544
-7.384483108975206
-5.490246860987584
-4.622484576058826
-5.553565046443278
1.0792712381185208
-4.9391489709228615
-3.7648043274545824
-5.613688087471189
-3.172587413601035
-1.7343525047742092
-0.08636352193281915
-1.3520409143815064
-2.8522024074995285
0.08069998037212012
-0.47018660223321684
-0.7680960636078421
-6.958389020613216
-1.0105248664608033
-2.389396135435471
-0.07234675071376229
-4.484757428706162
-3.2646598101325592
-7.634393742441054
-1.46788267047276
1.0843847575454788
-4.929128809773565
-4.373814732732477
-5.192277674026881
-8.67824408157031
-6.2626482998888555
-8.013052950152117
-2.801529220476778
-6.786001140145954
-4.407017186792313
-3.1151840102430537
-4.597073274646581
-5.947452831154402
-3.9921893947067786
-6.0291183833887425
-4.160046655479295
-2.10272204662043
-3.752777649434158
0.45958279893683085
1.0030953008628374
-2.405893036103274
-2.387646502213603
-0.805328098688134
-1.2197453094377655
0.14660061124481238
-1.5732534232843758
-1.4598266959957988
-5.426492340247725
-3.2249705119800725
-1.9566710260145266
1.1532925064034065
-0.3399728952200842
-0.85185496592988
-1.1238224271246742
-1.4938906756586348
-2.063610855385454
-4.246826967673932
-2.295418218557985
-0.9845519716709428
-5.313860592653053
-1.670248208162927
-7.2872204862243635
-2.74562332473757
-3.0448213597309497
-1.2390997769446441
0.5501108305535721
-1.063043418133509
2.1786273932377282
-4.9138610223720525
-3.700971870041724
0.5907560960976213
-3.9349838925896985
-3.7218915131187074
-5.6316995755615045
-6.888630449491961
-7.41152478829035
-6.5193995366405915
-8.690911089438368
-6.378628467362933
-5.612033891661472
-3.0882218922444293
1.2072466294199766
-4.618722612938265
-1.7777263221505417
1.7661013184501406
-4.89275989514452
-3.6610834619845196
-3.109958665985088
-2.0112678642924116
-7.3653323731498
-3.9441703435870084
-2.243222587783987
-0.5488655735201959
-2.1487027700776347
-0.03661254212958731
-2.249625991899243
-0.427984551299881
0.7643429288387492
-7.758336053438774
-3.730750866186597
-5.722508233293837
-4.310932134573365
-4.379342935348417
-1.6495446942116292
-6.530560555328703
-7.935882881918515
-2.740455282495848
-5.011160839744551
-6.057661780476381
-4.834406796844725
-3.742381048369565
-2.4232566872120977
-0.22792117431404274
-3.0869143535402395
-1.9291493235694244
-4.954466345439089
2.471539130301622
-4.101384828405819
-5.09569888193916
-2.677025498152917
-5.4458778955306135
-3.824700448422279
-4.560956216348709
-5.356010278874295
-3.510898653814381
-1.8748170536168403
-0.5055304647958451
0.21380146562463165
-0.6591451424626112
-1.0687794619256372
-0.9386730357908488
-0.9940282465377148
-0.2270143234996107
-0.24636023722114964
-2.215396150059122
-4.432070052189135
1.1157416434932859
1.2224900111007568
-2.5591900465845696
-0.46520228665413543
-1.9706979403922484
-1.7578034432501015
-4.144628497970249
-0.2928709255014974
0.417261687253341
-8.238716407858076
-5.746585861824338
-4.952710790635278
-2.2645483624754794
-1.3188401421813747
-0.30938634352085026
-3.5235969710443493
-5.0275491095447595
-2.710513547034855
-3.1689400197002526
-7.734750874022091
-6.77464242315037
0.14171053681499712
-2.2026252767362298
-4.199771151817107
-2.347701156743462
-5.586744733487329
-4.95412630225427
-2.7685483613564346
-6.991920527732045
-2.563257070770847
-3.7394118032652948
-3.581842230173493
1.0829730224753897
2.2092573865993836
2.6675033853490406
2.456218217860582
2.7567842498971955
3.086795633681914
3.5150222231968518
3.196751838677011
2.4747699093090265
-2.686113978678742
-1.3549816749545798
-1.021853532483941
-6.311392111659613
-7.436123003498755
-6.1462089213009286
-1.7377547599145344
-1.9937900515678462
-1.5809219431991606
-0.6033303596392665
-4.492378711216551
-1.4178448059488304
-2.271488261621026
-3.3229323142896976
-6.038318400581303
-7.9672647710914015
-5.7523887307211785
-7.5412135757050125
-4.6966991618544
-3.4116307061590767
-4.820704849258349
-3.557809833388988
-3.121314255007369
-2.1859833917145974
-1.8241246592249067
-3.425748790794071
-5.85660827082801
-2.3773583130947813
-4.522513674210996
-7.6102614529757675
0.2638476805588632
-5.111038637910035
-2.5116970456560983
-2.938657984713852
-6.694954108050816
-6.0847258210670505
-2.402193397661167
-3.652360051560742
-8.576887281923803
-1.3503781337398435
-1.9568066802401343
-0.11818032258496691
-3.284498145772429
-0.888868174557
-3.815977766710033
-2.4036569252051656
-1.3792967424112368
-0.6767420162973732
-2.866593023353382
-1.0290838445827983
-2.723671106401989
-2.4568163369975617
-4.532936408487061
-2.0267164617403015
-7.00449258600678
-5.963959872465098
-4.54006447956594
-6.300262587270606
-3.208994810004622
-4.135954728057517
-6.016952462356519
-7.786340728707072
-5.7365571638288335
-4.445363303092331
-1.500411941151907
-6.356189108929529
-3.2300492756216097
-4.841476208939424
-2.1261877693151354
-3.2128755357642222
-8.19692827073602
-2.142051796520035
-8.339850785047906
-3.3049999909906322
-7.581350393244563
-3.217780225280936
-3.3425490898868366
-2.5068265947607884
-7.241435456645227
-8.053614171459264
-5.526170009507146
-6.0145215528353635
-3.2485558303049387
1.0493327694964583
-5.329644303330527
-4.6067234644895105
-2.8770450983982525
1.8501716355399949
2.243518022485316
0.7883807383226236
-0.36274696035626375
-7.542710159422404
-6.343552891551644
-2.751572942266195
0.3650780734418687
0.20264350399723502
-3.691268974606917
-4.144806234415693
-1.2987070150603892
-2.034246190516001
-1.4485606771170234
-3.5274394392911548
-0.3804382671621377
-0.04968709694053375
-2.3799334586422844
-2.8811421753538617
-2.3846707920122365
-0.955676763382104
-0.7614790426598704
-7.072426836010953
-6.400045812730552
-4.736219042448058
-5.375495915225102
-7.269678471809083
-8.654148575168923
-6.595969637944396
-5.488607929282793
-3.160486884982645
-3.3481177078510576
-3.3085604787598695
-6.8776468619618765
-0.11123848305566053
-1.1696089310503592
-1.044421794106761
-3.881418482287657
-5.644189365185668
-1.9506526163638787
-4.741254779504575
-2.212526370075695
-3.8876427264112547
-4.270183007512086
-2.13772036151443
-2.4378074178360123
-2.327155729263459
-2.6335437962891555
-8.706235377310843
-7.510719164720858
-7.382208948878157
-2.8463370897096683
-7.1722990938126445
-6.944507816093752
-7.318410145808597
-7.823856887910582
-6.4173421436313145
-8.292217846804938
-1.415695085126373
-8.774229770027812
-6.660348270071998
-6.926252788046041
0.6207035118591359
-4.559393974413647
-5.58608907378565
-1.3561213487116377
-2.109904375555566
-6.117248270140635
-7.531852640642499
-5.7446602643062965
-3.3477937708796937
-5.358718851162264
-1.9759914121723974
-6.455525574749947
-3.696262329826771
-7.835942655484065
-1.0279143460758728
-2.729774320432463
-2.5769200198334423
-2.5601553414824334
-6.695245328535885
-5.286774223994187
-4.267584581643835
-3.904774938564371
-2.076774122966235
-5.061194078379431
-4.356930601265264
-5.200680387462046
-5.413345444360461
-4.247012224847456
-5.678608441670508
-5.077074117912356
-4.567452936983903
-2.0190219223847095
-5.135581618534087
-5.467748426142371
0.5115161078207896
1.0345563605521255
-5.043886729851696
-6.884706942608636
-6.916002840267279
-4.8532415489658955
-4.9826163799178165
-4.38043593555184
-1.307343593460239
-1.3221094835343807
-1.2987968348463332
-3.6430458154053333
-6.158717955014992
-3.937572401311768
-2.258456189221717
-0.8865797633122906
-5.07782207654976
-3.6618122513109066
-6.700748413091111
-6.876566227526593
-5.3285843247918585
-6.665294843186725
-5.169679775167151
1.1068970379706338
1.7290813668630105
-3.552297812097288
-4.97597340146532
-6.144066372883615
-4.378584240662528
-7.535299994278635
-7.330070968083069
-3.0109488354711713
-4.2580890805408895
-4.85386798810254
-1.4503019952273943
1.7484544644540343
-8.876481648284953
-6.883418112577757
-1.7513851009258858
-1.698187329721436
-3.0886936066810318
-0.3344465403188359
-1.70228024729673
-6.3651316209726705
-1.0817961425788802
1.9423369420164658
-4.393617122156114
-1.285001660439128
-7.472447687478679
-6.246488553990804
0.2786337648324453
-4.746051089737554
-4.0276479582287745
-5.3298352312304225
2.1235902240230424
0.8753752229720184
-1.7347708752360922
-4.528918953459256
-1.7641242099144434
-4.077145658397135
-6.806258423311155
-3.9393909049375293
-6.023865266377168
-1.6246531844722611
-7.678051856442909
-6.408116034666671
-7.949879381032803
-3.3104494831008004
-3.9536717723901886
-6.858927488441422
-3.9389186037054107
-2.401559365782683
-6.360306262775835
2.4019750453152917
-4.107712850117166
-3.1301281133600787
-3.5786993313070257
-8.16130297490192
-6.010206876754858
-9.638451399712789
-2.184482182369226
1.9185079831702958
1.9227332301768258
-3.6268359346736663
-3.082872949269073
-5.161340204986556
-3.9629635166422896
-3.9367984049703906
-5.263670072707545
-7.966956242384882
-5.589757866298799
-5.627226740168332
-6.439323966416707
-5.110997312478603
-4.53453983306267
-5.969538722159393
-5.9296288605182035
-4.244886108564745
-6.766711153887916
-6.757725961396442
-6.094398187187843
-5.0273612647521215
-1.7854298795624897
-6.233429788331652
-6.406617342781324
-3.1633502367877733
-4.0481277104862885
-4.950610290744505
0.12014946926108472
0.19104863727454702
-2.2815852096720315
-5.502584845597935
-1.4700014848522773
-5.9303284726459315
-1.5847007942917215
-5.113392338771861
-2.677127720112606
-3.768449242803399
-6.2144390137676115
-4.826591339781073
-2.9964648059946595
-1.4563311012256028
-6.321014656446647
-1.2327451807347376
-3.0618562241047167
-6.225780919440759
-2.8591484312838693
-6.736221204052337
-7.538739494632662
-0.7141644637210807
0.8735686152473923
-0.9532418199718764
-1.4153363428890513
-3.305435701628506
-4.726306031886648
-6.300191117048752
-2.7404703062277287
-7.681754694704136
-1.2083889744982694
-1.7331217077888685
-2.1263578702298087
-1.71342541222387
-1.841827443239389
-0.9515746419995158
-2.1896508745977497
-4.1850797445082915
-4.363247328048499
-7.203779823958317
-5.571994544272375
-5.868184279806096
-0.33495452239043133
-1.2522047538097802
-3.2601663129660348
-2.392953358142151
-1.994994556742324
-6.1808245559328645
-7.157295940591431
-6.331712833023662
-5.010669098019396
-5.106958665774674
-7.113457975929417
0.058970220672525386
-4.80693511382516
-4.369175237188597
-4.986764746942672
-0.74715066740127
-6.033701428872472
-2.6682518047113573
-1.0865610860911905
-8.040321396340033
-4.046404845513394
-5.516360151058618
-6.042439380177597
-6.267144326461539
-8.786208289748988
-3.707439556032911
-4.403622559234371
-2.8039754491500335
-7.174990942117278
-1.9699403322131095
-4.947772615996781
-3.8063513157089974
-7.118025740293133
-1.2556902471914844
-2.1539695250980886
-1.4353581909898367
-6.037929322145573
-8.94489967021312
-3.462979753935426
-5.963602032379733
-3.617134921166552
-1.1489274858818321
0.5993486154011927
-0.2605125078303012
1.6377541797677062
-2.3468456538837597
-5.333047205418943
-0.4315211548332796
-4.273138978938732
-3.734676901920155
-1.2385556632867225
-4.795469649460108
-2.315660135402628
-0.11628644176224334
-1.0018774367138263
-1.1216295755838206
-5.071822204422823
-4.445816518440106
-1.8587393008370525
-5.460563322580297
-2.382064800787097
-1.2037436494089864
-6.625534308848218
-5.1330747083316455
-7.180252683757603
-7.223170921003743
-4.409619591740887
-2.2915408306442275
-6.296601943673597
1.5888647672902203
-6.146717001357337
-1.1878173360758235
-0.6252282345556127
-1.6537211139424723
-3.3340684186794545
-5.322575115910432
-6.672851764562041
-6.285645855743779
-5.953497307765392
-3.7492047592596607
-3.1114768628347598
-7.478708752222088
-6.218462575767447
-6.951184547282772
1.4240343817523125
-5.8837909726927995
-0.23278919607729553
-2.6889615910333595
1.2289802313517395
-6.280057929759317
-1.995993733152074
-2.5348133304145573
-5.493374614718559
-5.682168742678608
-2.581769357373995
-3.028549083314679
-4.455129345708267
-4.434843106557905
-1.8802426261146388
-7.9006284533348
-5.0211795254874545
-3.3954058901764617
-8.553433331833265
-7.566199825010327
-3.362559201955818
1.798020695608528
-2.575365906092704
-3.4506719902869807
-1.4966841342926145
-1.8431608243449293
-4.956088265996649
-3.272197888546335
-4.961303897700185
-8.589059146528754
-2.9966536109507906
-1.489666161466067
-7.004212401628444
-0.9089520465000209
-3.4648570041497293
-2.6797936805351643
-3.0516576236944974
-3.741925059846835
-6.374496501855645
-7.118446504438076
-2.2638319730349257
-5.990525943866102
-6.385406774447907
-3.1785214960495645
-4.981489956646585
-0.8474711378076187
-1.5893041834458468
-4.189504639595995
-8.177387726830078
-7.263377732080199
-4.290766822367498
-3.3940435742255963
-5.147448107252268
-1.8898567598001095
-7.00330333617008
1.5544462812352202
-5.087417423743119
-8.0256203953356
-7.218904085913346
-3.8088253874621216
0.9666971228037063
-1.2449768070993708
-4.094149576285883
-2.739175089611101
-6.104733360915146
-1.1686432138799843
0.9587584004410655
-2.565055497992309
-4.732185005661395
-4.120037416139116
-5.0866673275097245
-7.55941990490082
-9.142258071957096
-2.7212927129345514
-4.93566896757584
-6.2240892734634325
-6.957919373754259
-0.4191617260109066
-0.4372613644668025
-3.1160568749688053
-2.122215843421629
-7.373618414944453
-0.9172013821303888
-5.482290103007912
-4.265502106504179
-1.7829791156039363
-2.1288149185578593
-1.948995214138475
-1.04400220583614
1.4124691127998386
2.2903514997534025
-3.9681922096905664
1.3359922306872631
-1.752698183833986
-6.103338758269291
-6.548584297977083
-6.943801344211315
-7.112871502985802
-7.206381456065356
-5.897371352919552
-4.853477769473876
-7.016127259978588
-6.226018389341832
-3.1314665698363204
0.5665051794383742
-1.8880178693630096
-2.671948362878388
-5.658720821786043
-6.0732786559465515
-2.2903623982377974
-5.253811161503008
-1.4092010689712984
-8.435532947183162
-8.074278103432531
-4.257888895094344
-3.0946965331654206
-2.908633179253556
-1.93411599501667
-4.254143540195824
-4.074899976746753
-1.0178181869338028
-1.5162449188802756
0.7264180230959569
0.4024501807273557
1.6675202518360597
-0.5557795236574108
1.4082668270954484
1.1613878407985108
2.7912868430249707
1.522712731238128
-2.480938235552907
-7.22886286799396
-4.62751001810063
-7.83481354327685
-8.542557314983767
-8.390287910576726
-8.863587181820924
-4.193829473380092
-3.015630430662787
0.18250648589124652
-4.495247775597863
-1.694063503974593
-4.707639933646673
-4.348943562221982
-3.738931919555156
-4.1881663195588
-4.205903191934573
-4.597377306970636
-3.171170976231277
-2.822421345609194
-3.616800257372477
-0.9173817546944245
-5.534107750654105
-7.066876563322988
-6.6210061525768396
-8.503924997108967
-6.683677481384232
-6.154984037374491
-7.192672345884323
-4.8769118476162685
-1.960573898612864
-5.936236083668477
-4.067810148268752
-1.2306000906303298
-4.660929049533729
-1.5421531389238308
0.30522891937552643
-1.007144393909399
-0.5990651176116649
0.4716966778291434
-6.3104525416225545
-7.525892508304579
-5.064370522420035
-2.0662315971786724
0.7560924353763352
-1.1019852858999315
-4.526312470768765
-6.4987992652914475
-4.630942833337897
-4.004752640738079
-3.14700629743026
-9.683446099871087
-2.7796019555631446
-8.655082629375535
0.18634405251828434
-2.6370410695152757
-3.0066936483689224
-6.1475047178866875
-6.092724694935901
2.2996759743463855
-4.487382943022214
0.9728686729877574
1.7264808849507114
-5.007949655673354
-1.6573452133344646
-4.057147614606335
-2.6338181686398556
-4.329021055704834
-2.4811887274346613
-1.2125355123584514
-8.048119958089027
-9.6925030607544
-2.7607252582799924
1.7420470431834585
-0.4091368122470449
2.280231967332222
-4.26123567956492
-1.8454070890280252
-4.754746999284611
-4.2100688844978595
-7.271503824188276
-7.844365224474382
-0.7778986945514494
-2.7071770725201323
-2.4412108702973976
-5.704091547115439
-6.893305344604381
-3.0679831789268386
-3.5333009394321597
-7.0857642590108885
1.502390635214252
-3.6450024850758593
-0.5962709341020582
-0.3777914675430829
-0.750719115766284
2.4821173071959657
-0.9501536021206843
-5.399048618393145
2.7758752484814204
-4.558911355606485
-4.508602555898017
2.402635251261443
-5.192896166228137
-3.7181353571012528
-1.9645140513645014
-3.413077365440429
-5.038591712717237
-4.2887620156550845
-6.10710454517804
-5.905084017976455
-7.374763099289557
-2.5738868357937164
0.0315424706428199
-4.691284706644438
-2.7781177394424303
-1.8240042937005432
-6.213843813669231
-5.532352292158128
-6.922993892030096
-2.7230185302183254
-2.592975609320664
-3.3089086426879364
-1.4711520919395245
-4.460030336674655
-5.861096780621558
-0.8111667248107177
-1.0409339721361746
-2.335076967378501
-7.852426869511077
-3.858835249060658
-5.504273966732371
-2.4961812534634777
-5.932844244138669
-5.2532036852284545
-6.417828745455528
-0.34805275402284097
-5.708396845080403
-2.0356627624353756
-3.6597324306925287
-4.248881350133657
-4.721342089327987
-4.29688375925669
1.7056252595610735
0.1809469384369342
0.6594048124198275
-3.3684780595627335
0.7658133276137056
-1.5920739005793443
-3.559070407169383
-8.479997657214088
-4.253507129685055
-0.7076632693893017
-3.2411186361513047
-0.49295018452116846
-4.400898968122659
-5.816298425459909
-0.8125028577847144
-0.08764067894366734
-2.467448611104046
-5.8424480521004725
-4.82928614106801
-5.259294815030489
-5.993024481730863
-5.452807272421342
-5.963020877189308
-4.145276577693029
-4.051670564851577
-4.840319157728636
-1.5160828222772504
-6.751556247696039
-3.6065215547969505
-6.936115293336372
-7.293292368700372
-5.733944318551606
-2.4853817394209154
-3.2761449751396023
-5.461995596022481
-5.016987863417212
-9.303417504707962
-7.592291703893756
-4.960145529330509
-6.843979620084165
-4.102240276653755
-0.7158767057076496
0.3534185527897581
-4.281240014108264
-4.558533789007224
-5.308876414695344
-7.223735224382633
-4.140745052960398
-6.136860002418404
-5.193575757946651
-1.2320021296979757
-8.713945324398281
-6.155499392425261
-5.177284135744075
-7.450152079870545
-6.785981057643869
-8.575437196398616
-6.834975897944344
-3.868406317570368
-7.115541088601375
-7.7633707558555205
-6.77983226031073
-5.338746857539322
-5.262696600712347
-1.2737257537757252
-7.830883573506142
-6.1401067658469675
-5.50765996668826
-4.749535325537502
-8.527547810402213
-5.521201902229789
-3.106483876548079
-0.12563626790811755
-5.369812840759859
-1.609243945822332
-2.37377715988998
1.4481350292277027
0.427625397849122
1.7836786990525377
2.4689630143849306
1.5871124279394224
0.16837859716582826
1.9335765958351787
-3.1213129243098874
0.44619980692008526
-3.372631298574501
1.321276819935688
2.5238071756537286
2.5046801203832882
1.8429709947665223
0.07997293760273144
-2.905603571698145
2.477990287936363
-1.8256701230482766
-2.9513092937746306
-0.8336434804017655
-3.809469760534992
-0.6128477816393794
1.863836874213087
3.6705650843601143
0.37106098329155435
0.7343052017930035
0.19903824318264896
-4.881643315635313
-7.521940859156636
-4.859564986858704
-2.283330847995547
-5.537212830530832
-1.484984907197582
-0.8395320468897522
-3.6540926918244505
-6.644645906725574
-1.335363685267188
-1.072755288882591
-4.477604400581248
-3.8111958795918794
-4.758323180294158
-7.040216400425554
-3.3242413143494725
-0.40726784264382665
-4.018463127279789
-5.700496601765252
-2.670478257299664
-2.490897138901131
-3.4141282832334663
-7.328057979890051
-0.3986663889162967
-0.7074187052996296
-5.669051422308859
-8.108082168623602
-4.664921824144107
-3.2622155946695743
-8.250569965414622
-4.735202476766951
-3.8924825119061413
-8.381606926575458
-4.203455859866977
-6.469812792221228
-4.41659945956221
-7.351937734663642
-6.995044262522042
-3.55387173079965
-5.17651481805301
-5.037787136827767
-5.936619414059401
-4.6241770887037035
0.9385007832514061
-3.7979486743048576
-1.2117968624829993
0.3522188673316491
1.077158590462018
0.9336092702305598
1.4833062783117636
1.8543444917202083
-1.2094690612821566
1.215955443464365
-1.1818537229799084
1.2899292299254914
2.0740521145057795
0.14665246119217445
-3.0352886653465276
-3.0694315706641744
-2.110098149895677
-1.0279352609969556
-2.1148632373267304
2.3896607715689324
-3.2144997314376536
-2.5775996540169617
-2.7601761628338193
-1.2023988142097966
-6.621242507486492
-5.412180090283724
-3.639372883547725
-4.425055880237889
-0.3469547283190816
1.1209215796190017
-1.2019022649903381
-3.978591091217865
-3.151681784504541
-1.884209872355568
-6.932037698108023
-2.020393103444909
-3.573062626086605
-5.709880580236344
-6.127905728737043
-4.544413864770756
-2.3331242282595293
-7.979762005683303
-5.864494744645916
-3.617055707033102
-4.281098227688673
-3.3974288847542846
1.7612846179460442
2.0509344009383748
-2.297737015247167
-1.6299975711205195
-9.650976795771651
-6.266500402146437
-5.045063713381443
-3.8660682919759886
3.6349078252163816
-2.4029081814666173
-3.296452436603483
-5.462889686682202
-1.4632534192039914
-1.700101380959929
-1.3097519121123053
-5.6612958193341925
-2.214926838626882
-2.7406937049530913
-0.2248985623375782
3.1249688438915584
-0.10799938653875296
-2.9970938071555757
-6.570979466799519
-4.651028221619313
-4.729060052598437
1.0845969415017667
-4.20178276595895
-3.5645624541751504
-6.336724523750327
-5.594677867413185
-4.610492183534992
-1.2678892055471225
-0.3031664622808401
-6.936611374275766
-1.5376830628032314
-7.241541012387089
-3.475747999555241
-8.993049904409755
-2.7482772733512
-7.332141383561887
-2.0109488668574547
-2.4821293772731567
-1.8532217991984423
-6.464406614182245
-2.319147309475741
-1.5760464888408343
-2.449303030749817
-5.659845155445605
-3.3540031902822216
-3.989239005408461
-5.22825785920562
-4.156398762967633
-6.032568814567369
-0.5789938064563973
-2.8542773200590323
-0.8414892523809729
-3.249394864803553
-6.3559555789063165
-4.172296669378398
-4.3334885254544
-6.108717044692949
-5.053159002926622
-1.6276586977982583
-3.2278513386802956
-3.2035775072454307
-4.406780049662892
-2.5120861882092673
-2.194153508260658
-4.193721532503213
-3.329045051682128
-4.4838574734220575
-5.105936344910485
-3.939333451050411
-1.8598199412141394
-5.0699550656288
-9.48318357433629
-4.796995986835567
-5.188167395407246
-3.7350540069482037
0.04899619429866042
-1.5706769746236975
0.9308055952427254
0.33861229550425
0.02281040594662498
-4.026686033959918
0.6223202318819042
0.8879407326773017
-1.8528494418566464
-5.128433636602585
-3.402139379829826
-2.6702729788377764
-1.2722882666033593
-2.174248067268326
0.6007205838999676
0.9495623741201669
-1.535822426634796
-6.067205595121577
-6.12420154165855
-3.4722602576413713
-6.555129872561083
-5.375038796612025
-6.982796328574565
-3.343875165404243
-5.795681687465858
-8.67365690968228
-8.758884070646744
-6.5800470691437
-7.657405532625973
-4.8343695848946515
-1.7681630097227214
-2.38440845385956
-1.800779961816084
-4.151425669809253
-5.597199492607457
-2.8077156977995594
-7.434887709481254
-7.038924695327002
-3.6417140298045005
-1.3618763759426284
-0.22035276007176496
0.5733496456451046
-0.3943518391651908
0.1770391103441007
-2.1903198785893125
-3.949082305394893
-6.337564214209498
-6.088958690544209
-0.7473740009249401
-5.342337970144457
-3.5563023434549232
-10.054378191343114
-7.118884637626044
-9.121223618955964
-7.49661207981707
-8.441919638062567
-8.730911733641495
-1.4692413072720618
-4.076396285309741
1.8718438076622408
-1.0354255796701775
0.6176834001163134
-0.8504258620008203
-4.371485743290948
-3.210335069788003
-6.856357988090869
-10.263451551911867
-5.693875370285064
-1.8159439355053104
-1.9347684585402705
-7.542998785599672
-0.5647543867202595
-0.43644031988534926
-7.144042024094844
-9.050326227776122
-6.461071835991129
-7.393542541230561
-1.031123173785225
-5.371754995141396
-6.912416161244839
-3.978241550375345
-3.002421845736088
-2.754905835900731
-5.898002060198222
-3.2801871237382807
-6.98018650840048
-1.7039560118351482
2.322590263142846
-0.7492360979421174
0.41003170944295
-3.3244177749599846
-1.8257815561498505
-4.185643689938328
-5.789050665848413
-5.088217796774918
-5.700260886052023
-1.7200556189459149
-3.6382357452550527
-4.63921640549602
-1.1639915812541606
-6.931155996582669
-1.5724499788662591
-1.2461234233040592
1.0465145822033133
-0.21769687471458576
-2.0801350468434014
-1.7481931413820258
-0.4609467632525486
-5.407353079202194
-2.231881480692055
-3.0628764428915316
-3.5013023177348774
0.10940867251205644
-2.670967767844745
-2.0519269151193154
-4.804935771944079
-0.533532759179046
-0.781467963968203
-3.484325701150174
-5.081676734148477
-3.7906648595175705
-1.957566742691212
1.3583089230022407
-2.3299742346040944
-0.4114642578768811
-4.629556309926575
-4.806009832093751
-5.01441211926709
-2.5222959093081396
-0.5686207591881293
-1.8483134510572787
-1.4187724743790457
-3.9370034438482224
-9.424648413030182
-2.9752083448181663
-4.474828863613112
0.7859961802867491
-1.2450366516703228
-1.0883115467660844
0.400477955110103
0.15686833085014196
2.0697301063090725
0.8663266449100875
1.100541228161137
-2.494038873612415
-2.339795752672849
-4.902090625943817
-3.341291719128513
1.6383123830425022
-3.9029128341688915
-1.9173642199878276
1.8477877837837766
-7.867404909179134
2.9211931581890096
-3.175439329765619
2.1127452875158994
-3.995342061484439
-2.0969668878236254
-6.189020180352757
-2.6517712103355873
-0.1721816280381382
-8.825647656142689
-5.798706503201084
2.023502292056514
1.8497744252694193
0.1763478307993918
-0.030151646812553334
1.0320892747477006
1.4813150107034039
1.908453538274407
-0.9913992381675956
-1.4504004641872101
-2.7772599667972466
-3.5566028045721314
-3.0925513226853143
-3.176392554948038
-6.886717630212574
-1.9533261632145065
-0.8769962223388487
-3.7187634564933685
-3.6646512022392823
-3.829736391963319
-3.4338502133092024
-9.0626905152572
-6.2151160358481325
-6.166492282444812
-6.812360734489058
-6.2809419344086095
-4.774629141556638
-4.866497132293504
-0.554890179415054
-0.37232405780027356
-6.509849093227294
-4.296185929780717
-4.6076814622430105
-2.236920414556519
1.2968640258684356
2.105207680079741
1.5436686692235395
-0.14790868791314216
-4.589732958391366
-0.8865341908693112
-1.6542668364140292
-1.809316042390149
-1.57121261025866
-1.5644457271462326
-3.919917932595206
-2.8385990829873924
-3.0397073915245505
-1.4725729188160108
-0.9446240830049677
-0.20097898122561353
-0.6761434487850362
-1.8951630909963746
-0.651592867826554
0.059465563032336854
-2.4474536615596207
-0.2436816216864497
-3.5906970610195366
-1.0309222339359758
-1.2102463984027283
-0.019990389748268833
-2.1507230688576966
-3.8003112684377314
-2.5306492917913994
1.4716127113044033
-2.890335873322922
-6.007991085446667
-3.3484561224110596
-3.963450102827764
-4.289317924223312
1.699549355106133
0.981610441466676
-7.197092405572814
-5.521614632343654
-3.383517027965941
-6.067371352422932
-4.931250755836661
-1.3422578899932
2.4133266661843953
1.1074794867711468
-2.01714338317065
1.0883626884835111
0.4294564834287339
-5.316839276242351
-7.840219943766067
3.4006805493585244
-3.1850442287337772
-1.698145729165123
-3.459570608460272
-6.618725941498641
-3.2136536393711133
-1.8357560724042281
1.6468684379338752
-1.7680585315009774
-2.7061314119340114
-5.24370869745996
-0.07037144264784445
0.2632673033818922
-6.563058355239569
-2.7517379628263567
-7.765989184260686
-5.561723202086625
-6.9603077734433025
-2.7454545124027945
-3.3377193409029955
-3.2712944939615816
2.2643272392237836
-1.696867336930262
-5.06145940696157
-5.600605803839079
-4.176226565572215
-2.08534755387325
-3.917799490269185
-2.793219844017089
-3.063965927514541
-6.054513322114462
-1.4800837298968599
0.2831866295540666
0.45100915344008874
-0.9245135877727929
-2.1288029822534673
-2.860786138098709
-5.877659146798725
-1.127925918297552
-8.109021381823963
-3.730640340221896
-4.442872890464125
-2.5675881056280243
-7.542585785728865
-4.633437423028009
-5.849564399509008
-2.6902342414118374
-3.362221842103724
-2.689402133261529
-4.048781064812937
-4.5275821082060235
-7.871489194252537
-3.843551507893899
-4.748887058410213
-1.970244042820315
-6.641774295475283
-6.343535293084896
-3.671220663667996
-6.092158735952877
-5.748479961948273
-2.8628975810898245
-2.4881028032335797
-2.2758148988641436
-4.092585288059289
-1.717836415529108
-0.07705528390141203
0.41008848479170634
0.3123800760829023
-0.8570361345714845
-2.8724681284825033
-4.4159998190006675
-3.279664109290201
-3.0154300628971438
-2.7120195720126636
2.0853897262523944
-6.273620076957954
-2.1010735234884526
-4.075232573866168
-4.847129236202709
-5.066054915966491
-4.653018663416656
-5.300063908440594
-5.097605949756192
-3.987890395148782
-0.9716601099479054
-2.385918803077768
-0.5344733699608422
-4.050874999313593
-6.801978336623956
-4.624383773189966
-2.6647881495080243
-4.756125556758195
2.3356232863848208
1.0924088121258682
-4.018006073279659
-2.912451369249711
-1.6703865711203354
-1.8036390352040366
-6.096021466735042
-3.721827480762248
-2.777436183077384
-3.6344216835497254
-4.486890907973408
-1.1273412532766611
-1.297918487549475
1.0665529767024204
-1.0981056337542545
3.006276891609888
2.5957854655607537
-8.65771680738976
-6.291914559724645
-3.1614600326008846
-5.005000576842842
-7.467441892143259
-4.887166451747634
-8.692721713034373
-0.5609073127252524
-7.660554245016514
-7.76007359309955
-5.552133639105515
-0.5197060372303792
-1.0481984245747846
0.22731362130450605
-0.8096254342820175
-0.9175934560565953
-1.1878895538319558
0.9963859313781466
0.8377682116966303
-3.156881890058069
1.9061727186766058
0.02565470563077077
-1.4075774555373337
-3.8056228117088358
-4.866589015907654
-7.282027692396347
-5.49896813185328
-4.402014455411641
-5.882931702646195
-1.0958942323620064
-1.5573863577591092
-1.6342137342787406
-1.935349778071262
-2.5410963890363654
-3.6963027455338207
-2.6847110037273283
-1.2268738402371953
-0.9587018745354627
-1.5360121379041949
-2.9021282799375467
-6.650492877114853
-5.468090979402335
-4.510139718267632
-6.814074026500864
-6.123874760685039
-4.537368144364585
-4.967845705611381
-2.2009850866506158
-5.631201282985106
-4.491659585928014
0.8431450980029727
1.6159425897556814
-1.1563953871024466
0.9362327344813401
-6.167797317340203
-1.1608353839264745
-0.2345619167743015
-2.6525085707488354
-5.629025492325453
-3.995492918902661
-3.3347539785580196
0.7889952413995123
-8.438293970897291
-7.729270160631975
-9.507503599084808
-6.390455495970621
-4.150124741558921
-0.7269248940211455
-9.422167931846603
-7.865804282046557
-6.865877833001339
-6.517552650130833
-3.9524631242219486
-3.470052380248605
-3.803269403953495
-5.136703952177471
2.4591913959803855
-1.3213668405835732
-1.5113757858812076
-4.2021390852630045
-4.302338281490713
3.066835857149381
-8.355752826581586
-1.9323144149774762
-5.892680801623102
-4.273664189672087
-6.919751763968733
-7.637956401511151
-5.114145729610441
-2.8086665097568453
-9.157885336748935
-9.091105961346083
-7.024654575063013
-5.1183877443862436
-6.097584172929192
-9.080582998757377
-4.777075656574606
-5.650658237596805
-6.158518879160153
-1.8205131443742029
-7.446681859202726
-4.88186345460393
-1.7098089317457013
1.123394472792699
-0.010335961485944178
-4.392422405438691
-5.679850041225942
-1.1108323122166057
-4.858935186146859
-6.475096917891744
-2.373142242952533
-4.6751253907774455
-5.4681793329163
-3.6116821252545686
-3.918945856005233
-3.180086952229474
-3.6271103159861493
-4.4403082585591775
-5.075109282195423
-6.329296042311204
-6.233384118235158
-3.9583122882278006
-6.3001306730150155
-4.165662449302864
-6.993216789750209
-1.1578964925128763
-4.22352390643177
-6.559464457516304
-5.595549670152061
-5.675912030883843
-4.061855645488002
-2.3978244568093787
-3.6952076469682575
-2.3449796764007935
-2.4478388395873067
2.130356191051619
-5.236185381819789
-8.973229556862243
-5.503639134036458
-1.983403747805996
-4.854437922040743
2.566010365684396
-1.73613985243646
-1.7722071239334294
0.1364533881311315
-1.9181567323948525
-2.1402110332043778
-1.4134692318994664
-0.9775440417453762
-2.9985962175746925
-1.305270736775709
-3.426678924126975
-3.9868764942175083
-4.261891992293448
-5.844649975836506
-3.2709222433230973
-0.8637944881686578
-2.104932765566065
-4.861303287520661
-3.045999738626293
-1.774113737447548
-6.876994192695852
-3.962311701107688
-5.658460027158073
-6.917522463366499
-6.573052297794256
-5.698442285716875
-6.3167709065173465
-8.747136164609353
-0.11547723896521433
1.7326026351123562
0.03478776918557158
-5.809505893370628
-6.059353291919586
-2.4862952591119134
-3.3418968143722467
-4.1952349641639
-1.322027142553111
-4.313686763361458
-6.541208984246992
-8.802460077277882
-5.624414507787498
-3.568724248130894
-6.887017783511186
-7.575727300999116
-8.064882981036325
-9.184181786059801
-5.968480648623754
-5.895736028175621
-5.662334312390861
-7.814988033462343
-3.9342473144683403
1.3558010776188398
3.069721722512858
-4.899107227008578
-7.332184390342494
-7.604640090635535
-4.602750055908184
-8.07756102678633
-8.387622644519366
-5.6629337843907575
-9.891895461687934
-3.8927242220071814
-5.282609692486712
-5.600029882941232
-5.464335128996112
-6.895594123667012
-0.5168959537629102
-3.8563552310875338
-8.241176981737837
-8.159979006331517
-5.59447894344414
-6.253162904172872
-9.2086484146803
-7.992072466692211
-6.163197736107098
-1.967513029437399
-7.51687555419015
-4.616745540309508
-5.634517191253729
-5.656508964459796
-6.301212402950767
-2.4819501489521363
-0.8871718194752812
0.4128693774481662
0.5730845238353329
2.1515673202888106
-0.06886845374028594
-6.575823951350576
-5.114643326047641
-3.211039339302541
-4.739825379652584
-5.275873371523523
-1.2425139084274672
-6.693848680538906
-7.749765818015565
-9.369918718790162
-6.599499971409111
-4.956640682779971
-4.08408342469429
-9.499846537156637
-5.865371437003789
-6.083536046560051
-4.873558157737377
-5.544108815107204
-7.160205874016011
-7.553015387684392
-6.438896808085205
-6.156274709234976
-5.560754279925753
-2.507803313733611
-1.122545257355552
-0.32179058931598137
3.6683684551601563
-0.08340557694519174
0.476650223586642
-0.8504030104520828
-2.8665894276639428
1.7063956939891858
-4.7090887630124145
-5.692473046909718
-7.1818408623066405
-5.681352976495215
-3.007190259564132
-2.754145057545958
-0.8098642635262252
-1.1141777278542848
-1.7797487648599755
-2.9850401598245164
1.3923314686660344
0.26273964017245266
2.114093858320967
1.0090136956455955
-1.786642164133384
-1.6745386497296224
-2.471288434010853
-8.881256282550181
-2.711141711891025
-7.819465231385696
-6.174363085314077
-4.733184255981858
-4.098924966068854
-6.570897313542899
-4.96402804339075
0.0972429612319885
-7.020701523193707
-2.8434657885291976
-4.481668431990282
-6.378513470558594
-7.247810288814004
-1.3201519951987966
-4.567689400503879
-1.1945299791075774
-7.492384817258105
-2.3853322445620355
-0.034658120794601066
-1.7746046800829067
-1.6739385100099384
-4.746437449458044
-0.10274834271098099
-4.00341673714304
-2.2924324542614056
-3.707569805201361
-4.123627552372038
-5.752107133764889
0.632386156974547
-1.066598004078208
-1.460245661374438
-1.968088395877135
0.17537247475894424
-1.4023733068382205
-2.061941327267916
-1.640384389265882
-0.8349967533502165
-5.705105430921142
-7.336093742126959
-5.098870464443744
-3.3980666358658236
0.7989877929115572
1.3774485324309558
0.6729280815371763
-1.3799680691543168
-4.436761936368876
-3.0332493254600257
3.177089623522653
-3.8849622277063367
-4.672282161569472
-0.7628603455281192
-0.322375112747464
0.5694310800017177
-5.697335111214041
-6.124706440935139
-0.9499487920664008
-3.412573038346675
-6.9978113588865245
0.49822412037459685
0.16983719465767244
-7.189702174046311
0.31179427114036784
3.0648481274656967
1.7763753360580834
1.6090842269800494
3.807396525932478
1.0128670480362183
-4.746083005521486
-4.914410343530269
-0.01139846994003646
-1.432559709891429
-5.291224157145815
-5.834345863776471
-5.752798738728113
-6.055247096357103
-2.2355420578170726
-3.352754876702182
-8.735813725468567
0.8013181036632113
0.746536670221755
1.6481716649086307
2.131881983305595
0.10138359025196786
-1.315773210261011
0.19173475435680937
0.8445117834140661
-3.7871421195523336
2.2816366874800087
-5.6160402947712775
-6.216725796790014
-6.688106258127578
0.6872739016485433
-0.2611911730299835
1.4961298405355334
-0.12924841717097313
0.8647188957577803
1.043816265928761
-7.747852636458955
-7.414620939285745
-6.887713231082774
-3.1053848284085905
-9.396551692283026
-3.148228122509438
-5.266877881143762
-4.861141577023878
-5.5734838875195605
-2.926869141276382
-5.849774496355822
-8.399288309420369
-5.782867084578272
-2.428884880830857
-4.188772789268585
-4.036508405243982
-9.901444357913059
-7.880220992602916
-8.240041665547558
-7.991547635123011
-4.637991030195164
-9.358223776641616
-6.120440227838375
-2.327049221620614
-5.182796691324676
-8.475655245323352
-2.7628766329784105
-6.474473617386804
-5.873521591120089
-4.722537371372912
-4.5789109566424235
-5.4477928955131985
-7.620796789965173
-2.2639709830540924
0.6786904175045129
-5.441425665130225
1.0367927287849885
-4.680337938236183
-3.4731910194865643
-3.4540087555602215
-2.8464156027403065
-5.109286196348473
-7.06906179368482
-1.2872506672203057
-4.122899286307148
-4.524929049742851
-4.582137981715013
-6.159644107746
-4.610046305202115
-6.533988398156825
-1.9530436351959872
-7.759808649683548
-3.4015050421920097
-2.737478769637054
-0.5728054251360051
-4.484698070061574
-1.2208750187052213
-2.9602740582284603
-0.1289226047754366
-2.609295351461586
-1.4831808647880784
-1.5659840942585266
-1.1501338042558171
-1.5937838338491397
-1.0892776652917953
-5.1034123077802604
-6.961703101348459
-0.07131185656313493
1.7740431682487967
2.2858362255852924
0.48051682010086105
1.3580090837559036
-0.32546922186270044
3.756931360390192
-2.0299391585851816
0.868841666804884
2.3931046958090576
0.5290619555888944
-5.21725742001204
-9.861251259566773
-2.8876539560358703
-2.748114071433626
-2.688524844706577
-3.2873052112744663
-2.8313856613769337
0.757072539331493
-1.3015866020689981
-2.3712453669460842
-2.9218640162954452
-0.37488089398104363
-3.1896590734862484
-5.498058020840865
-5.159977011380239
-9.142854721806327
-5.153373548059031
-5.305167028221555
-7.289595695099087
-1.4133814423656696
-1.2323456160800768
-1.8512812705377009
-5.406405954347351
-5.7973189845339546
-2.8153564634040165
-6.38074288517891
-2.3734498738739154
1.2688784271460172
-2.779972359337884
-1.635726216772169
-2.4796833250988484
-0.5385682528606841
-1.032174632770477
-5.155527854600793
-4.5167462505507565
-6.5670049781792255
-6.655759827047779
-5.414060991865425
-2.8577833251782567
-6.798199465792119
-5.7351768661744025
-5.792079483801028
-7.131645443523796
-6.700326233479274
-6.299924896514649
-6.1253317654170205
-8.785264456279618
-3.763839901444721
-3.77242964119627
-5.369093531201418
-2.488946223313356
-4.396620486370708
-5.35512290303615
-2.9467920722163012
-2.5523862598753646
-6.640869556735289
-6.970326912007693
-1.7531792683187581
-6.204314423158582
-2.6272199669919276
-8.478518229314915
-2.1159471749629897
-4.354999919938284
-1.9741423615781337
-2.3574554921456903
-5.662080194570083
-2.3390678205689404
-1.4652429751052205
-4.425828428765039
-3.255387090469559
-4.2297024191351
0.8296885778670564
-0.4523972365815103
-7.953251572584098
-5.419068176383105
-6.93199968375025
-6.39076388199752
-8.267333102852534
-5.756828682043282
-7.46797785248585
-4.2198397584007825
-3.7475811521998947
-2.8728621395098433
-4.425708778919932
-2.284409985585816
-8.219389596567122
-6.169705985627478
-0.30143939097725214
-1.2133360276548966
-4.836859480480406
-3.582212450008323
-5.89536880212849
-3.4158661956873475
-4.36195098200876
-6.730109060744393
-7.015599606543476
-7.999268936210642
-6.0375485049626665
1.8229363415834559
-5.173860165707652
-5.056450602128495
-1.8040829569681227
-5.719397320928535
-1.1970070281404954
-0.6159723902562144
-6.599964441118253
-4.293603873738485
-4.7190229171693705
-6.239509958872399
-4.446498919955833
-3.903896546910658
-3.7011368173182593
-7.552408235534804
-0.12024181175305193
-5.041171817389176
-6.584347348537666
-5.960456367826948
-4.731543975016006
1.599819034509155
2.1209466965018975
-4.696295343710562
1.1600110205303875
0.6404628431929582
2.0577552299210256
1.2397524902669435
3.192312010210432
2.37573999160593
1.8266103341209816
2.314258815360202
2.2910896736140804
2.3994072971918046
-3.8041376924365773
-2.2201278869303467
-5.7503739570447285
-2.8581403744244858
0.22507258337013303
-0.6390256937962498
-0.002586195133816971
-2.3630635353666385
-4.526805081284929
-3.430074314874741
-1.8764119067800125
-6.0322123014415245
-7.559349539834009
-6.992042320140819
-3.267546479539503
-3.1044401811321167
-2.140685985859264
2.0909011270971236
2.3488657513201234
0.8994515418953298
-1.1518254711319784
-1.9415110242724651
-3.6184468917570345
2.183114975021342
-0.3540067778473728
-9.128660967065509
-5.899319063116194
-7.749399573731084
-6.479280585866155
-2.3665170375772853
-0.8063914404813114
-0.8833739627205826
-1.3686420486558455
-2.1958139218165167
-1.4884336262273412
-3.7729077306932783
-1.2822789792870148
1.0769262423394292
-4.5018194329936705
-7.806108913133591
-5.849880406045786
-5.97262455021262
-6.679192160675727
-5.517851485390583
-0.8749015778893772
-4.229955281692831
-6.149704351441152
-2.300956454976323
-8.335793000208904
-4.020005943193216
-2.6446934243143554
-3.9556749619634264
-2.102990831483896
0.2385601054046273
-1.0281898285753042
-2.6109365381548635
-7.076159791721448
-6.51525574251623
-9.401349692314199
-0.7179230119424663
-2.933948516918382
-5.054069500672688
-5.394007319625118
-4.491848252306517
-0.464833104595719
-3.4624824904599096
-3.9109411538908425
-5.561696262322227
-4.359249806449981
-9.153360411445052
-4.368672652207482
-4.858469485024486
-5.739264628671573
-6.465952245839318
3.2742717989322645
1.240322812589067
-2.011489678615644
-2.656120989719267
-2.583596838703708
-6.211729404464762
-4.073272553428377
-1.742877120744064
-4.636467642895391
-3.036484239901759
-5.435416505197643
-2.2634856589117804
-5.336386211930453
-5.850543946901045
-3.540543563473495
0.12257420750657988
0.5240898205329747
-5.396731623984189
-8.08090751194211
-9.307695370352807
-7.91906503680679
-7.747958997336157
-1.9718761384549954
-6.389567649894024
-5.3697420756709064
-4.179474100577733
-3.936170835445707
-3.966525241517669
-7.411236238212193
-2.9606672232429703
-2.768136392627337
-3.858698433960858
-5.067482284360011
-5.511029909620894
-2.3207979948229207
-2.8855077005042844
0.45639630149777644
0.094166662408046
-2.6837309687660484
1.9350054832468664
0.050704340681460236
-2.2313375748251825
-3.8397375081189553
-6.359089405678108
-3.2699383923952396
-6.224032083713149
-4.35858185379583
-2.8896155614784065
-0.22078678605060909
-1.9432210272774952
-4.256434722596889
-5.456204815902336
0.6939689632301351
1.3454308172863139
1.388593716281457
-3.3404341118980216
0.6271870810120856
-5.692284204999657
2.1006313104447023
-7.492746537421968
-5.553118751200283
0.7552694909788708
-9.239793794366674
-4.366093676718703
-5.48866415707478
-4.931848985290735
-2.815804552726747
-6.205237276333591
-6.629156885694291
-5.469496475345061
-8.212883092668779
-3.6213741694127375
-5.983737629016609
-3.6929487493007875
-1.620195723089373
-1.5694233317155253
-1.4733514779121708
-4.495816398520432
-3.42036381602886
-7.091342478839625
-3.6444607697638216
-2.3952904186171313
-8.004329406514305
-4.126131794038345
-4.902531159101146
-7.111748234173707
-2.9114726225773215
-1.8104847973939682
-2.0367092260651947
1.5889552830672464
-3.232943410332866
-4.1913783868558925
-2.8650973463454186
-6.709548830706417
-2.0913114275068994
-1.636229185406344
-7.232157283402279
-5.8270497796314205
-7.628752619573833
-1.0889183739924029
-1.0285530381768984
-1.6905843984075992
-1.500704600250721
-0.8133916505874959
-0.3832394347816901
-5.375816190023476
-7.612472144286715
-7.948305384384575
-4.092322201627311
-7.637766450924039
-9.442307858077715
-5.184070992418617
-3.187566984081404
-8.778803600085745
-4.4367092476204215
-1.4129321390458267
-2.0614038322444377
-1.299541740203881
-3.555973786554874
-5.866637813452974
-1.7277139390567133
-7.79238633977956
-0.5212952828748574
-1.8884702426234963
-1.9702880493321795
-5.885839460154381
-6.0960560704169335
-4.433744397326167
-4.03861975664809
-7.890962057410937
-5.759216403204581
-1.2103680743255598
-4.735281456678382
-5.817576393368053
-6.04194823585631
-5.957967689684373
-7.008455601515235
-4.81556746822977
-3.613635532580024
-2.939538801058633
-6.719198027853892
-5.783798855810397
-6.554437594362385
-2.4641725989521963
-3.9236036558604965
-4.124151825979693
-3.236762010739366
-6.036385533726557
-6.112905050902058
-4.477781713466428
-3.2382523431209096
-3.712879114640008
-6.842366754762909
0.4044350258133138
-1.161389378230917
-1.0434996460116497
-1.5866643256683548
-1.334657937504208
-1.9310808049968553
-1.0569954304299154
0.281790564883049
-1.2937989682845112
-1.312168218650205
-3.9692978053776597
0.06475862920073933
-6.378889449338219
-2.5492675475925672
-3.1654273952521965
-4.306715862876603
-3.7993512971254946
-2.7452251240864647
-4.499633812618984
-3.4143520639950253
1.101680670990891
-1.8323583082630164
-1.7735538998157083
-6.808969310446615
-4.273317592804794
-7.188072309875255
-1.8137918394280448
0.058226741742320565
2.2493663796951746
2.366319564543714
-1.6888271410712654
-1.4546805071433089
-3.663151792051062
-0.021656832808650606
-3.720419457181249
-6.719014722148798
-6.010033245471143
-5.736386797258005
-0.8212994765837069
-3.1055438766656893
-2.9361141893945035
-4.390115374980932
-1.9291188822993977
-0.4986707696475514
-0.9314790052209398
0.8684791813422221
-7.2229549077693225
-0.02845266183053269
-3.652356247054211
-2.903323843981989
-1.4289001690538976
-2.516308748764648
-0.004677404975143684
-7.731525173295854
-7.610533006750907
-1.0017900805929076
-1.223874854000019
-1.0368366208338824
-0.5713901961118945
-1.618549716787308
-4.003582783951703
-2.1660906453305686
-1.883823352319352
-2.9727094309151254
2.3080917366715994
3.162645304682471
2.15973360530475
2.200254898240307
2.5303117442503975
-0.2785149827108955
-3.1561555366391643
-2.7831551707493074
-3.0588180820576962
-2.5276540184327128
-3.0248367754296632
-1.2201555590250892
-1.826776602239623
-2.9809869948411505
-4.3956057757691
-4.55218057915477
-0.54484031627231
-1.1286978737059217
-7.449768241378461
-2.369412420120019
-1.9065360617050775
-9.508288316792083
-6.481649781216609
-6.906731532096651
-2.8667014061176306
-3.754819902135193
-3.018018496927022
-5.343626124252681
-4.842493343919534
-6.683556949398532
-4.039480798804084
-2.5064026407185174
-3.5143634434946365
-1.8881455903526672
-4.382632712855836
0.02762487554862758
-5.305463823301163
-4.508135214776148
-3.0181443239210757
-1.407272728688744
-1.9111816302677924
-3.0176185849811037
-3.087879310881145
-4.1856958459574
-4.3678966030912285
-6.601660398516887
-6.775461902492214
-7.431226907692712
-6.879094798600507
-4.088355732455824
-0.9217354759097626
0.5958331927165055
-1.6877388464361456
0.15709076034063607
-6.255893264414784
-3.325954872450522
0.3531200211683341
0.6541793913420489
-2.806072447560629
-1.1998958877563568
-2.173887624602479
-0.5374714667605225
1.1800564258169461
-1.7646180006432806
-2.145567347267778
-1.7341210258935003
-8.18280522098316
-6.271946053640329
-2.1347033657103136
-2.312331112158862
-5.514855582407995
-5.237603218587907
-4.546208922272131
-6.5136325059428835
-6.380385116507945
-4.9060031224646465
-2.7412680020180664
-3.7853093203794344
-8.227494872889244
-1.407755889479455
-1.4312837333591624
-7.071051889776835
-8.285453903529683
-0.2493992927730052
-6.868043041896397
-4.069082715774529
-0.1354780276793761
-1.5238190901035358
-1.2918680040883324
-2.389759625249672
-2.3615444871003026
-4.15746210795699
-4.318347745551718
-5.635425261278494
2.988964071728758
1.5082400899516903
-2.7577499995559136
-0.8127617284794839
0.3312909625915995
-0.5794404893842424
-4.115081862138611
-4.081362119144333
-3.0549760576090934
-2.2325772074018677
-2.6683381837412647
-3.9128148759344628
-1.7429311059804542
-4.642654045256998
-0.4092675707733753
0.012824100311030207
-3.8607056276715355
1.7516626094501018
0.6156525654583404
1.3328703969079958
0.09299901116078557
-2.8976986761777734
-4.653205214032903
-4.384394880631643
-3.7626951825406527
-7.642960074109999
-9.555554789991627
-7.586904532488798
-7.457363252242482
-3.428061236672436
-7.207350056137678
-6.71083305880663
-7.436170327550979
-5.29427740269658
0.36767982115763687
1.26999960202374
-7.094092851440402
-7.971114783383763
-4.379456747488028
-2.17719800042667
-7.75883761103758
-3.1884398886223893
-5.9686969590152685
-7.2374588862869
-4.711929758645883
-1.60667889577834
-7.078795962760109
-3.19294013061565
-2.3529436658927505
2.106354600002102
-6.50870619973431
-4.311558117941823
-6.553078841900927
-3.4316201490698655
0.1546730410563013
-1.5887968730070534
1.3264722112880043
-5.456400941972498
-5.425655554660079
0.07970796616387066
-6.784242139842632
-5.885332001613009
-3.424259734450622
-2.3346847969288387
1.9812040754460805
-1.393278252795404
-5.323874572154746
-4.034467529527672
-2.4408910387129
-2.8141617219963733
-4.0142842942046615
-4.325059411202063
-5.30169955283149
1.8713362491631436
-1.5042610000948964
0.2541956649373102
-6.405136580780198
0.8557261750649054
-3.071584810467704
-2.4604671266318068
-4.768230701727
-2.014720354056941
-6.321217641642952
-7.452818907072262
-2.064531785339814
-3.5372573131158602
-7.367577823394441
-6.510716033006055
-4.726421269417004
-5.8341274808832555
-2.655346792345139
-2.854139047622814
-0.6202551222709549
-6.366419292632816
-4.89351250121595
-7.081422118403375
-5.929722275550433
-4.395230355564546
-3.352229685229935
-5.089691573392001
-1.2452773462858573
-6.2905297801710605
-6.125202960196935
-6.564228241709735
-4.6995273097775065
-3.8469353282840637
-5.567818963315397
-0.11598333654614845
-1.1705738344049672
0.9703533526436792
-6.927839380192136
-5.806725956851418
-3.389365585457285
-4.865157327073756
-5.679778550930897
-2.7944231160790602
-0.9059232572418925
-1.6580105056180467
-3.815277993836826
-7.012601378602037
-2.1291312215305216
-0.8887869686406652
-4.215328039093383
-2.0212673588725494
-3.169009922868617
-3.450237741293941
-6.259001199867437
-5.170465113791613
-2.9005242295498013
-5.11339266220135
-5.816687458628576
-7.306991043081275
-4.638278480344049
-5.741883721170384
1.0118697546067006
-0.9399416423723248
-2.023995818842335
-4.420006208271839
-3.181161380507297
-4.332747511714815
-2.048233303002494
-5.276879430529966
-4.7069776083954435
-3.9861758535047565
-5.60627600976489
-2.7150283252435283
-5.260415314780483
-5.990899232585626
-0.43973071068489045
-3.7861689295273377
-5.153134201356001
-3.958388441107365
-4.63742469666453
-6.944669787636876
-5.081349886902566
-1.7322404319362767
-6.529344273124167
-5.768027101518475
-4.824729956409112
-4.784211032812197
-1.5755988069721283
-4.4106299258604595
-2.87669854266583
-1.4281010689239475
-2.0288682270504994
-0.5732740301612788
-0.10248209605309577
1.4631838420150722
-3.4453076430153446
-4.576350938662346
0.4989637440531153
0.49141129002639033
-2.567915368196631
-3.9214505650096063
-4.356496648207474
0.37030133838141
-6.801315835453438
-1.3821769937682982
-2.7764431926217736
-2.40623670181566
-6.4017489552949405
-5.4196688127998165
-5.838910743071782
-7.7107030991330205
-4.623995248122261
-5.665770761491289
-5.3783681049448395
-3.1800698527191007
-3.882989900689728
-4.665196550495108
1.7381791326325358
1.5420105199438714
0.9673643367985552
-5.267673421926759
-2.0768503935395324
-3.503665205616655
-5.534924305750847
-7.174551855147242
-7.586719313350109
-7.522931026055347
-2.8569752703765343
-3.852627711876014
-6.325167405964621
-5.750657555979975
-3.806199996943175
-2.641774763071088
-3.7449897119484996
-5.837440155711432
1.1939924528225445
-2.9492481257360126
0.8621255963148193
-6.929450136523972
-3.9256561968692285
-4.191962707818855
-4.177091442020147
-8.165097552832071
-4.763999101044207
-0.9722323643234573
-3.809663082882561
-3.818064561877653
-5.9923421554506895
-2.375411079384621
-7.301136583943219
-5.959997699715063
-5.714873011873935
-1.2459545471982172
-3.5756448809941386
-0.13950367642242023
-2.0139215926360365
-2.126514630604842
-4.876738226010557
-5.179849093406916
-5.358674573708309
-7.881900165633442
-8.282444995756256
-5.621665421257973
-1.6354056691931638
-2.3761039472408587
-2.5109828214480188
-1.678519952015176
-1.8872147702265547
-1.3633303342878471
-2.502357501629815
-6.004964618695141
-3.725981555897414
-4.186952393853341
-7.192144939875742
-6.514750031210174
-5.924315657340257
-7.528654836592182
-7.629098777134558
-5.7113914024386245
-3.429481125166367
-5.174485353202852
-0.37158863782250295
-6.7997288190479805
-1.6693704532259122
1.6769492991886117
-2.1103765947106297
-0.47054485789750844
1.955879771693845
0.7084893287968621
0.6796104191174329
-6.20524733978551
-2.3453039487942373
-1.429849617562209
-7.183261453360998
-4.555811957113726
-5.238136234346472
-4.193074258366587
-6.395279151272286
-1.4164687705102805
-0.9332908135545486
-5.528464292469237
1.5552917738537535
1.0946243258664963
0.8019836452564872
-1.816739202358643
1.864534690929611
-2.126660362385764
-1.2359830669263827
-3.001660360914697
-1.6965522254267213
-2.495109523587788
-1.9942009731554027
-2.5667216697739548
-4.276089566829196
-1.1973157650862822
-2.1455605226471643
2.1579643431581763
-4.780161881204202
1.2038207704874782
-2.1867093132661575
-1.8198654345285408
-1.8409384692815611
-1.2119280156993093
-4.555837755762945
-5.922166376341042
-2.9202437623739312
-5.109500322024263
-8.290045503513559
-7.877566193033678
-1.6335130463063947
0.34231948636109766
2.157172094530126
1.1752860203027855
-3.81864402893535
-4.386742476478124
-2.3080654986836975
-6.183354261349746
-7.264952063834388
-0.41784573163684313
-0.3504772595127003
1.3953805207318095
1.742107405457614
-0.5194510086952979
0.36667951290441997
-2.299670910182275
-3.12948602285565
-0.2933185890549832
-0.9380781147614055
-5.4077090711386
-1.9437195270158139
-4.51214343424793
-2.4162445099237884
-0.7044776300772497
1.4622134381201675
2.2813291092176247
3.5173375073247852
2.5749614296841905
-1.9899444109935431
-1.7360215831475103
-0.7771616378106958
-2.27716787777894
-1.9196986450036664
-4.818704125322654
-2.0222487046772946
-7.24508664807538
1.6114677545025815
0.5403805732369229
2.9433939436329566
2.253983475279455
-3.615167243521105
-4.507025278585015
-4.327887365089054
-2.642919794816245
-4.9858229279825315
-6.5917358732415625
-6.935795183244786
-4.152495547094821
-3.8682003131236278
-6.9104862978564885
-3.2575705761889155
-1.922971819222479
-5.823132093725091
-3.9157510309183468
-6.139071321835442
-0.23777474155431794
-4.929958513837101
-4.496041825599343
-2.1125786909188804
-4.270494198213
-6.834616300109144
-2.699237390960301
-5.709095788416686
-6.687148887916891
-4.529810594842005
-6.924128055602902
-3.776038008951037
-4.549746291264787
-0.5224436310345044
-3.852854883291343
-1.984881651588521
-3.797447879993749
-1.4722004152472272
-1.9690705443434702
-6.6427328965997345
-3.5849917548494554
-3.2676822478074103
-4.917163972886926
-0.8496622024747543
-0.11666244819763733
1.0468158036237498
-2.4695435945295445
-3.1723428588463998
-2.7698752644116453
-4.664473874222597
-7.240556799728059
-6.558136407169802
-2.566689359582323
-4.857483045174034
-4.5500519036931415
-5.669431237319477
-6.5388221185085325
-5.926971081933725
-2.6721231994948877
-4.566558523727994
-3.522032386454617
-5.982685915323613
0.38174305497730915
-5.348263658232989
-7.203060961844562
-6.38081640956657
-4.923038638831032
-5.468625043029487
-4.768284263841276
-4.232569472861909
-4.538556706744396
-6.785408816187115
-1.4344008986476182
-6.966104133750576
-2.070518058083858
-6.539348604934948
-6.103518247326095
-2.7445960356102566
-6.881032589557471
-2.8373991485553223
-6.808246210845537
-5.743888902685096
-7.464648669037675
-5.64585095970731
-0.5407440613294335
-5.057319232510785
-8.25103354845857
-2.365006490588704
-2.589312366424862
-6.282003111487429
0.5856518503432286
-1.6838809946746762
-1.344380937889804
-2.0094086134838127
0.7575139514803736
-6.107756438071585
-5.27606852795205
0.5619779354744452
-3.296640332627545
-5.447874333955687
-0.6739403062507849
-3.736800828116321
-3.028280124098478
1.644735691445421
-1.8526200767971854
-2.7223955408779648
-7.082800396874778
-6.795398553023906
-7.771577817880897
-4.936401511489791
-7.273162076444063
-0.8799123321423781
-4.259030416529885
-5.233756106257456
-3.015740851636942
-5.915601056606811
-4.830902455289054
-5.346360540093572
-6.391273693138887
-9.14081398980575
-6.224884895431131
-4.138113759491438
-5.664867769060567
-5.616184183416344
-2.8364182541722256
-3.7361836389572116
-8.324903977108491
-3.8037096910069756
-0.9691112092899387
-0.869503496468907
-7.390310812123154
-5.446812956662856
-7.872273631151164
-3.8231784231616976
-4.493251853240281
-7.615354161224823
-5.627739660439827
-5.017254542354803
-4.884748990782791
-0.13972740822048668
-5.606003214946432
-6.545090968642102
-4.683746500318896
-5.458561894125629
-2.81515541849192
-3.5414851623638475
-1.9372967724700696
-0.7026707009358938
-6.415763317333628
-5.873715270227042
-0.7169367102478139
-5.221160659926268
-2.4673458733448204
-8.252435029463726
-4.601444703172526
-8.744340266984931
-4.4880953846032305
-9.083995725679733
-7.789068201182487
-0.910580441582227
-6.636843799333687
-5.259133439701124
0.13631215917194872
-1.8539865588012483
-6.752039884791743
-5.121094636986728
-6.890460671819492
-7.86560633136125
-5.965567697711889
-7.187995126403508
-11.318539306570889
-4.217922413364859
-2.5148884885376317
-1.6099642728025807
-5.189798992261532
-1.7463882395825228
-4.242395500762019
-5.36142661878154
-8.080591465580198
0.3536378631706163
-4.483896972956985
0.8876054840156284
-5.443039888933649
-5.836614924104149
-5.320520604474062
-3.1473286817508317
-6.062574251096092
0.23641488329768845
-2.220773469925599
-2.4695791636025994
-0.7120728357467401
-6.523560364016783
-1.787271496398541
-1.4311904840476444
-4.221317562390554
1.570679439155316
-4.708201111261581
-4.8382954802392595
-6.7574027043520895
-7.83604173051832
-6.332328022749921
-4.433673322410298
-2.7108905343479965
-2.1140902290695687
-0.7683557100119421
-0.7612177673869787
-3.171873274938892
1.1722209957318108
-6.659434395300677
-7.9034006550546625
-5.2238217405784395
-1.8643272842608254
-5.260460284841461
-3.284291840094283
-7.632646714787249
-7.584955575066126
-4.473862496977813
-6.336773008039718
-7.265187565228667
-3.997079981305397
-2.9990609784311033
-1.2266814200579486
-6.225916047238367
-3.4854477906286894
-8.262842544618813
-4.501213701797415
-6.569808849097032
-7.37620248491776
-5.9430726048729285
-1.4857943101790019
-5.706806480538139
-4.487024541607045
2.1705787081556784
-3.4950953668663782
-2.5746746884217893
-1.6373235127929657
-0.7332240198141998
-2.2741549333969022
-5.377672708320998
-4.266824625636934
-1.5842492279819784
-7.441875268410808
-6.0682225756067965
-7.052881190874914
-5.051719325576483
-5.283105746334368
-4.3245592199031355
-5.295565145714287
-6.823673686570378
-8.074569578975272
-5.351131966920455
-4.705154245412934
-5.3113964379891545
-4.500678792506603
-5.449053299718517
-7.458237316499871
-4.357488200790873
-6.914337670931998
-6.248230851967194
-4.315162481988748
-4.16354691240761
-3.6636269364508376
-5.081410468192374
-3.402474889562407
-6.304107149753068
-2.226317617218636
-2.650034896266248
-3.606402039289816
-0.6567856060556162
-4.940034270091679
-4.037680572700414
-6.686384156200641
-5.550823298736256
-4.341728833830992
-5.913764440537646
-0.5781728626223035
-0.6002507267931949
-5.5394942131380684
-0.37863276618069497
2.5286479565001603
1.4567773274544118
-5.633333613278076
-3.7363982914919114
-5.890222433566388
-7.582901072094432
-4.501178586928792
-5.494723655983379
-4.414352635347347
-5.74652769798697
-6.706738363344179
-0.6913498580971738
-1.8077140673915684
-6.716978825364367
-5.639477479580033
-4.868811409087588
-3.0293846487459932
-7.027060498149754
-6.7876902781347885
-5.084281127681653
-6.956709314035561
-7.12843442935329
-8.775991558436735
-5.771619203213081
-6.332365674639756
-0.6909446647057581
-6.123335762301948
-5.100776603248111
-1.4274054112662071
-6.8893175203599695
-4.9118191434254
-4.551400159038836
-4.370689337193375
-3.5548244597729504
-8.50108544787354
-6.700601019765791
-1.4201990227071506
-1.89597993339655
-3.601960156494821
-3.467140340695541
-1.9145784476531735
-1.9004616264345857
-1.07817673618218
-3.0716835883488205
-8.366867017181018
-2.752905483519225
-3.255083157281128
-2.7236328871436943
-7.26485408519941
-3.7981267402663166
-1.7415922917158517
-5.2629735298725056
-6.3341017093989
-1.4209973851785145
-4.7336056365894725
-7.411174439053295
-7.117284020611047
-6.643856687339069
-6.618911602671073
-1.0290250526520546
0.6312625700918394
-0.36753625410492274
-1.3177264675362093
-7.251464098789522
-0.8717351870088533
-2.628285235152521
-0.8679226538039475
1.3875868627416517
-4.913724376481991
-3.7510449302214903
-5.325050903192243
-5.704065779522101
-3.5974386023919207
-4.952737682301859
-6.5941746875952845
-7.314254802945672
-6.368717169270488
0.1285518444311855
-4.68498166677497
-4.530218487988861
-4.9248935857174665
-5.784537556232264
-6.93133475669614
-7.777068755992193
-5.384490177385635
-3.983467674774145
-6.8494103187913415
-3.360645044545792
-4.695436367528162
-6.237991794231531
-3.878712810946923
2.074419008680678
0.37218398665017116
1.1430910812522759
-2.89471715806896
-7.4154679156062056
-1.6888758162795936
-3.5123405186064764
-1.6970888819640568
-3.519502214338303
5.064377765479215
2.2886294577011475
-2.177797078032989
-4.794612272912172
-4.410455560699541
-3.1306793183553014
-0.6392609421152378
-1.286070471699056
-2.758870969085329
-1.430615828565755
-3.6671637763219542
-0.23684907266747957
1.508695832645694
-0.5187524841584306
0.3623530319342907
0.8600511491808531
1.7637519498391545
-5.2721830721204
-2.910835442920183
-2.95711506914484
-3.730929468902682
-2.788386456980245
-6.112962544575167
-5.631655940757418
-7.260037944668972
-1.6165170577466412
-3.9364322857407217
-6.305838773144464
-6.037338710561169
-4.717747905026143
-5.2882796413002575
-5.596991349373418
-4.838274347367545
-3.933898099750596
-1.2127673271095385
-2.157372267517675
-3.4088525923249566
-9.732091839470842
-5.729961455821571
-4.994077799914616
-4.219939750848189
-6.374905909707123
-1.118668143558578
-7.716860580875536
-2.30586459485912
-6.3046141979921355
-7.226183735338639
-2.1077091402408974
-5.84553798386505
0.11679168644107019
-0.5928552701683175
-1.9750670997591513
-0.3518520963784679
-2.7907141941996834
-4.077801615838956
1.57186192789481
-4.403774635687112
-5.997604183073618
-4.649543647310218
-4.045525925319781
-5.363978648506559
-5.117131167309246
-4.120963135579301
-2.310302037590235
-3.9769461464693108
-3.5162421867968803
-2.681537342729567
-2.64224510881441
-5.191851319590599
-3.733199434417788
-3.431470255764545
-4.876579222692321
-3.7014984797652155
-1.4924031450066686
-0.7445281095464135
-4.038455429131634
-5.826889359847995
-7.3653518259217154
-3.9719093848809903
-5.271860266594838
-2.795855419187844
-5.165480459826157
-7.815496772417768
-5.244514951285604
-1.9316311311468417
-5.353867757895474
-4.544144202033172
-2.7036753535126206
0.5418827298440191
-1.5895349988368008
-1.4639244824190576
-9.498860901346701
-6.961418567732295
-6.666463250801398
-6.1495922865829105
-5.195062924822929
-3.160654060463413
0.8136256749328226
1.5100976632472758
-1.825802941763433
-5.402182121335653
-2.5247078060737165
-1.9566411497184606
-0.4638177954485355
-2.215696040841594
-5.786106550272042
-2.14269908289774
-4.494712041568093
-4.333922506187414
-5.266718795953443
-2.4206713552022356
-0.8871948270097639
0.1616743906507715
-3.7926053105098
-1.1611669604303048
-0.696943634220775
-3.347141772118771
-3.999493387819556
-8.032345944684074
-3.366290805205033
-5.241624286343834
-7.377145700329409
-4.7082090651396005
-3.80266277441647
-8.044816923181076
-4.260044672285978
-5.077459399044816
-5.950370580850912
-5.909400489893511
-4.800116525836634
-5.695005712373941
-3.7516124998276945
-7.771844614305341
-8.102363670196524
-4.876657277789506
-8.369246370468606
-4.252635214115929
-7.99595855526752
-7.400368967574353
-3.160782696303178
-1.8932151210630845
-1.2646192345128755
1.320209426269428
-1.4096448569315494
-3.232097129282841
-4.564271904747772
-6.374146816477257
-5.7348095015720615
-7.130433288963595
-3.0783953057214903
-8.107640590200424
-1.1740546386724513
-1.9505685891207443
-0.30961916526481115
-0.8708648725816049
-1.6539049467835225
-2.044173492966727
-2.3709606632930806
-1.4974776689569504
0.9094556176847906
0.19272157192740857
-1.1681742315796149
-1.5518093341209094
0.830355805514331
1.1821572640042686
-0.8050726185947048
-3.3898762821768993
-6.584908590033422
-3.7884355299189085
-5.374539687425623
-6.157142294365082
-2.4824190030077813
-4.0993761903435
-4.481898498026045
-2.849032950665368
-2.564728772232969
-0.5054068284429538
-5.363413679768556
-6.302701537707808
-2.0660117896709806
-5.66947375859201
-6.5822275609138545
-2.676770671975967
-1.7645937501556106
-2.0503434825639806
-8.15388858787068
-4.199487944955021
-4.240296573452266
-6.189787444974256
-5.917060108281484
-3.7507080481552664
-2.5662311843991366
-6.445698707551999
-2.6849412425207957
-1.6901398991910899
-2.4314803218230794
-3.675778189559548
1.3594497465164312
-5.795513905847288
-5.112449086584572
-3.9418433889718933
-2.267404294146935
-7.057767830378032
-7.319319659995387
-6.105646972815923
-6.36710358264148
-6.664534079211567
-1.3273112274422803
-3.762922253897665
-5.740738690379888
-6.679768378265439
-0.28108960317928017
0.022134160866503105
-1.0828425533356585
-0.7158518297468062
-2.083164535011753
-7.5413215428870926
-6.621316090089551
-4.249913407285576
-0.6655659456917884
-3.5249985216997652
-0.9564336672698847
0.6892947942435906
-1.6260548235921042
0.30511581198327775
-0.9963585521112188
3.597572914329727
-4.953933201106705
-2.928312607659338
-5.217410515813714
1.3656903731002579
-5.066179413796597
-4.310611244796651
-7.402112756798968
-4.16455445458903
-1.353474961598096
-6.721083370340667
-7.319658199217609
-5.479419737906543
-4.793385273507861
-1.7555069302308564
-4.162997238528288
-4.2935803482634665
-0.618359949847742
-0.6691185534758002
-5.439295370655198
-2.6785134395233166
-6.269121471802716
-6.330866322124424
-1.8204850209923529
0.11842498910465205
-6.0002388624694625
-5.932532695873288
-8.20868539321275
-7.307966019822847
-3.954246128904383
-8.138143891795922
-4.573037767272932
-6.611797627939671
-1.1727616504497589
-6.296994453340361
-0.6383440794126499
2.816659220067107
-7.258546461549882
-5.449472215055884
-3.115679996932776
-3.425487560154782
0.14990891609549162
-4.959740107934446
-6.958714190723995
-7.231348726809977
-3.991017721122549
-3.3499975184177986
-3.5527371361638274
-1.8649435439789648
-2.382491033530505
-2.2528831260546696
-0.02452232220630457
0.6186231603844423
0.03389434970110683
0.418720597583405
0.8408499908299925
1.0787901557319266
-1.4867083455077523
-0.6626244340727114
-1.8712258731575089
-2.412480654781873
-2.805167145741921
0.5411447172034918
-6.5418619210995335
-5.312541126763041
-2.366895610695456
-4.216972923210545
-3.581650687373193
-0.3190372005412381
-4.502863661122401
-7.757303714451192
-5.418177982388857
-4.003162228967375
-7.459572960961561
-7.612032422075085
-3.4951465946759273
-8.048881826276407
-6.437072575536473
-3.015834713257204
1.0262976279089981
-4.941421061707966
-1.0991735099207682
-2.6641784422836974
-3.293967451448813
-0.5368135223218696
-7.801735123575362
-2.530621155993319
-6.027592603001893
-2.942288906991294
-0.8870849116078342
-4.584861366314014
-6.506988461728973
0.27059330369061063
-3.5363705233782046
-1.659016605989625
-6.279160300596374
-1.1931569984654333
-5.310149119196975
-7.997551995120338
-5.328268382163893
-2.7150884501798025
-6.357712038735935
-1.8950301292097493
1.026876102116691
3.4632552067935416
2.3854732200834063
-2.073078913700904
-2.0566540935618125
-5.086181296776258
-2.0221794320303235
-1.1370986295772072
-4.420137864149345
-1.372102744986254
-5.732244508487273
-4.950072254932753
-0.2898742573455112
-0.10291693117881162
-6.034296291920329
-3.9545272581018853
-2.346719784897285
-1.786209489485063
0.5950552261999553
2.6388301811396495
-3.229641473137181
-5.906975560591922
-4.288932694502929
-4.261642264935785
-3.2460217299605887
-6.330566889973031
-7.491901500355294
-8.15039188723729
-0.4870054444447298
2.2498037338957
-0.8540372721107488
2.5918478409134362
2.2188802719502916
-1.9733928249481094
0.7040257742203521
-6.36808048699253
-6.738775159030768
-3.07359208442626
-2.219058472334709
-2.0085316304409635
-1.7138778227572358
-5.346887586163289
-0.962098951107194
-6.341513546461987
-5.218429919042544
-5.224237364504983
-2.2482317876395594
-5.512212757330268
-3.8445240242420393
-0.06445308917194104
-1.3106387870811804
-1.2620824065269882
-0.8989329104079438
-1.8443193806938427
-4.3496111298333
-4.0772241062478285
-2.7261146813391597
-4.178290128427585
-6.659626646522422
-8.62923562861612
-5.237960353398989
1.1791310521090286
-6.804567914895318
-4.140371588776839
-0.16867925395319217
-3.023836105083161
-0.9954841594362038
2.1789016791002753
-1.2109433967433127
-6.904324815011218
-0.5906702920371656
-0.0063680587678698886
-6.421964025721204
-5.648391400403808
-5.9040824609202565
-3.5072517515201183
-8.074791182702995
-8.537445332279887
-2.336492874047883
-4.04877991433561
-6.89364585664376
-2.296529942768092
-4.950368356185487
-5.278828109532186
-2.566977222132939
-1.244352216834756
-1.498063489230785
-0.4930683454528932
-1.6157269095053466
-5.968438805858138
-3.563490276767552
-3.009274288018381
-5.890583737289891
-0.23693625815360064
0.038214306070097015
0.7147311622324068
-2.256086708467537
-1.4550108239677189
-2.358833590175691
-2.310935183317614
-0.4063062409938144
-0.2183120104201819
-9.151705156800613
-5.998495256155182
-6.404282813702106
-8.16328754752203
-9.041369863824912
-0.8878996760750426
-1.5425984286056051
-4.854704049852639
-2.0289429618034456
-3.4935516386161303
-1.0722729482283528
-3.2557890231514226
0.35317512694728354
0.11853530499312287
-1.4303762511811042
-0.16463019302254522
-5.328074279072947
-6.240657931175099
-2.188739645140103
-5.537425364946849
-6.623367588301161
-1.699261900900689
-6.493757243229956
-4.885465425744998
-2.1045357780742076
-3.0596057197939426
-3.070765402389022
-1.6584723837193411
-3.8198577584819455
-3.8019117322022344
-5.4802120137948975
-3.5666744113070172
1.3340559084447374
-2.3464418357340047
-2.8847597854641736
-4.43529840578705
-3.2033301024381617
-1.8619712805553155
-6.651462628112639
-2.287254387945262
-4.430300886853127
-5.191936666294213
-6.601686019541381
-3.0302023492021886
-4.204474025665527
-4.1856792597660935
-4.233788902980637
-6.77701912953777
-8.161536896918502
-5.7202279086114505
-7.200862281255944
1.3512427873911348
3.519409824932062
-4.815066894615286
-6.537296389900025
-5.715841988516397
-5.121635771237663
-8.415143668281093
-3.757201118897644
-6.903714934756195
-5.951566621832245
-5.230721212618541
-7.027628383580599
-3.5348450707703387
-6.236094654230433
-3.7434740263135744
-5.850850004426284
-6.939703012463996
-7.711477189051329
-4.856973363953863
-4.872432091785963
-5.6516077259426565
-4.095289376645843
-3.625098937803407
-2.6870702397684445
-3.5680201488392127
-1.9965769946703213
-3.6592140183169986
-6.722490505534648
-1.648140334560719
-5.293794795429508
-8.560941339456814
-6.453537110256811
-2.478697332715338
-1.9415337772779526
-8.574160635099796
-2.853079116309248
-5.630371179693729
-7.87698447930475
-8.100789368034484
-7.749602164154668
-10.938569609736618
-8.275970517376185
-3.9740233368842026
-4.599631207830339
-0.8616365174896761
-2.6573393193476207
-7.015951346921691
-6.603051227706434
-5.356433287191003
-4.921665593617506
-1.3266427288201292
-4.529950327543399
0.6072252444455917
-4.2636909596947765
-5.986095079509603
-0.9944310274443695
-3.3021892906560857
-6.322548497720113
-3.1518522672675324
-4.179515815721656
-2.7042918652638432
-0.9778497891793779
-1.7101904470577887
-3.2361166585684735
-0.7434803277345103
0.5612829070724568
1.2215102155141397
0.13262543109434455
