-30.323274575861628
-24.166874084703117
-34.023822303120575
-20.449332366648846
-23.453781340496082
-22.15188523113079
-28.074113188732223
-21.984027932909235
-24.734810949559886
-30.283549000607074
-33.90464387914058
-23.599269802274684
-31.58492512041439
-18.72443355244396
-32.05693300598973
-33.71401479858746
-22.659144549292844
-31.06836605847
-30.94745291884565
-28.80545341523417
-24.937054361621776
-29.393245621989852
-27.538069471641226
-14.133543670820675
-27.529209243864102
-25.747024038841516
-29.793456806099275
-31.261161294098958
-34.10972341209528
-35.74450264337679
-24.50767882931194
-31.645506467024138
-24.304133097686748
-27.835923311164642
-22.03062692938735
-25.870584349846588
-33.657548608989856
-34.124466495653856
-33.532107498470076
-20.53478474766754
-20.44141673209388
-28.001295934609928
-16.6333845632824
-27.695904807173065
-27.945059273066676
-27.38881743028041
-23.660331595170355
-34.948334379224804
-35.093348967295924
-18.200796830892873
-29.717122633658267
-24.68159499367609
-28.32213777864016
-36.10992569344537
-33.64212084218085
-24.81156466622761
-27.63856541551997
-31.596354897562104
-34.03575608977202
-25.381456499263052
-42.40929025523215
-27.472598148654306
-29.840144726412184
-29.423215304923673
-22.078445972236608
-28.30015052139099
-22.30246006193321
-30.343330245982564
-29.739977270216023
-36.5480405391122
-36.35166341246327
-30.954669549535282
-26.438575091407216
-23.018788248583817
-27.955415845563614
-27.79508994080193
-18.753188865440674
-33.93272771545962
-37.18777172878154
-34.36931514080128
-30.577316187123255
-31.273571800449638
-29.657310071166265
-27.15769145223086
-21.581126472736187
-21.80015898715396
-31.5398206089516
-20.72869048186368
-33.05336674265018
-31.87152888524104
-32.25113374300452
-27.449517923012216
-27.66403325996441
-24.89269087961385
-25.757223794686695
-21.148990430602648
-33.77227769874047
-30.81240335037969
-28.112293639890584
-31.58581526809005
-31.086883501586087
-34.395000751130645
-27.6126556663083
-23.769244636942446
-35.100948175922504
-29.047581488286816
-21.653617289005638
-28.824019834581968
-29.31030135075494
-29.655255503103774
-32.696666602039606
-28.74037049250729
-26.929336438345008
-21.672931075433972
-25.277247087885115
-19.680471026848764
-20.835311599219764
-21.868696311023818
-25.007474493426486
-33.57606516061604
-31.679712997644017
-20.32141986562182
-23.61852691296466
-30.96110892561613
-25.75447838842966
-26.872280341738247
-21.92806292407894
-27.15915997080306
-29.414903927565334
-28.303777396468018
-26.777564678631855
-31.17440785887087
-38.04083179660547
-21.261538647435035
-36.20255844545778
-29.88534138302882
-32.0805651540135
-35.630381813301206
-25.704938323838384
-28.680682570387336
-32.88173698789432
-29.13016802110371
-28.94824466180446
-31.78343050842703
-32.92774392600796
-25.086350414057176
-23.258343078132185
-22.803559171478817
-18.79115036036286
-23.422493491499182
-30.365367569719563
-34.14727588120955
-24.732028624708356
-28.16193976978996
-19.178859962965248
-22.225361915832558
-20.571987345878235
-21.006313190654886
-21.013081000782016
-33.04810977354049
-27.681640189001488
-31.04674309372319
-28.62079998865164
-25.622838219908864
-30.239911060601635
-34.01566366510541
-34.68734964909199
-29.268303974540903
-25.463305905136405
-27.110191870537992
-22.455345801780407
-33.03259820669946
-25.87913014781431
-35.33871008612519
-28.664456087510423
-32.49148904581363
-18.645801598041544
-27.530514778587857
-31.01351366118087
-34.190392690974505
-26.53216895936184
-26.841028023418716
-26.739666464143063
-28.29343355615361
-29.257458159357483
-18.78231370124714
-27.02359469550827
-20.53120558510315
-31.83423944001667
-29.51196648003227
-21.020964401446015
-24.846318309544603
-20.976528164632356
-24.757764717520132
-29.720759239224208
-22.481447842254482
-29.046265190396483
-29.653394902648905
-27.622713773308092
-21.987254336222712
-24.94980499749301
-17.898574696456244
-19.4296940158843
-25.316431271660967
-35.47001421233117
-27.96806325902358
-23.910045785078985
-26.813487543167334
-24.08135971794293
-27.38664452598372
-30.929785375442115
-37.40950086445284
-26.11934552130268
-31.25925249634092
-29.283029245487157
-28.9255543115445
-28.48358164342583
-28.098193991529712
-28.96679707469361
-31.531334404447158
-31.60751676501522
-30.9491855671398
-38.74145455027972
-19.03244918112103
-36.4804943026567
-36.39018185506155
-21.166860612713144
-26.857848364895634
-24.79398024710914
-23.62348351153883
-28.34179533545601
-36.63732718535511
-29.95706406727814
-33.36210820336564
-24.362740488336367
-31.827602920084303
-30.27679455756593
-35.72149322108687
-24.61630672085117
-33.25042629298722
-27.029203766326617
-33.04707174397002
-33.201611402216265
-24.544336827335215
-33.93065628356774
-26.542895370882768
-25.43436595786606
-35.4578259801094
-20.437453459974513
-32.10838859776397
-19.130594143607436
-29.452482846868506
-35.656465550691976
-31.36425282746438
-27.400624348661083
-28.88406266201737
-28.783540215323658
-34.18083728187693
-30.405489320717205
-33.71000267661702
-28.720001964122947
-34.40532745866808
-28.35422595176913
-33.75937704290998
-33.608890052052885
-25.534666351773964
-36.97462534628525
-22.46964867921261
-34.61037509909752
-32.94025178759182
-30.439962494128338
-35.452694758848104
-29.931783558690945
-26.732481892583777
-28.805501357172037
-32.62782276925642
-33.32726942196865
-30.249129654739704
-37.57210881650236
-30.111452593606714
-29.143080733096994
-26.17205571938861
-31.217532216028218
-31.201174308446078
-30.763048701149884
-30.72097599629803
-19.66123920389372
-29.53553685520273
-29.8399901556896
-32.47385674957683
-32.573771099959835
-34.49901348803792
-35.33417654057681
-27.40576942178442
-33.14854605197527
-34.33685148058709
-33.749199921771485
-26.480948555747247
-19.255889094783463
-32.76516177113282
-32.87342206203701
-28.532998068809235
-31.87765668112567
-33.19919053838613
-39.30342228153477
-33.07170713149346
-23.87163398865455
-23.102429065475043
-27.884577470944897
-32.19808125619226
-30.82868277359038
-29.096770159888116
-30.627329596368178
-31.507602887975082
-23.35883053167297
-31.09986500360693
-27.171771524223107
-33.162912061229385
-25.535226561113944
-32.182529231513826
-34.133519994194955
-32.70588741040058
-26.287491453631734
-30.77388147169491
-24.67436935817022
-26.114661965751917
-25.419949288611562
-23.872588060141965
-29.78047092822662
-28.408662559894374
-33.54910404399667
-21.728713159327658
-31.460977315909886
-20.476068777336607
-41.65147374819568
-36.40426770244864
-30.362891380337857
-25.42086681899693
-30.143094191929798
-30.779691009052037
-34.65883041453123
-27.22695821670103
-34.07774630678097
-25.653777375780724
-25.731863312698614
-26.730001718601095
-27.07446196784029
-28.55020336558538
-34.60759878560966
-27.96413544310868
-25.63222958604625
-32.50035682168223
-33.66554117604602
-27.316655618770003
-32.887588791366134
-27.82099252442571
-28.578438681216657
-25.186138242834073
-28.062513504040474
-37.65073319807992
-30.744147961203232
-39.829566706410716
-30.65672235815825
-40.31175017596385
-38.78960064372112
-38.614764191554
-35.73022655242858
-23.924604599188797
-28.7132110056856
-26.547580775901196
-36.19349967839435
-40.50557967418902
-32.87460107758185
-24.36957842061561
-28.24188824478658
-22.036407846253432
-27.78865416669818
-24.952733440933816
-31.804696295457585
-29.646243276310265
-23.839353572660613
-29.85745080267342
-32.98485193825203
-22.91930324750391
-22.93460681520611
-15.81967831805089
-30.61508906936305
-27.612514797564213
-33.62504524080988
-26.933608896407666
-31.665199263176014
-26.39996911330134
-33.54289107037398
-23.476757394979078
-28.64156805651716
-25.786084805632196
-24.779312907493974
-38.34999807776346
-28.546100258912983
-32.50969697955969
-30.729827075827878
-34.2393368384744
-28.39852640503431
-32.700607447208796
-28.390126442102332
-28.482959942882864
-33.0826577472736
-30.58439149650198
-19.15536888505174
-19.8861688285605
-29.903394035761533
-32.58318589605726
-31.81523608349658
-35.90209116952997
-26.737801335458613
-32.025115333170625
-33.60264144093373
-37.17921335501122
-36.13661950791491
-26.62293954623116
-36.63925669273506
-31.474555020010612
-28.244659702497383
-23.57872287882327
-31.007201488294022
-33.3847927645693
-33.08480521655645
-24.259338867953954
-28.298278200572028
-29.286522749547014
-28.931223237603014
-21.76389234249666
-28.266659408399445
-27.278535941689597
-30.615277840464866
-32.945835286229816
-30.431549520038807
-26.481228864947802
-30.76897427989072
-27.246723849215172
-21.279805801421382
-36.506892223336436
-31.28141116615
-29.655408577527503
-30.574974147671185
-36.41755395928771
-24.88431449080488
-32.42399799313159
-35.29954925138832
-30.54493527497153
-31.740525129991028
-38.00747938863272
-28.77360450893304
-29.431954316373957
-35.16149061192812
-27.027223575755695
-17.72424864390745
-33.33504398727843
-30.39497037052829
-27.774439932174587
-22.509487330664104
-38.13910814388348
-27.999024856445086
-33.4960438683558
-30.932700658529846
-21.36515011363008
-37.371104595039924
-27.35542811944783
-35.75013429498007
-21.828843312040135
-15.009326089392864
-30.375913246365748
-22.49105477469172
-16.95146098335215
-30.50778373426877
-22.917508343670463
-27.33215128365599
-24.267363116362056
-37.21637998982972
-16.849606149602984
-30.651341569306027
-24.134865577605623
-36.581222983741384
-32.73261115502928
-30.00344260206105
-18.27728410280498
-36.976025084437104
-33.72369916786825
-30.954405419812936
-27.38233611406706
-17.18946457375663
-35.69526726907557
-27.119681137743314
-32.80681575274011
-33.61682070902195
-30.097322478728337
-15.330529675513208
-36.117271499502344
-14.747360961949326
-28.172163541249624
-14.580284487478046
-26.515560745947624
-27.742892150381312
-20.043569677220777
-27.087099740036685
-30.899730619216776
-25.708146637519015
-42.45556096843626
-26.960931382222665
-32.32006852777732
-31.944913273408524
-25.83018814643014
-33.008552161100695
-24.169895851525425
-35.642147195420115
-20.622475919925535
-22.9260010647788
-30.658548785554387
-33.31263924870732
-20.525093271511853
-34.18501060314932
-20.54883001588923
-30.738858935388425
-34.12681492235733
-32.3822270535363
-29.967862082113548
-29.57072067245938
-31.559423078051466
-35.3753145195873
-38.37187158198685
-29.516047952972592
-35.41875980147954
-37.943635371338374
-31.913710604978462
-27.365935150850333
-25.33277237925204
-22.168426034306506
-26.59057938990467
-35.555717139630694
-35.12672779577536
-29.14186922676815
-32.75884003739122
-31.142849686895225
-28.967232616531284
-27.247729299748414
-21.30711872306
-32.92883432345738
-31.20905175509119
-31.7849481518029
-26.58087087096701
-21.557501058643467
-18.607760491906866
-25.904484478973252
-27.907803256882815
-27.220993253624627
-31.13585229888016
-21.987332535267434
-23.70461048463372
-34.693204211719966
-19.7909438995394
-32.59143253820814
-31.814178891511283
-34.552936516447616
-33.503794497307325
-20.56431051798502
-34.63740604142333
-28.761664802919597
-27.95125457165048
-25.662736921222777
-36.99801509323089
-30.333286011337655
-38.5040976760581
-18.03336262115182
-24.3019542077852
-24.329665139545
-26.85074233633162
-31.902539283056505
-24.168399419030862
-33.26949122788933
-30.557679281976483
-31.222497669924685
-17.795704723039513
-26.954052482519693
-23.596675991720566
-24.195966870856594
-35.12690415403505
-36.53663795148799
-31.199408707984816
-27.704820359880507
-21.30935124340469
-23.861688064750332
-23.166990721866707
-29.200807932483546
-26.997495352969622
-26.975550654827032
-30.662266805415037
-23.233113952705104
-30.79614778000586
-23.70084156528287
-13.827559251737384
-31.223396921794034
-25.568584946317433
-27.115658302396128
-26.987452211265534
-27.45228688025584
-20.03611697917909
-22.82568896948594
-29.937963168500062
-32.36838239304532
-32.46839503491246
-29.822841314491637
-30.613625524865842
-34.33205169467296
-32.31456061564248
-19.891146035815453
-20.69145734856295
-25.925122165800822
-23.455746437589674
-33.23434901568512
-20.61798563599987
-27.55988997650227
-23.456246181908046
-31.533151500233156
-36.08159166318241
-21.381718097607
-36.68074194898966
-31.877727761019514
-24.539731871530226
-34.35143559686077
-30.679599857222552
-28.902175005167976
-27.72709685616621
-34.14612399977164
-15.565646419830092
-35.37211556921561
-29.18576384564068
-31.58703276972569
-27.029546589992
-26.113749076667744
-31.248072821384607
-28.598786357818646
-31.361743343795837
-27.977655713201905
-26.202216088115982
-39.56192609841293
-30.60813569387978
-27.23629726090249
-26.018723954310353
-28.424546987463593
-23.75967016395721
-35.95742125131332
-34.34615243003455
-23.742004581257316
-32.33293407249934
-32.1409802714907
-24.96766529728198
-30.718425451846493
-26.790852674692314
-29.914355543004557
-33.29408855183779
-24.02272635324219
-24.98143948379562
-33.60069834425529
-22.28506268987917
-32.87438442397877
-31.593419156201364
-19.49906152416567
-27.222268974645353
-33.99869526918622
-31.779582571012376
-38.16028686389239
-36.12064137647102
-29.047406308206206
-30.385944083948978
-35.06281415432252
-27.730994681367953
-27.845727472584457
-24.39745752292471
-34.2971686634459
-25.05157778260655
-29.087800675783484
-27.58792418768467
-25.76486308174828
-30.902507650086793
-33.60919295454818
-21.435232969331803
-18.86663258164822
-30.684743063419923
-21.52028977856189
-27.526583879255973
-29.922729981931464
-28.698684981600827
-27.914293212597613
-25.96430938455018
-30.37059225924847
-29.17270517077714
-33.80422874000341
-34.61261638924893
-32.78721987309379
-34.24378456182906
-27.53679434011451
-29.862128596977325
-33.01629641151904
-38.99875552463752
-24.553242474694823
-28.092146712355987
-24.34135208139635
-20.288688764397254
-27.485869179663723
-23.849058212715317
-33.70615648788092
-22.646231885852224
-28.165965594992773
-33.551896295982175
-34.498877915545236
-31.251506839483646
-21.25704807093427
-31.46673797884669
-31.173974960517626
-25.447073939533674
-25.5355712635187
-31.265797112828675
-35.537676303813384
-26.790414953170014
-34.644433829962836
-25.65765454275909
-21.066404953486785
-33.00403467094512
-33.254474783937255
-23.150400832325836
-26.81364271264671
-27.029274178147517
-28.297846197783596
-29.226432733435196
-35.901245158863055
-30.843482490953754
-30.54007083124581
-26.461374088774296
-29.016419711464586
-29.832206110661712
-35.21866278744635
-31.691556757974002
-35.20700567252316
-28.93497279786632
-32.79388255180831
-32.25203167538601
-39.11406836554663
-33.45233887882456
-33.598030683734194
-13.207819098576607
-31.516519386467138
-20.285509594512902
-27.978911614590935
-40.70599555258548
-30.434009437942322
-35.58519611238504
-30.231757367660492
-35.27497587991588
-27.070611138597595
-30.361864967276304
-38.28431515027138
-28.345892593619027
-33.30269372390044
-38.46209969662882
-29.40176142961343
-13.97298625527511
-20.80545481902174
-36.94412056336313
-29.898042484726595
-29.6533752046476
-37.715166220714025
-33.68170864206856
-33.16412249846011
-25.289011536032937
-31.63560892449064
-31.486420811666463
-30.100827408830547
-25.8115860435885
-14.743197924244821
-25.938240389370637
-31.054718723399255
-28.824854758955972
-33.07158593067493
-31.083794794966668
-31.322026254013736
-25.52866145063834
-30.98843039577894
-34.42100232186653
-29.15754296658744
-30.5159106480326
-29.76172739657903
-27.812867900416936
-37.12261545660752
-39.38035208870246
-40.11590352053699
-29.110850024438975
-36.38522158402058
-23.517861741300656
-31.234983376794972
-24.16151892183119
-29.299165984336888
-34.88630125773003
-29.851988323066838
-27.19961831037143
-31.008606704898078
-21.760035475076375
-24.41683309663953
-31.49979838977388
-23.787298938938143
-19.41377981372373
-25.684991444729967
-20.83933829277071
-27.4316207876782
-24.44408385146469
-26.185164682950912
-32.473738442529246
-20.121908272011183
-34.37807515668299
-29.408337316177718
-29.740098138259583
-22.16312468307859
-29.114450158187065
-26.919299774876144
-31.877640581004105
-25.171012564963547
-21.9567751744632
-31.692417469831465
-32.19804316811047
-25.5084454517967
-23.514921224800624
-22.813692765234734
-25.35985348431077
-23.983062876892657
-25.312325785826825
-25.84989540804429
-31.67576465283547
-32.83151325821625
-34.83966929154426
-29.925003305876825
-23.946211992720375
-27.6028073483377
-28.244275945651026
-23.710411884847
-33.27394263761582
-25.565830128516335
-29.640553735367057
-25.529519515174123
-26.452510444367196
-18.84591162461767
-28.31562656467671
-24.695920307248986
-31.089877853766
-31.04795460605193
-38.84798722165898
-26.681059629665953
-30.996080759628725
-30.829438702140333
-36.59014762777349
-29.29139907203065
-36.74674412952642
-29.965240507880992
-32.814551184467355
-31.200202494670187
-33.94739274637355
-28.484986468010334
-23.679026793056206
-21.84137499698299
-19.950760206260163
-26.58985172418373
-27.896499618616154
-27.547302061431644
-22.77019164251039
-29.420180710045102
-25.51237844774564
-30.563049948332687
-21.982095234977713
-36.45677978263504
-35.81876214713373
-41.47521502510746
-23.866542832615718
-22.14432571996756
-33.24409937973964
-26.534341476397252
-27.85449325079809
-37.17729858836904
-35.65376771836925
-28.160910766779345
-28.215896167833904
-33.65265718801967
-31.92977362854921
-31.020174859370062
-26.017342651520465
-35.38956805041634
-28.46823136021527
-35.16318266480124
-26.38269083292019
-27.324337254414324
-29.71152011761162
-24.60819700116344
-29.48755404523225
-26.697407501915734
-34.353891968571396
-13.643939104825536
-14.260779645482328
-24.075744812369688
-31.312349241927365
-28.194580614378538
-39.523870583036995
-24.323028667227796
-26.950018861079
-30.63281197672406
-28.430866747778733
-26.707571416769376
-25.795086315931766
-25.542014513354907
-34.92766769060198
-16.981273581479865
-21.824226304203663
-25.472631292425657
-37.93122406703649
-31.994820979797115
-23.680211673081956
-30.750691749807103
-24.665029489725036
-33.50552114635974
-23.370272238606034
-33.586112403139204
-27.50049941435359
-32.71557709323383
-32.59174226828631
-22.85297062016568
-28.365178541942395
-21.987045647906708
-27.368049627650215
-32.505502551949014
-30.95791716543379
-32.38905000390902
-23.345924922045683
-25.019433882667215
-18.63959399875084
-17.766062469179843
-30.300271012651166
-31.666171346052153
-32.09603932958217
-32.8613851091801
-31.560014188065043
-30.962724343566684
-27.505530973101877
-28.700035481818695
-25.965753784676863
-37.751047833087966
-35.12471721651844
-31.042084741053152
-28.780827078701556
-23.58468377035294
-30.162248102891542
-25.03984999176263
-31.978477931621327
-39.26735084844766
-33.23665912378898
-26.258247571779698
-21.085744960135692
-23.15413898795931
-34.34346218365851
-28.07269561071424
-32.30372737884586
-30.45882899474391
-37.206741874555746
-27.556256756045265
-23.67744211397672
-26.149424280107304
-26.965660252719537
-32.051804142261815
-23.150594920752077
-26.305575528965463
-26.308808697811088
-24.31750096323337
-31.855839234970972
-29.86615402095474
-30.01423985870504
-23.79512951238057
-31.020117501753894
-25.55551249777708
-25.647430004611273
-35.811849843404744
-33.42843120629051
-25.07704199632182
-44.20822333074133
-21.669849228690836
-26.054714895787846
-31.288994744890367
-38.62079485632454
-21.04041741647955
-30.064812167101095
-29.395507845936145
-37.667307048456465
-21.859406763949316
-32.456295235199676
-24.27661058621627
-33.44380857870533
-35.6180447621042
-30.041523803602722
-33.80927307560918
-29.863122280826037
-30.86767134522922
-25.84724491163519
-36.12608309313845
-29.14668156553359
-31.913769247758495
-24.457409623145857
-37.192079759932334
-33.10620326874185
-22.858898350009092
-32.61377284709874
-22.316672044292066
-27.084667187007305
-37.29819248487165
-30.229220812944206
-28.733987462456213
-38.77118244324045
-30.9930571630915
-24.675191229548172
-30.062814553395242
-14.151236512604587
-29.18131119323852
-29.199665154816483
-27.86269236968687
-31.642080577999177
-27.666532320434037
-32.81429403741797
-31.20719409962807
-28.10659822098846
-23.951626926604966
-22.49433205922378
-26.444582178119333
-22.35846594239287
-26.249569655846322
-32.028193964673136
-24.818573770115613
-19.350252880174686
-36.3719877551612
-33.85561609593127
-24.361152907770915
-23.051661049249375
-24.565788713869054
-37.949290704982225
-35.61477883929649
-37.0307755634298
-32.784968177451226
-27.06069850561274
-23.48238936200441
-19.351229683594532
-33.405952751809764
-31.92814289391332
-19.12971505516937
-27.058090697978805
-29.528014286136973
-39.73117729932855
-27.41691344623545
-23.25851490537609
-19.43014693121708
-18.86478255428119
-30.624658779275556
-27.09034426681813
-27.317362835608307
-23.288178684804357
-21.426965988238628
-19.484083564615837
-34.00478647367695
-21.34114213832975
-31.004008115854965
-29.213425102617407
-31.504538541086568
-26.598064296203198
-29.659683751690714
-14.595224513938383
-23.824630185098407
-33.32418636073288
-27.356681054118418
-33.08935233324555
-22.545820908294317
-29.02837421650966
-31.135457793498567
-19.200984874332143
-24.84515424818006
-33.55590796041356
-20.664321169753382
-26.615719047296277
-25.343970446323183
-25.972770877978697
-31.44717484656757
-26.927919311552515
-31.71836079819095
-26.178698870793397
-23.482176138613113
-33.09755640320079
-30.0864399433952
-27.859395960816762
-18.796512606354305
-26.00767204299509
-27.52972988792179
-34.13187921313533
-24.140674151998773
-34.007054012042545
-34.9463040936524
-21.072310867665053
-21.809618426578904
-35.933938434665635
-33.26317020573627
-20.314033319102812
-35.607586348379954
-34.10417889130733
-29.664087440578932
-24.870608649883234
-25.4493279153076
-30.722059055584644
-33.645188627273484
-38.056881326105916
-22.33293085807987
-33.56584958288131
-32.80468959677491
-27.981314652639732
-24.398174710802444
-30.717332390456203
-30.7263843048082
-33.24394669100387
-33.33615362774226
-27.95394725170148
-20.766656251423075
-29.207046462701328
-23.073098427801447
-21.871579850660886
-29.16820980028215
-26.596017420104737
-31.857145665451814
-20.600570701983727
-31.0334901359099
-31.610344304657083
-26.760026275228704
-18.40601215866897
-31.724078709882686
-35.581120253067006
-24.011509659507592
-30.44900208040807
-34.28298612366084
-30.820915462022903
-29.143352052179083
-19.663150271104428
-30.73950027989132
-25.97017943058575
-31.55490822445648
-23.194850855890962
-18.59554292528963
-34.91905216894883
-30.411681460848495
-25.964507433736344
-25.915513991662714
-37.9224089340276
-36.5482498486151
-29.707238427936126
-22.231075607819164
-15.325028782388104
-40.0591888274543
-26.107679938729717
-25.84653063249
-28.7347342596359
-32.12141854647935
-31.82632848697885
-29.275988234499486
-18.706255058924874
-26.535389804058532
-31.463439825049264
-30.115595104526328
-28.279341596051673
-29.92151048787276
-29.220512651557094
-21.88669637413934
-27.04279064366522
-27.70346808873015
-23.691032710943233
-27.603930018133525
-27.283447280645603
-16.53068358104378
-29.099859907152464
-24.5120154641781
-29.596907776536963
-31.84766086520834
-28.91995259824175
-27.125459160717394
-41.54035914528998
-29.268501188969182
-22.225968049102555
-24.833113268296252
-32.663024154608635
-31.08292576033658
-30.083137720797758
-26.98965010322955
-31.060505458313557
-27.24678421310209
-29.966432788127644
-27.86313431832629
-33.00013790575272
-28.477005482400337
-35.56982987671863
-30.205364632537524
-29.015540746650338
-24.715840640172537
-32.62001204696531
-28.922195409278515
-28.28502595150774
-29.746702562723847
-38.055437627508844
-31.640762065932975
-28.770841766659977
-31.73514197236949
-25.797807652144144
-29.816376829016576
-26.901108949664835
-32.99377788485401
-29.732560565406562
-27.686875118092047
-23.52367400689501
-29.43019867861539
-31.42993085057939
-19.515696615193193
-22.472601710259852
-33.52767104787529
-35.41914323515614
-40.46161748246009
-38.16153189337016
-25.13560302596754
-24.511900325848828
-18.835860545576907
-36.19879462161301
-31.92979374668151
-33.380293130395735
-30.89155506296364
-31.634982152180648
-20.257576722847563
-24.853146335620686
-21.37152146792191
-16.417045236046253
-27.542897046592998
-26.042583017368823
-24.10866954735164
-29.128634221624463
-41.20602172183753
-26.713273050463407
-19.717219927553398
-21.537668011631556
-26.680809135155467
-30.761705063426156
-26.611588628651795
-31.07023158135658
-27.48770728719041
-36.25310117749073
-29.024081324123657
-29.272604852050577
-24.720931187798648
-30.134505150111483
-24.28077943313874
-31.576044268771707
-27.489892746688056
-29.848351506857817
-26.62409791965093
-28.924853675299474
-30.062824513302417
-33.94036828843597
-17.430614336306178
-28.114558654034663
-31.930065659909243
-29.389556988921797
-30.88197039446269
-34.28518635465895
-26.418983400610657
-29.502170934220814
-27.81786120758074
-28.430310771808635
-24.968181640672036
-30.40189696755607
-34.81448303921971
-29.38362949323365
-28.03865343894111
-28.946331661429703
-25.691284404596598
-27.55962669093823
-27.945306501084197
-30.275374999812446
-32.61105461799487
-29.605934779390054
-28.916255025663784
-23.225637666015533
-33.38824966644428
-19.14695630678684
-27.924045033031035
-19.72525282663611
-24.56965183415148
-16.963405275343206
-25.092828226893904
-29.54966461259407
-26.677425741144685
-33.27206812591176
-32.17991783380056
-22.995728127217735
-37.861569780029335
-32.270786571796265
-28.7181454191567
-29.262863745215284
-30.902800549923008
-21.11072293029471
-27.59948424848699
-26.172720598380767
-30.601782160618146
-26.32575691687694
-27.171878925024807
-31.56873818312837
-24.70755285025198
-35.23872041305836
-27.49019398293097
-27.441627127812534
-25.340348833784063
-28.037966381491955
-24.701352891173507
-28.260561606943796
-26.61434175808711
-24.255368374421163
-37.645851610542536
-34.488830649452666
-30.979147037514746
-25.156718859155596
-33.04488830350504
-26.71398376033199
-31.369903925759274
-22.52094682045046
-27.412803563862408
-19.415435614446537
-35.101769364230364
-38.557394688835785
-25.80611729430227
-33.02854660592047
-35.51747340876126
-31.020542062630025
-17.60301461451467
-29.15575076580663
-33.34002518909241
-24.611732694022685
-36.82705022498876
-34.33702363595136
-27.5475818089322
-26.242638089023103
-27.760400376495163
-34.529498292791104
-33.026174631365166
-26.265787527731085
-27.741367000639862
-29.848908664261998
-29.804186567906626
-30.527607228421203
-30.880746150320384
-22.325456333648326
-19.118917646301504
-30.922619135066114
-31.29324591035806
-28.655366616554502
-29.446660015341095
-26.054756838373947
-36.890144227031406
-27.233709871743933
-32.47164821286712
-32.31718527516113
-30.40671270543468
-27.75590984319912
-39.40196884832631
-30.529785093952952
-27.65762808589839
-32.92717720796706
-33.74935431250172
-29.918695340806792
-39.11673359423799
-28.11168185479841
-36.402921511752986
-33.67901236102564
-36.56013239505046
-33.79872810833152
-25.67085796153122
-34.01967386616616
-26.82065396655613
-29.545426910970335
-19.10222707735644
-29.34329189642387
-30.621224704594574
-30.500090492811886
-25.008800702816274
-34.853775445245276
-34.98657580285314
-26.815768842460947
-32.84476434183699
-34.887983748529884
-36.32484951928862
-37.87422850262962
-31.224540980758206
-13.842070376600617
-17.342476727133374
-19.002892287562105
-25.014491086550336
-23.471948518298248
-26.119132821306728
-30.254951003756233
-30.922449090454442
-26.167369337800572
-21.33191415541372
-21.664516956110752
-23.665461199992656
-30.562471987477426
-20.13497406782613
-20.188489594287972
-15.4351691680067
-14.468132317936842
-35.509266240704136
-30.815030287625603
-22.08536434253234
-29.617165441830505
-33.57786031022975
-24.75784451631803
-34.74574225243122
-32.21374706496459
-24.48417695532202
-21.241208810729063
-26.104058009623156
-32.35100447079263
-32.992375162776156
-29.365847842817793
-36.044755004500075
-24.044896959904026
-38.16276244312565
-32.81755466473932
-32.84331170919975
-25.482794551984576
-26.741330251560893
-29.001810629204236
-32.12288234311852
-27.71882986081974
-31.33422716224883
-23.206042240749998
-22.974959321500613
-27.105076985747456
-24.919068124425614
-28.01220987652909
-28.3753688686484
-30.34826159387366
-27.56700502478357
-27.00396220498488
-31.969341258220588
-24.60347906274312
-22.03946578478793
-38.69664674943862
-31.249506479391798
-37.499910844981464
-30.822613253956302
-19.757023450916957
-19.992925571656233
-23.87240267183207
-28.31878013833387
-25.19122801181704
-31.653714841018974
-26.43768129800786
-18.955313114157832
-30.50791990148442
-21.134671761980236
-28.805020427349174
-30.16191216076331
-25.81155448215666
-34.74683034102756
-27.943988850383725
-26.282870430079647
-21.992569011379196
-24.89586060869871
-27.782820672692758
-29.689220105271623
-19.654711471891552
-28.437250123502665
-34.25946684615392
-29.999638021080585
-21.75077809501456
-28.028461424076774
-26.118265355155728
-36.27306774794027
-28.48953553065072
-34.04911069450297
-21.072050983337057
-28.11710194908995
-31.012101153819515
-27.764922366400377
-23.436324600087104
-29.762396268445514
-23.78794263151141
-26.39808238575214
-29.27179391598652
-28.49020191640807
-26.825388046549172
-26.30223859035985
-27.513842876838773
-31.65817437535812
-27.104081640267783
-22.177738011343216
-31.717084217393726
-28.030855839132755
-24.28583712420069
-33.591467027111065
-20.138348854966154
-28.26474380525945
-31.669865526146804
-27.02023333407993
-31.106347862460318
-28.733720566685022
-30.65578831019272
-39.853383855112625
-23.441827105780938
-34.28758074716971
-23.608444636050045
-28.682220459200675
-31.047383891808714
-24.034816859109167
-28.628042685262407
-25.57573145570465
-31.098342007443048
-29.076082553684316
-28.422483865492936
-33.58422746248446
-29.453261483633504
-26.99323819572281
-27.425780202093225
-27.24375774995797
-28.489339098628164
-30.74019564352193
-33.120632580649264
-27.57119297071119
-22.855913580411237
-24.233437128506143
-34.7149402610038
-27.388043351388625
-32.17059337247318
-32.47958941192376
-29.13419685390595
-30.6158724913328
-21.85709897219016
-16.735459009776182
-23.574656380611692
-31.929150687511942
-28.745151042081183
-28.355232186651627
-23.976455395612128
-24.560245476358062
-31.948151662217832
-25.980788515347633
-27.723084247795818
-32.942636678097145
-23.87193836665818
-32.26751318101103
-37.595406576805885
-36.56689551763826
-32.31425552352846
-32.11822096023636
-32.19351441462275
-35.585698979060254
-28.22000581160181
-27.479511478205065
-26.027014890818634
-26.394123446838016
-30.845701931227115
-25.164320058233642
-28.28062169142067
-31.79328286115384
-32.09095041276888
-29.932793597244
-17.362342276558294
-29.966436624300687
-31.862304684408436
-31.26972244493491
-26.93848532985123
-25.51936116566315
-33.810332906333585
-20.908701663705855
-31.772365380779092
-32.63085406900078
-31.118947644591472
-33.62188541943836
-26.386258101580392
-24.554176845876032
-24.96558028789291
-31.84506919927884
-23.417029251012536
-24.494506628285784
-31.32389913873914
-28.660213153184174
-26.319097308018556
-32.973115655924154
-29.79080512999311
-24.272942379121453
-34.32060957585614
-27.583228680522687
-19.48520167670076
-21.883210758197805
-30.935951849618306
-16.299701616088093
-30.611119389353696
-31.34058058810225
-34.5579526183355
-37.987985512112736
-26.93766379754898
-33.03039005705832
-34.733986657979884
-31.815869911791076
-33.21212199866151
-17.77118004319334
-22.070325976289958
-19.693498587458436
-26.622042908876452
-33.17774260361032
-31.40638001163431
-24.293636493751677
-20.272503044445976
-31.271743015149873
-30.90319578640632
-23.751596399917425
-26.604348833848146
-29.113669522387916
-22.60032085626242
-20.426111567720866
-33.959160732630544
-38.45093814861917
-34.95160071971238
-33.73970262601094
-31.95902264923506
-43.28547885452859
-28.015985562353404
-33.94971418107041
-34.11266107577736
-26.51789242290763
-33.02405418527961
-17.873112859150865
-25.104248270535663
-30.564430205530613
-31.010854963053276
-36.64677967504863
-24.209095165893867
-22.961798189589917
-22.39217019314361
-31.265734273199673
-20.98510797110841
-38.73298144566078
-27.06610826523311
-25.472083162728367
-32.27310252046125
-17.558529824174514
-26.006463841556254
-32.33302020079475
-33.69427008790191
-26.92903399890978
-30.465042365392826
-30.842660752131778
-21.67127637526006
-32.71832971157582
-29.494892613582298
-21.800849998138446
-21.89041216745877
-31.251852313280594
-27.0197503049677
-27.194233609593837
-32.58997011237306
-22.59198307043691
-29.09415719527468
-18.572932372225434
-27.82514960845898
-20.11135453492757
-27.442224183895892
-26.279949346935098
-28.0746057248099
-31.439659160499165
-29.231958464355333
-23.5219481325079
-27.73334074040491
-23.31748593489497
-19.73158920035987
-27.777592737964675
-32.27635941262787
-21.903266823680646
-26.35336885125549
-29.817307366709
-23.341209321591993
-27.891654127598756
-18.014725175624875
-23.111455835679035
-19.01271490719873
-27.070168909858246
-25.23003436774227
-33.403152634657076
-27.30326828017447
-28.700226029515832
-41.09661635771714
-28.640400086757154
-31.577675700816506
-32.19634538961856
-27.91830216663752
-26.13412858013343
-25.75041223185751
-28.765782913428275
-26.43338919810919
-40.56830759202031
-33.986531954565365
-27.992848612634038
-29.84809523144515
-32.66602505218507
-38.34405085040366
-22.547809894963255
-34.865610668000805
-28.025935237200528
-35.190821492138156
-33.46842564583132
-35.500319648730155
-25.27191602519479
-26.695124676405605
-22.419361050198233
-31.447175512629578
-27.058144787624325
-18.614293568205884
-30.063912098976346
-29.530532352352836
-30.60967160791521
-25.687286089217537
-24.085809324440227
-28.929427668139283
-28.900399595822442
-36.471697768432314
-27.362484262736125
-15.405088719078776
-23.652538129053422
-21.938963554245007
-34.549510062131844
-28.840545556819563
-30.803984696967614
-28.066045891779382
-28.21971805116798
-32.47662858622942
-24.288550211348877
-33.5124240070535
-19.36238351504582
-32.623353161405404
-31.7089109025366
-30.121008383499714
-28.01420539610359
-24.554124111047287
-31.028372221535605
-30.618558260595094
-34.20588233667432
-29.956927253272262
-33.460432958670836
-29.05443325838491
-31.510935489988142
-34.33136672101059
-32.71272253857486
-26.316130788399136
-18.62768269187663
-28.04372469107265
-26.483447251598896
-34.85079482073811
-28.837499987981726
-34.22704531861097
-33.29532152758554
-29.281729601764155
-22.261341345391127
-25.645193979221773
-39.72497476811771
-28.961060617464298
-28.214411546389293
-35.41033012751289
-29.762108105531112
-34.747100910484306
-32.722613296813286
-21.563340294139206
-28.670556487315203
-23.38625118206216
-20.335877234469933
-13.785481141852536
-26.173204117173732
-19.180902171969016
-33.65364495117742
-28.97535042848058
-26.5534368828298
-22.61149661278455
-35.24500988882651
-27.07348111445034
-21.40890131860126
-30.846120665307655
-23.97596940733938
-22.68514728728846
-27.81701810903975
-33.1169948512129
-31.154376248843363
-32.272668715132966
-25.43288077949272
-30.402861448688036
-26.499827442852542
-24.328256054725138
-36.445117582606464
-26.74203651309903
-29.01661785143338
-33.765134263171824
-25.582499896235817
-31.15887986503293
-19.18361035081527
-33.12273694801171
-30.712660231599394
-24.395444024763627
-36.73349417689234
-33.658940840293745
-28.943369529536955
-34.97963674115302
-27.653648713196112
-26.46578880421255
-36.154308158722415
-36.48146827952358
-35.88362882240642
-33.45778479573087
-32.313143710285374
-25.38549951921472
-26.965527645890504
-32.114064429987245
-29.53010023361134
-32.107808782435576
-19.173137324252345
-33.78673764544323
-19.273181463517474
-29.22982528685199
-26.040371543665998
-29.09871969510401
-16.94154491978238
-30.718751079330936
-25.304622140393107
-22.771349809648008
-27.271707877386923
-30.733283881340213
-32.144757465686254
-33.35084763367608
-28.51037549901227
-31.537850669414254
-29.324254901563698
-25.743190404441762
-20.899436511230746
-37.62811044545039
-26.648623141053783
-26.829195637558094
-33.430237366288594
-22.325195799988805
-33.591856353712515
-26.110798846842727
-30.921925797253962
-28.416794929141126
-26.025613279086578
-28.25982631028121
-37.79289355077719
-25.85838114626751
-27.827039494129977
-29.570627869174594
-25.493791969924494
-32.46756534659868
-28.505879891446376
-22.675561876370708
-32.287235647617806
-34.31163898623534
-29.198625262689838
-32.697045849721306
-29.438312636888043
-20.31053902985989
-28.53587110159455
-19.817328980275892
-29.92332351682041
-23.442406149059572
-31.853848714230406
-17.31865837270869
-28.842520767684356
-23.353114635054204
-31.75363808562313
-32.2756920160271
-31.118984585733486
-27.83962555083474
-21.427491188013512
-22.228366551076675
-36.169481111552955
-24.740197430722947
-24.7711569102787
-33.18683877886866
-22.78168507006594
-16.674673513438915
-27.86112466160931
-26.895882193122063
-29.578394388416612
-32.04273105348959
-28.470291143615334
-28.976097572049063
-25.26930529714455
-30.46680411986773
-34.026915046361395
-32.522535098711046
-23.213965289008964
-33.13360290087442
-31.30946187360795
-29.03373240515742
-39.11887912764496
-29.851881015894314
-30.75379459957766
-21.488363114237107
-28.549895331833522
-26.360483016297394
-36.104513855938926
-35.901138427325954
-37.64718878089444
-30.720378329688018
-31.105451709351385
-37.57132909284828
-32.51291944555838
-31.971860638347145
-30.832661787932693
-29.944842132527207
-26.054846402304456
-24.57624673138024
-31.01061607693846
-32.12166077176702
-19.217200074207916
-19.321559928664797
-33.76546333650158
-25.152086577741553
-25.365148152802796
-34.927571143193674
-25.98744959112124
-29.674059409135708
-15.08496512947687
-35.148784475408675
-35.44572043059489
-25.789377464657544
-34.008334162879066
-33.04547232869807
-32.97880290584629
-22.148101392981065
-20.77305187167649
-26.27749438482891
-32.50385489902015
-28.664859708995053
-44.06934681005887
-29.691230249228724
-39.37195664742656
-32.08230428062049
-19.52604063841605
-28.780678224715636
-26.058981119984907
-32.72502697164634
-32.892143487436314
-26.65927919600647
-34.585675374154775
-26.181820995892735
-23.84598374730246
-26.929796584718613
-25.19434911636359
-23.117243974777956
-24.51106028291472
-25.399829202131656
-38.546171599395585
-30.856323577522488
-33.10051471190707
-29.22783908634621
-31.353035863028417
-26.46188631361003
-27.475893261763105
-27.622921409041837
-21.837030064168413
-27.105418760184193
-30.065636898736535
-28.90363508460652
-31.151263186064213
-30.76102559127051
-22.149936947064386
-29.23761179672845
-27.08753533741313
-28.910517042276197
-32.37421058382881
-30.14496348698489
-27.431221776340983
-29.1613117279207
-26.312643389389443
-28.80393594840165
-35.888991823445394
-21.90716566147382
-26.86694573001407
-31.639091674813674
-29.7371255680848
-25.898208623218487
-25.18516000980306
-28.991665048843984
-27.178472804033298
-33.112087332508565
-24.561336212923074
-19.716536112367294
-21.794315695683647
-29.089251559958903
-23.121910783016325
-31.39869642830797
-30.554292686294737
-28.700988116243643
-28.34447291981369
-28.108800485130118
-26.454718491936884
-30.015775143551714
-21.490642506600196
-34.27641858330024
-42.36803401614682
-34.35839624293321
-29.09586843002748
-22.990097612344208
-24.392131702320572
-31.624044119056528
-18.083745644621676
-28.627201188673396
-29.098895594379265
-25.47478870082947
-34.63257643990778
-34.9573387949481
-19.343673230710525
-23.309456359601032
-28.507475380682013
-35.906136646498986
-28.492153469572692
-31.997401907356085
-31.113871951655433
-29.49041348275771
-32.968817480121274
-26.185544925980654
-24.082505890866635
-32.58724652673345
-35.03667857474535
-38.65575256550334
-35.662832630942916
-26.169014533563676
-29.625139770565347
-26.191284838096585
-23.842489934241218
-26.49093107903994
-26.828289192695834
-27.469038627822556
-29.65325638324665
-36.00779877478906
-26.976718023061686
-37.1914125093195
-22.12142079859077
-30.812468900857027
-35.79678206784857
-27.9043296180904
-33.87774130457337
-38.48611987039801
-28.559918085094935
-35.64576485733206
-26.7911366770442
-31.267616459747224
-35.96596956223842
-16.19985634049148
-31.823753120454196
-32.126993066569305
-34.17118343430509
-23.917662119517438
-36.00626140977706
-24.922147314539657
-27.482612359092542
-19.887928383617172
-32.21374835605845
-25.758494882703616
-29.671000699629506
-21.000868006972922
-25.66437040079986
-27.815915914275664
-25.883946290783
-33.201347047186076
-32.09762718474562
-28.846805616448357
-14.403010962299952
-32.54076266688863
-33.03299861167275
-23.47803330808842
-34.84493092999293
-28.510128385398563
-34.8880938071087
-28.74381548456833
-23.9607689205298
-38.982648534143365
-24.537327491659838
-35.49895596275041
-34.24041773874643
-32.93112756546229
-34.09605939716302
-27.86221990252606
-43.15696390003993
-36.2575091738134
-32.868265766329344
-29.732687739790897
-28.708502546770724
-32.99848301412904
-26.615447368825198
-21.74610561762382
-26.075113573237463
-22.30626357620211
-28.61750357840341
-31.14770299500745
-26.483932081581578
-30.391416386262172
-36.651856762472434
-39.1815633565092
-34.14787246459555
-22.93383606150642
-29.391646734657655
-32.68976062854272
-26.714570690368696
-25.890120177491077
-19.335933959443054
-29.309449456755743
-21.912037590432753
-23.233220753000104
-28.18612539894091
-26.396597168424314
-30.90629120854502
-20.89821766126483
-32.82771729810719
-35.288999070627945
-34.00328816776771
-31.051618965645048
-36.88386230403573
-24.910388410706986
-34.36621309401212
-13.867215616940605
-15.575220453588564
-27.30330735090873
-30.299449711500444
-22.79855545920713
-29.20354522578964
-15.847301033864412
-24.323963156273297
-26.4626455221434
-32.79673418545991
-32.02027636888878
-33.57138209141799
-27.911964876992553
-30.387569254173222
-31.84722023323196
-28.97386182626419
-26.672620649671934
-30.038802218782497
-22.02735449890188
-20.72970691256983
-31.067795879068257
-32.36253649561135
-24.334293819501628
-31.112084463060043
-31.1163634937419
-33.90091761474746
-21.38957252967014
-29.429902670632806
-25.425179749254735
-29.716531438537864
-26.862962438557403
-31.69832543986261
-28.32897815935435
-30.30492545673374
-21.684493326611538
-24.932124396678397
-33.241412996415185
-28.611386880134127
-35.5497851722494
-28.99696693251571
-29.52713822113396
-23.451728287802254
-24.791231276182813
-28.32255632347716
-28.573819987913318
-23.633250473061096
-23.64107748503605
-27.98990684452427
-26.967852292262656
-25.751751246035333
-22.241159973689683
-27.111475622283145
-24.473098204847226
-28.290630087979675
-23.798342619738637
-30.957823636053305
-27.19368497744429
-37.88727187651006
-25.27371843065849
-24.447043917198943
-22.837641570559807
-28.543295492952012
-31.936336488126365
-28.742156411732346
-28.330044541151565
-33.51948782577154
-38.37310095189953
-33.45713864096314
-31.117376523886072
-27.23876329507578
-29.644437127057166
-23.36219416321193
-20.86868807370513
-25.79157921386537
-34.26535359251958
-26.289259437584175
-25.063949846099582
-25.894376362433775
-16.047450890778727
-28.435275863986497
-22.31822785140762
-26.260144267256102
-24.914009267972325
-24.907253860844463
-28.370493654480697
-12.313331853710913
-31.6054736009726
-12.230717661528928
-25.30483020198291
-23.402997735478802
-32.17331606490519
-27.957163168275653
-32.22922315454993
-20.65841839531833
-25.401550833904015
-20.993681040402095
-28.147768536090936
-24.401944131785488
-23.1724131712423
-18.466118587130886
-35.53750083015665
-30.475308046100317
-27.76775098841546
-35.385763824113766
-19.663545048256488
-23.232399725798174
-27.045486038395726
-29.142050830281732
-34.281338766168176
-35.303086254801045
-26.8335083043602
-30.284191348423434
-26.842365755385188
-36.79266618881321
-31.530503142158828
-32.596043979267016
-40.20529218351126
-32.79340252098638
-30.642992771737788
-32.56281164360091
-28.22254491323153
-27.175823111149228
-25.852340097400578
-26.080746106818907
-27.095554450634914
-28.29497093886119
-36.70570886674459
-32.89739413154544
-21.18258672282805
-26.760746364461532
-30.789417896007272
-29.54695287657959
-30.18047159869174
-42.95717545407039
-36.187565761540725
-32.41532036731574
-26.287492182660515
-31.874740419807367
-30.238380628620323
-26.7763569198086
-28.312988969622197
-32.34371467737307
-29.510358083420154
-23.590476690895702
-28.437446270347372
-34.25722171099235
-26.887152202432233
-27.896890413755894
-26.15337966867102
-31.030993428018718
-28.872075023483802
-36.49264838499023
-26.088464824024648
-32.46140641095678
-27.571185253013336
-29.54768611220652
-26.131868716377955
-36.50451206861207
-25.858420977115788
-25.63474389690323
-32.75093555889609
-30.610257818888304
-17.92702343971911
-27.853462231204208
-27.45015501113287
-23.94386114664957
-19.35264271029627
-20.92827868787863
-39.18115595478894
-24.94614072614934
-19.91456402989855
-21.24623755863614
-27.015011903826995
-21.668096279110777
-24.883255964702773
-20.802489005440112
-22.979529468446636
-26.80108094149604
-29.690065575036403
-21.160120416026956
-24.054443089586503
-24.36725591205062
-28.981674689010944
-32.26162994213454
-23.65083850070708
-27.435950978114192
-24.694366557062978
-27.456841046312245
-29.464800168417725
-30.17790794768683
-21.331557574708995
-24.07673953552336
-27.226140712263653
-20.958349183747664
-28.819764056291863
-34.74108440895688
-26.10104260308576
-26.062127358808503
-28.25125368942919
-24.860755616412906
-27.852033211264995
-25.4689869602049
-25.576997674236132
-36.38703330146083
-29.651708154819303
-34.03712397177459
-25.68762094039973
-26.043203047163455
-33.07456027032786
-32.34512016679431
-23.472112020458155
-24.55883793361606
-34.48728714493417
-20.957485418859374
-35.722665391662446
-32.548129741655444
-29.189570797586526
-28.443742169366807
-28.61484552961514
-27.20766570257296
-31.672715381455852
-33.009624994339866
-20.703545615470077
-31.255653644341734
-21.14075308125839
-22.43757582766102
-29.42810265352132
-24.67873970066654
-23.145033750903238
-19.453982636539962
-26.421613374017063
-26.649024910109446
-29.545355763192404
-26.54826764278271
-35.972479745335235
-34.776106117556054
-32.12298587149075
-23.684728897262488
-31.179302539881032
-32.781475729915904
-24.902871651719636
-22.854134763188846
-31.215827954764936
-31.548986543950733
-33.79853975772886
-30.682262165111872
-27.61971344473245
-26.838532287856445
-38.17468022079341
-25.772753132100362
-19.920633958025597
-24.16730268080955
-32.46681535636517
-30.428726806118057
-29.75836437000148
-32.5834405806498
-28.686382221863447
-26.579095116523213
-22.559157481129606
-26.91187785202249
-26.148526888105692
-31.958477251007896
-25.012363609468963
-35.61928158024245
-31.119374907414567
-28.256542210280067
-21.774249647596505
-24.788212935126225
-28.56582508366148
-20.509210035955903
-25.620584779911788
-27.189813904191972
-23.588844721383573
-29.126629259646883
-31.632183705953096
-29.237841143847984
-30.78202255044006
-36.677649622620336
-28.509668344204442
-25.724151846163604
-35.18157867645587
-24.92564211040164
-27.484093593885312
-28.973729261049712
-39.7340951639998
-34.776109181691275
-28.866911913943202
-29.34113000561793
-19.5589901550858
-21.10144683422185
-26.4450727729784
-32.88362317582353
-24.601654499174334
-32.33850293718405
-34.24636202312712
-27.948507800684915
-27.194867590003046
-29.060352203795738
-19.590973085576437
-33.30051241747539
-24.01377850678857
-22.429331551396217
-37.13418972940029
-24.620593635574238
-29.197787867908673
-26.16342756623672
-24.95210656549856
-33.02589239388822
-29.140764497757125
-29.494557338563382
-40.73241044101874
-21.05954069011666
-36.90470808363848
-19.29205299537267
-24.772502822250637
-25.980819496023575
-39.413871411201015
-28.64828851934419
-36.73493220775177
-32.541174012542456
-34.991371791304495
-27.795372982339117
-35.09882846490153
-28.71211593336142
-30.40716929106005
-26.647372622424548
-27.435922631947403
-25.24596045692511
-35.71985915368311
-34.45369258398386
-26.586586413622427
-19.6816203934981
-29.27460852794399
-27.94056490108341
-28.341419962658485
-22.85293448562725
-29.17048705942507
-27.946264346756692
-28.16923800746398
-20.270272339078286
-28.445286054738943
-21.807444118810388
-26.34081861678553
-34.1306754031075
-29.891438989628533
-15.531479929178573
-27.492689469871948
-24.192961651307094
-30.24037448444807
-35.04686541001587
-33.7399931880352
-28.194404909235153
-36.85492937374394
-34.838336781018576
-28.611814529140837
-30.71202662420231
-31.708439417645906
-35.20560006304231
-29.664658425974586
-29.995832606724406
-35.047086037237456
-22.72831477513585
-21.7683212108044
-16.14593466550999
-36.88992346422428
-27.982275341784494
-21.486905311599727
-30.367543056246376
-30.590391823836562
-34.42715374282078
-27.20470800840743
-22.907620652268207
-26.947567886226658
-28.050194622968156
-31.46583513170026
-30.33929383033765
-24.37908142979304
-32.11228332153206
-41.18250994350963
-29.536102208459354
-26.595676500910493
-32.828392863123675
-30.836844046234226
-31.937385767663585
-23.807762790641135
-24.747163122040654
-37.60309041780003
-31.684339902929377
-25.666012818499496
-39.44552839120875
-39.37520029702969
-37.80319932401891
-37.52581221919144
-22.552944541923317
-29.314310807971125
-24.650964545124374
-31.064896145448728
-29.658493534843746
-34.909060760987785
-33.93890314030923
-30.843721489759233
-38.32666290483421
-24.780708460481595
-29.049864601655113
-29.99467483287075
-21.42580488435089
-34.78259955038311
-32.73110356157105
-31.901374189245566
-32.12584587136598
-27.69131466236928
-15.515618320804784
-34.506305226545436
-33.0503358794526
-33.767356421327705
-26.24391506838913
-27.49593332443615
-31.264702118981674
-25.135262978184848
-20.013703312675624
-25.8498136480356
-14.964822387393456
-29.1177745908483
-18.530617255066915
-29.185680740741944
-33.04069299221065
-29.03939592256117
-26.46479007657355
-26.347713816737595
-30.446493250855646
-26.17313107961084
-27.954415365186478
-33.984641207488174
-29.972222642161015
-30.2497031390422
-26.25628117826094
-29.152051076104726
-29.269262635011216
-25.48000130069449
-31.748722881166
-39.09984146838723
-37.431035283546535
-30.110837482716853
-29.2772620323416
-36.64523871323867
-20.230613887205546
-31.648778532460152
-30.52554300167693
-38.686595028155025
-32.619143028543014
-30.441184772941234
-28.510828005078316
-25.628552632666086
-28.938676479846094
-16.469586747126996
-24.1577282870222
-18.607594195178763
-23.67749580066569
-17.514809392028802
-21.100653393167583
-12.368432651348456
-21.14941429597736
-33.240132244345844
-25.95746852558553
-24.869960192881877
-25.209881919332815
-30.725039254313813
-23.808003145113346
-23.645900660488955
-32.743493115713406
-30.803354078719458
-22.56063052634292
-35.60933820059575
-30.91323001510962
-32.528733821185746
-29.18099994857829
-33.61826946852554
-20.314512529341542
-28.136347389840175
-31.5756806007008
-31.955446600369434
-24.985008767909584
-31.053920700792865
-27.210507170116887
-21.356215969194828
-23.816750995917722
-27.80934554265683
-29.864083819163234
-32.95930614626141
-32.419745023990956
-25.656825369158852
-32.86801359693717
-33.41491696857814
-32.49832746445758
-28.086504135779258
-31.84004328966332
-29.916536139493324
-20.576683635044958
-27.447650988974
-34.87305601537881
-28.010267979836534
-29.08369068495471
-35.26792485266641
-29.796819762736426
-27.117597533692773
-28.97386230077171
-25.847161221585328
-35.10615036858805
-29.298437679851048
-27.44470346408812
-27.008282727434278
-27.42145450106023
-26.050624812985582
-25.698723050614376
-31.685374677004447
-27.717211754422074
-26.778721767892435
-19.240906726300132
-31.01671106513058
-32.28054011774401
-26.528156581592867
-28.80507968437709
-28.447762029254008
-28.326833596122675
-28.714818827544747
-25.00815652865967
-22.86206123887771
-18.969728224038114
-33.78785971742434
-31.82458895934898
-35.85277885019516
-23.301416960064316
-32.05268653308271
-31.61946641438376
-21.262755467425542
-24.66020519812445
-29.873537796805536
-31.749381909654524
-33.642858131463605
-32.08020033249549
-28.10003143425083
-35.30479905334619
-32.51526714154463
-28.119645495490232
-35.023664977175386
-27.14642642214268
-30.761678167721158
-25.936298052592207
-43.09751721636685
-26.011690917412395
-24.817609588852598
-30.228548367324763
-28.179676680529084
-30.790402777183843
-31.020417878398
-26.04888234572546
-28.70567411748236
-32.41092722320282
-34.705267507613904
-36.22808530421014
-33.73882000038691
-41.91590414178662
-29.82824121643541
-28.964205067258213
-21.92827430150674
-27.667415999990183
-18.051068964228186
-34.56763528660386
-31.109525405308837
-29.724064373186835
-30.824379538754606
-22.781641478401006
-34.87379850099622
-29.402128571768955
-27.662491103211053
-13.312553132351209
-22.96850645160283
-24.008135854095507
-27.270160078946024
-29.92450859989912
-19.072710650727103
-31.506304172397215
-32.9022335514418
-26.6850767450292
-14.007376370428027
-27.07679624969679
-35.05476876665864
-16.370677031083055
-34.593527070149634
-23.878896694030203
-27.03166233437847
-23.98703103767477
-20.785851058156542
-30.766680592034483
-22.493562564626334
-26.794581618338363
-22.076227941009904
-30.3748561041581
-23.460160625574403
-28.611008449166505
-23.726715306443392
-22.629224795929908
-29.1426436491534
-31.16216700269826
-28.39453409112946
-36.73609333678194
-26.618340072134654
-26.00571051852987
-29.365556854584575
-22.95853517267492
-22.472134169936517
-33.66036475999074
-33.902885662999715
-31.304873869520442
-20.286778991636606
-23.119677727154993
-27.67275055763644
-31.208836874377184
-23.354970903995735
-26.870076395448002
-26.013744588940334
-26.675729659893427
-33.86559134574927
-31.34199268147102
-31.9838216899958
-31.444573780018423
-28.795547579300397
-30.91884070374718
-33.799131370154
-37.287660799779104
-33.2211586941642
-27.233014400267482
-31.541675235667867
-29.10401395797974
-26.75293262078386
-36.74226149407859
-32.75055774215512
-31.947513263066444
-25.364595513234086
-34.036355844505216
-32.89226221200744
-32.02942548306177
-23.035223898453026
-33.40054803410175
-24.719066021251766
-26.885321073591477
-22.849314857765204
-23.295095315118147
-17.321285151455402
-13.684191560688205
-24.8510450624791
-18.368837379824537
-29.45286102228785
-25.597463118092065
-26.75172884680177
-32.56659770971886
-22.688888991608568
-33.50824956689933
-25.127783416897273
-27.43735215861844
-20.683964106916765
-24.272138678669812
-25.40753554295784
-39.322143522576994
-31.034651084095124
-29.951856815656758
-34.93424653872879
-33.50686511544433
-32.81896096496593
-36.77277032057345
-25.33757304798296
-24.69357297279862
-28.987572982814704
-29.885746756089624
-34.16225428533706
-27.587766493603915
-19.7519739397843
-30.326759293162702
-19.15560135782468
-28.54838719163046
-23.572138215545998
-27.36642354669656
-28.32878854048269
-28.023046020043992
-35.551112684728146
-29.67995155791968
-28.821551040097134
-26.38729795127272
-31.97359128748934
-29.569358223510186
-26.680431892379694
-28.47124024367843
-22.420347616447454
-24.950537151066122
-28.667285306390767
-27.615821463592376
-33.585348297123126
-25.075086155431663
-35.4349784585629
-29.173152239504994
-26.51223786300237
-33.07828160027514
-22.308557596643993
-22.44042650932615
-22.11585537206085
-37.35539451715369
-28.868765894271043
-25.338368073749628
-31.34389151658659
-35.31530689524716
-21.85197685381318
-24.948224266728964
-36.14450293034207
-24.29082302614521
-29.09933358037322
-32.75665481767963
-29.721681889312272
-27.914236345847144
-23.20929319580499
-28.090257482696536
-39.77942407056918
-29.636797229867884
-27.25446811687556
-30.242103829429087
-32.897592728322
-29.073245003967322
-34.19606237726143
-31.554608136911767
-33.8490908712469
-33.74966850099627
-36.335780864221434
-32.06160297466684
-36.17341977891076
-25.227582140047005
-24.69919947217941
-27.966187531691425
-35.24311927513514
-27.204646787490034
-25.14046779085091
-31.166274051907095
-17.493791372700827
-32.77328568525755
-28.677421300885378
-27.924787229257788
-22.459662890436
-36.01953947066869
-32.12590866110318
-21.946030277245857
-28.236736737680214
-29.462290432521396
-31.823178616191115
-30.641314739918187
-18.737358476386277
-26.548227186089182
-27.62246258324497
-32.122330663571105
-25.95081520890439
-23.235843921945587
-25.516774090545944
-33.47727182030968
-36.6623048741738
-24.576545836977246
-30.536309489185356
-25.43102857967335
-33.27980478181415
-20.85916734484114
-34.28599738218678
-30.245624373213133
-30.755435195192995
-29.777773901810093
-24.244262777906386
-16.23563025743545
-34.80482623744152
-31.664382675368536
-29.712471365137283
-31.417385622181378
-36.2523785295875
-33.23231677965546
-29.90698919692576
-34.55329175620785
-28.6101090062254
-28.11320129546861
-27.77835083200577
-35.04564599674018
-35.20301559396139
-31.95119050244336
-15.262688627929201
-27.06963637825995
-26.77883112963093
-30.3022827723932
-33.0071182812762
-30.91513472334055
-27.659527600319095
-28.962408224115087
-33.41324350514255
-28.353584008549113
-21.669708549627558
-25.73392021257646
-21.503192388675078
-34.27813141322056
-31.041353404135577
-17.47667073678055
-33.85181712717334
-29.906411410513392
-29.412442484678657
-23.32618078966958
-31.435188564193506
-31.463172556617888
-34.05154595290962
-29.438154626910876
-29.16629686518651
-31.70829883688136
-30.723717376422293
-30.6772222722111
-31.790209692161532
-28.290810651302735
-30.524667062606945
-28.398989073795526
-30.849519300262337
-19.391179717628383
-36.40251030594701
-27.07443694492776
-26.694308710555724
-24.066582936688604
-36.11357211302835
-33.816053111093154
-22.517898736416136
-22.21679681495177
-21.547251383462374
-34.23389189061003
-24.80095359061979
-36.93310872098152
-22.3804884025322
-34.35811017146944
-31.106419216525342
-21.901885055264096
-25.697273648252146
-29.810090630557433
-34.40937458182631
-31.54714783100424
-21.435701362882714
-34.10346754523246
-25.814652092141074
-26.29618907187282
-25.267679138703034
-16.882153719479536
-29.52529064431803
-32.53296602026353
-30.86076121080024
-28.344890032383102
-19.69520222008545
-29.914277015123325
-27.556075394382745
-22.242201416549904
-21.494079997946077
-29.76469245308365
-21.481839092414084
-27.679701453771052
-30.682124885475368
-31.481555032408735
-31.758750897313625
-22.144726471523555
-26.36137996142375
-24.731100006763818
-20.404863277273652
-24.741848100823407
-27.453089170591273
-21.684937731538056
-30.508354998283654
-25.27182386430208
-24.2208771910618
-30.788685346467553
-32.59524405522805
-36.19855332983595
-32.52685916574322
-36.46891864662504
-22.222526984261602
-23.32564236983957
-33.06465710254742
-22.52712801961479
-22.27732126574514
-27.08565812429749
-26.548012911934293
-33.78663111718716
-21.754028453133333
-21.755549138189203
-31.10516350378954
-30.488163801398404
-32.90888725205902
-35.765610241690354
-20.035295442569776
-26.68073209330936
-32.79652529906151
-33.065795466194814
-23.43820305897536
-29.206156847384506
-25.63568089462632
-32.31800781242092
-37.21865573685522
-35.94496234863474
-31.870520627832235
-25.517257275554453
-32.85085878880152
-32.72596412185583
-30.840753812851723
-28.549707328514472
-33.86168877854265
-26.554535099707763
-29.777921120972188
-26.162450433755104
-26.661978360161683
-29.60231599459339
-33.889473828103895
-31.282369856775922
-26.821130827832974
-31.809584743054373
-30.32363287443201
-28.84786261379341
-25.043163053353798
-34.70409867561716
-29.50711964115597
-31.842204621422248
-40.037376419934034
-26.670688446504673
-35.54885438367725
-28.933265091242518
-35.25707856517151
-31.905010681334428
-33.755247500539106
-43.87700841864909
-37.270848742704075
-29.52509294268883
-31.489122663259565
-24.808432138706443
-18.826975949296227
-19.876227592466943
-32.87813826754352
-32.107266516955164
-28.11627016333256
-32.29529506882886
-33.015808597608185
-24.094657427734823
-24.531775287975677
-26.394204032110117
-27.896478049384008
-23.502784695105873
-25.78807781092428
-24.567428567283446
-35.47000050547882
-27.36713744520309
-29.371318089036446
-26.484223853430098
-27.418265403332448
-26.506954222067126
-33.46934902335576
-31.114117830630494
-32.78451774617222
-29.008393175082002
-40.33765491916232
-31.173340844120368
-28.410499795373983
-24.4817301121654
-25.713921524553857
-26.58922836890346
-23.193961856125437
-27.93791693131343
-29.55023510610222
-33.2360990128719
-23.405557236810537
-18.33799023954865
-24.045221473431933
-30.371913527540478
-37.69396189965454
-31.72774495233127
-30.503253609849573
-24.361638820199794
-30.231319554801672
-34.440965514864956
-33.91564926843324
-26.508419952588163
-25.939998131329936
-34.792038644158794
-27.482003930323316
-21.92326833205276
-30.805955322613265
-33.03980229240285
-29.192058553207023
-33.98787331760789
-26.550567300714256
-27.974814811553234
-35.98568584436293
-26.98808811608576
-30.96004509441241
-28.28449310434183
-34.508404063192124
-24.291204523846655
-31.90741483214059
-36.40009076066797
-28.13314277339392
-27.592461772570292
-20.166436325148137
-26.14931454819716
-26.6907054944133
-21.980394602993307
-24.678844701443225
-19.433402185679974
-21.645006453225005
-24.033149546893284
-30.84642583467139
-25.404728539283376
-31.506023109350096
-21.800565729539827
-21.197566677584888
-33.965846494222205
-37.66814702266872
-24.338870285132103
-29.08089741092947
-24.107577312726967
-24.289694552200928
-34.20546434230146
-29.570010394169763
-28.116938615036048
-30.133183193548508
-24.395990597283614
-30.462298197909092
-34.435932569505745
-24.494529218303057
-23.449358727199716
-29.651516608793933
-25.68054996175983
-28.323738451124285
-31.167909104735312
-24.85365993675662
-30.58448964662238
-29.752014531316817
-21.017161223398432
-27.83115533044051
-17.71126988146364
-33.92121371186144
-32.3300457801117
-27.599889351059822
-26.949879139542492
-31.959100199143357
-29.464270444657238
-27.177214615546028
-26.384962823409914
-23.945178006673054
-33.415674318538414
-15.901023136459173
-22.62493875109835
-31.385341618107855
-28.184472566652545
-28.380221011818644
-36.8196679103587
-30.90598947677801
-32.17280704139238
-31.459364448658725
-32.12259414440032
-35.94108114388696
-28.996340123379213
-26.292832738403337
-34.486062562996295
-34.202725604914306
-34.87275615203076
-32.839594455226035
-35.49989837863558
-35.56320572262304
-13.320630947299508
-34.08854687002575
-31.806134167597072
-29.071811314437618
-29.783291075700454
-22.862179182396353
-29.573730742955526
-27.051019637047073
-22.991101114195875
-21.44868034857916
-24.304537582241174
-26.13182288883373
-26.026346209526867
-25.561442235043227
-25.652929782228156
-18.10323037045542
-27.74414984159603
-24.611131678138793
-30.991834174899342
-27.67284638226295
-25.344855273327543
-24.333435037744795
-25.69873774468567
-22.192245675271156
-28.50845234531957
-20.349348316269662
-18.172539176023456
-27.02663030290558
-35.26364647447491
-33.96412078091633
-35.959237907387596
-27.820838999521378
-21.624794359077192
-26.607408172968814
-25.313517637078455
-36.7744999014545
-37.21648479944194
-24.001992562706874
-27.724893323324704
-33.60033488654367
-28.28922330259828
-31.054247316329462
-28.94348073665011
-30.000665725318022
-29.118197032553184
-33.33098970417974
-27.770223133829816
-27.734414061056505
-26.0671626585046
-32.002171722501224
-38.428231120660755
-30.3702668415498
-33.72341081912449
-33.100613318213114
-19.888248952037152
-21.23602417808341
-28.093544503990806
-22.671257903237795
-25.428675797708188
-26.833530391037947
-28.344759707501133
-21.754461800740977
-37.74854899851739
-27.646208486939727
-35.835833699676286
-34.8548760879356
-32.289483744349816
-26.20281488001863
-29.472905389899616
-27.18559634709536
-26.937791180786164
-37.81318428500244
-31.182718195402877
-22.411488875256744
-26.962558090626906
-22.892806224384216
-27.422323704489067
-40.03649934021913
-37.034141374769085
-28.745420972767874
-32.55578004311878
-24.628787304076354
-22.887976968238924
-32.24493149429787
-36.702426244652266
-28.547551860609943
-32.34143218832442
-24.035239533476847
-32.32125875024379
-34.31910226635756
-30.302133861254664
-24.93966876559767
-25.613372766805977
-17.3556195486453
-23.45795240342744
-31.30468621609127
-29.096521331664746
-25.26997234079198
-24.139156683241268
-28.561014454762358
-38.39233819600362
-33.71078758482004
-25.1773548415784
-35.85839379356618
-24.715788798002066
-25.661918091417274
-17.697335834998608
-26.368739963101582
-33.451396979266455
-25.875171603641267
-23.366660137099473
-24.686497888348583
-26.56536684275601
-23.80648605576711
-25.19050570733262
-27.13283967125065
-26.618599231793205
-34.61493574364002
-26.089017275870717
-36.4407621293459
-33.69096198330842
-35.90687396977717
-23.31053193691933
-20.211092349658365
-27.301480697251726
-30.85334552678448
-29.815256693190847
-32.08663390106847
-30.33343813577381
-31.03152023186029
-34.291630961306275
-29.151570317742625
-25.881985939042345
-25.59062032573634
-24.84319902560746
-28.210217675979905
-29.436740746955884
-33.00042045425583
-23.982557457117736
-31.600677050326375
-29.40384671905143
-28.430217391321534
-31.272757385678805
-28.66537458163925
-28.24522850528897
-28.66814631534581
-34.36560783819277
-18.99165666560481
-28.994535965924577
-22.156768348505228
-24.138287943706658
-21.645968179257103
-34.60981019305378
-17.682433321012077
-24.253441699061213
-25.570839089789438
-32.60117439064687
-30.11901879681882
-22.230292969035595
-32.15831931870901
-29.514615335941095
-30.87638940713539
-28.005367955916796
-29.975975106348717
-30.233885737156477
-28.323269882989848
-28.361669050593726
-29.584154845225363
-31.085086118636262
-19.245841854350964
-34.038307894100114
-15.651819520567802
-17.9648650798856
-30.810627204899962
-18.548230546675356
-8.184401787668918
-24.414636845096574
-17.817217925882062
-32.38428344637959
-23.31928080154926
-23.700448116197983
-26.115571953380016
-38.38018634945919
-30.909424258270043
-28.339843019723325
-33.76574789846515
-29.462143089956086
-34.29789316612738
-28.760824601152315
-27.678429147826385
-22.34813868297242
-36.26156194636043
-22.142836465606855
-30.61242461641546
-23.52121163197068
-25.087218326033614
-26.349549917285145
-20.983538854739905
-31.327330730443336
-36.05051118390186
-20.801819376578933
-28.53511863590117
-32.45110049719916
-33.14732417079958
-29.607099283272397
-29.105703751704795
-34.06926161378241
-34.97344765726301
-29.160212424923685
-28.503675694996822
-36.78859347146946
-33.08981267663403
-34.51705176638576
-33.70740273011458
-22.66850556186404
-32.86419191932515
-30.559172274847484
-30.35909033751333
-29.95779889770867
-30.187104939884467
-32.570858694334966
-32.50418486068225
-35.688751524065204
-33.20486259134604
-24.990453989431906
-26.51344185283783
-27.511556509935616
-34.91971643892518
-20.781333607938933
-35.34299236625637
-39.93453836075448
-26.460292941506303
-30.587515594782744
-34.605036781985376
-34.67630245139546
-25.14816824182797
-37.73665972634691
-22.777111153892164
-27.666184011033284
-27.27486541905592
-34.66745249007572
-29.508277102681042
-30.401297807964845
-25.307089459780983
-32.40890752372476
-29.72164769331949
-28.667565429768793
-35.79644610955745
-24.204668702907906
-29.562140693841204
-17.15178771785692
-28.574593799504196
-18.361573086414477
-29.347664547004904
-28.78749990564788
-34.244546339361364
-34.66859676850174
-34.0467524184363
-32.44630135037205
-34.74059348686374
-27.644727887174017
-24.570961985278988
-34.93676487339677
-26.365850270888863
-31.44553815001045
-25.76710139328171
-29.448380939571102
-31.641787644734627
-26.035559421178597
-27.791706607086812
-33.603005646954884
-31.324857215428313
-27.879673485795173
-23.528170421711692
-27.43894868104013
-24.382720357780286
-26.459089028357383
-22.864065422799953
-25.171896312468085
-36.4682844845319
-25.063236734231033
-27.10461285749045
-32.122567825335196
-27.411139980159465
-18.424515957356775
-24.40709044991209
-23.303778493284334
-20.203796068375446
-35.53303834893057
-33.608067864745635
-24.84439445710954
-18.259489359147278
-32.941343052715254
-35.52866864082249
-26.85008329201743
-33.36720999900821
-27.988317495696883
-23.843186412898326
-24.569354648844516
-31.808184203115804
-30.22548622820144
-25.23966255944716
-31.63579986725501
-23.89508905608226
-29.2647268038994
-29.27455403180719
-25.771717434538743
-21.591077116726506
-22.170388929885597
-22.957140753286215
-29.6004321178874
-19.571892229916696
-46.17766653961319
-33.50460811925682
-33.934142577659244
-27.673781564560304
-33.93443361302327
-24.16572259793777
-28.889333137953617
-23.170186290542468
-26.90543510843451
-27.390210849215954
-18.47732928262468
-34.925574331884874
-21.033051701609878
-34.913152782563834
-25.342783006780735
-30.759648887536777
-26.599121532969775
-27.214866494321534
-19.42027318511586
-32.38644366649847
-27.983865830082767
-26.80998515944209
-37.89475692085897
-37.198071554037945
-24.2896064648564
-29.309465400430682
-24.92443150053784
-24.076850962148427
-36.87464574519153
-23.907971138353954
-28.940681580787942
-30.835309551902533
-31.53453272460127
-23.894086480751344
-20.82572448126139
-23.10085438171274
-24.203649853743883
-27.758530277550506
-23.155830994053982
-24.519977800564703
-29.357860630844776
-31.21099881424866
-31.044592007744008
-30.90570811353981
-28.604347321305987
-22.81396765699521
-30.43373079409517
-30.9772709187286
-37.47495304048675
-26.447501520369077
-27.456847551482426
-27.76457489359261
-30.057153374928752
-25.490352364990393
-22.287712311339256
-29.0208246255373
-37.28991923752499
-27.81577275399917
-25.861025414157147
-27.43765616855011
-27.486649739018727
-36.31061712207503
-16.866822436446487
-21.315286395352985
-20.361967165226275
-31.499767999832653
-24.145951311545073
-32.090475951779595
-32.67257677693071
-33.89200347709459
-29.78569761894838
-22.46107321949666
-25.699928349429264
-24.150665405886038
-32.10350691549116
-23.50735312073367
-34.865218260589785
-25.19280540512919
-29.21283873591468
-20.37174677954968
-29.52466482976923
-28.462179530410687
-29.5990788053044
-23.299410403833384
-32.92448770564803
-17.051625727911144
-21.424884115217534
-26.058493547463335
-28.360234150445418
-21.558373213054978
-22.795733450071957
-26.36532104852929
-27.670094032239227
-25.159351681960388
-31.215989282136654
-32.88092367271815
-24.989165575829787
-27.408319968873702
-26.71527836212523
-28.13607744248351
-36.21300382687542
-23.984112427491162
-29.056536109715502
-30.080387563139414
-35.0276613265935
-18.689420427895122
-30.283857681553325
