-0.7148793633348517
-0.7732250661718744
-0.3723772346673268
-0.444348653152983
-0.6209057175472695
-0.7771144101153203
-0.47281141538400195
-0.6565407174791045
-0.5707226305405172
-0.742990355154861
-0.783044770435324
-0.4950207539539733
-0.7530289173774851
-0.7945414532912165
-0.6192089496577394
-0.5899493504616864
-0.8602318503265552
-0.5801173785801543
-0.727120519471925
-0.7650942586445342
-0.6658472041627187
-0.7408523929933781
-0.48475429232255507
-0.8551311137112216
-0.8526715401566529
-0.65522652745313
-0.578539854523748
-0.6441599909259293
-0.36079672431679904
-0.4777441100577599
-0.5774031160193628
-0.44626364471688645
-0.5939131263257132
-0.6082869372060936
-0.4085036690713837
-0.47060045494700603
-0.6633288366158858
-0.668970878122715
-0.8522914859034314
-0.48060756110527597
-0.7657407587830174
-0.8109496275631047
-0.6397224531519351
-0.7979503991403487
-0.8179919937768525
-0.7112114859095657
-0.6046842174017714
-0.5544173016576813
-0.5498773587168838
-0.8617159134389004
-0.5270985937814117
-0.49215322163708375
-0.7161897394570506
-0.7824114154561873
-0.6638909526721816
-0.7506886559788366
-0.7825898003277775
-0.8495502026271338
-0.8305734493272073
-0.8309849141949849
-0.7051097238357007
-0.6764192124284276
-0.6246543897689203
-0.6882492035945111
0.06034433056200923
-0.8165920331493182
-0.317819396916299
-0.801147355759932
-0.8580320643349887
-0.47333522406853346
-0.8312577404559662
-0.7075648208117449
-0.7330093300286783
-0.7264444571747474
-0.6561947654372402
-0.4757626291036374
-0.3925578546995351
-0.7585164512993408
-0.8275039132346635
-0.6774594250362246
-0.6161790632045697
-0.10773796311765915
-0.4604813720311986
-0.5375778940424447
-0.7773993172926331
-0.6201410477069408
-0.4526241296684065
-0.8064015396932395
-0.8522578185405804
-0.7768561451510773
-0.5515852091069218
-0.6816509669530806
-0.5873023171895838
-0.47522573172754135
-0.46523585261286204
-0.8133280289788715
-0.7507285816944922
-0.8258541198926197
-0.5998248546367101
-0.7586150229095205
-0.8153248343345284
-0.6204928870105123
-0.7008403898096173
-0.7348896167542965
-0.7501572925363763
-0.8977863708743169
-0.8310924030111496
-0.6758719209879075
-0.7578964638175202
-0.7694771698179689
-0.7478001774052301
-0.7680741955482576
-0.7946464576782312
-0.013786249456434495
-0.6211557786376559
-0.6093957333122735
-0.7231522034083216
-0.6144995229556273
-0.40700027354078827
-0.4199870170765571
-0.5601102732066305
-0.7799222260738524
-0.6441548521342937
-0.6055684148940074
-0.7223670612376814
-0.89288773628607
-0.779075148224581
-0.7190738438892954
-0.2583915330645179
-0.33981464663765654
-0.6841422273909793
-0.6357724607794702
-0.7533172492246407
-0.6436638135669223
-0.7090846922110615
-0.7886585803080438
-0.6917229145558152
-0.7213800453949686
-0.6341346566251711
-0.7339824249391782
-0.6798317798773239
-0.5628450649343822
-0.7557235392958893
-0.5999130985865161
-0.513173614381569
-0.48964002703821297
-0.7985691994857612
-0.5727686631922486
-0.7771923125835565
0.001126809162584252
-0.84517249648385
-0.4745499222645483
-0.6029266805660596
-0.5604849063756441
-0.8071345753685568
-0.8170902332905631
-0.6156675751281356
-0.6691624595643606
-0.7922603699345464
-0.8007342342838254
-0.5745905044162735
-0.6410295984401628
-0.8006191888438543
-0.653077610305487
-0.35873975208608916
-0.5733888891623043
-0.5321411843686982
-0.4902914855013402
-0.746366737949386
-0.8100804929989689
-0.5908623123943685
-0.7437619599644039
-0.7647083908602135
-0.8879240498678171
-0.67766175632913
-0.8243036086583425
-0.8268744583211796
-0.8152610935934818
-0.551429257799949
-0.5909881213046598
-0.8616130527383872
-0.7844471121389118
-0.7402780461804266
-0.5593790314380436
0.0845271611288028
-0.8544529206985256
-0.7699405366829278
-0.7156946935921876
-0.7866670467763117
-0.9374613547265662
-0.8984797037123727
-0.7918048250033585
-0.8091254721175846
-0.5573271895068321
-0.6498756877553565
-0.6853460157989406
-0.713259172220216
-0.780864363155496
-0.6981254860593845
-0.9241303899213549
-0.5442058049090597
-0.6198404473692484
-0.6787204726768762
-0.7394380979945621
-0.8015495025874071
-0.4780688131816642
-0.8795741292249932
-0.7828239320913015
-0.6668276094552098
-0.650302430007404
-0.6977687291287242
-0.827285766055674
-0.7425779510375927
-0.4539021488619298
-0.7312729909532341
-0.3881342936553643
-0.7035201585106402
-0.8629837295529241
-0.4186685374677677
-0.5855038836064349
-0.5113620104990639
-0.6057167595486095
-0.48577492791687865
-0.3315366959988699
-0.5093905774090792
-0.732798837232974
-0.4961863349499937
-0.45462321583350934
-0.6373198815442528
-0.35685434609219197
-0.7601442497668693
-0.6168948275521096
-0.4459287064168411
-0.7703811496148424
-0.8418300761347237
-0.763125685228839
-0.7677242777864254
-0.7333916639915745
-0.6865811200165289
-0.719610204599814
-0.5573217186946191
-0.4748077986960455
-0.7150274334085548
-0.7722628103787633
-0.4446445031411441
-0.8197690891518693
-0.7343648469045536
-0.5499321848885828
-0.45994338020253317
-0.6335379780749625
-0.6061238352272025
-0.6601405753619112
-0.5134987704173879
-0.6994375367008645
-0.711041963718921
-0.5387651341899492
-0.6139553555190692
-0.7638475226188386
-0.5970405925343664
-0.5591573421928062
-0.2753285378549831
-0.7386724586254321
-0.6871714036434682
0.0010114719825446243
-0.5602136206807738
-0.7944774097627971
-0.7862944296662232
-0.709328617797148
-0.8745264023110836
-0.7561377460896694
-0.7186526728457936
-0.665990558316194
-0.7155320946429308
-0.7315031874529699
-0.8127093529412407
-0.6724331703115162
-0.7921252004816183
-0.6461965590686508
-0.7781525046143299
-0.558383485825903
-0.5698924763581422
-0.7563658421485111
-0.560903663564115
-0.7918800607592983
-0.8131333382412287
-0.8284192544222398
-0.8409967207935026
-0.779961178011036
-0.6069998956656093
-0.0978901828892162
-0.556164657478116
-0.5955390701176726
-0.8200226437273145
-0.8319126482152379
-0.6843678960602131
-0.8041380713816922
-0.7904812271526093
-0.39357563822912833
-0.8107603093760964
-0.49322525089780583
-0.858905435540114
-0.7957104040809172
-0.7445979871497784
-0.5765325641571671
-0.6180397528863149
-0.6162492516700416
-0.6203915128288134
-0.4348541681610534
-0.20127649353457044
-0.8445739187944377
-0.8265466835855994
-0.11219793738509559
-0.42946391995537614
-0.7460746908900897
-0.49766915700414444
-0.6450785280957565
-0.4584735521502424
-0.7957324734978033
-0.5907160220507554
-0.5848404913425437
-0.7538612046998602
-0.665060121573584
-0.8657291167469837
-0.7917111137173863
-0.7943090601589862
-0.6197236756709493
-0.7845668538546035
-0.7720774415688486
-0.5654674579782006
0.5853412472296325
-0.695376376706986
-0.7149475899134098
-0.7127376053108135
-0.42854868315226485
-0.4407719962857343
-0.8460993420298477
-0.5715029272474484
-0.7610229286445934
-0.6187321648571265
-0.6723067791781691
-0.7692721957803426
-0.761096555111259
-0.5175164674166557
-0.6631291766913535
-0.5917431313764182
-0.5470950576209864
-0.7927445482596143
-0.7917883251572723
-0.5692480291297524
-0.7129355011450391
-0.7285128137316578
0.7503122808192061
-0.6957689816467313
-0.4750276175459253
-0.679767137444121
-0.8265928949369756
-0.6029301940223027
-0.7458360685756104
-0.39833262311475104
-0.7162347902618544
-0.7072748633601029
-0.737155731569693
-0.6339455325375589
-0.6000072927672422
-0.746712649436888
-0.5566883646259105
-0.46504856657363175
-0.40866781565742666
-0.5389982990607821
-0.7840602661735685
-0.6616081541867912
-0.7240211114312136
-0.40296184751436587
-0.6808203993410357
-0.8708093218502391
-0.5626342681278698
-0.8230356597140168
-0.80394626403431
-0.8857011196474032
-0.5026255611834808
-0.6585365747219514
-0.4914628440701261
-0.5819946901445103
-0.6867137031380239
-0.38112259824504197
-0.8172338726248652
-0.7382287854092282
-0.6731433858676574
-0.6294338165285434
-0.6432480788477345
-0.23401872862406115
-0.7935974850690435
-0.7754586637175654
-0.8036313892678107
-0.7941206412927152
-0.5330150445243979
-0.6117021517186471
-0.520807732210933
-0.7527757790441078
-0.6032856304179185
-0.439449533224353
-0.7210590822458386
-0.5505667927770032
-0.7735362184129465
-0.7535590081585298
-0.7241293289115055
-0.6399357833149918
-0.3986142284265884
-0.8520887271474263
-0.793373209426373
-0.47531601954095337
-0.4920839051114832
-0.8211927915766616
-0.8012447809323844
-0.7555988517668072
-0.8386921303195037
-0.7755808618547332
-0.8909553612805426
-0.8061143284973902
-0.4033808306558591
-0.6634321297507639
-0.7884987396264428
-0.6936930099684082
-0.7617932999084351
-0.356161371645679
-0.6339366884102516
-0.7868966815569193
-0.8185534121324566
-0.6916173703581484
-0.7214583757022824
-0.8233200819553662
-0.5302007274467005
-0.7010285905426055
-0.5688885022163314
-0.7600330938656673
-0.11118220405018595
-0.7997659468594249
-0.5370801972481181
-0.30773802667195266
-0.6128117540301448
-0.7716135042129216
-0.6049705669523024
-0.5257635514487042
-0.5837051015658236
-0.5298137552866651
-0.7517850997415839
-0.8350885985785208
-0.9007388928867178
-0.5948866685249433
-0.44431128133194475
-0.8188561589518342
-0.8022946713656595
-0.38945996999295024
-0.5422475056670982
-0.6831448102260103
-0.8581646976110764
-0.7537295901861413
-0.41261705082222827
-0.8204571003008578
-0.6364573878466252
-0.4511676261123218
-0.8501651618274757
0.5071370501779512
-0.6683211218938212
-0.6147131180186575
-0.7748022249698259
-0.47579301088551285
-0.7692934164586853
-0.7537122274779654
0.713010429740082
-0.8072101558406618
-0.5558206573655344
-0.6773470696209091
-0.7276665518417053
-0.6044208708026572
-0.7753663835949913
-0.8190478641145555
-0.7198332773359102
-0.5771673125643777
-0.7682176043088216
-0.7120659938789018
-0.4392367560095742
-0.28291745320534023
0.2910475047750962
-0.7588863267774844
-0.6096866535858492
-0.39361783704807685
-0.8065963900593532
-0.6414137588159172
-0.6097845547864521
-0.6471387478334871
-0.8526470418288007
-0.534626641831196
-0.5059519413363702
-0.53953042839323
-0.6504910800322443
-0.5415024494548127
-0.4680548087275206
-0.7284925654510984
-0.685520147604814
-0.7951075378731715
-0.7601649182922388
-0.8169403444476089
-0.7689991278084987
-0.610030004248392
-0.5465669543623946
-0.8832752708372938
-0.5230073721032873
-0.7354072368930574
-0.5393209271978793
-0.7833570816380105
0.016577302070446772
-0.7048733589988153
-0.6334348664788853
-0.7475714617516885
-0.4511847259869061
-0.6798931341625484
-0.7116354370155832
-0.7887301519938524
-0.7035923780453684
-0.3726371327602605
-0.8875807779730546
-0.43952363393236993
-0.6150865651032766
-0.7785182678770337
-0.7510334168431383
0.050853814550318364
-0.7773513260348407
-0.712332821642012
-0.7906943990700508
-0.5763670824391387
-0.7419773151360184
-0.3958155849158052
-0.650570353742901
-0.839474522722155
-0.4095527194917599
-0.7538042770108716
-0.3676944420431898
-0.8905406988924855
-0.855129402611816
-0.5725256562382549
0.10798744273417751
-0.40664883196346097
-0.7845464119620703
-0.855654149649828
-0.6248213690643861
-0.5658773731686173
-0.8183613847420607
-0.8093611407307789
-0.6191653945554391
-0.8398303758314838
-0.8242808992403758
-0.8172075500032782
-0.5336453508450443
-0.6916549134289496
-0.3721438852361715
-0.5725978845050749
-0.6539731430873066
-0.5253460956856284
-0.38291193558537684
-0.936170946294914
-0.7494473876516294
-0.43016616882247183
-0.742459728603516
-0.7962375264520868
-0.5686599244367776
-0.7031772870771071
-0.4875680128521304
-0.6746470730469002
-0.7204537149504687
-0.7918092801827147
-0.49391188335685743
-0.6670237279989826
-0.7743109272165101
-0.721295973345514
-0.47058457363550243
-0.636561038337554
-0.8595510483722556
-0.6037722563042854
-0.6337369450319628
0.37306924137329744
-0.6033850330534162
-0.7796388055279693
-0.7382334077589788
-0.7851015478583512
-0.6260933611314721
-0.7481909737379501
-0.692866938391035
-0.7010387963698969
-0.8344050057004758
-0.058584659128638195
-0.6102808479552856
0.1730775768874219
-0.5565447880749264
-0.7268668577939961
-0.7290459842027702
-0.46837579809021146
-0.8492906880289258
-0.8037956888499355
-0.7629183977892587
-0.46960813891249775
-0.7595053871594506
-0.8355647958096752
-0.04128496058417523
-0.7651646282370744
-0.6160400602826788
-0.6433376907940695
-0.5250043030392342
-0.7277640036182875
-0.7619700025538856
-0.739571277629697
-0.6803551294198494
-0.6542541276904562
-0.8205949258302768
-0.27513638618476854
-0.8134435240159412
-0.8918140834898377
-0.4287512628053703
-0.37154703491682506
-0.5180091903030302
-0.7800202260923148
-0.7021580551941895
-0.6726896900013678
-0.7613796571304705
0.03358789856128145
-0.5160350262462475
-0.7343965348648893
-0.6525135088777754
-0.6091442362277255
-0.4517846002304257
-0.8590280971580355
-0.8056049152077545
-0.549193215816929
-0.6635735761619974
-0.6090887596928242
-0.43358064473795693
-0.7235312811303649
-0.49189047032598215
-0.8149850396831573
-0.6841907387376212
-0.5995698181960809
-0.773317228617707
-0.7385498307433506
-0.6611859101274228
-0.6745031416685676
-0.6164814973605357
-0.4239341066722785
-0.7703361371280185
-0.48654528792702584
-0.674227057096
-0.6847533465115426
-0.7177035574756305
-0.6870918158267891
-0.7863993144550813
-0.524768366979579
-0.23268796621903515
-0.8056732103615685
-0.2834929302849584
-0.7917669566776006
-0.5376915085047511
-0.9067014674065244
-0.6133235660705071
-0.8246658191263807
-0.7135192272254219
-0.7014847395825213
-0.6873409280327814
-0.6288875975733893
-0.8525947636255994
-0.6923362982584897
-0.7585568268539579
-0.570057958303333
-0.6982870113706012
-0.40601637070462776
-0.5244504571626741
-0.8186987695210747
-0.5967571753258134
-0.7214607872163104
-0.8507484365835228
-0.764242051522201
-0.7600239641262516
-0.7997785563830943
-0.7307564459777824
-0.8303100734753125
0.006996933142833956
-0.8009598001808607
-0.5964812153938132
-0.8104631466962362
-0.6824168193642094
-0.5172268443644094
-0.5012299486231294
-0.7098730210832034
-0.6738284081829923
-0.7053152297835292
-0.7791188902854488
-0.801199336239523
-0.8190895916371354
-0.7733196964039878
-0.7025180062010457
-0.7666230156160208
-0.7754150061057377
-0.5261700680038088
-0.8172478406197986
-0.7516475490241687
-0.5752235844811655
-0.7325169717778456
-0.6399760888858586
-0.8716930087168777
-0.8168906412355194
-0.5113734239175978
-0.3980596262175352
-0.7227627970168834
-0.8790294786239735
-0.7188610290095747
-0.8133143833715999
-0.8364146225916264
-0.6147406290324459
-0.5695872092182727
0.06117388914510491
-0.7520039507336171
-0.15053571972433852
-0.6252470913046845
-0.8022077958752916
-0.55397721710541
-0.6579193775814368
-0.7144398854176588
-0.7416299260497268
-0.7054738382703225
-0.7767766925875171
-0.4706820090968844
-0.7782327490342287
-0.7284375841292794
-0.6079209126706858
0.0874220412603911
-0.7141910022585698
-0.7127668635738444
-0.5366727502737173
-0.4597112204792557
-0.4776049346072631
-0.4105347380705699
-0.5940285304762666
-0.7541398657906528
-0.6562694430950934
-0.7374983317676768
-0.7768817006879524
-0.44767973093000374
-0.22632072253660848
-0.4601933746792238
-0.5521925984767957
-0.6342514379556912
-0.46138033787924954
-0.7500395644483792
-0.8493123504351162
-0.6931801708649113
-0.7147023787565491
-0.7065164374522583
-0.6618287450804
-0.5301090144660315
-0.7695745668758064
-0.8416147344459459
-0.8822517950578002
-0.6111030143352718
-0.7938000600008617
-0.6293395195294907
-0.6594435998106576
-0.5923284512365219
-0.5281759723560555
-0.6758524377747551
-0.39625835084629385
-0.655181366258088
-0.49449767469688344
-0.5645544384650978
-0.694854806007257
-0.7188633958749457
-0.6462027716255214
-0.7869974879063896
-0.6651686477363434
-0.733135750699581
-0.5721491329326863
-0.603530362923409
-0.6581374661713612
-0.4602413437859323
-0.4957921983716243
-0.5359120826442105
-0.7664101685561945
-0.641543303448685
-0.6084768329560826
-0.5777537590266401
-0.7869293847705223
-0.6807616083133462
-0.7440563176148616
-0.4610803106044211
-0.4266679264581698
-0.4274040729515131
-0.5402014465611267
-0.7605131031405792
-0.748091679159348
-0.7676954759831212
-0.8707512934924372
-0.6111478202592481
-0.8097125034123199
-0.5649730757262119
-0.7433515539986929
-0.739323002713305
-0.6641436393212374
-0.45238495619469316
-0.7403238084789631
-0.41988152469608175
-0.7225577664431165
-0.6561496495046453
-0.47338742987227944
-0.7772022603498681
-0.5481768297672867
-0.6944812283007211
-0.645448854786073
-0.7642536251313125
-0.788527702279031
-0.6523925683243926
-0.7857029175761069
-0.8471189565247422
0.3888470489682405
-0.5576004786655863
-0.5713100386270055
-0.46724613214685795
-0.8043025380035441
-0.3735978043319611
-0.5756254089228393
-0.5832867970404354
-0.2736150766974577
-0.38920078286899307
-0.723913030417672
-0.8776342959003555
-0.7870331705420045
-0.6889257867327776
-0.9192631833336985
-0.6050178385563487
-0.7792236798094835
-0.38984617515706493
-0.49778086749933964
-0.6442848718707134
-0.35013627754860677
-0.7073454900078963
-0.6300813639503335
-0.6477626362283044
-0.5277112857833126
-0.654350792947144
-0.6883256034684495
-0.19569257927016798
-0.5710441000057433
-0.5752427029468435
-0.6516577733346669
-0.6606286376307495
-0.6415812216468417
-0.14382462804868268
-0.4939963850283277
-0.6919538416672826
-0.5304283302459402
-0.648783384652502
-0.4050032608059653
-0.7447864098774463
-0.6503661099407941
-0.6614421542696813
-0.757313702662708
0.00010432632127991203
-0.8181889181364806
-0.7086383850319625
0.3507103325434006
-0.810494877952055
-0.6628153836278786
-0.654530302753041
-0.5606651150864059
-0.6654018718744019
-0.7731891556772329
-0.7690274830104469
-0.4981100191874198
-0.8173398919678176
-0.7886837976667486
-0.5037404962356073
-0.4058933271908494
-0.7590521293769829
-0.6751346077953959
-0.5509729854556747
-0.869231852334561
-0.6643041308619088
-0.6107986881268727
-0.6322069714384203
-0.7054039300724472
-0.7534309346360049
-0.5958382641329597
-0.5576277426860601
-0.6136268091734749
-0.7980237346619651
-0.4260884647118357
-0.33336590585644427
-0.5916179245250082
-0.8213110062494164
-0.6094890054680941
-0.8538522913461405
0.09885839090980841
-0.4849006191043884
-0.6854347814910232
-0.7975769833734772
-0.7990711207022977
-0.8744284130697079
-0.8080704230429127
-0.7530082234815894
-0.8400489020165112
-0.9104281413815444
-0.8830091942665761
-0.5017971832075614
-0.5507409457428873
-0.4283953065663387
-0.8768923787426189
-0.8060930085304169
-0.4868286075706072
-0.7785854075977613
-0.6226658071761048
-0.6222020584248306
-0.7162359789603934
-0.8456035109643207
-0.7029604106962113
-0.6606365000358684
-0.4327825437426604
-0.8054274136063823
-0.4820366697950132
-0.404382746865249
-0.7563704379311974
-0.57546315410756
-0.7185839929261139
-0.607552439935405
-0.7216549316465907
-0.6473367276394363
-0.4776974875282267
-0.7353835311950281
-0.6658545029176423
-0.4338047817999923
-0.5904489854568117
-0.48914083809337944
-0.45196336824450917
-0.697344567737212
-0.8088536509117894
-0.6771908705487115
-0.7809218960512041
-0.7919508903359955
-0.5583596882885831
-0.6617361657098525
-0.7240959726325283
-0.55412067717041
-0.7910198280698683
-0.5753858386943331
-0.6000505301742886
-0.039530165535984825
-0.7766152133536103
-0.6266666627967428
-0.6602990534238234
-0.5543452677476673
-0.49660603038750745
-0.7033537433604294
-0.5208884838466195
-0.7451213407615422
-0.6875374121951292
-0.550297244697044
-0.6776237087434566
-0.7667863694963556
-0.6312616789553669
-0.5178157766954372
-0.7934947491001841
-0.5286107752121001
-0.7725553456945276
-0.4531737605549572
-0.5366857928377334
-0.7326703781780242
-0.6979180463838013
-0.44664109531736923
-0.571549588596714
-0.8272416150732035
-0.6672604818656724
-0.7319909922906978
-0.6700115446759898
-0.7266953413568641
-0.6257106627373443
-0.707999671383716
-0.813168681470331
-0.6256905854983321
-0.6531101248383007
-0.5843307871037892
-0.7172472609885678
-0.7791673909218919
-0.6292385668802174
-0.6442607912096325
-0.7296757130113372
-0.4627012595437936
-0.48685993733749716
-0.6707178484452209
-0.7353011962278756
-0.6809707380580078
-0.9002308444904845
-0.6251540326002626
-0.5747863453761709
0.466625540960152
-0.7919939364597743
-0.7614444946753539
-0.3799322742962082
-0.5625616622374299
-0.6986530132098608
-0.49290162272749694
-0.6119629565119435
0.6603601545381722
-0.8064440887271733
-0.47571965682501177
-0.4406384384137852
-0.8022333986938261
-0.7336090825446047
-0.775916676421022
-0.5487324885734876
-0.7571459230899741
-0.7528751507926236
-0.5512937254875251
-0.5722992051777092
-0.6667560379443467
-0.5108331783350498
-0.7797397416568439
-0.1223648621353622
-0.32498493950872126
-0.48481339659486805
-0.6071134574538863
-0.5291181380813943
-0.8407914992801487
-0.5371191395810493
-0.5672531489645669
-0.633610764657633
0.01356640127932651
-0.8197890064131746
-0.35539521635531596
-0.2849298876985737
-0.8504271314606653
-0.510246605464191
-0.5697477950334575
-0.5520587006321186
-0.7610288543003227
-0.7329648508925621
-0.556779094948783
-0.820983711794444
-0.6665978869369986
-0.6450299353909003
-0.7099810643086947
-0.3923621899255201
-0.469825282186249
-0.8162733109345479
-0.5651659256297064
-0.7292730734557749
-0.8099054183791918
-0.7031219148117377
-0.6808742133186092
-0.4214713026772439
-0.7484941853340538
-0.7625053917910157
-0.7825012036301817
-0.8715245458581858
-0.879741272311579
-0.7128289034478896
-0.3627752678904192
-0.5070694616616629
-0.7135304311313434
-0.7742008290215378
-0.8147036925257585
-0.6115783493391242
-0.6415288016255273
-0.7147534818788804
-0.5145696081942299
-0.5094873016672701
-0.43400610543312257
-0.40231123344371045
-0.3902770050562528
-0.5165733879911607
-0.5803933643087772
-0.6775876034554493
-0.6491620057031822
-0.5593412391352175
-0.7151078312266954
-0.776781007637081
-0.4210038432859171
-0.7840352103953085
-0.8576551125664225
-0.7977523107768656
-0.8649212299885124
-0.767560794072115
-0.7097795052263307
-0.6955900995376095
-0.7460610702095819
-0.6341405821467224
-0.6871952384195056
-0.7856685076876875
-0.7787159744792209
-0.8041397374913132
-0.8791182609288262
-0.4584573374887263
-0.8615675835554376
-0.6437710163504075
-0.5801428585598079
-0.7375794389713848
-0.7455458589737975
-0.4762790042447597
-0.572132144892222
-0.5468234847525051
-0.7587093315585842
-0.6142801236870066
-0.5492659344772696
-0.6244805901791163
-0.561904024265907
-0.8277449574141232
-0.7814060691686961
-0.5242958613226353
-0.7590600458053388
-0.9019319684504613
-0.7272351079500743
-0.5682364325990111
-0.8028725326802802
-0.42700231487233564
1.0934685361486474
-0.7335215508829954
-0.7698629377093565
-0.5575364335082222
-0.7546758278543233
-0.45629985840376186
-0.6227924160017477
-0.7612648513259136
-0.7196216809340722
-0.8477907296237495
-0.7437470978626702
-0.7319165620368122
-0.8389774574203357
-0.6815149639164265
0.03839965847874491
-0.5868806379228153
-0.34823312623963243
-0.7945320158399174
-0.41671725154827494
-0.76357439514452
-0.47042630103065625
-0.40586895554365304
-0.7386984480308392
-0.6479803559357773
-0.5322519884689912
-0.6079382901367602
-0.46016371012480933
-0.6302196695556919
-0.5837976878293162
-0.7976632189663021
-0.3821203777143414
-0.5079422214248192
-0.7697197920956657
-0.8206598979144264
-0.7715204282336742
-0.4315300301321085
-0.6381788517587882
-0.6132947964250682
-0.5918646003655883
-0.7619563406925198
-0.6299183472745153
-0.5105921397554215
-0.6471832054195281
-0.5865305111479331
-0.6829749504891505
-0.7094415499676933
-0.37687660932349554
-0.85550735098383
-0.6305502671922467
-0.7385198143585228
-0.665062835018081
-0.7647818532520712
-0.7861948946692119
-0.6847100697996125
-0.8329619571773037
-0.617048562424352
-0.6095989315144174
-0.7596889966744927
-0.34612818042407234
-0.7642741703275131
-0.21532530623468055
-0.693339216632152
-0.44847553377713334
-0.7189533770340065
-0.568296683111796
-0.7226822019407854
-0.6750738876147778
-0.631383303834261
-0.5184544904689228
-0.4551829551732999
-0.8571065853762911
-0.6305239291445442
-0.7851211021251524
-0.6266285103719915
-0.7589910987392264
-0.6575730834499568
-0.7336079081236453
-0.5916813251885751
-0.7360949608508809
-0.47401283221652973
-0.6967855771927611
-0.617818015442382
-0.6950949868691684
-0.4039351248151118
-0.6846770898354199
-0.0742281284167058
-0.6202134132873348
-0.5981080828142626
-0.8918133038511139
-0.158740068108978
-0.5551498655463666
-0.5563704527404729
-0.6822952697216242
-0.7529296653257213
-0.6633539255769912
-0.8398803244304893
-0.4042742731850961
-0.7118302127874551
-0.49362616380080826
-0.2023306820816964
-0.6733394977313809
-0.6046494980453582
-0.7500856339411778
-0.8277105135803741
-0.6763006380282149
-0.6545633412181276
-0.7328475880990064
-0.8095373324899231
-0.41002300925990276
-0.46423627116269
-0.64373255974193
-0.555529076167891
-0.7291056515760947
-0.6130677863899744
-0.6680327537137438
-0.6040774110682442
-0.6263161693842711
-0.8005382480987836
-0.5243395469803753
-0.4533545295423951
-0.7144827534471727
-0.6389011629007256
-0.7621317555016996
-0.7598778351285271
-0.7551572818436151
-0.4138960798621734
-0.07484605116371171
-0.7950459149710724
-0.6128503383217744
-0.812813721978243
-0.7620994401435479
-0.7131526210311475
-0.7392282278479585
-0.8456489036522385
-0.6471406866046782
-0.6423246855473672
-0.6072662232623331
-0.7514339849864438
-0.4847694894486591
-0.7486970139334502
-0.6302182987962506
-0.7145917880138456
-0.7552623132901589
-0.4571504616147549
-0.46894377656905323
-0.7766469317770703
-0.7276702941984112
-0.4522713257458112
-0.6698145149318617
-0.7844072059823484
-0.7965651839370858
-0.5235116355108929
-0.6629606341626284
-0.8792261113688143
-0.6220340394128836
-0.6215769672842745
-0.5456455206242291
-0.6091597562132962
-0.6558227364903901
-0.7062764690931456
-0.8458437288073946
-0.7756164355519934
-0.6029019027322373
-0.7627949226763905
-0.7405092320236148
-0.7783076091977932
-0.6474127239986265
-0.6555519529259668
-0.8142837339156804
-0.608583175765176
-0.6806165808178807
-0.7143515016596373
-0.492318074673216
-0.6067211490476301
-0.672369813231801
-0.19351776061072964
-0.618104287803069
-0.626630211640362
-0.677591967497886
-0.8031129605871886
-0.6761075294525594
-0.6388037158711217
-0.7033036313849639
-0.6862071993118952
-0.1455604290735625
-0.8142438998869064
-0.791785699759569
-0.61603676407114
-0.5603596380793168
-0.3235820256662911
-0.09147157404122604
-0.3871761464274868
-0.6738767689835742
-0.4959928778105398
-0.7973441949008263
-0.6673129894437793
-0.5605182348857476
-0.6308708681122093
-0.3703838893918256
-0.3882215406702166
-0.45937495860572003
-0.6685394157773412
-0.7543304889741395
-0.8050251285245897
-0.7553675443203951
-0.5908402326701525
-0.8345346812008227
-0.58045797599859
-0.7290101960359291
-0.43198125757518563
-0.7915865389549659
-0.6204037199999203
-0.7260185600533001
-0.7369323211712834
-0.886329314311925
-0.4915426423706332
-0.7142838978257056
-0.5742387421879765
-0.301198262078259
-0.7040078997895791
-0.6776704781284177
-0.5039402912410332
-0.7571461605848901
-0.5890715313727741
-0.4424023323068654
-0.6619093639309187
-0.5505058824539231
-0.4211383338347018
-0.7754178682124055
-0.7081131701906945
-0.774486880331676
-0.7040127610889982
-0.756494691370088
-0.7335649499544145
-0.8019668051377439
-0.7770089673625382
-0.5478907105526097
-0.7665713589722861
-0.6180086775705059
-0.4558755524801553
-0.734366211409489
-0.7450389756193463
-0.6857117927900434
-0.6915073756074791
-0.5161340563366932
-0.7318509389221188
-0.7491894694326987
-0.5499414505749495
-0.5565363318393672
-0.7078372342239336
-0.7976783272472867
-0.6268409298214425
-0.7746214414356115
-0.690883069955126
-0.43123294290879866
-0.49952905779649576
-0.650924177898818
-0.6421436748375019
-0.6215804497237515
-0.41803242045425215
-0.6117924214916134
-0.6462686427091386
-0.7299960156732597
-0.29454486213164954
-0.8827609542306797
-0.7486762071859575
-0.6068364119111321
-0.7440660592791855
-0.6145723193917502
-0.529582827920661
-0.7842644310830817
-0.7313267323641711
-0.6305218300682273
-0.7426831579222196
-0.6550619639527834
-0.6527589022555311
-0.6105726132859661
-0.36636984482100704
-0.8197480031835218
-0.6533015736356922
-0.8124221407234774
-0.7767250793743256
-0.6698128155457062
-0.5306226993671661
-0.668837277798719
-0.6681300871319544
-0.7373943387701504
-0.6984259881246858
-0.729314196638954
-0.46213743535536356
-0.5846205493881086
-0.5593125108665508
-0.44345811452441497
-0.7492868450140082
-0.7957181788732126
-0.6533145998705522
-0.4788920641772502
-0.7264539649413309
-0.611509785209761
-0.5703585809687549
-0.7482572091566466
-0.7761846535575954
-0.9325158997886821
-0.8517940747913149
-0.5209225290089842
-0.5103999834054098
-0.6230409381008412
-0.6703309609769437
-0.8711110516684216
-0.8351624011930259
-0.8470165633715441
-0.4963963385087199
-0.6676418327802398
-0.4963131576332931
-0.752156203459448
-0.5405914825005698
0.039356858480312965
-0.7529186620203464
-0.6537093601933327
-0.5691511348435769
-0.5841875188928742
-0.8211650552287818
-0.6533048816612136
-0.7053128682021685
-0.7718459493720025
-0.7155210282193798
-0.42119245350458334
-0.6114021880385877
-0.558971326205954
-0.47542619428240174
-0.8585425459752404
-0.8141751877697347
-0.7182642447434026
-0.5647585604944322
-0.5747355664048646
-0.6700968195548759
-0.580872210795792
-0.709653083905802
-0.7266799952326352
-0.7819541009328275
-0.6527368614088209
-0.5792409613084295
-0.5258635386678697
-0.6422555165416052
-0.5924732885536086
-0.4697495741260086
-0.7878051609385511
-0.6879440012792889
-0.5580297344728511
-0.5724173462598877
-0.6059460793199787
-0.7164942318139604
-0.7942414891961093
-0.7391185705465791
-0.396916556114776
-0.6725405583428958
-0.736557727917784
-0.8467611880167126
-0.7405763969261915
-0.4854324438447143
-0.6245692790240245
-0.5067740874083343
-0.5554046041951115
-0.4656983407686097
-0.6919837010853782
-0.3905384194112198
-0.7399817084249957
-0.6017495792923611
-0.33355566245727536
-0.7689880057220322
-0.37915788323890953
-0.7217145245443846
-0.7415707667614928
-0.7765195609601386
-0.43072838332946256
-0.7253827707027773
-0.6125181855703153
-0.7454951549405916
-0.8099396140196936
-0.6235532875556303
-0.679361867029728
-0.8097944933441601
0.622982544461432
-0.6766585365810925
-0.6014314129324452
-0.6590526838412643
-0.6634732519024252
-0.773836880984788
-0.7934937242022597
-0.5907470000668125
-0.8053028533658635
-0.32644632187920253
-0.8437533276910009
-0.8174628982964725
-0.7666639368357969
-0.6146547840235344
-0.4892199348682802
-0.8316424361327375
-0.6399515192961034
-0.8633704568981534
-0.7357745583642484
-0.80798171881419
-0.6764493344735715
-0.8521201295429435
-0.37207994872885064
-0.48827071448977943
-0.6917929622635361
-0.7545584096880915
-0.823193576734793
-0.7724807509356445
-0.734299336693296
-0.7546216431405774
-0.7213947143543856
-0.5313457184976544
-0.758172964322652
-0.4766247720492572
-0.7065163118392437
-0.7227555739153902
-0.8049772186313637
-0.5328492969633016
-0.788547818778452
-0.8658373430859438
-0.5367469848025422
-0.5297073956099219
-0.4493543126884159
-0.4441087157503701
-0.754848351977709
-0.739414300915829
-0.8091659761714788
-0.7225003996757837
-0.5719518257662061
-0.5491518616850641
-0.6290444161408877
-0.8864766175349819
-0.652167533851114
-0.8057083818280978
-0.6047168835253514
-0.7933300314457086
-0.8786334210269255
-0.850413179006307
-0.5763028663829761
-0.7090488927399722
-0.4340375701197476
-0.5349998094292617
-0.6479685529165274
-0.6311696766392307
-0.5287245989886094
-0.44711966573565914
-0.622825252720608
-0.7388626423249783
-0.8033727618705963
-0.5054328551446564
-0.7217954765312552
-0.577287723977594
-0.6468728549229233
-0.41578517751898675
-0.7973679269265505
-0.7899100511354493
-0.7448074861305478
-0.6584130181598914
-0.710529175347857
-0.5530426514548153
-0.6037019332416752
-0.7360301379513121
-0.6238415311504046
-0.7733322886145388
-0.6762335862678038
-0.8664582496844377
-0.8100079760463577
-0.6772564676880853
-0.8480886801462093
-0.5611801217030518
-0.5429382422543815
-0.8323954524003666
-0.7384540044353601
-0.611703592941576
-0.8054078022853751
-0.38358565932426947
-0.7949488835451728
-0.42865910873712415
-0.584122502571504
-0.7533968194264682
-0.6260914021153045
-0.49469087564975034
-0.5574704852090194
-0.6594905594745311
-0.6365686089130089
-0.47972750967267286
-0.6969225361193837
-0.7404311834406623
-0.5903479110586894
-0.672192506657452
-0.8480431534949775
-0.518091859530626
-0.7676757927210355
-0.7437782535127667
-0.7820977725387547
-0.24107416619074898
-0.6076030709872531
-0.1678384700021433
-0.6234836682550509
-0.7078276401996363
-0.7189369052381852
-0.7075794509981029
-0.6925706042243606
-0.5733053417664504
-0.7474647096701978
-0.41953827749675987
-0.8008309231546251
-0.8125668366592472
-0.843107976682458
-0.8250255848889955
-0.7292795132554367
-0.577643517398443
-0.7752531301309646
-0.5154948475199359
-0.7486465475620798
-0.4148784998501919
-0.8374665003735801
-0.6347642644712049
-0.5700848730412025
-0.6953919817890256
-0.7197000844457532
-0.09663158251632077
-0.6879667703962541
-0.7592417325407222
-0.6435832361384201
-0.6501753592911074
-0.6390332831304754
-0.5125127316320564
-0.5117162092212562
-0.5249277338614079
-0.7659511301381918
-0.7927347200588909
-0.4533055063561062
-0.7705445420917018
-0.7677148977929245
-0.888722850214591
-0.5646189901341782
-0.8458796537049977
-0.6327331873340406
-0.49630112061959686
-0.7900526792214337
-0.5474271457239284
-0.6530047383418632
-0.8324607734856077
-0.5716449654309788
-0.6578196040862038
-0.6364808368939452
-0.7343736328622836
-0.5314725008969327
-0.7526761106108355
-0.7936436500012836
-0.6720238299711233
-0.6471769407209235
-0.7924665969763884
-0.790128960412465
-0.7891323468022209
-0.44978196960994893
-0.5041850987561526
-0.7476065029224013
-0.7247385913886626
-0.8144050560628675
-0.614253469378144
-0.6983795236809687
-0.48220385277444344
-0.680614787519483
-0.806537291028726
-0.8176737038186872
-0.5690821761635877
-0.6941619126410089
-0.6716002884908167
-0.6886777775152293
-0.429321368645393
-0.6455879397428151
-0.6263690047132944
-0.6182097138884575
-0.7553742373458134
-0.7345819044159277
-0.7037314977348932
-0.6925377517640695
-0.6391441472366445
-0.7913686948041477
-0.8528850398219001
0.26364382782003454
-0.7875363332647003
-0.6175530716068908
-0.5933038608000952
-0.539653840877788
-0.863530583529221
-0.3509486213298267
-0.40547906650856397
-0.6943792353255716
-0.7281091006815918
-0.5727246405330558
-0.6156814757139805
-0.8378133930687733
-0.8300682284410915
-0.7886746573335679
-0.711319064199517
-0.6345079988096581
-0.7620053588576196
-0.7873124316272808
-0.449847589495475
-0.7124024078451445
-0.776305400706428
-0.7732811022503286
-0.659381005794918
-0.49503452451926316
-0.5788300466096075
-0.5368140404953314
-0.7498894339450579
-0.753709620369432
-0.760740225221112
-0.728600468536418
-0.7387711323520408
-0.47401968137135997
-0.8651313763290764
-0.7724859142929897
-0.8461720842315019
-0.7908536362270967
-0.3679941319661928
-0.5719494279757533
-0.5657120856951615
-0.7649965216287384
-0.5441312930527661
-0.8151274588584813
-0.7218652817011166
-0.6003729591959095
-0.731512229923172
-0.7884531049697552
-0.5160414385278985
-0.7709529833934438
-0.7749489198416442
-0.42193421666310127
-0.7341240697352961
-0.685496272924449
-0.5982785121782103
-0.7212894127575668
-0.7751920661596119
-0.5680688469159447
-0.6334296350952323
-0.1906587570241656
-0.5182535915060312
-0.7550482406869746
-0.4933337454326978
-0.6920158114009485
-0.852514741594778
-0.6406347161468902
-0.6292636319569451
-0.6185110186031239
-0.6347999096098985
0.8294348565563908
-0.557184845295328
-0.7829438006227056
-0.7022361577305154
-0.8102193784505237
-0.7987178166859588
-0.4835301257767523
-0.675176523281567
-0.8430386368073458
-0.7992349905388884
-0.5054338390256287
-0.7821713611919552
-0.6602861628608977
-0.6417884762940499
-0.6007607412577647
-0.6397745817527893
-0.7136404676268127
-0.7662819167274202
-0.8271112680617823
-0.7936768212251976
-0.7300980686815288
-0.5498145316060448
-0.7584669463146374
-0.8158415548072128
-0.7837032393415112
-0.8003381855927416
-0.8849890343713555
-0.4748409636242676
-0.6546607554560798
-0.7865012182914519
-0.5060758727828522
-0.5388480566256673
-0.5276115636159929
-0.43651989498815025
-0.36955055663203773
-0.7867338937475106
-0.47318040203545336
-0.7399317206134484
-0.4278884249857825
-0.6820296488924164
-0.2135822450868247
-0.7659936390719002
-0.5288048934460376
-0.6869696264562968
-0.663154497392317
-0.7219750646290042
-0.6561533018939437
-0.6167669202658149
-0.5210231905866777
-0.52467836885601
-0.7959217101199462
-0.36989045914125507
-0.42414490556524787
-0.6011729796318441
-0.48227631981897656
-0.7441912918725887
-0.29065604511056664
-0.5903529919299622
-0.6107084113716256
-0.7906082861531052
-0.6933458727230472
-0.5835856803996063
-0.7311589593648649
-0.7783407091067932
-0.7786468161884901
-0.6371240906772657
-0.5966375922334063
-0.5057860230894057
-0.45721418445667183
-0.8120148346314238
-0.7897256312407924
-0.46888467962355246
-0.6272954635873133
-0.4116356555876648
-0.6704632780500405
-0.7689326606684492
-0.778791586511666
-0.624511385420868
-0.5834951254618809
-0.5260619451343376
-0.8044922416966188
-0.815485313122018
-0.8232081847187237
1.6722532712102691
-0.762203723384988
-0.8768049109875886
-0.6410465259904811
-0.6372149200145167
-0.7993733561937875
-0.7973779152353082
-0.8948633579033268
-0.41322889527809165
-0.8426865069866163
-0.7627511074204576
-0.5658712323411067
-0.11419238814813536
-0.7943019498903596
-0.6544483924093919
-0.6544428522707738
-0.6674547790081093
-0.7091455988991126
-0.7466710047579486
-0.689515386504071
-0.7396852028594046
-0.47936322705680945
-0.3966348193170838
0.8853491760243565
-0.8133672759292344
-0.6734053578004865
-0.7674642685837484
-0.5396323199813763
-0.8224498767380354
-0.6432656672330294
-0.8106156580610526
-0.3330679166345136
-0.7530192305897826
-0.4420931388066074
-0.7621288565044807
-0.6814453850342448
-0.4202040281632352
-0.6179054694411552
-0.3643210727080831
-0.6903206770025704
-0.7993779643800406
-0.42378858521130863
-0.5029295477827923
-0.8476290696711929
-0.7057022578730867
-0.7600884248804535
-0.5616451292591517
-0.6439882317448103
-0.5048079509435025
-0.4783648031167544
-0.4400368285878945
-0.7449814680898451
-0.7037410710877725
-0.782133459315119
-0.41522782626733495
-0.6261034513134037
-0.7792417758720392
-0.5262454430243054
-0.15105641784098667
-0.580928848885045
-0.7955530836714761
-0.5584977253731858
-0.5468974182825754
-0.5713949186240352
-0.6606989510766985
-0.6259179360684641
-0.5602361958901771
-0.726026903701078
-0.5660695370402222
-0.7545780902674508
-0.860508835357208
-0.42181531807589717
-0.6945580722007321
-0.6582296448035814
-0.7577592004563624
-0.12927264639933078
-0.753140973257923
-0.5583561455849141
-0.6357424686846623
-0.646806883369625
-0.9405467580503915
-0.4638571431948233
-0.5511400987315385
-0.4507629343627645
-0.49702619418061306
-0.5528987938246458
-0.7606446872706201
-0.7595199062209185
-0.8813565066059069
-0.807583266030392
-0.6446785774853543
-0.7442441346233395
-0.5993599853023229
-0.8511957360564313
-0.7694551187893028
-0.8350602442353736
-0.4346210621321008
-0.7761956880553434
-0.6617044999142435
-0.7826174301115907
-0.4618762186520059
-0.6832870321324434
-0.5047965596963165
-0.7788353372730396
-0.76724255584781
-0.7103381114248859
-0.8532356888162447
-0.7741410066504408
-0.6100822982912756
-0.8146444099137163
-0.5978618943360059
-0.7968984067122076
-0.5566385575876164
-0.5079902165982844
-0.7556631493117121
-0.6227650623042241
-0.6935416589211474
-0.4933860679582707
-0.38385516842206585
-0.38763254228211336
-0.4996443744131726
-0.4175901012005433
-0.5121852270801134
-0.589766763768455
-0.7023224244748207
-0.6587878589114813
-0.3955967043333728
-0.5073911508328257
-0.7793228795349242
-0.6589869569765062
-0.5646413088611558
-0.4782359049883458
-0.6724849150905776
-0.4723732951205637
-0.6207342976783294
-0.7447926488813917
-0.6678784627408931
-0.6374541534658221
-0.8280961589800951
-0.5006896628784948
-0.44604309100698886
-0.7986304230549636
-0.7169499834964496
-0.7896721305469099
-0.4495536441329686
-0.5143638390823442
-0.5289097300791574
-0.4783629864864893
-0.5935730834797515
-0.1988415413538639
-0.7097471403848961
-0.7965604278510726
-0.665645088814634
-0.7086564550387475
-0.8266102893325618
-0.45153475910363033
-0.8911237599180943
-0.8521858749602241
-0.3783986080604634
-0.7734245161360529
-0.40081487004821226
-0.75537702955334
-0.536330949269919
-0.7834194105812686
-0.468373771630918
-0.7076181279953855
-0.6992674782251426
-0.622081750279652
-0.6923115652483274
-0.8484194385329701
-0.6204982713201178
-0.6131261870346392
-0.6188780575447224
-0.603853349394333
-0.5449564387225596
-0.6555144860811891
-0.18664661734878307
-0.7862273310882097
-0.535096155212946
-0.8111200668392358
-0.655847224687038
-0.7498702291987647
-0.829516567346888
-0.3629436092756853
-0.5308213358728544
0.11183319574583132
-0.8324370409941905
-0.4024544684355186
-0.6436954500966598
-0.6990957879070506
-0.5506589671647701
-0.6902828913907234
-0.48136571199314615
-0.7726378587293508
-0.8300931226842633
-0.23856072814965987
-0.8423660073882323
0.040537911124686785
-0.7774420599150161
-0.6494489026976236
-0.7607210365868138
-0.6695335624764751
-0.5790288370721235
-0.714975270097091
-0.8022548503049229
-0.5659108055971264
-0.7010856010044149
-0.793361559710262
-0.5884965827899632
-0.5349066085684434
-0.7374768461358279
-0.8112602864619416
-0.7787883822837579
-0.5517547618280999
-0.6223768614421806
-0.7501085142801811
-0.6655274609323456
-0.49032135868014926
-0.5145672816814334
-0.32650155253470614
-0.6120293333755152
-0.7659270549820572
-0.7358842836243271
-0.7090689765672487
-0.8181080521062937
-0.6684517747180024
-0.6427964266074466
-0.1433373660400171
0.2625931864183743
-0.5106458312791529
-0.6072201633377463
-0.5586328616645515
-0.657498022547831
-0.7929325658737235
-0.39084529628833803
-0.7970900415531978
-0.7119440353853792
-0.7758329791006322
-0.6019381190208419
-0.640492536680119
-0.7969440863185203
-0.6258439260336026
-0.6829863337854916
-0.7718344963747505
-0.7974179617250832
-0.5932117253275133
-0.5684382010455177
-0.7859336158779554
-0.7479641407975992
-0.5828537029694943
-0.7449504529064344
-0.5997563554287771
-0.9093571234069289
-0.6407772186442133
-0.7172366272977567
-0.6104288709071144
-0.7064104022176826
-0.5224726420854658
-0.6804233312914543
-0.5189636435373274
-0.7993068475635744
-0.6139391739581304
-0.7881999390749732
-0.9138516881381891
-0.8409666297714016
-0.661486580288327
-0.6654670290626802
-0.13770529065138895
-0.4531729685034832
-0.7215522601501335
-0.5318998847203186
-0.5249804728855816
-0.670089749609433
-0.7088398426467108
-0.6513998225513827
-0.7720670888580607
-0.6765747321956779
-0.7458770917506017
-0.6927320120918377
-0.8039695818945037
-0.5930994969957414
-0.6243569442316156
-0.4457047030495811
-0.7592692409686312
-0.7970822744030966
-0.4749447498408987
-0.6410778253613533
-0.4294567184465519
-0.4160907360019936
-0.7926943071238622
-0.3868819478431542
-0.7951468608063493
-0.6094698080857472
-0.7071948573070886
-0.8199608899223995
-0.6054390205058681
-0.8554796645108252
-0.8424320622056042
-0.663103841521995
-0.7049098737055031
-0.6641996665458096
-0.7829742848135817
-0.7150612078036719
-0.6654517539569748
-0.6761910794483766
-0.10825220040478693
-0.6487599558495007
-0.7023989668136958
-0.8044812760846389
-0.6802135536056786
-0.5005645149165047
-0.45977633302007603
-0.5133250189863696
-0.5956237663202049
-0.8005549703695821
-0.5551558869523575
-0.43745846842944436
-0.7026978607220857
-0.7698960305956207
-0.8016090752926869
-0.7443991614053822
-0.7164698354410236
-0.5209212806878363
-0.4961553491995355
-0.8677280729229067
-0.77657117139997
-0.7717330288240858
-0.7923514203675471
-0.5682012746076267
-0.8218944836139337
-0.567258834709025
-0.7551367846091083
-0.609478724232336
-0.6237781208035149
-0.8207168753193402
-0.7852487930610191
-0.6217292318382288
-0.7431499149454524
-0.6875798834479284
-0.6195248826806076
-0.5373049587024279
-0.5167070503612214
-0.7585264627618935
-0.6370606030731567
-0.6729377727437422
-0.8194626639649536
-0.48723252697303976
-0.8204215836456581
-0.7439339289821735
-0.8559093848166123
-0.6831131935404179
-0.7750929076861289
-0.7059672472541364
-0.6944123089361697
-0.7975657402359155
-0.6088876936073874
-0.5948569358088599
-0.7418507658807134
-0.677746381529324
-0.5282402388120654
-0.6093457583856478
-0.6422172597283764
-0.5167689625226388
-0.7496532578371663
-0.6952246573432466
-0.42117134287972013
-0.5643418257481921
-0.7192986797650931
-0.8824895450934634
-0.7338312146960797
-0.39071454255371985
-0.7819251326467854
-0.8242554243401526
-0.7039767788237125
-0.5257061467332309
-0.36880952536648526
-0.45194954734253556
-0.7879793715298627
-0.7581655959852511
-0.7864981060647481
-0.8628934412581382
-0.6752335571650853
-0.5153125378954277
-0.6421100400337071
-0.7191861782381401
-0.836120793510281
-0.5991789319258151
0.07738273957395432
-0.5440687673529597
-0.03246165169554099
-0.8106530420593714
-0.6476636846556023
-0.7477386106630277
-0.5971619758284226
-0.8294909533716505
-0.8895652624114115
-0.5526902307276559
-0.5940734449265025
-0.4174389814509857
-0.6269631185516751
-0.6049775251802554
-0.6454860319374525
-0.7590889726094378
-0.7282385488800558
-0.4884071790817282
-0.5533635481789263
-0.697144262133725
-0.46974269879320085
-0.7267181192474995
-0.15987564087231054
-0.822054535162684
-0.7288325761123321
-0.6679920342370446
-0.670802021433016
-0.7390724392485984
-0.4989591236812647
-0.3646935637184932
-0.7806477153306614
-0.6714353736980242
-0.5054098345503338
-0.69768773967374
-0.816825833723962
-0.743272769882517
-0.6507141396956871
-0.8235177974319198
-0.6106270695572098
-0.792224174946678
-0.555562123973358
-0.6166734260245131
-0.7492364453486415
-0.5499615694392074
-0.8030715180702863
-0.7643089250701123
-0.7795201660761488
-0.7640003071398769
-0.6318513191543834
-0.5753707341934982
-0.47221256265583744
-0.659490486913601
-0.8754156236388779
-0.658139138476598
-0.7854042909653591
-0.7518661777247606
-0.7683042842128213
-0.8131791016884007
-0.558154841362354
-0.583137593570412
-0.583585298052763
-0.6911658435506457
-0.8038388325550408
-0.19116593688847675
-0.4945072908634981
-0.8592246987121018
-0.827933685332277
-0.6955831689366571
-0.6759558881983898
-0.7208225435205713
-0.43606052347425767
-0.7894226953032256
-0.6806679346344956
-0.6856404506580679
-0.5985868850541425
-0.7315452951862844
-0.5842372389266136
-0.7256538188329207
-0.6823478481180061
-0.6934520204047206
-0.4475530421827391
-0.7437311941939987
-0.8191787705613085
-0.6383640905768065
-0.7482801320031425
-0.7906634779900039
-0.7816942671972749
-0.5865472594949802
-0.7680579147747868
-0.4211047401130784
-0.4753189098579425
-0.6821289573505724
-0.6435997674989395
-0.7808816715146415
-0.6081446908462166
-0.45123549902248083
-0.7239673348818213
-0.6855536132888274
-0.6364778499713011
-0.8907903374526881
-0.8087330218121528
-0.6730301872973309
-0.7019127883589886
-0.5927113504976005
-0.5142160167248416
-0.535157714005663
-0.6574246733669646
-0.7100628405996235
-0.6254226100082939
-0.7408791014815299
-0.7495135577304328
-0.4975114806917357
-0.7660993733298507
-0.6935082871783074
-0.711510058887885
-0.5020523547103073
-0.5182883616042832
-0.8259771275462959
-0.47875727646777433
-0.5621567106967587
-0.8348937921258459
-0.7638768721242826
-0.4811878868056275
-0.8439344646608886
-0.7393164542670502
-0.5327171240812353
-0.7062549132766518
-0.8008875245918514
-0.647003555643977
0.030980533114610024
-0.6408741244446436
-0.7219860379153337
-0.6962637210341429
-0.6685868130468555
-0.8045432720712719
-0.6225558852131027
-0.6946212523886515
-0.6894956303029613
-0.878202556755562
-0.37419994682652524
-0.5521793134708909
-0.5260996676029385
-0.05668347497622426
-0.687995394859745
-0.570496792909124
-0.6908651762949621
-0.5427866416108291
-0.801326132174527
-0.8680368612482062
-0.7995080707819829
-0.7277367901629929
-0.7939858661523205
-0.8101227883940382
-0.6927984747118683
-0.7300668218758742
-0.7142778074916819
-0.06821589393783728
-0.3349249732147088
-0.7239296344421224
-0.7131169763419705
-0.4689547960715789
-0.6553615238414491
-0.8088631064388382
-0.657149488167428
-0.8272860133540072
-0.7979264287598127
-0.7699001167060059
-0.5598206801626547
-0.9184018781808504
-0.8152723087846292
-0.7395011057576453
-0.6906962169378718
-0.38817887164873177
-0.5998337152982431
-0.6874151624342291
0.09946554342872072
-0.8574947828716807
-0.5447865174573556
-0.6821444128171921
-0.6821437999125871
-0.5874178866264701
-0.6562829440029576
-0.8038312136858303
-0.5929846304213165
-0.6303123623021795
-0.43397337502282773
-0.4947568839183938
-0.7169571958930417
-0.4517743294729595
-0.30265753029374304
-0.23942647304965656
-0.6458282875102879
-0.7385867192618684
-0.7577311345134249
-0.053167689125684835
-0.2569969987447393
-0.7132748386856418
-0.7952698696725009
-0.8218107355238881
-0.4240291814909334
-0.8070516042078502
-0.8170884521429435
-0.6063334771697452
-0.7381380842892111
-0.49387058910862364
-0.7913124713078261
-0.5546405077168971
-0.6955919913555147
-0.807455091227337
-0.715196679805404
-0.6182540591931582
-0.5267552030670607
-0.38833410277852914
-0.5665835960315425
-0.6375419846196867
-0.6290567752485984
-0.5903723086557021
-0.6278642480425196
-0.8063276011623289
-0.7199022138206592
-0.8827114324619365
-0.3481597682583521
-0.7938778920919208
-0.42495785670263897
-0.5273650775060384
-0.5839941289112761
-0.3188252969943623
-0.7354534790007698
-0.5136492153783246
-0.6671185531400793
-0.7394797401823429
-0.7508571920388066
-0.6042065287171854
-0.590471070621065
-0.7642928485973308
-0.8344894172834253
-0.4807802889290399
-0.6687220035504031
-0.7515514988073296
-0.5830340814503177
-0.3628517148612054
-0.648155862712535
-0.5480748125677032
-0.7034046911440934
-0.7693490045194056
-0.6099238638546172
-0.6307854378846841
-0.8005810832790694
-0.7930188520467212
-0.6954875188421096
-0.6827801353619061
-0.6780032034090923
-0.5895096300643099
-0.7527649793562077
-0.8423365735402738
-0.6756090927124627
-0.6492632969018394
-0.35190742228574395
-0.7048175244765554
-0.8927273753813322
-0.5440268827730788
-0.7735203042098775
-0.8652325753410397
-0.7443248889687327
-0.7594209125416166
-0.7201187809256447
-0.8095226186960685
0.32999614263573196
-0.8797620230339328
-0.18934194413191335
-0.7221671207780318
-0.686573382904821
-0.7482646258531814
-0.6668634833154962
-0.7924260803743753
0.27221272982980355
-0.7020857930511363
-0.4091546077025993
-0.6941134402522278
-0.6043911064341057
-0.8528363383840324
-0.7514826119083112
-0.7003704659045178
-0.7002891012043824
-0.5831412811978
-0.5525856813042117
-0.7714424051038453
-0.6756743063678489
-0.6478766626175138
-0.755968200880516
-0.7821526199933779
-0.6211498692449782
-0.4455102503387885
-0.4244170093739337
-0.6926236044339152
-0.7733120162148693
-0.5741028130277057
-0.6238759067597717
-0.7936537851602526
-0.6900146687536864
-0.6874433004279649
-0.7912748083018779
-0.7291927696411444
-0.7136020372008334
-0.690741809628877
-0.8258298364508445
-0.5571625341297648
-0.6926101751800205
-0.35980710735068827
-0.6939145078134973
-0.735645636924677
-0.5964428769844178
-0.7243138215682842
-0.45075354392147815
-0.6253795566988469
-0.3673286861732957
-0.6804839824169147
-0.6997659241187377
-0.46984854778665847
-0.7925410905953746
-0.4651918458978713
-0.4242607303715434
-0.5047967650401851
-0.3111851576451977
-0.7136513788492279
-0.7235146897261314
-0.5012929403307999
-0.6673641203029494
-0.6884689707610698
-0.6504383505450944
-0.5411660100567308
-0.44591118372458155
-0.6914615734521399
-0.5582603584522496
-0.7330094192073915
-0.8287939435623758
-0.84909760513991
-0.71460702555419
-0.5737829876260252
-0.7075347818365119
-0.7313284213129048
-0.5143325615824239
-0.7901983199211338
-0.6647274058957058
-0.7841295738332071
-0.3225727114685747
-0.8990098048286076
-0.7740442965389641
-0.6141020994997604
-0.7936641167057853
-0.5856090343584306
-0.7146661639425039
-0.6876582450162212
-0.6601282185589641
-0.8644703608483593
-0.6890169646869679
-0.7772637511010964
-0.7403176383855202
-0.6303384783056809
-0.5949543037266186
-0.6370253779700155
-0.7540049577042855
-0.6432427750663593
-0.20439237674311514
-0.8125748731295074
-0.5614682257006521
-0.7291473135529459
-0.6725180725570122
-0.7966422443409629
-0.7001313322341942
-0.7444840930485276
-0.864227594705588
-0.5087754963860411
-0.5165822808743297
-0.7809293242264523
-0.7760916582110804
-0.7312549754025718
-0.8312457041709166
-0.6838728162351182
-0.6574041303721289
-0.5701431491006757
-0.868527491686453
-0.7260241783888332
-0.7709034431884074
-0.8180150462221346
-0.7948492302013289
-0.5943772311298359
-0.790331579987839
-0.6199664633895431
-0.456181285576345
-0.7227598410572156
-0.7118008131255096
-0.5429843120441633
-0.49765169854395086
-0.8133426648884771
1.29015261970735
-0.7991638320499983
-0.6370336263570725
-0.7340469284149307
-0.8131936921533024
-0.41346430597840456
-0.43428914591637935
-0.3550013088428523
-0.479343657403378
-0.7791438950727253
-0.7117699351978456
-0.6923309315292586
-0.8904561113493672
-0.5055323978786563
-0.8030502181173392
-0.5891363135637492
-0.5636487270700332
-0.7783850840265772
-0.45621705718520267
-0.488929175442515
-0.6000136058695081
-0.5496733402911644
-0.6568909626626718
-0.546500585463006
-0.637934979534988
-0.4909350715746256
-0.6598076003911914
-0.5649847740667109
-0.7694730610008625
-0.7378337696021383
-0.6602337570298139
-0.6084076138888956
-0.7913605677206381
-0.4563385028521844
-0.5206894947798276
-0.723540336713981
-0.8358647772739402
-0.7598216636664911
-0.5374331858149648
-0.7428994698062968
-0.8006874395634658
-0.653237817095708
-0.6168898931219691
-0.6299425614613353
-0.6357582544472785
-0.6251486080958004
-0.1385831205409544
-0.46663759006426847
-0.6489450740975583
-0.4889157729910581
-0.5923786815070277
-0.5653652344691446
-0.8141361067612882
-0.8424424889146978
-0.6086417660204927
-0.4406794774349122
-0.7459971310255163
-0.8354924270220795
-0.8433276424225583
-0.5631102491549688
-0.15999560016358066
-0.6812439369416531
-0.6068807021181777
-0.8783214676416372
-0.7866836282987719
-0.5337588558357813
-0.6000292747339164
-0.5643860641068397
-0.7483520543465292
-0.7420899141709062
-0.5093624256319497
-0.7436343729892668
-0.7641220962392532
-0.6001586760816305
-0.697510080924733
-0.803753974473146
-0.6873727526594517
-0.7205898440110753
-0.5655035666107464
-0.7861910501004356
-0.7549356090725947
-0.6029753305916643
-0.7652414066893855
-0.5736580936336027
-0.6594606619018765
-0.848382000949013
-0.6070443354119666
-0.737151395875497
-0.7533264595646125
-0.6843964629682832
-0.5478824636213615
-0.532596744472273
-0.535080425748785
-0.6178620302732274
-0.6255870147778255
-0.6746824276096126
-0.45572287680181683
-0.618216794679214
-0.4745172845572025
-0.711038967681486
-0.8030236568326317
-0.6045931533297985
-0.6396732021706072
-0.8271802968410342
-0.4445596316462911
-0.8573506957951668
-0.7821820130928607
-0.7581614376057102
-0.5068950788584318
-0.7246423182200973
-0.5472951817507354
-0.6273946716065553
-0.6564195066904821
-0.49179816539755405
-0.5484190494588254
-0.7729334958188583
-0.6585529273863434
-0.805074281964104
-0.5352452342971191
-0.5817366946932574
-0.8931145090365393
-0.709745505121341
-0.6302306497025466
-0.58854776683374
-0.5855242946139984
-0.8423612593795959
-0.4172008563661344
-0.7937850997834197
-0.6994968908400898
-0.6309967779710586
-0.5988925046771867
-0.7661045868903629
-0.7502486794150902
-0.6665817505034831
-0.7836064683658179
-0.6957491646810179
-0.8149560107282035
-0.11383255144858123
-0.8104619714368984
-0.7961167655016689
-0.6118943782655273
-0.7922162213954909
-0.038069444920243674
-0.5375941190610295
-0.7591891653879238
0.3014778484382333
-0.5376824474533966
-0.7427245174324559
-0.6317178504766153
-0.7525256187403424
-0.7790365844937025
-0.6048045135734256
-0.5461697785253016
-0.3191872203138976
-0.7127503967249065
-0.6982845180279923
-0.6945908490277061
-0.6486923336633074
-0.7303654252039609
-0.7668464280515941
-0.5896539384533473
-0.8353684842389133
-0.6905672633840464
-0.7635557719779131
-0.616758457688366
-0.4008568983498761
-0.6110438302033391
-0.8346960329976031
-0.7330972339808602
-0.6184912620433742
-0.43104143645381726
-0.6501843947924631
-0.6071107459614471
-0.7589400190818002
-0.6490048737309976
-0.7153739744818438
-0.775831299209992
