2.6408012729577726
0.522683465731697
-0.7227865331435859
-0.28540446407938025
2.6917738518858445
7.551841269117119
5.597620877955379
0.6017019833790929
2.5869903514432315
-1.4106664822629575
-0.10542601044115762
0.9189341461434345
1.7069993758189113
2.3562927191270764
0.6968166113752526
4.108993110203152
4.818055958272722
1.2118654442380334
4.491529432567147
7.345948394298013
1.2257471241121742
6.159711649825828
-0.06125214470980617
5.055691962645794
5.5478325670229065
3.611612328827643
1.4921645456533872
0.11646929678658907
4.083051848576196
0.10441715968614151
0.6095337629322785
4.278662624298722
2.2548078836939838
1.5526711752718798
-1.5492850259820574
2.058461595410385
1.1709727434681205
9.172307767383025
-0.7193503651588282
2.252936029027562
3.560079351503403
3.846144006571798
2.375226028495229
3.4343315826156475
4.359774947458249
-0.05841121424570639
3.0769308141424463
-1.7743707606164536
5.494281673197936
4.955604624513214
0.6068206756833832
-1.9528333994344866
0.6049984344372346
4.705281367280066
1.0900897983789606
3.620577032185189
5.90688334248803
0.4104888070494478
0.6854664971361561
-0.24320204036180504
2.8898672867552393
1.697277181435779
4.561314186300803
6.115123229061666
-1.1577742279044934
7.232183395992194
4.746194101833373
5.590861723072481
5.936448094907006
1.372410995465378
3.4350730065563453
0.9634028212821455
4.401342001669501
1.392981375744251
1.240941683682264
1.582881405902456
4.1610661466462915
3.294665680823484
-0.9431544611838429
7.270770575144352
-0.27718418189612204
2.2615789474500754
-0.44734465802125456
2.752182888117446
3.0986208063730984
0.826166406506172
1.0370549957656523
0.19177852784217653
7.251704307635878
1.447380128977926
1.8810300480216815
6.699814836639028
3.6121080850719296
3.5683962557567956
4.647654214075585
5.555980827372042
0.8535122021463426
1.4487262366004685
3.264533041947915
4.831106914902618
0.5052623852708622
1.5119005879243375
3.346708594706868
5.216645522008103
1.9731508982995107
1.7590705642389064
3.8194578193374262
7.883989402858035
0.6805597340058146
2.295832169533035
0.6237622326562708
2.902901515420118
-0.2593427874943768
-0.20811018647790935
0.2672553604397373
3.4218419730176626
3.5198709469333775
1.4524506908746118
3.7994814261826066
1.8747313627302786
2.215143301075953
0.23885525999767276
4.502063762000382
1.908177879805498
1.09437595858826
0.5059985390395753
1.3115895440108298
4.033425468779143
2.9534278369396514
-1.198554390988067
8.316163040874914
0.5355741512125977
1.3134005698469016
1.4402094203743365
3.8086594315027185
4.598005875175977
8.324367883300578
4.328440288134884
0.749565966292758
0.8465759098603767
1.2531018469817095
8.001939691846431
3.0448070181049753
0.5385372969623312
6.748289980232705
0.312534138032756
5.547046891976624
0.33496824092062294
1.5979748535640566
1.8372886455139834
-0.08501961357780552
3.8385892775192825
-0.041097083006104346
3.5176219709694685
4.37092830747075
3.865760105210876
-0.20551915291871625
5.280605961732556
3.3056852910513723
2.187309430667348
1.5621329588798276
3.296565272808766
-1.0354998686277967
1.7603998719220044
2.216433137319878
0.2702637325838376
3.7504426123736723
4.155373003327922
2.203722520106147
2.099073753334051
0.8785277804910256
5.388391188292828
4.5841479033065555
4.722485140242224
1.9515935141269956
-1.2327424319846325
4.350184106276122
2.6250834460681793
1.2131829518331958
-0.9651794972733253
0.07933433020154916
4.3580466522747345
7.375583921770243
2.625823667497041
-1.245225222322655
4.196015868811208
5.281674168684054
5.0979583458216124
6.107092582018671
2.0107798096287564
1.7122658175156578
0.5925636348148283
6.105809369654006
0.8592311614112649
6.367177622559007
2.178847360621801
-1.4881882062974408
0.5016951764848958
0.9550650299193976
1.8094904597061185
5.270542686470264
6.050087194454932
1.6416725403267491
1.4475421439830805
-0.9909412437746521
5.13002722309744
-2.0528036032002848
7.438363873607684
3.483571883347161
0.9203219995205243
-0.5384564515508017
2.9377082283168825
3.945120833858539
1.5569994348861576
3.306932720764798
4.307401382903636
8.307104138725256
6.389438340024357
-0.2439698263185043
2.0035746938727916
5.830037390340344
7.14838863230088
3.9280267554119854
3.7829810343464567
-0.18083204151865218
2.162197247653227
-0.5915260588348058
2.1065024968244384
4.829342122276739
1.3179628474529645
1.2952610749871456
3.3381936378853196
-0.5374488680911724
13.430146558762077
5.617608334775323
0.5507868261954169
-0.18000465795367537
-0.8424387247225853
1.9090854703012867
-0.15347632843915887
5.7806592686646106
4.012606044122903
7.0100853654138575
4.89450489988244
4.708120910164706
1.185641220552834
6.878604059410247
2.524863699310639
5.87862882650206
3.9480674789643544
1.669846964237707
1.4282736541026373
2.383979715406551
4.37923943516078
4.264902760307992
4.3787863238457465
4.336985234670423
5.656109919644397
0.7219029832091406
4.188190115864412
0.1929517393963882
0.4651975907516801
1.1715943019325512
1.529399767507551
1.1511598617696832
5.542866247253315
2.9843107976164465
1.4606276343931683
0.22040563058516383
1.4611592437338328
-0.9424167542141525
4.672830814463593
3.0062204433857933
-0.5373606416007695
5.371487525787085
5.995183983336714
3.3693322450090615
-1.710735773404621
2.35238778005563
1.9859398130625532
9.147380447539694
4.320839277503233
1.4001443052620977
3.2873438987316463
2.6765236201362783
1.7907925539696992
6.899421680621365
1.151241970682212
2.041264189092972
0.5065542116055004
5.092460063267997
3.0370130356471305
3.896983731974409
-0.7975789898715607
-0.5809256089207728
3.2186915313245956
9.820003085421254
1.3236494611130367
5.535378583943459
4.482618790291717
1.6998351785210137
4.975483718913146
2.972502924361683
2.9715856588788907
3.782014212902911
4.005900229617165
3.131022002657981
4.052420006205583
3.5320883696642165
5.36441892127787
2.1979107089514285
4.912791815824949
1.8743749124816795
1.154134659720047
6.20229018248956
0.37419239201990284
1.4068271331044953
15.189132122342533
2.429386756161836
3.7976522024989503
0.5686250894146209
5.2988114795808405
2.357319726674435
2.2395695756124114
-0.8433120784754877
4.690099032639791
0.6927642073178178
4.009233675658601
1.954833974668439
-0.5694488066944803
1.1015960940968448
10.218164750885762
0.33599901337722293
2.4897345369042716
7.474152421858066
6.265304460691496
4.289433045755255
0.9553353128363796
2.4114490014345646
0.7192927354615419
3.5979528302084787
1.975924109719889
0.8135774541030285
3.4435034055240097
4.796053496482126
-0.9625164318880678
3.7059663796124322
2.198145103338647
-0.2026696641371234
2.3997080254648266
3.308483146513656
4.413654032677481
4.3500742793114116
1.4609826199998
3.958937239138261
0.9581581305432654
1.6380996596453077
6.39258129940848
2.943582061956938
2.3047374075523286
0.5738368824912464
2.4564140601627416
-0.002189289765397534
2.437547945687509
7.695153015035815
3.960509462859263
1.8577586145793084
3.5020714490791787
1.9127240259235792
0.06672619663512575
2.704367554729126
3.2748884576576875
4.176308265072116
6.449714282443836
3.701606825165882
4.92397283949511
3.8469206390834345
2.7657919983753705
4.699112249303643
2.7056846408971005
2.3714239904584997
0.8101162812266332
4.557096338186269
0.7254664990484048
2.1888072069516538
-1.1010457317481552
6.63686268956759
7.480523116721082
1.9587027846654577
3.1113152220857523
0.8903986617877536
2.084440452097273
1.1036450691370334
1.7603399429368465
1.5993602490091332
7.01385332240389
3.1509534775284287
5.383949580591307
8.062133026038257
0.37678417783949886
2.5763440919248595
3.9352869370688266
3.096778041734096
-1.6511107403538865
1.705730154808228
1.8518826052703639
3.957043666751501
5.164617236300811
0.2693474760498534
4.930516698905599
1.2111898831567025
2.721906908929665
2.453793109134416
2.9540909089377596
3.2088885929929836
4.698548990207946
0.3484454968544455
2.5376832170464136
4.0381892283726994
1.4436290076111273
0.8519929721636805
4.5576221627141456
2.9898470678273403
9.515498366117452
6.408206643748373
2.246419440095176
1.1082148217674503
3.662137573267644
1.5553178990871812
4.600378690370006
7.587369194866733
1.6633581817221712
2.3293996619831487
3.6978071723207577
6.398468695842306
2.9667861495579713
1.2575872107900936
-0.48261334676975354
7.1509115690641005
6.035592898485588
4.407867943206221
3.3669150005617956
2.3096479188616628
3.3255814830791848
4.077657442913951
0.07260222509103688
1.253221570997212
0.09997622069123391
8.075942802548974
4.454817999012961
6.4541808999401535
1.2549369344096664
3.3052882622202846
5.130419936638232
1.9067366783879869
2.3373212486550496
2.786483770842844
1.1763630166956358
2.7754914719743944
2.4362268424392113
4.5145109143020345
1.0496119345024548
2.006187958579055
2.8063251918505383
6.584689391553969
0.624565135715242
1.3674470294535177
1.7096951677988865
2.2419750997469325
0.48979906074015056
-0.5090452780507971
2.8364597512317884
-1.4895885349770484
0.4458826766622235
1.08805130219558
1.0643265286733221
4.518344981821084
2.26203504835011
5.733481731588731
2.0614149219219318
5.221718088682973
-0.15048267685822936
4.061491274867936
4.679672257301084
3.7989475021189776
7.558460410074911
3.0072786516134267
6.526913444401538
-0.7492029686590336
1.0393366693053852
3.958302355053021
2.4041924178936873
3.3327100527100995
2.222292428060727
1.6511535218512758
2.7673172068999925
2.236891134534784
3.393088546986236
3.0878949306277903
3.154449973895308
4.9657512409464575
4.1997911009546005
5.853625226915258
2.332351306982369
0.9483862373936545
7.663785040243919
5.2477206749392895
3.023747211900223
0.4084248168260398
1.0228347234194837
1.1159985678635065
8.73649032179186
6.336546826966709
6.276378508998032
0.06246783800545658
4.9091189373184685
2.999958997774142
10.082507236931042
1.9183430497977225
0.7153257175628343
6.746212845355233
2.9752249667283075
-1.0704987204005818
1.4293029854784804
4.165719462459542
-2.4158819453908946
-1.0432387965323497
-0.43417736559566333
2.107321367017847
3.2164019812765394
7.400982582651403
1.451169949919091
0.4980479451895859
1.5893723802994464
1.6896043987082843
2.828552084145577
-0.6507230440044327
9.683952527681251
8.307844335725898
1.5918954414627697
0.22710193169248255
3.471904027527735
3.467617519700312
0.08867880594621602
6.958740773961922
2.0993616538272146
5.4876126274604395
2.274243918822236
3.1825273460140853
3.792762465999232
3.0341368317200197
5.550530272622478
-1.3685089471094312
6.076795178460777
-0.411179519035942
3.4753767368967163
6.088470584241369
4.032835229651633
2.8877514024901885
8.344702910612352
3.914232779312612
3.4803187417554975
7.8654147648511605
1.1554000865140082
1.2076337221668743
5.348654478340663
0.3246117581142717
-1.1312807168255603
4.872273956222078
-0.4166911814834931
1.2450334793296864
3.6414236911134803
1.4454012012665354
2.8596277921710698
4.352432429933347
-2.107653834897448
1.9083563214102894
-0.960337626866174
0.024494708732774706
2.331902597634244
5.8006751800758884
3.5281498548162062
3.6368440933983375
2.729539788308796
2.9341879366954893
5.572294671028444
0.5948259383533964
6.540845148007428
0.32752207635103625
0.8487057888724634
0.7171458310258064
2.484977234880753
2.897178999050742
2.7002163640908012
4.057880318621712
1.3754102542368565
1.643886904669125
-0.08908571359010331
3.538828080576021
-0.08705419444918472
2.7926602564911063
3.2267413435568937
1.5616849563843371
1.2636379768984776
1.9843726858971278
0.6364829116490196
5.077750486847666
0.6853937571109473
2.1969512929862423
2.6990575114201962
4.699083146035326
1.3787082920248968
4.157220914077596
-2.0902758221874587
-1.169001049230049
4.884710402257819
2.6704532210233713
7.202929685017425
4.803357156312968
-0.33353361952121696
1.6581548212305428
1.364867311146822
0.8409495056325764
4.058072710020478
2.6846843336913415
-0.10924944932448222
5.767032831433765
0.7496201483894596
3.7817453569261823
-1.0131896527130426
0.6702766309209999
0.3197508134792628
5.644026100753368
1.3680465550020635
3.9043745651759587
2.52215391033415
1.124910663966252
3.7382596810645117
4.28693877707923
-0.49725541290563224
1.7068958288613048
4.3426364244034525
2.104759940693586
2.272909404537514
1.5212021168472323
1.6357779372161991
2.9289003500906303
1.2841536754579568
3.822163987325869
-0.4672149854186346
3.8200346145801274
5.176139998602138
2.1301150204668557
-0.33383967357940986
1.1022736543208724
7.776961384522979
4.132565047260715
1.3112236171819305
4.469019851336947
1.173804504834369
2.4922075807384427
1.920363446839082
4.740464412679555
4.734108056260373
-2.068554187408762
2.8072398303722474
-0.2879929125747058
-0.3240299736982683
0.8412073936299416
7.181080955708074
8.213785624250207
-0.3503149905284384
2.961213170663319
4.818930423436343
4.142639927961678
2.6091786529962024
0.41738534039747566
-1.0053100147002825
4.1320295306175305
1.0210898622811697
0.9516260673594048
2.08759709283907
6.586060860916204
3.23971545479845
5.2438985169274
6.008987489711153
-1.3483323167696284
1.22121646004963
-0.0595933373549864
8.198913894376105
2.5050457835350546
3.28301068748911
1.2085731009602882
0.10997099191078036
6.323518069056522
2.7188997987087435
1.8143871656311188
3.0190534686734347
4.0509656409993715
5.38070910410967
0.8531303484583375
0.1910422549056111
-1.0154769386284088
2.9221952265111018
1.8439866450089029
2.2225786947615864
2.4443034954979783
7.332416380382031
8.01968214330638
4.245821731998134
3.8351013696148426
4.822222260782049
0.4975211113479162
3.1909415046850667
1.7009471711854771
1.5553983853996547
7.993923864583507
0.9881486505298434
1.229943388261621
1.5980709992151094
5.842129134731977
0.0021636347482945073
5.795604571997813
2.2072950339762394
-0.32751784541599493
1.7237514870931547
7.092773518875858
0.4170924722178113
2.903688355506375
2.5557452524709428
2.6573960435792623
0.5281288958097312
-0.3850732091244009
2.436130390187806
-0.18512925928918145
-0.7035851860991004
1.5845541550108042
-1.0141927824012242
-0.6623087414074467
4.254693018246421
1.3613021139053285
7.028934584244826
8.523127920734968
-0.40191253367284885
5.450845366441332
1.7413643519124564
1.91548053659939
6.425106025130299
2.5156231459231027
2.2268745912259607
0.37597039660801856
4.635884896832595
2.289218075402805
1.5454629013194139
3.976424707902378
5.153316899991185
5.4728262514557215
1.0663385160513394
1.8681048082824128
3.4138865542843115
2.7478995971971063
9.590694271927653
4.303929680858636
5.9763007094491005
6.20089852110298
1.2050780822499156
2.0211136316813407
-0.08359045692167749
-0.8601340639076395
5.606950219444151
-0.03467326766819845
1.271364972640845
3.6615676505750887
2.3455957465473234
4.6012169471902755
7.785026218392361
1.2826526643567278
0.8677739329149493
3.9996468074220055
-0.16928965108573446
3.912981270069513
1.3829380766855297
-0.7430615746706343
6.897591509347748
-1.1792052531056216
4.40818944897406
4.16875448203923
0.8770973326332091
2.4750153775811086
3.2177426654160226
3.1981453867633785
2.593801597193462
6.468370530096994
3.275396926626217
0.846846241924273
3.2352913155340683
3.031791919091734
-0.009049521224862966
-0.6637205928365981
3.0326745502780157
3.513443898271025
-0.19495341396225727
2.513510474407502
0.5349116236226108
1.7442185852943877
1.1109864980980682
3.168984804716832
0.6239507481680251
0.04560828349546231
0.05622720695006023
-1.2834235374143554
-0.08038163097288609
1.9381886101065589
0.28826798807589715
2.0682725998114644
5.032611381788946
3.2569562578259488
-0.16641735489401316
0.21963256461126535
7.495560625920022
3.906152917782614
6.210905441203088
0.9774874031080154
0.6506976918073499
4.753311509993502
0.23769795337387734
0.47219623416847634
2.0679826782711155
0.9559490631152878
-1.8241934894323264
4.47335416391833
3.1858762747424114
0.33898251381767563
0.5348825624099051
7.3539527473955335
2.30415637979646
4.87726287352682
7.987584076723506
5.9499461900561865
-0.3324202504618502
2.829545785484833
9.347557460737594
2.0398313427887373
8.264052032256146
0.11854732682784008
2.1713662259373367
3.4987875146793996
6.2435395685776784
0.21925600577326954
4.22971574613743
5.122592875700521
4.868128678972811
1.7318511035667914
3.3796333930441738
3.6618243894392535
4.294129263421331
2.3172291422650115
0.14851395839589754
4.941818717957208
0.012525925512921636
3.2117789262605676
4.180084892994442
6.742614073562143
3.007332768162842
1.0895170155345846
0.20371075730620414
1.7613658142798418
7.665085756379992
3.3844352344583677
-0.44714786114067395
4.804596581140977
0.6372844328656557
0.746234264086773
4.259357613325793
2.5092092839680924
3.651915722632902
4.790564074114819
1.2627094865219393
4.858428516760024
-2.28779374193782
-0.21049715522729212
2.8302351723685253
-1.3137387364355648
1.4183409062995183
4.462059746239685
1.6662671848800361
4.081653909992736
6.046937529151994
0.9444964047319317
-0.44909902582271655
-0.8068548667168797
1.347777873835355
-1.0564215869867173
0.7972993131887107
7.050383678131401
1.89780079721906
1.6843476505889852
1.064932295692818
2.7378719786080623
2.106926145723145
12.015831432671163
3.7462050211857663
2.8715326663420435
3.3178445215804295
10.27540681535511
1.2474518992860293
3.1643815678593477
7.214843155123395
2.349532246068386
1.4926423114537535
0.20353569209487188
2.096425987573166
1.1907624654788196
5.126055383139136
4.263298552855117
5.084790709228718
7.209392639295533
-1.83764282957911
5.115295537147209
-1.5596747302459506
1.5614549795392083
1.4170919537007722
1.1538832181084284
5.587966597018812
0.7903778157440934
6.127980402138185
1.8594786624605109
3.886473319253179
2.5564727924525825
9.133463681300254
3.1081134839510174
4.82792303851549
-1.4665347674910056
1.164136834645007
6.260127448501834
-0.7422510578743101
1.841189250297036
0.5528800129874384
7.112292507374974
1.3767085915355908
7.2132249827162305
0.08223423700487781
6.706519682816045
2.400934702254698
0.2848063741341142
-0.5828778067280744
-0.22145308879254574
4.5264690958340505
2.2746261217919157
-1.4142619288284566
6.202604901927303
2.7129474870646133
3.95766206062195
6.3310646160631565
2.419649666766481
12.15048502357956
1.8342065739332796
4.394197072016636
1.688128345529758
2.782737570122879
-0.6296648799422271
5.279371476343544
2.560533182299845
0.4681443640428907
2.3747543610776765
1.3559551054536447
1.3278079258578595
6.370648861004321
3.418797631082362
3.8882129773652956
-0.07865327114331938
9.741510901062078
3.0946169203696994
1.7107417876339563
0.31146804527148386
2.0489407419179138
1.9738224325505376
2.634401120690337
3.9082190969906017
1.4493329650532591
1.3821726777466887
1.4313837389063597
6.09263925293712
2.1228687854411614
4.367075220839607
1.2422479412408909
3.345131947414606
1.8005741824219754
3.9211680155207835
0.2529626114950324
4.115859147888424
7.587806787264039
1.0784135815881588
1.520179710878961
-0.5333738141965424
0.42526086105462135
2.6075065880529356
-1.1860853264614244
1.6306737122884771
1.0911554896386826
5.1911474486622735
-0.15091343445866545
2.5864973547749384
1.07024789556059
4.917743036199404
2.521706720311696
2.961309403292597
2.376883998820916
0.798359892340879
5.297582001814351
1.1436813630706213
6.4297704760680245
1.2391077045368066
2.4812341968061067
2.197352661772568
5.215193145729403
5.709303451281626
-0.3117943408625776
3.2297189724209003
1.2496863246383385
6.224911896199906
2.088830261519431
2.6297120828930023
-0.22452438725344143
1.2631198302168083
1.7460519085527777
0.8722852080855659
1.2749020742120398
0.9871044016926925
1.1922753735816363
-0.23959229035597185
1.1142585612123306
0.12241480729663001
3.0991180692704146
1.483292380971041
4.791580896844836
7.648461592219823
-1.54107813623683
5.798611281958718
-0.046182785785839536
5.347668366025438
5.662131664469198
3.4643617903530144
4.027607016230259
2.212957556326981
-0.8031822587399547
6.084189583056907
8.514669717310214
-0.33586501935938073
3.2629317853087345
0.741587580022925
0.9718557466094784
4.662076687896084
1.079702778725796
1.416987819331885
1.372502352985858
4.101093496411117
1.5131259982459153
0.6783236793626988
6.378405583317327
4.845233836157132
3.2385080974355938
2.800594706717158
4.260167305738703
0.9142979465406863
2.2600766820028513
-0.3623527613130693
1.7522608133132693
1.4727932957181422
0.8366389423538866
2.7225085218396505
1.3140934164436249
3.527325439516795
4.53676372122622
10.69299342639456
3.574383356187009
0.2064763108251657
0.8680004987168167
4.430525811848946
1.7609991041606428
0.38274193804623047
1.2947701734841695
4.148099874355102
1.1748105115268626
3.1424998141525196
1.5992298380098025
0.2918511799054427
-0.2438867030078254
5.957857308707365
3.896896883357125
-1.0718845686022291
0.5025368523815396
1.216882676265545
3.4798119284320568
4.785969964089853
2.136145428914885
4.316782907427229
7.733354427658972
1.2481567434318994
3.0415692024421133
-0.09307660803102302
5.641308204306617
1.6957727556855349
4.344450806558347
3.365438217396923
3.3583228935222658
0.0952882772165976
2.9548406405266805
3.5654375300456507
3.6819333562708976
6.736386032487127
1.3157306345751567
-0.4618253112963259
2.224077886424597
2.609513648499211
4.064685609060323
-0.8289638491329328
3.5000803657331856
0.8105646838963327
-0.26357820511694285
3.9393528696220335
6.149400938263836
9.268606326912154
3.775612962792748
1.6056108352721181
3.281420530386425
1.3435092288641166
5.702117947547203
0.8867778951164189
0.8006820708748047
3.7786758900275563
2.6091940749546705
7.234485380496242
7.223890115544601
3.6209766314881864
-0.22873713339988289
3.6643138714506396
2.7435458974147076
4.8866196129020825
7.493210329501891
0.3243595848018881
6.717945871384747
8.751388926882829
3.537807002175641
2.114684115450957
5.3541365078734575
-0.018799563004649855
4.20428596632478
0.030761829561049527
4.965086381167466
0.9092737776787898
-1.259322997627583
4.31516666220091
1.4991081674006876
4.062734813550316
2.593016095845879
-1.8927259176927504
7.262530607560841
3.935730924553737
-0.2930099561876002
0.608611671741899
0.4821782009187262
1.6638238325701304
0.1460884367167345
2.950283682469052
0.8950134528236198
1.291079741089019
3.690369009413473
6.07748864939056
3.1955803673148084
2.2464469772490796
1.6412267025653597
11.890090616846049
1.4865234638641935
0.0714172143438761
2.0270942221465313
5.160919111177401
3.337978144138945
1.579725256971205
3.655056625958982
-0.025750602740388123
9.101730317838447
3.7484336527296844
0.3738439629392138
3.8439212645113026
-0.9390332365225216
-0.660172908034894
2.751854931218684
3.9639104921165806
7.3319370630722975
7.157035641565008
4.996743130105952
5.113177174299214
8.35788532890332
7.56907635366113
5.63193592721974
2.8917319387098392
2.2283968199983684
2.6294719280478596
0.9031180819690972
10.466405677454079
3.0568771975809033
1.8683973698683753
4.151745765336503
2.0605631250646597
-0.3244511086062567
-0.9517131257054129
-2.0512389536947926
9.394497176837818
1.2310607073519955
3.6510066251805555
6.953264536252184
1.8754807547352104
4.27828569706461
7.653215710530676
4.496168160746845
2.6372356252493585
2.309477558822043
0.049964328729126394
8.280828092328662
6.174691995955977
5.882560838329622
4.190373948534245
3.180281990347073
4.7328044231907125
2.1482566410773436
3.7995997858600483
2.6470824553692136
-1.9494412640064913
4.777677911009831
0.27807776375850946
-2.0856352372895883
6.551000573446989
1.9147969456489415
5.193279848801591
5.006203250406216
1.8459503650925368
2.043131584774723
3.9064480514898587
0.15326627205509005
-0.9273785182457417
0.7444384415071028
-1.3127115030420848
7.856189423598044
-1.239412022092064
-1.2558591467954625
2.304102421284852
6.563288264811588
1.7758900000422266
2.5918104797108006
5.628717718271917
5.082786603740537
4.93283057899361
0.8981279643728075
-1.4892961849376856
5.508136651282735
0.8345863752184431
0.0015966941740421237
3.0690723028724176
-1.0246435407829604
2.7170756104074334
5.390463273296386
4.918490787990537
5.452948561001594
5.619986491667631
1.7948508948651818
2.9056420085892642
3.1432176369592155
-0.4722024247634729
3.228476362520791
3.5532756250805018
3.458159826459811
2.820013051182973
3.168889095077049
8.085167635701204
1.8625583851409284
1.8168784324491465
7.278796264746571
5.644930621616988
0.5743596411269557
1.6904458194931902
4.7881345880855
2.2104520979808786
1.5885120207367578
4.949800582845166
3.9513510645810186
-0.22858435532432578
1.969132737456045
-0.7698086276075261
-0.3373655660347955
1.2582551543660296
-0.2590231327146657
3.4396040140195145
2.2272340612688453
0.12710976744098623
2.778160160201563
6.160666385888945
7.063398074529509
1.8292534197520807
4.386040321711479
7.0367784264543225
3.371881286874709
1.2961491195080665
1.6798270766861554
3.5286521242132505
2.828962186530885
5.696144045957682
1.693262873353382
3.3195114601659337
3.6590796537336363
3.397176154058137
3.9107229815634983
-1.6073609485133455
7.096923800813758
6.8733388641904245
1.4234155516138602
-0.21335433988122382
-0.43054421997161296
0.9874796484849074
-0.13316150469996874
4.696670887052433
1.2939926828182922
1.5571440359534081
4.352739634528823
1.385245483056186
8.761573555110811
4.88026359250582
-0.12084617970535727
6.887736137291477
-1.1801905145452305
0.5121057426434942
3.1954205100405804
2.255923831134731
-0.9053402030792462
-0.9023324961013756
5.327424480289836
2.5225091338632804
2.799651056072749
4.486807334136371
11.189450675590676
1.078178974945848
7.265981655147602
0.8513456616844381
5.499242925465618
-0.15265165848101542
11.111887419428324
3.2905321326405286
6.925137419032021
1.0879222729789655
4.182740049398641
-0.4647260257634122
3.291924024145417
4.420870770171161
1.8778046983418912
-2.371502892296943
0.9115558896582906
0.8183511466569677
3.392994361362494
0.12436561757923181
2.9638183729699814
4.164459114876615
0.4586158552506481
6.311317809318343
3.0642018389128625
1.109956160845411
3.4345809162638887
3.122157909806379
6.813915286274674
4.680115942589032
1.4964362369891002
4.2422162697013
1.4978101785459819
2.3427052662504453
6.00007609154093
1.335324702179113
-1.1282220537725134
2.681588773505952
-2.217464805700624
6.572295316053163
3.265620626061025
5.080834270555881
0.6998658271050775
5.382259175499191
3.4800900449010688
6.951659528148674
4.624093923371897
1.773132943642135
6.266103069646115
2.8361315381224452
1.1393082457548447
1.7594808077571096
4.8237484887873965
0.8369214685902092
3.110263285196138
2.624204629536785
2.8722362359786815
3.46918741025302
0.4525784709770367
4.445076605190236
3.2247449375061925
0.5676217258126726
2.4232702800038854
1.945290962974319
-0.48277757786365416
3.351299979070326
1.5915579196918788
2.4980898262947964
4.637679716045572
1.5815561379955079
-1.9409081324645645
0.032705343015833804
-0.7909008846996686
5.487874397451055
3.876252498316802
-0.42891447981301467
4.960431142047205
4.987768070157758
7.908030437512223
1.7733292423350355
0.5557729464639488
0.5987509537096853
2.6768873559765742
2.917947089405447
7.931225325929589
2.645960887880794
3.2682507336145106
2.24685186036477
6.965525723209986
-0.8780486940145976
-0.003578826884323094
6.188938234449753
2.872634705585572
1.6455615900464768
1.956558156664411
1.5464242550352971
10.935642239734905
6.1310682780809005
2.7762277515598157
4.010617850480362
2.6385423969864035
-0.17034142943739217
6.744996365417091
2.6929598554675067
0.7420162372046267
2.832068135252592
-1.691651841704991
6.725065566115728
2.4463823940146554
0.61882463675011
0.31868791413724784
-1.6244816208482662
3.4462251758774016
0.5036037214396407
7.917641843536494
9.429148179383883
0.7977566282561337
10.392363028271907
3.774400601940174
1.4127053127879197
2.2742769180452633
3.548639120202083
1.9618181609351488
4.6224628465409765
0.6711871758903484
4.382456773478358
-0.350944978736369
2.7249244923873954
0.421788917264875
0.9283846137262873
9.506339401363935
1.5660922545483147
1.9797436955806615
7.016314438551298
3.2515328505750842
7.34607222002929
8.375122090991939
3.713102478619807
3.2552074674219025
1.2890269857111143
0.22853574220514766
1.7448054841811618
-0.8423909630818958
5.84679069139218
1.2300658700748255
8.728558508339548
2.8135368033852943
6.003323248349595
3.515656081778741
0.3680781967283101
0.9056994700660012
3.1432598273894334
0.8759422309591984
9.948825958170554
3.8360241203246463
3.599757610528794
3.4311757880702016
6.71939587626631
2.132439547176206
2.589302110417915
8.217928931116765
6.680143177861934
4.233700865678138
3.9308789382229303
0.08107571418165493
3.7159494750241646
-0.46288148906003446
0.7220782082440326
1.8331915492912476
-1.0417903132375113
2.6523745181537386
2.812326599731484
0.264083085190709
5.244813228681928
0.32092887749915866
0.54597617888832
2.1930422559762937
1.6633467913386608
9.566422067946068
1.3781825905705483
3.672052763407901
0.9782144489981836
2.451799559978665
6.834322541060825
7.638297853035519
7.200682083543338
-1.5669037927573641
1.1044959831285284
2.479065337691429
0.8945854483345197
0.6416752252887615
2.227561424418917
4.166695618870856
-0.25401866511472027
3.5551060749216714
1.8136593485586572
0.8440289917965719
1.4363282497162833
4.205635619158002
0.1437482533208141
0.33870705327627637
1.5460427207264387
-2.3742337223215637
0.5837190887474086
-2.10137089719114
-0.9305984420431899
-0.3652523087960482
5.652618418657128
3.840349744907227
0.5810039500236568
-0.278665900298145
1.060329086719704
2.8654282926041845
1.3274211778578082
3.171678209116932
0.3202592547959746
-0.9696082967448587
6.726890572171593
1.086305742550137
-0.49448719233834515
1.4731409784541336
0.302319467686929
2.5484398419141354
1.8769790144935181
1.2873658418093714
0.09090164936763423
3.987667997997383
4.054635998796243
4.980070159989245
0.8916725254390382
1.120786507858666
6.175575085151188
5.459310399598664
2.7277335503985953
3.748698259312796
3.0328473111615453
2.3433218666308404
-1.0367589581164196
3.193969137037996
0.23238591483763632
8.25750571545741
-1.3798640170767857
7.673221414237456
2.7536888151831906
3.429355980659024
3.308785735208807
2.74830272955278
2.5585763010200164
1.878004231386924
2.07966961410475
6.536214942369481
4.093770501560688
6.369976113527916
3.3375023325779662
0.7000824757202747
2.5400681338391546
0.5202715397649277
2.574954070543048
0.7320588896834044
1.2018663131850063
3.3983905653385627
1.1619887695804225
0.3668033633318723
1.1615339126263546
3.7851851395358027
5.540493372949603
3.2198289216354863
6.056615820744769
3.1789773019681467
0.2912187186544727
2.1318512680243913
3.4797393731230923
5.335797491897446
0.5865080628718651
-2.0358434623969632
2.3313670121441112
4.2223063483986225
2.929676524439574
4.557073025744901
1.0142933307212747
5.194810648582007
0.3996660891639132
6.314385736879301
-1.3724748176487278
2.6683871152308622
0.646918839563972
2.786378730762204
1.1155800728761343
-0.782344737083563
1.812215125001986
4.437401602660566
1.2248789343684041
1.809200541953048
-2.2857830091152245
5.358455818913125
0.6920557718251616
-0.07566224849578843
0.7402490478625956
1.5273327325932846
-1.9429121447974302
2.242609203053189
5.732311212771807
7.3763774668409265
2.499991262175529
2.0427342325342277
1.290620571541086
8.414159477379828
3.303774641845499
4.951807383004493
6.868264235712925
2.3994003499851924
1.0010475206566092
6.163026031426859
4.695029792299731
2.7819628448029223
5.5528662051463495
5.221916380874241
7.533299694221102
2.718788141967588
2.494932129692516
4.427014076970648
-1.8921216502203482
2.1835380307670036
2.6425976112150273
1.184838806336201
5.4619543654203095
2.56475100725065
2.560041144073241
3.494689544316019
8.283455457738517
7.862481394662915
-0.7062546534068919
4.298031845170687
4.793437641025668
3.5014989520966724
1.8839902446189982
0.18971758090971624
4.161116050475079
4.970290178594871
7.338300566975914
1.1064845682211748
3.0717736566203726
-1.0180670069086735
1.2213026041925692
2.9430524475017896
1.6714236915823246
2.2590330136092183
2.417821161723258
7.943456209333674
8.155892561544814
5.751774496532159
1.5550509790728357
4.0790075580444745
1.3308504526831317
2.3638691351237884
0.28040197990922855
2.2209937561984976
-0.6154089788265867
-0.2989235294753488
4.116936808754962
8.670822213517587
1.814157174995118
10.735618179953267
4.581981057836394
5.519368319875091
7.010776970506425
5.199176105118108
5.259676290050846
-0.34636432327412225
3.3579783350477967
2.802141002498849
-0.31949233123791976
-0.493263922446492
6.256762286459836
1.6126559795902289
3.4991285413044686
1.531572242796043
4.42657840859093
5.384014054628631
0.8379761133579389
8.024624191164992
1.9158789696126874
7.780347249986986
2.8528341887644
4.438274317126064
4.127250283143589
0.483947396797104
6.135254270500242
-1.6589986405071644
0.6477266250872123
-0.09479620007613287
2.089262756168649
6.519394874977195
4.658924261660067
-1.7878346717364595
2.1599577087446944
-0.6991348614519303
2.060404001977687
4.362031336100438
9.154718707315517
2.6836190632905255
-1.9998893523536938
3.491443564839727
9.4810540909869
12.494813930876594
6.851601544025786
2.036639129303976
7.269755983541037
-0.6709051450443653
-0.33712613397592006
1.3565487342237312
5.373168915191836
4.811756942598261
-0.8264037277436458
2.194462463341208
4.4785409667432905
9.666469706508192
-1.611587946078804
3.83606605515392
5.780943878263582
1.8103411788509614
3.0886042427621083
-0.19566573475940785
3.250242362014928
3.060814392059239
5.4293729480441595
7.847892854835426
0.5513676796754662
2.4681672200953506
0.25065215939386565
-0.25445208454061913
1.9458991900000946
0.9806248957921616
3.235327661252969
5.90183538771707
3.206320745537491
1.4823876412287524
3.07031408754533
3.055451338302995
0.7247187230658529
2.0591326332275632
8.923551175595941
6.809685293638096
4.999124984992548
2.861970620186392
1.1822030572560454
-0.18797263290153277
-1.5390841771824058
-0.06492155593403853
3.993190962887701
4.110902053485436
2.9560740043871716
1.0079978344926308
3.397202774181245
1.631101106508675
-0.8808030142598092
1.5575479164158947
4.029608555754791
2.3738970868496665
4.448330225390575
4.905505898929799
5.151051892912368
3.595872290069374
1.1879747939212497
2.6901151759102593
-0.5383513686478367
3.916346220837683
4.483725390015157
2.6176062339471136
0.9809570039512651
2.182554812104531
4.350782602523593
-1.8334692615148798
2.059843545836572
0.7763848370696602
-0.49183176860217503
0.10547363167018742
3.9012796411434887
5.6200292410629995
4.961861921979027
4.355420415149218
4.850388051605636
4.719582758774637
5.036308614791823
3.3683622258887533
-0.09800683707873736
1.5618887798450993
6.746990946072457
2.168266445924467
5.13974988458751
5.459058544015888
1.1955465818729383
2.038403287926911
2.089946044584243
5.25106554731105
2.189296620454907
2.516674146080903
1.9783046171336613
3.2539321120295774
1.0637885036441885
2.7046174989768383
2.825739500199667
5.010714760248088
0.564751860878751
2.2870905758553626
0.8222190400068681
6.225884713690579
1.1448263216827925
-0.7987900444355921
1.8636798742652687
7.128718241664412
2.2368372924471496
0.21918766111781673
0.36039276895296
3.834997896411695
2.6040950344333638
8.394295822562903
2.4729114494711935
5.843854287271291
3.1278589110074364
5.4304624301419455
-0.47910555969269697
8.80920259992387
3.367154463944316
2.855849712204561
1.7797491532431815
1.0867279147531654
9.208180595063515
4.8517579011520695
2.2659959391769804
1.9687137160675239
1.206918053162366
3.416058139633466
7.743865511473038
4.491581008407695
6.196972281217736
-1.4099823902543474
6.330460133820266
2.8411949646750863
5.4877898119243556
1.1322493151533863
0.939706634351045
-0.31570120643116806
0.7814314469010327
1.072771026261467
2.146617167975907
4.803362691670895
0.053596447415951154
2.070675686075849
8.204494041608978
3.227224968173437
3.179568574350121
2.299683700992517
1.0834206695586142
2.576543181261313
4.307214592977633
6.119968182987249
1.19412537227194
-0.3169066779427618
4.132870443967148
1.0617227884099578
4.769645854051654
4.184883050322976
4.281752974350189
2.5885253894953686
-0.21531910775815294
-1.3504153095654927
1.4746630726692336
-0.7810025834407883
3.152772229281639
2.771756071113461
5.711694944874406
1.9175509676198903
0.16541398424103
4.57508156637076
-0.16620920197396655
2.5279819600692686
2.838303034458829
2.337035794787659
-0.6447526678389368
4.530332622490884
0.5369238294030199
2.847098035603112
-0.7571634034996648
-0.5927409494264502
1.0159465171826774
1.5239611090213299
0.4923376223654079
3.002746680386217
4.451916559901224
5.35210032265635
-0.013429793430303455
5.121411217319727
1.8192141077127548
5.71164294941071
3.9963272459854275
7.646537650280276
3.0265826246966663
2.0174219983856903
-0.4329862419035799
1.4070830178561256
2.803574193982661
0.41115101441543034
1.7551375465578174
-0.15196787746939389
3.8063548883428044
2.584687067843073
3.2050215698343694
-1.250327806306499
0.7290732209458394
2.889159416507489
2.025168442640638
6.509237550140265
5.74832849452143
4.922885514835338
5.1342847352192935
5.989940225485564
2.091318664620033
0.7887497657546063
4.051203749486799
-1.4376437040459533
1.9831772965829964
7.1049914537416825
4.821783311838034
1.47320391354197
3.627497747142194
3.3330038094158767
8.411696486095044
4.136749095375644
1.4037013825565592
3.3407915204894474
2.9297551750948854
-0.4416978947275261
3.109723476998397
0.15576020431660398
4.2279583211078435
1.1677546629125315
-0.05205508100752543
5.950713338246029
3.6624355408279996
3.2821616227947006
4.942540980776689
3.746123252670328
0.45887075771414554
-0.0023499335156490497
2.0508220439476936
4.02285849171915
-0.15571673957778265
2.9933396440909137
-1.1810577674151035
5.430561191267023
9.599408631174567
0.39248403853729885
-1.2130330601294075
3.523924403339076
-0.1896568407117799
1.4286333439909455
8.519737815391611
7.102634528465116
3.793617898922504
1.5041247525121646
0.9128164715317142
3.0138670430846815
-1.0588631515513303
1.989600953893728
2.260116181835971
4.696315838769228
3.3251479110603195
1.1092803779672227
1.4892329896164056
3.7425306899740347
3.626665440619957
0.915850699835091
4.569408483008632
5.125421478934145
-0.499691450268435
4.296628222494866
6.13432055042219
2.110439797073293
1.9147516355554068
9.286922914562943
3.0190389703057714
4.637588615806074
2.1229131461963044
0.5014454455309021
7.01543090057026
2.446768603514851
2.279043334659102
7.114377213547354
4.228215284585209
2.7826999380693147
3.390415117593431
0.5565237999602894
5.311727496954971
1.3976709692949871
5.409944058965069
1.0094227046193565
4.155367659165872
6.506022308220487
0.720153310746856
-0.7758956768364462
3.7869884543056047
-1.4908133071279441
0.4856419472844534
-0.08767856452722053
6.191662219287874
2.687329996918902
5.882343227387091
1.7895726892481565
3.141462440540792
0.18336429096806373
4.279937663615334
1.3818864991565938
4.08609923569321
4.47659916289389
-1.3452127574832768
4.162298149853407
3.4483082426532077
2.7742142239781007
6.55631786345409
6.36947778238072
-0.41206833389336583
1.4889214693428312
2.270757396807734
6.744265451029004
4.285955368202632
2.891538886455906
9.064743848455791
3.609655994899019
4.257068212250224
0.5065832736513829
2.6087704128962925
5.77623937021639
1.446197433237566
3.918480312865169
1.0712904699858403
2.8325790432263878
2.7667930142386803
1.4206250087096426
2.025425009744959
3.3797261336576607
5.620996661009208
3.413234972340967
2.242157302303354
2.041547919402535
3.3307325533186027
5.59959214105109
0.7570251474265839
2.9777592890235356
4.3318826169941556
2.9874494340412587
2.601851669332464
-0.4268563409582541
4.01041181027946
1.9817743868902817
3.529576017053599
4.6521640244392035
6.160385347774716
6.316753585016331
4.956757297739313
3.1853363253261806
3.3766269058376994
5.63002676604152
3.4965733709166873
2.0634284710188564
0.5388177817096003
-0.2509627967391057
0.30402780460792594
3.3126754722651177
-0.15060203235929692
3.865597988232051
3.188528272486657
3.6109675932080605
-0.3679733760988759
3.5123743513294734
1.9807451597791519
4.231379993703663
4.304698107352074
1.7203183095569405
0.11819129369590581
-0.45333544507620904
5.832019577064523
0.9292983285937773
3.0060923215768947
7.059242203562473
4.133530518293863
0.43402366433697737
1.6072531684784193
6.145202859940444
1.1351373174332828
5.174955049123945
12.940209676601805
4.845636167109863
2.945300368483176
4.4595625319144725
5.352810856204204
3.794463900188345
3.109606993002472
1.9880238688509384
-0.0681111853701953
5.497847652083965
1.7246493474527012
-0.01817332142287472
5.398567539298622
0.9543591767265737
5.224557945132874
2.78753411299909
0.6390830681373731
4.950991544322284
2.2994255963091925
-0.10398038526512213
2.222951741901844
4.709661146425261
3.4780858845546487
3.8118697065830704
6.092997904714477
7.638023224434074
4.567762088852397
-1.4482205761320173
5.144253318197544
0.7119066054777197
4.663103703657482
2.1202584379239497
11.723593415639776
-0.05441572273968659
2.7739321405564845
0.01837685186774192
0.13062890870628988
5.182474879466046
1.936466031804821
1.8903992588808314
-1.6501999985677631
0.6482406257169321
10.959472868188108
4.800840127783075
0.3366172905267778
-0.4362001783037639
2.1678228221703932
4.932642199849086
3.649766058296032
3.7375842743244196
5.511550619618738
2.323892531047286
3.1106425412630654
3.8506754072387395
1.0230754422639987
0.32411542390365766
1.379699593344382
0.8805306756873856
7.326150363722285
4.700126768960485
2.542413395599074
3.134087395715148
3.3001987991671022
0.3555803285872813
-1.4325968627127668
8.413697818765236
1.2715375761212817
0.9028672057410474
1.4698024181496512
2.0346967081021265
1.2000696855865751
1.4700962940981228
2.0888403397739213
1.4561728098397229
3.7542564407346783
0.15424477439376924
-1.685580153686614
-1.5561045512003036
3.873169982387908
2.3132332880464452
3.6868016759940567
1.2447302707819454
2.479490023020659
-1.3350688687836207
4.608285421525385
2.5642896886353745
-0.3717213784903235
2.9067089650631486
4.517628049414091
4.376137739153277
3.0787547788663163
4.347481476523396
2.4310020208071617
5.683923637437251
0.9888551107849993
8.11606259559814
2.6000285221354584
0.12707871110488256
2.663970317396206
1.0411242646508514
0.7194335575642463
1.8063015392571369
-0.4812950844462923
-0.18340526730427464
3.1259669881666143
7.289032595047348
1.8946499373535888
2.6003852898217796
2.1485192080889326
9.292573819907261
4.461487203487011
4.125304580713321
2.576819345463434
3.941337991125412
1.4958077227903261
3.38223892306765
7.002148407198858
0.7372959249069609
1.0510389257053456
4.333460736593913
3.045521645763426
4.475930236486897
2.32289385656678
4.180356044800526
3.2707343021626287
3.6195722966095105
7.353600966558
0.7936508670829079
8.143294749727486
4.214417621361367
6.624855550249507
4.840268431904842
0.4296009926365707
4.149598346371012
0.2517898541021793
5.97167326600872
6.758951182227846
6.066168630113994
4.32641309649318
0.7470343275196514
1.7123891532414075
4.206089998671417
1.9643445748217983
-0.6202495976724869
-0.21221576554755156
1.767327594951488
1.5264160191475626
3.16445783292264
8.332818343515958
2.1657808858557193
3.8894911325268366
1.5353394176030761
0.7261401549726036
1.789317343892724
4.078130213759161
1.6454055621140617
3.1473668634636067
2.727692635582489
0.12023242876162488
1.4080769271736082
1.5957937982902788
4.656549188964424
-0.30952271421642796
4.7065681006948985
-1.6186294170448234
1.9445136609437443
1.9943702315985685
-0.37273066384929143
2.697656748838798
2.80098554639451
0.6403681938766053
-1.338605367537011
1.0722228767479802
5.359286601358919
3.917000361396025
4.494318510063619
1.5457822738969889
4.9356779345416335
0.6557752205346542
3.463726952119798
-1.1004888455723305
0.7421496715972955
0.9606266521755462
-0.82245310430916
1.060205941986879
-0.5912112724330427
3.417653736282749
4.247664909244503
2.596889589010015
-0.934380644358094
3.50314046397228
7.6388727717987726
2.043319537093373
-0.23274407739939518
0.8741289599640483
0.9444032885217378
-1.427109206314197
-1.6315794010510354
1.7879797227985654
6.415637280093773
0.8417085204466739
0.42747628440048924
4.954953494996911
7.970956257986911
5.611644975177073
2.111010078526303
4.507516526011168
0.12896024666031305
3.5185737620195217
4.304988494696147
4.2535235262992686
0.5093437248462918
2.3700303416871433
10.877663921227516
3.835808896719397
1.4396105503701395
-1.4305051847031067
2.9589003651082213
6.593595168191021
-1.2842557821486023
1.6198443329659047
12.071268679875075
2.2858826438789306
0.8934533720269322
2.20565228628314
1.7224381426811854
4.4605661053839
1.8965211961374822
2.294238367109984
3.3014274198604388
0.5516469492711091
7.369984641542981
2.0699080223607074
-0.6640105909833913
4.203725149808416
0.2198180550868628
1.5825288488309048
-0.32020335558118007
3.0944053249970107
2.588333157230561
2.7091604816823467
1.8004037990877555
2.0957356953726474
0.9397032685575673
1.8486261233187165
4.252621093238548
-0.013858855286386973
0.17578253833938207
-0.9187765417179591
-1.5559117205744863
-0.5578472617176429
5.040344028812895
0.8648396057373937
3.3537812735033903
2.2982683728208757
6.132995050587612
-2.5622878103132614
3.1625551011756943
0.5138415567110719
2.4688260095579175
3.994369794321328
3.2881886063390824
2.304132222844026
6.296828334024317
7.021068923257426
1.6845454045120816
5.048892805617816
0.6158866662818192
8.38197561425441
6.925813206433778
0.39408194373472094
0.3813562981561446
5.410526687186135
3.472392435165223
0.5557468149376776
1.3378751685819494
1.7980967728381694
2.402457846402041
2.3563107348780847
-0.19790734861763706
0.897060285284266
6.580714669096652
10.64107432601703
2.495340096133867
0.0746399619142658
5.3137170113336865
4.542310693181726
3.634062635241045
-0.07711615800994029
0.7577153977624627
2.890132783765079
8.088178103556254
4.083400904390166
3.6975384840362473
2.5435575110473727
3.1359909634928136
-1.5951461329698193
3.6469370179821627
1.487511313851873
1.6217875736330762
6.987136284226533
1.576044281221169
3.28790649977053
7.590614815155701
4.352156769075703
4.326548308505226
0.7574566969504068
3.5956915320315477
2.4866786405674635
1.1373000849801012
3.486033863470665
0.26334022788662864
-1.3146588029430764
4.551753254656719
3.2477903525253042
2.23399689897753
2.453271485771224
3.5194744505184112
0.9175398944421963
3.716262896516165
2.2515335075294667
3.687091670039171
2.0037778253435428
-1.6509276515302478
1.8504556388847733
-0.2472381848033781
1.2530626212493627
5.15668525905463
0.5163303402604302
3.5407773437173122
1.7846545067710782
4.581521026270933
2.3510990744492815
0.693511487992441
1.2338305893890185
2.5961847702252507
2.468063234494135
2.048323555687878
4.266595917836464
-0.24264132635122984
-0.8921756153849808
-2.3887691342254107
8.133563876632442
4.58727564011682
5.7994476861631
0.08086624239994203
2.3804038758002726
1.1147443503958028
2.853913147529091
2.5618850493015275
1.5052258696700305
5.222888776073169
1.0481564973630673
4.1160796109107505
4.911384411882622
0.9727724909186519
1.4240110846736616
4.356308381384809
4.549418875003319
6.086731827490668
-0.15304479865022214
4.769958566247819
1.4924530755089265
3.5005321199331147
3.784389974144174
0.1824307762356211
0.36487523006643424
-0.44694675623753133
8.715524741732459
2.690542901297836
2.3560610109379168
1.6733210345092675
2.2059256797824216
1.535316441657795
0.0471105438376046
8.98261153161013
4.1113343235434785
6.802175957507244
5.195330360407411
-0.16081786599141146
4.645096442042741
3.7045861054140357
1.5771743633127326
-0.454560779050554
1.8653103252216583
3.6644918750578857
0.22298973072070977
2.6137763947932586
5.627859288733509
4.567254949300597
2.4276762939210164
0.8595690091309932
3.632851522842884
0.30484704454820255
-0.4411439157003769
4.005576008569636
5.275464309157514
0.8765629270869237
1.7499928409882881
3.802392710219581
2.2491891236994643
1.7596393960276284
1.5465806186094944
-0.5011212571828639
6.460944526511072
4.272012579041679
-0.413413155055925
3.24127877746014
4.4674659227798506
5.125120119606926
6.166846913507848
1.3304209881104434
0.5274874441864014
2.3782283005505285
-0.353082427344343
3.273861881077861
4.675458343127363
3.130625196589776
4.591205282378356
2.5876156653397695
0.23991857061347016
6.556713444449549
3.390612806527206
-1.1451445559306077
-0.41129913938741736
2.0532505165711497
1.921241478665852
0.20357339744514014
1.3346839210841321
3.9897654616200695
1.5620818314619584
4.613345349828999
4.393205299831057
2.2664684104157273
4.491395631346293
7.3433800261965665
3.686751933145928
-0.48555394909118305
2.4815286911039154
2.9902322497262404
3.8736939537246053
7.148874712242806
8.551505849635145
5.241607835568856
7.347297348730017
5.532866498455204
1.9930778350775726
0.9684223594396894
7.082379533720247
6.451660768132087
0.6428291519925676
1.2121997226064136
5.7180501523692
1.4159728358097758
2.7933741205126186
1.1814374956334852
-0.7767109612657115
-0.8879819015455684
3.0971677242659283
6.2973178159033125
1.3261026946529837
5.696417995349255
0.2895272863172012
1.4127590692434393
8.15502111156459
7.528658721076096
2.310750305613719
6.062450116185452
2.3130364520494475
1.6526493829908273
-0.32118200153810567
5.082385183088728
-0.830842787267435
5.408251938753047
2.2847240082890736
0.5760885749974617
3.187833972954584
3.043489613637985
0.44732529116431774
5.258542629852052
3.9311016458402586
6.521445052230202
2.448801737540859
0.047701441289138474
2.803699909593919
-1.006638985986335
5.036888164482957
0.19426079027694199
0.7327644934696045
4.9652148644411
12.699837477728478
5.610351456666791
4.185162895975811
3.799168765943988
4.759185881297326
4.194036695836616
2.583653808933152
10.03221598399595
3.3069144025996073
-0.4863143399840683
0.37184067540082066
9.98058361749218
6.071631106229219
3.3976894675153653
1.5714518889050648
3.9562528589433
5.798475978185384
4.777771857503629
-0.7252992164803802
1.6224006058163436
2.6072222696164085
4.366756200033039
-0.7740193326094583
6.890525741661219
2.2851012302014615
0.35071262196614084
3.393454040572046
-0.4774139266702494
3.0025306366181725
7.306716681185286
1.9837167388243941
-2.1682049368060325
3.792704619875523
3.7417667512573884
1.731074479738313
10.022194413802065
11.1911531660971
9.85185401733855
8.804468657582277
2.9071366408307755
2.2926261236044976
0.6352102451332309
0.573355769424367
3.7218069984280087
7.112569479457132
0.08291373216026843
2.415575363710816
7.316379398269566
-0.9916292463243459
-0.9454234555296134
4.709343905192843
1.872731459644875
3.3046949216934163
2.889733020975581
4.32613220610536
-0.46014904963405623
1.7975627802561691
-2.2355348191531332
2.4522671405589795
6.55598705055046
3.338863571698468
5.431834947184528
1.8249351704180885
-0.6361658945425123
1.563965596458879
0.7063120264793922
7.202879317498713
4.309117748922088
0.04945656978128876
0.3719175702833667
2.3749157329233372
2.151681196242982
3.3434120523287123
5.301571662384029
9.438071928015075
12.795223268054517
4.414240325728828
4.679997865732521
3.94173984600762
0.10416870259653069
-0.6686969968453558
0.8118014955209594
5.865882501720323
6.200159557653139
1.5929452466113494
4.235656701078976
1.805159007557785
0.8178213134876545
-0.23327145498601182
2.6037194021762335
1.6969828618096858
4.3629731979812485
-1.4149008290194223
1.2027044020391569
-1.3997153576534873
1.1082856025172287
1.752563899184714
0.6003050958795769
4.66044865548198
2.3251375473212317
2.7737590276400836
0.8142290631002385
2.6165890015547246
2.949162958514657
2.3783198459836767
-1.1213232627864627
1.092707759887544
0.4317282641902638
0.7868670565426454
1.5213839944589767
-1.0064617549563397
4.3818265015122435
0.15055993284814273
2.7293282875286025
0.6679547115710456
3.5853038049324266
3.050018993713739
4.741145012640938
0.6846944150947959
4.978351399715968
8.943740711235222
5.1680202337016325
4.058253178022942
4.474873348270171
0.6113181674078774
7.510643551202384
4.201737737270165
1.3769533701802452
4.876288887693756
4.875361605784497
0.7889576411484278
6.011532790747254
-0.7144407789076131
1.3078546071039154
8.177543771663483
0.38554024727466096
10.129763642855217
3.4796642148334054
4.3234088844959695
3.9086002242556193
1.7039955124566006
3.00228005900352
5.586023706341699
2.1963273633003046
6.278897670579651
1.6006799293713325
0.8210455546158718
5.878298143950381
4.767171536398026
2.739040691098041
0.19024887300818727
2.636640731523435
2.1652143974186093
2.4171073994169086
7.068242234702505
0.48743407928693094
1.3049969034962257
4.720303675283676
3.4069830185316663
-0.08943957055794899
0.8421978191432199
9.798742946936548
5.631143749809812
8.149644099523773
11.603725435031727
3.68043131753981
-0.1363029291840278
5.437414296967987
0.22968019333172918
3.628524772133652
2.92676332682292
6.895504251956284
-2.0677174723233014
5.53670076560617
3.6760040771608824
1.2419181147151765
-1.121539358290872
2.517113527703199
0.8402592918629688
3.4726055369615993
0.36163131952104594
1.4065216393840545
1.378915006471459
3.479551325618182
4.227623284582446
2.866287959743084
7.400134690814677
6.07422617270764
2.4895873736379883
-0.007262440746446885
2.1790550219276783
5.355428785290835
5.52806534592591
3.233842957951769
-0.31361652269189494
1.901990379915727
3.8144299747451997
1.4421487267165332
1.6338348131632447
3.586078550259648
5.463319191631381
3.451451797501559
1.9813766208291819
-0.2372025756262608
8.347249940175187
0.44723838295820906
2.7512076302865696
2.951482799351025
1.554644912590279
1.1919519451309684
3.596559359294202
-0.11618418018648097
3.1470722663172044
4.273281474214303
-0.30615706142708243
3.5419562882558875
2.9188416300380453
0.4172523457011259
-1.605226714371235
2.3540366990371386
2.039249107204169
2.7839147070928716
2.810562522368133
5.248388216502626
5.371345863916946
2.2099996487735214
-1.1961699794788423
6.816478420858972
4.917037504042544
2.916162747712713
0.23781075621557413
1.82843389459802
1.8690529910794038
2.3788482846832473
4.405339183530199
2.722350492710677
2.0657163665626057
1.1072138622448406
1.0882769984179796
1.816510747247617
2.6097440983663382
5.273626501128433
2.3816085291764915
4.229591245370868
5.411308090074153
5.904927386525084
-0.21445309782583788
4.551508481458256
-1.8203552149427233
3.1240858269321694
1.4682962668516102
0.8261553773220528
6.878620757954921
3.341170498996897
4.172901360881221
1.3784800480234087
5.08361035331021
4.372349228143949
2.460356798934745
-0.20244176844450912
0.6346423716783955
4.783909222992292
2.88391553917243
4.247949560931408
1.265519971849462
0.4547528830163396
4.949329290851326
4.4552606576112295
3.013825633493198
6.8625215865989455
4.856216774863728
1.387853790278994
6.391751317266696
3.3620798601656947
4.123244142955719
8.666583073305956
6.672433607046462
1.804801838834689
1.065764932379559
5.248156178409871
1.7638770641192405
-0.4576723338642723
2.0441209571390986
0.3308998158431373
3.1155931043778198
0.16162606716276384
4.149669797780648
5.994013566788142
4.3080267856967
5.642312480104704
5.55099659931033
2.3364166634727983
7.06830106212734
6.635373681233615
5.034508905837355
1.8509936368332667
2.401632833244506
2.443214010568968
-1.564230587956469
5.897523059047317
4.295990052567232
1.468019146883973
0.36147369270646196
1.9505360634062123
3.8438940616616906
6.067663383392407
6.961011067256912
3.157910168223586
1.4843131955385171
6.370443852468575
0.977039236917608
6.320313676264076
5.2123971644261315
1.313641395770422
4.752434243785556
3.5978315843556183
6.191869345779296
3.000050361676794
3.1456412893918233
2.983894686576134
4.450186237565043
0.41833520410375347
-0.21348884731308437
3.9224013756553004
5.636589415070485
-0.2668584433721611
2.0527600372656174
2.365022374202883
4.931686682030047
1.7944720985145755
3.9308460870288364
3.0915566928774787
5.8893928606278
4.426102281355041
-0.6065012896734385
4.0931947726452185
0.11828319855403158
-0.029735328326608412
-0.11463385034186452
1.175347173781282
2.9039504240682583
4.875489152925432
7.031862239394635
6.786373534880523
4.422647248181292
2.88423822294499
0.8577901776847758
5.47220754380011
9.407631533532314
3.0029183777217
2.172190597907622
1.5360374074110958
-0.26996829013168344
1.7582352633768648
-0.9958968929827587
0.639279112169377
0.16651171181855728
2.9637627242159086
1.1579248529283124
5.185644804052306
3.9710578393089486
1.3333979395291047
8.680282874418165
3.207261214806651
0.2267606287432818
3.409125454753507
2.035528551776863
1.068014441348866
3.3685625883522547
-0.8647987679643381
5.408908219044177
2.6004568731716393
8.777873118776052
0.7891465321124989
1.8316593644026609
3.3757858290193887
1.9261828356554975
6.626453748909741
1.3783612853868632
1.6223447250686536
-1.432628599213507
1.9468142048877215
7.619077977349597
3.845854950715312
1.0448300993295416
0.03689384370270332
3.428881876661423
0.5153414399836629
2.830333983370134
0.4919145256350703
0.06912099775310931
1.2079287872169733
1.447619420343755
-0.947088918985892
3.1836229231234774
1.2648835833253582
0.5273931753822726
8.774058932460168
7.591397563035194
2.0000488106960055
2.8966885295141314
2.492156224024417
1.9816088389282949
-0.46312881483215335
3.2323822100718558
2.5030984801601837
3.7731141325271222
2.714122119743122
3.7337837774258116
1.6641535482320107
1.6505545674552222
4.445196690972036
1.4795629803353085
-0.5817755567372241
3.813809812214067
5.876497966095839
2.974675520977349
-1.3172980837884327
1.6455009646736158
2.2234702932450414
-0.07209922002396973
3.751898944565073
5.015363290616957
1.2775097719922863
4.424816909784638
1.1201530542362605
-0.9623908269864756
1.846139686561492
-1.1943146202328285
1.153911061176521
3.2045325578824126
-1.657598091410031
5.2090671852206345
2.5168060472757023
5.370670784723642
1.8878495369019896
0.3664460664387791
3.9659807662038062
2.793038473157063
6.110376785019362
4.099470507253184
3.584878083632627
0.10652449217984178
-0.5978027904020411
1.4328828519567556
-0.32157386753905065
3.6400520039767366
-1.6097513844701126
2.153018400515506
2.0628045350367055
1.89355855337756
8.903190153669996
2.0538450713086758
7.475460414110951
5.279120380596656
1.8431083941965456
1.792980955296048
4.124728020625269
-0.4332065276675767
3.5665986775388445
3.7692439977167354
4.248249158243068
1.9077597632854786
5.762857998111979
1.9172506885157865
5.756341128409607
6.359595636066457
0.36942994883339736
5.742000446710011
1.5147548926222292
0.9697109554982231
1.273578739952657
2.4605691099282865
5.525517462714859
2.82362009356502
3.0481506180002627
4.911798162980439
9.022877034305035
3.8770344848366136
-0.006095776364415106
4.1676391961992
-1.608829851139652
0.4940257764898867
5.545085175554235
4.153855900928072
5.422317430653333
0.8907849884701495
4.734062238750106
0.13831503955643942
0.3407070729931778
1.7239043927532864
3.5408520352538435
5.126712861181543
3.01994484214274
6.37936067812551
3.967398920445357
1.498226626180982
11.161540973465378
5.923071703850426
6.983472173559737
2.1545673173826527
-0.49746105580549993
1.2485183718132131
1.6588433474547224
8.052101979775856
-0.3255350041654624
9.2129480914472
0.4221030346926349
1.6601988552849538
0.652893527790455
2.3597812945029872
2.312014531375434
1.694437550624861
4.3184236213331
10.332019578054698
4.600998070397059
1.9758741731144023
3.899569333506392
1.3469467339915622
2.1170615824729344
7.750958717231377
10.691868854750645
-0.15172651050012073
0.41132310451434434
4.64813792818817
7.219744280339168
2.3324163474325417
0.4383723145420948
4.163413115816099
6.883830736428347
1.2292588098158064
2.6193452049246226
1.9794273494294174
1.455294622228713
1.2474199421494678
2.2128929280282192
2.025724278030259
1.139528722652075
3.8105639878734996
0.13711823402698292
-0.7993076948055711
5.850644695786937
3.2712279972204965
-0.501360469681409
5.688468445264407
0.6116259072649998
1.3485856221670813
4.988075105447234
0.7046544226637996
7.202847678233624
3.8213305646120217
2.084023861377092
6.194218438418337
8.063608595384203
0.3394015199852851
4.597155227228892
-0.49662350175043923
7.289855249981965
1.9774988947502432
9.565784691654343
0.5481071479750272
-0.7781561998415026
3.34138348850393
2.549344180690922
3.0554676866528387
-0.6467112664335283
3.2359684032039837
1.4074089115641386
3.401049486439897
3.465036529767098
4.379116349290897
0.3381287026441693
7.039307863657712
2.966310556133153
1.4387215812493628
0.09214701760896848
5.166818678306978
2.9392125807214575
2.9893760261603566
2.651171187638669
2.224208898149066
1.5116924510214413
0.045463436211387084
4.662634825273706
1.329287716101828
3.098735771730009
4.333520409208965
2.0051050894905154
2.2030743112417803
5.513952821488637
1.9027336218690571
4.581389904138924
9.875216603193499
2.124090996876191
0.7770575858933221
1.2368039988331025
3.5271183245413824
0.014251103733466719
2.0234748271596636
1.4923604470537941
2.8107107231801978
2.5015196067712475
11.256293717993184
1.7442655817343589
1.6684119242113318
6.590794316923134
7.192955241736314
2.713038975273121
1.6910621622313968
-0.1635045304073695
2.5860265683889905
2.9240793743805114
4.7464211052692065
1.837949341653936
-0.27418678774897887
1.0496448539083199
0.19170632003682037
1.5391173093388646
3.252268354126762
1.333140669978839
1.2820326503356716
7.773353605466357
4.103829942936645
2.463247619638616
4.467988054803533
-0.009853079961850364
8.286653386381312
4.830621307718289
2.2574485727252434
4.518607026440419
2.3440929314022045
4.857205419071689
0.2539459140489059
2.50507398260091
1.6056989470124419
0.7607205691578611
0.4263122317940702
1.3371845252668182
4.374634918719691
-1.7784504136637576
2.416923222154771
1.3450245195184936
-2.1983199563642772
2.1809342819339532
2.292344713806118
1.8760343404317554
4.739974411925307
8.644300223103448
0.20487112346865655
6.8869346860142935
1.3562188027504378
2.1721655859223543
6.870772155313492
4.375619785061371
4.6089527256138485
0.4300182894178758
1.0667373653767855
2.008885063748755
2.2450437206377454
4.196522413748832
1.2889198135717916
2.643959446714717
1.4160438971177174
3.9454186171811143
0.05814697738697805
4.481035651176833
-0.32479905231544565
2.3756257107490892
0.17404623075029013
1.5185856904157513
7.2170799334613145
-0.6746424943769574
4.167367008970048
-0.004740160632135115
-0.4379742721597484
5.859688132958488
6.526287173748733
-0.48382818963025176
0.719298407696272
0.5516736165459248
3.8836846783363956
0.895582199768653
8.184143004596894
0.770530158555241
1.399514130194663
6.4232915185640085
2.4344440204204463
-0.10376898406108426
-1.1846179296792128
2.0077940379080053
3.5061694659785463
1.1268439918070667
-0.38976877047930253
2.7259036442820253
4.307324386858644
1.5821048057935547
2.0310678460937956
10.568392393290338
4.04693122644354
2.614456650278969
0.9054765173677222
4.006568354074651
0.6265291078838446
2.9338388948844663
0.9754714922050689
1.5379763881573663
0.6962342828499702
0.8333395020805285
2.9041108738122907
0.44756762680456574
0.6910855312946709
1.484275995590243
4.922935030119726
5.900600284545616
4.901204925453529
0.7035022149974164
6.401507006346894
-0.1610772150148302
0.2777595924719828
5.204865985825511
1.2164086822383127
0.36506937934160255
4.628952674378033
-0.5845128408522356
8.274125016122287
5.825114871316751
3.7922198265512277
2.778683193299533
0.414687683557016
1.8382268633535925
-1.2503862627785145
3.505972323941128
0.04401866821886272
1.8525419851650384
1.386784596822976
3.010676955344624
12.57416761354295
-0.01694928188654843
-1.0777793560382236
3.6377190205233494
4.498076962666303
5.101499076970896
2.3344942922278182
4.421427498847862
0.6916659179598776
5.235616313260889
-0.7970058970086284
-1.596329998029634
2.252608539072146
3.854874346568579
1.9507108069485257
7.247297381136507
-0.1393664605329592
-0.18502956844693247
2.3016855928626976
0.722646103311488
1.4704610164352565
1.954941417451764
3.9954412941511857
1.5406669325475422
2.0510820094229096
-0.4817504784248462
4.924176211029371
0.47987453882338593
0.052411236725361854
2.1972086213638224
2.2856208430473197
4.509646976108056
5.618562410397172
4.460552164746195
6.874153295463021
1.306019187388376
2.2714667426391
7.20193984008654
8.31889934675723
1.8276811246238185
0.7575032729878604
9.170141551330042
1.1252887068281623
-1.8915094660897909
2.6355207381904124
4.817028594061639
7.879333590383252
2.680417583533204
1.8537386971269325
10.280675110464934
-0.2781748090381344
2.573173735996117
0.9124796543733027
7.971330982655633
3.6479016324671534
8.606118428435115
8.591785337013137
3.445624728171007
2.892307944508176
7.328723170980908
3.6266443432014315
8.094066090269184
3.026552583832786
-0.885316966339569
6.96397483725085
-0.7657928676155084
8.850372629227241
2.4173066725330967
3.0304226390928948
5.338466653865818
2.2895307488225836
-0.3214148038865591
3.994656291477448
1.4908911751008969
0.7939796131670243
0.16306700443767996
1.6336206838435618
2.323997914222277
5.699016984934947
0.3327462962247275
0.1066851666325076
0.9788245972968406
3.0025969044190814
3.4123387548920094
2.1361825997673374
9.463612801322103
1.2437511960827257
9.154303402034962
1.8289818551293022
4.221424126443544
1.76849433953525
5.521314482216705
1.959156870972052
3.5465579086961823
4.105178777597857
2.684783616368723
-0.08728792803917484
3.5100780494667108
5.941243029116109
4.75371804771933
1.3346008624352865
-0.7151092037640876
3.0836135483697698
2.2981440116682395
1.4099203946780872
4.7162899267207825
7.326127580034794
5.054805609201028
1.370439336662188
-0.7513732742744708
1.3826334624137018
4.721834271638853
4.933569000252859
4.480640778671419
2.3660614408409644
1.6129030991745452
1.4653074747862376
1.8385873754288315
3.400463228143483
4.73191392172552
9.119907050737014
-2.1960543104959767
1.9980413826626233
3.1595083085042144
-0.5525263808604415
4.172158260038746
2.2459568161152763
5.2180257643133166
4.5368092980646475
2.2412088397695777
2.165853607443497
3.3590209799330295
5.1336957040327595
1.5506150439910167
1.4944013194159098
2.5386890952103305
1.237828806350031
5.9159425670005295
2.811913834098002
1.3007826273495122
3.247443563543446
3.1702646920922843
1.062776796193933
2.2045400756369307
1.4594126481453047
-0.44058421486310007
1.8298518794969043
3.2292810545955373
0.731289707062833
1.6318850872590747
2.5136313059039472
1.3433644554197843
3.0476208040291652
5.261914135039481
6.880294809037723
2.2820096072066676
2.6132580766164866
0.93630574691026
1.579394130329647
3.127660925358431
0.7501217821104039
5.3377297442596365
0.8468182246333161
4.282515642285022
-0.6190315405548085
6.7745316025352516
1.8451047462798411
-0.8440352792125367
2.4212350118197974
1.504295742916816
-0.47491425301256646
3.1851070314946304
1.1991788744946679
1.02613539087287
-0.04795187475100282
0.8475336851159233
9.576016883301989
3.551438473391175
8.561885003575933
1.711075215347571
3.71541779419744
9.132427261181336
2.637457166588881
0.4121291435212924
3.089207545191585
-2.636440153557877
1.9021763396066587
-0.8351058011823542
4.763724130112719
1.578555005305172
6.420484550519765
6.532108427106719
3.9600384326903217
8.60904617260701
3.9203415929962766
3.8559224889671513
2.190243632616243
2.2798197572993977
5.329131462662357
-1.8379767279613006
3.5516348419126507
2.3329832068842675
7.134966334630286
7.611074056060151
1.4131447873022702
3.898437235508524
2.1215179525624444
0.1943607378755911
1.1916806963231676
1.6874662219947898
5.973606042541911
0.6780324457590658
4.393547755891514
-0.11550513323044032
5.938299684752833
1.0054159097992825
1.8022665523486525
3.8331832212080235
5.521709871106809
1.8185169612099714
0.5978952391435323
4.634601518035174
2.4627667141503893
5.178776930813402
4.994878559765107
4.547439552955133
-0.8455591437247642
3.8798364561837664
1.9284630604219506
2.7540094197259695
5.0840621374351445
2.9873206586601984
3.758274644565974
5.633024352492129
8.16499274013105
4.819883215220772
11.333347043892264
4.703499012748175
2.5042017670325785
2.676736927860609
-1.35682665828466
0.9179598592370184
3.3704957318538864
1.3526888209288122
5.027939293704764
8.803752271663205
4.288252708478047
0.8113764261349892
1.0060036068287164
5.380677418139268
0.7329335887639038
8.225748265766015
11.109816841876262
6.806823325796737
5.894810057314157
0.7177240888396965
1.7074445004913772
4.442861056229816
2.772241045576904
3.163600190286999
4.977641674111538
6.450082144311275
3.8878371665063245
-1.2318097125080851
3.8549297165122356
4.897844285992794
2.6930617807103046
0.1667891296797086
2.1297292476114533
0.4548617285129646
2.5838888190962432
3.6513454193049184
1.6788606423056587
1.8887004786695845
2.909221146830102
2.636904388070215
2.3945431326836406
-1.3603937927561103
-0.49076978014728234
5.868605079219934
0.6089531245855473
3.877129560503809
-1.1374135605185685
-0.9425785862594191
5.809003907995497
3.3675555955603746
8.591669398543713
1.4588549892498113
-0.07087367708513437
2.24677605061084
2.1321284110043894
1.3295072468002547
0.8574577178550391
2.1892456202293706
1.313812423189297
-1.0376238272233707
3.663691792386924
2.750699927098127
3.9020398278176867
4.920411595708306
1.5819951727423445
1.4029037437147602
4.259285633723029
1.5307218230408959
5.292204804208005
2.867914960303115
7.127037265056184
3.329001417245146
3.082708760713221
0.16468521366534003
3.321695874175888
3.9508646560625262
6.940955145321703
4.304110993800178
5.954468548820434
5.514177278463475
-0.20730532489145742
2.243197270782527
2.7681929443922613
0.06383675454429594
3.2396018651410072
4.344398999283931
3.5658177441491046
4.575951823686574
-0.42150912544136115
0.5030242778486237
5.726658278430723
1.1117632392244168
8.470369120762264
1.7126012710139666
4.592579932636328
3.7701665934428874
3.638798984066976
-0.8682873405868932
3.856354203056228
7.983038186327723
3.6870532357789654
1.2780071033341927
2.208966026026375
4.579808314005835
6.311576663883791
0.020415659359868665
-0.29870462194016734
0.9502291731732075
3.5925806882519056
3.820869739530907
1.5482487900302189
4.076874029339461
0.26550739991075867
4.532014582286118
1.9110611325108076
-0.05386765386735198
1.5341609411337047
1.9512437885026592
-0.38495280968740564
5.2889994824932165
0.37728009672919705
9.368397010915805
3.143468628659081
4.688097873218758
0.9231418393881222
0.8226269779572078
0.8835094892408488
4.055256714137908
1.2032623273388103
0.5779538478766434
2.5281834666793364
2.673913787009286
3.313490082999396
4.144422516153037
10.76336180544367
4.065756754659976
0.5920121146329035
0.14957528666528938
0.005636131982551529
1.6478120746956069
1.0555776139974629
0.10449265410333974
1.2119431147406172
0.13218915569413225
1.9772883364503435
2.3376416203931125
6.091420199367248
2.8332995453894645
1.3866460232949103
-0.5907477164269184
2.514076895573424
4.01777188701313
1.667264890312942
2.8008260651691765
0.6814503676925185
0.8251335039602479
12.348976593841316
-0.12441145864593593
1.5126437411919371
4.625955359172095
3.6108452877315886
6.718963980180849
3.284213718341188
0.36059958240678364
5.561273120903522
5.385787793004527
5.448287551345453
-1.6808466551905332
4.773227485552559
-0.04005307355882323
6.64183665923505
4.259277848992324
1.448833876467253
-0.7414252478364185
6.3709922345946275
2.984327198855489
0.7620109101770948
10.342374318671991
4.70073168982864
4.988383250441864
3.7149847861055725
0.07235057354882465
1.5299716474410048
1.5590183529937447
3.8740040761083554
1.7404947545135736
8.07304779184896
1.1301276644454832
2.4703286511541496
1.1287176836541684
6.26925078049778
0.30431344021059303
0.8700687552374404
6.255793092503619
1.692752533384526
4.263363315098878
1.170923348319391
2.8048960261121234
2.7037954119398315
3.216151026759957
2.2205493540769976
0.026369858349279962
4.920390681602714
5.08755059529971
1.8759493385430575
6.067972368507538
2.1364024743396905
0.46079990714307717
0.836784642025888
0.35314440973146344
0.18740187101631944
5.63959665565353
5.10427701285611
-1.25337257222461
4.04016179360415
4.4090596647413065
1.539346167071462
1.69634583687991
