-23.1952730394893
-21.858286896822467
-15.496249134881934
-25.225869403972123
-20.482222766489514
-22.09813610098368
-16.954163347254013
-20.197313733547556
-21.656841301008512
-20.83800865115786
-17.352446781058234
-20.888255215298052
-22.05670148465311
-25.17507139094066
-25.234896084626527
-22.590510291766087
-19.520756217602607
-18.920354917045806
-23.064582333509456
-24.024542450493538
-27.436962436512648
-27.898415882015684
-32.383052637193515
-24.1453972425649
-29.4896435879549
-31.843267614430097
-26.258552498757215
-26.31715793509049
-21.546275614803235
-24.38989625196957
-20.32364606387754
-31.265654937830945
-29.72052464898586
-30.041130608809915
-17.955863055696348
-30.683822210327214
-25.864242529389998
-22.39561974425312
-25.941603335622148
-24.158670740294447
-22.451911918707005
-26.714853737640823
-29.145148430380612
-25.074769725671473
-25.76576670921742
-28.16979803868489
-28.144372681167475
-25.97773457777437
-19.022589316076118
-29.327743054456583
-15.924595714384408
-21.964045139095035
-26.079766611668113
-13.847532503989514
-9.940678408974227
-12.013657810770418
-20.438339935730944
-20.38496632034763
-13.885605282346221
-22.38957619807936
-19.7241793546821
-20.301491163473038
-24.274557933350287
-24.706537138014518
-25.507568353039257
-19.366040964977763
-26.76701745387451
-20.60565816218163
-21.152152655689775
-19.721534261171882
-21.55741547384322
-21.093383722645868
-20.703251548898876
-28.059379384275573
-20.092063218399637
-15.571733462821436
-24.75573150410131
-18.09631370349429
-15.932370946251604
-22.78088702614672
-25.414092846134537
-20.2414647992667
-25.56852398598611
-33.292496496398556
-19.744059185793763
-33.34482650023773
-27.37280884881281
-21.491408942026528
-23.95317590870799
-15.69097944935879
-20.08878956898031
-20.858466601561382
-13.7407400196371
-22.889068036074306
-26.872340717918103
-24.051315455125565
-28.087623729948763
-26.72902883568188
-25.019742093174212
-30.342407699548097
-25.41579042519884
-25.47379349451053
-27.65124519495073
-32.162523660157895
-16.100915289537536
-32.40518488399096
-28.07857801976911
-32.56839087217212
-19.244959348921622
-12.423376198343872
-19.709109206982525
-24.128330024995
-26.5763601559411
-16.763042498785566
-20.26812501874641
-16.72159261434379
-22.052896648418667
-24.28117726748907
-20.788202282530257
-14.335236542065127
-25.992613600530543
-26.971291715601605
-20.917745064447644
-15.732980643837134
-29.390866586880847
-21.4677985136909
-19.28724195966429
-17.62230756297791
-19.582966466862896
-20.726829470329637
-25.662113141209232
-14.918630379461334
-28.581485478237738
-34.01896833572143
-32.53153940041101
-32.34324050305937
-35.99595855031771
-23.63855461376083
-9.484958162285908
-18.164803492857715
-25.349973536022333
-20.235325191971995
-20.253153931434607
-13.951975581733114
-18.81555969533423
-22.830861810795255
-22.37489430740613
-27.97661728040882
-22.505986549974978
-25.894905565748672
-18.304470940233912
-13.536302032550784
-13.620980991159058
-26.19558805903473
-21.200320070374367
-21.11546541881773
-14.913152958029722
-23.45367999971942
-20.197332195713525
-22.42100915920929
-26.074549556795034
-17.442951776780244
-18.186558294460024
-23.08924585663003
-19.711770458861928
-23.135830476966113
-22.812289935099038
-14.721290078839937
-28.333271781534407
-18.0154844305793
-20.200187402156544
-27.00561929067156
-26.86252956582612
-33.55259931380135
-17.511828585851482
-22.555550510486395
-27.086540769406977
-20.096289275166146
-16.340617906208408
-21.834805391608917
-23.27988759500579
-21.810656165985737
-17.237368816597602
-20.30366932653091
-20.433317658830898
-24.083218752772993
-19.952353893951575
-24.625770399400736
-23.441446320424276
-22.895122972723154
-22.093305636344876
-23.71166811701398
-22.195153751685734
-23.11227096694573
-16.44609496852992
-13.252161086873024
-27.9635689547295
-21.714967987372606
-24.430115257165667
-20.765366793976792
-21.794892170155762
-20.49204505288682
-29.98260630699316
-24.44706732645575
-32.00117753229716
-21.55504588453679
-26.041816716887922
-25.207342455229973
-25.47643603919231
-18.415474996984962
-25.64708789572654
-26.055502695222458
-15.716604307535059
-24.089462929884714
-21.344475939110872
-28.030687004963553
-15.293769258082353
-18.752521448186013
-24.917205609007816
-24.386970900317444
-24.874541317043818
-18.58134196392616
-26.068914546544043
-20.669248111264217
-17.97985364371226
-22.695306294375147
-19.43916847909787
-20.93119750382629
-18.238390727497446
-11.415489779791471
-18.292498900832612
-20.164006796395356
-24.587428475166945
-23.853451207138114
-16.864405198341917
-24.049349199848276
-25.742124226151105
-20.120525172822717
-20.543427543439194
-32.313939576044746
-21.800546367500402
-20.367950754588776
-32.66500783925759
-22.954106323332972
-30.972116992411543
-28.430175908547902
-26.423788897677838
-21.44473382522872
-24.467277021506742
-29.670317389962342
-26.35039313114805
-17.80881266430411
-20.29489278936804
-26.203756749110525
-31.914353319518554
-27.978065596318384
-32.87708565095541
-26.129138633228518
-30.907902284374074
-20.796796797874133
-16.14834843239419
-20.971613593004893
-24.043716645918824
-24.820782899245504
-26.651540217087007
-25.766403554817316
-17.71651360441787
-18.305213774372984
-20.237223682761037
-15.664322052699331
-23.3952629821382
-25.86283645750705
-19.52979826090488
-17.59785062312257
-25.22821546984882
-29.726860062509015
-19.787528434012565
-16.686029902008773
-26.79681701413244
-21.677425058973494
-28.520753285799888
-20.742080612909213
-26.229817681634
-28.32802531266161
-16.255159640925434
-26.264787280660272
-25.303847479383084
-23.094876049371635
-30.278257248329624
-24.406166349543994
-29.12761382784651
-23.98874837967952
-31.893236415424123
-32.22020655386525
-16.803491069757303
-16.92893631765706
-17.740825212889597
-19.764462541284388
-22.364713666105718
-18.638733471131008
-22.27562050724432
-18.43759354770461
-28.244542381807015
-26.319781148599205
-31.319869739646112
-24.01776715242756
-29.516080016607255
-29.121802452055242
-25.652942263533124
-31.953635054334917
-28.78574565718135
-31.248856739616357
-25.075878948145974
-25.363726787461868
-24.421206638482122
-26.173761251446436
-25.56881806865073
-26.394645120716568
-28.02429228832402
-22.35630001287561
-24.3335031068017
-23.318953332395882
-20.076014678068205
-19.82472954152408
-21.43642826055137
-27.998132776024818
-24.54625789062698
-21.44511051257369
-22.339245533351377
-23.89997682659166
-17.146452540562542
-19.568520358726573
-27.294075512706442
-22.55125457673614
-20.53821488059269
-23.66155847799793
-23.35880277179413
-26.114228910905503
-21.724764131786902
-26.495708752971844
-29.49391804057042
-14.974292895989139
-20.06447523652495
-20.012474370175617
-24.416285805971867
-21.715976022693205
-24.07360939585293
-15.32225867723892
-21.38710636820599
-24.189100281144732
-26.372218934370462
-27.10179785556375
-26.33799319430411
-27.931831786240817
-20.173035754846076
-23.142290390758802
-23.223362742715214
-15.337184961136982
-15.46604180338756
-26.03352502285704
-28.060389323942424
-31.910833144202357
-33.040793754817365
-29.914670404751963
-24.41078499072534
-34.38030658929531
-31.31629747636701
-22.494370396376418
-27.721161658888306
-32.736557262058554
-26.069777666686036
-13.160251620145964
-18.715312065361704
-25.87009009792974
-19.46544960717653
-16.81858720678679
-18.333154188626263
-19.98349814132119
-20.222093005925455
-19.667015189158143
-19.707800266949814
-23.91650551515412
-26.166263335719655
-19.97485203312453
-18.131842677700334
-20.218889546656058
-25.50067971758787
-26.193244615380408
-21.710983674076232
-25.927605283140387
-25.081012374670745
-27.70085978741089
-17.28352531500227
-21.949671075412116
-18.30543115903145
-25.93853318250843
-20.67543581270686
-27.528475841491606
-27.053317381084835
-21.072615024010943
-14.841291578186372
-12.674724518274518
-17.616469393443968
-18.382927905203076
-22.715896343063246
-24.59970560495824
-14.953946629682592
-21.530057046566405
-23.99084120538778
-21.21098156790545
-20.615079100311434
-16.209515423225955
-12.624464469362948
-28.01105968320876
-24.189619977987633
-18.2443168110395
-20.359276248433954
-18.630885088994123
-25.256505838934565
-22.57158592039027
-18.339127602220547
-28.15766140662121
-27.23351367445077
-26.957824328131046
-19.32413307999608
-13.479759480765175
-22.620243643263553
-23.595905363558472
-22.75424623492576
-30.13606627117828
-25.081684131443403
-28.63923650449297
-24.761559296230935
-21.343235562887916
-17.05191629322845
-20.23698905875182
-17.631293743894854
-17.430334909378367
-12.875864322793754
-23.070205824313653
-15.737665294312507
-19.402332932319347
-28.92200990237055
-35.049917802328395
-31.245481168763718
-28.856086114300204
-20.189019014864176
-29.74626328106705
-27.921997670667857
-19.961820287768177
-25.736089136349175
-29.262653980027935
-23.522014743224837
-13.421827909069172
-25.479714612232065
-22.986426741250085
-28.771887912980027
-29.80716982880812
-32.18907626244556
-19.037947987869593
-26.243766828699393
-24.970821172667893
-19.065827426660732
-15.438574801203531
-19.97479347931141
-18.9276926740644
-27.449829727550966
-24.916421261428944
-20.460809307588356
-23.061491775668525
-25.22147464059588
-26.22305242331897
-24.422830340257097
-18.592605794819118
-20.58434145594996
-23.267358060364835
-19.87618632321745
-15.837422796475403
-21.570272678370582
-13.79309751759424
-14.526588239979567
-19.822526922508764
-21.33606552655899
-22.147051833523072
-20.09557036776403
-24.236878036531962
-27.103743249949062
-25.083092432988842
-22.923906350977703
-23.757395055856403
-30.12005179238961
-25.6777078865423
-21.811609429637713
-22.173391209523047
-23.071125144213163
-21.163686073453025
-22.558446357843867
-22.330663173115695
-29.94116497000113
-23.537724949894194
-23.956204375281214
-27.662947573305367
-29.218911222790368
-16.593901614558746
-28.926979180430436
-19.66637588810793
-21.710564532327744
-16.945667217790447
-12.989534105773313
-22.00446580136564
-16.635278927499208
-17.242629860081273
-23.95383921436956
-22.503777741060954
-24.527247700129614
-23.00409145048384
-23.56032938646649
-15.371299396075784
-18.509065479892
-21.64039305706523
-17.972868208431244
-23.412066463597153
-27.48206975375831
-17.686505944267616
-18.010221894875436
-23.03366048200449
-21.321018047653347
-21.347771027853025
-20.774703018594533
-29.060538648783137
-26.0363404843047
-23.289134921842688
-20.243264802047676
-18.702888379726076
-19.38430177026615
-23.45775038328602
-20.085566981786833
-25.043536900936108
-20.097776664081906
-15.31393153408786
-20.990688199200637
-22.18749175974269
-22.037380008994113
-24.565375302082792
-24.648022030246498
-17.40661258197815
-22.869517773600233
-17.63921630142059
-23.296639926350924
-29.420031735606646
-27.351225159496295
-19.394673396480037
-9.265169646086433
-24.641150829423708
-21.7877142188946
-29.621325067212737
-26.941638347472992
-23.955887145578473
-23.96153428670837
-29.108500715649797
-19.526798777465515
-18.778526955026543
-21.098077723035626
-22.68091054571218
-19.468742742203087
-20.627564598332487
-24.49474171416571
-21.843748524820047
-24.56583868934834
-20.62451813472149
-22.9340671484494
-19.48677137706162
-19.308130680964467
-24.312429209185765
-23.911415711274138
-21.107526966082965
-29.401154741205172
-13.01669898128918
-19.824886735347338
-22.56392758844715
-25.68511916434509
-27.5981252202988
-32.60062842703498
-29.204471889070163
-29.726114148695657
-20.887361257088408
-20.692342359218006
-20.277716964635164
-20.406212804565804
-21.440151921518463
-12.813512639656473
-20.86028615584749
-21.40555385127671
-23.289372015524158
-20.15772332015913
-19.97855945417165
-15.014101640794511
-18.560849511455817
-16.163078371790174
-29.84052084220656
-30.880013356937017
-32.640479584804
-27.09929612043569
-23.595934500346516
-20.796738694194605
-23.559496922107506
-18.38982216140998
-22.49503790527811
-23.090540610724865
-27.566280867057337
-27.550787628692063
-25.19020753420887
-25.75322676868737
-20.344226989050824
-23.962389435924173
-23.087700384640417
-16.231406285398467
-15.46500917152156
-26.15586607655174
-28.93696292165491
-25.898338409730847
-27.387419443529154
-30.05800793589708
-30.793168357075892
-29.420630677755334
-28.777272020922588
-25.38556869721492
-23.019711221631216
-27.33603062484599
-21.154410669510845
-20.517965463642142
-26.241228075732085
-22.091031511746674
-18.352156065994215
-25.393958409247112
-31.244582870709543
-23.611296919009412
-31.314297053917237
-33.91685387250749
-33.75652432928119
-23.33837941400971
-24.8729239318144
-33.75958581666561
-21.451608214631165
-28.36321331158654
-23.79620232723666
-21.28947976965109
-26.25764382963502
-21.889414498233826
-27.248539298326875
-31.320333585359442
-26.55440563718672
-14.901216107697955
-27.86676562667374
-30.259492788836546
-33.6046963224103
-20.345652631694563
-32.72353070969752
-24.12674087184087
-25.509067781974714
-28.594131442147553
-29.68884585468023
-18.263966241125903
-16.96287268879267
-20.90906998294634
-24.170993228415057
-19.751077875749367
-17.275497128857342
-12.889218760289486
-20.474223942928145
-21.37277420199836
-28.921858975500555
-26.549413535739742
-24.754440341760976
-28.11959629717524
-24.843576780998436
-27.517602794285242
-25.690013007318825
-22.968671530436644
-26.535635890905915
-20.946453409857803
-23.05908840781321
-20.39691188887344
-26.566472365322873
-20.596730542696434
-22.3899543728428
-22.871638714152944
-21.933009954694
-24.14386134527998
-25.363820767086395
-23.83202666891984
-20.49153086030759
-19.788825998049127
-23.733818059419534
-23.11938571619641
-25.255352101463952
-13.461566462017666
-18.93475514422155
-20.647834445965312
-25.91143945828949
-18.414012632250813
-22.35423226138004
-16.243348461204793
-28.107509343116796
-26.455653327640853
-24.1662370860572
-27.693463030643812
-25.26150804813122
-28.907380131595417
-24.383336030726795
-20.930872297737928
-16.325850580995272
-21.71107898573848
-23.55444335258526
-21.680562016037356
-22.778160993941146
-23.238911562663127
-24.65769572616188
-23.075310992631238
-23.334282849680584
-22.499332163528795
-22.83334613432855
-22.294513871694026
-18.26896104455283
-23.399407921608525
-24.35932694379709
-23.30487831463405
-23.835041180493604
-18.14386142485614
-23.73683775341943
-20.381769518796187
-16.344922120808555
-25.085367678011252
-27.31610261442243
-25.03901488016318
-25.28500115326254
-28.080044818198466
-16.909038117676737
-23.543643336624704
-33.57859340244637
-29.84444219818135
-25.290115747974873
-29.70514087662842
-21.456632801085256
-27.27780710292181
-25.136754157148445
-29.47474314221433
-21.49791514367587
-19.87004358962307
-26.034645088461055
-32.50741409533666
-21.005240280653368
-22.859053088720305
-26.805411871303427
-20.037912577594582
-23.886317392737475
-25.441018149906817
-29.966476468949274
-26.720935308913365
-29.606058612572586
-19.08338670228568
-24.715309193412484
-23.694482543376008
-20.071369097398858
-20.663572279825654
-24.395807863430942
-22.35532379246918
-24.09963392970365
-24.36063626829108
-18.616104368620213
-24.725293943027374
-20.359099064408003
-21.487243311677904
-16.668420212833748
-18.799512818399492
-20.390271302938846
-24.830807714379308
-26.42150622887793
-28.5475601436926
-27.03434824377176
-28.412693696742007
-27.2267071840889
-26.820063278290363
-24.56951802369106
-24.19344434250691
-27.869402339530016
-33.12674710361517
-25.94082451655082
-20.43522749256867
-20.193984805566384
-25.080247581848198
-22.463531658156406
-24.869234812998783
-19.830438797458275
-27.031072498800444
-21.442558816484663
-28.60975700481648
-24.878744186729662
-23.763929042033983
-14.814912698023136
-22.238119190143532
-16.045648271079592
-25.129162054103876
-19.831407521712897
-22.783280715618186
-18.64307651382844
-22.80705804920563
-22.749604460457135
-25.34004544427019
-21.312773885673373
-21.62036986387404
-22.98977316621895
-19.928270925051933
-25.49317074182786
-25.42038859229519
-22.660508097642207
-20.77657257566627
-22.424577934644088
-21.71052052682088
-20.229814190853673
-14.829051246812408
-14.394604795961737
-15.2257958614508
-21.81427041493059
-25.90006284856326
-23.619814302453896
-24.024143638342426
-23.546224440969034
-22.259780525012484
-20.761445046086376
-16.89046444152428
-19.94278497056967
-25.332627506153905
-18.586797644013092
-15.75027784148508
-20.716312664992774
-24.729543931239576
-25.8423179551975
-22.202842686751875
-24.650195597460907
-20.936945510369743
-22.268871129401273
-13.494710839372473
-19.9486862664101
-22.94014916642097
-17.859764062907782
-20.27442763305583
-20.56187858095421
-20.704187053171857
-26.870496531104592
-20.882479783138855
-21.185605217357182
-20.1129726015082
-32.495446800157445
-27.676041018442476
-26.136904159596824
-24.47314264969412
-20.400644758497247
-21.48526226674136
-13.67214316413877
-21.351966843775244
-25.055048210272435
-25.409298052650165
-20.24564204134094
-17.469094948340313
-26.18843396861483
-24.11762723475114
-24.20027093194623
-21.0256808983817
-23.732883704705515
-21.087511969695154
-19.375206744764036
-19.123045313955778
-13.903733834247442
-20.473113692801217
-21.506146310559654
-19.931658779783326
-20.006458045616615
-25.684427807794986
-22.144634653474245
-19.456996087450957
-18.416434416145105
-21.040557550773073
-28.57611245345901
-27.85858759044693
-18.880754476163414
-15.243902980657232
-12.509544161364346
-18.869758532278766
-17.94114774239037
-17.56910841647787
-23.204934877673438
-29.329780437498215
-24.606934272114202
-22.230256945491025
-21.84634556336463
-19.02849472956598
-20.121392853150795
-20.77537813258062
-20.408986941845747
-23.958335251111876
-22.35836502839935
-28.25991039914146
-24.950255703976612
-16.082281518614842
-22.016305036009484
-24.546378580714382
-31.051254798769914
-22.042570274980456
-19.86076926896868
-20.295613390145647
-24.856924783627456
-21.729678433567777
-17.227075167587802
-22.76821299644584
-19.94895336883529
-15.124064899712808
-26.85545489000052
-21.315815666028698
-18.437517658096482
-20.46367892583081
-12.620178922376232
-17.15746802146626
-24.88522137611004
-9.918069951140014
-19.440318539134655
-25.71494763390629
-17.714903244970202
-17.809585329873098
-18.496104491653266
-8.399843357888006
-11.8860959187298
-17.409386985205096
-23.014920351008474
-19.85871185152281
-18.75020987706816
-23.871366998181742
-14.94232289346706
-19.854909360842704
-22.654520088791152
-13.248489881313102
-23.175939780510355
-21.725616532487184
-23.66285510781298
-19.146941568311835
-18.079783877374613
-23.991494945602767
-21.88596996608901
-29.71623292879967
-21.072503505871644
-17.2887175481433
-18.434911838534592
-19.36147379742395
-17.15558271558234
-16.00786873560225
-25.003733753402983
-18.135092903293327
-23.73235779956643
-22.555034962789275
-19.902441737194597
-20.45741235651047
-26.168805803654728
-22.419735226356654
-19.320257249587065
-19.898679762900315
-11.717787603484972
-25.160428946437186
-25.886087960401387
-17.11764104446054
-22.075927485368112
-18.185552275091663
-26.098559754320863
-19.445997511228043
-17.79788706767703
-18.62868593096287
-23.43831532569519
-24.670805406074592
-18.226922052818573
-14.999870925859614
-20.654350972524885
-19.139042734054534
-20.783250092418093
-13.909086468620787
-19.13605097636886
-25.028842714677914
-26.066436790471432
-20.98504931588572
-22.44554474096172
-27.045101322773046
-19.048035250245317
-23.225711979290633
-21.948777746762566
-30.54576424085084
-19.50078210813409
-19.185863309853005
-28.871055215447853
-23.22544725856357
-21.995582894265993
-22.908319850438897
-18.543624831089502
-21.858150783175873
-22.387208937305978
-32.99246911710166
-24.05643360927053
-26.628595667193455
-18.6501940569487
-23.868846315473764
-24.76603762838515
-19.945335995895558
-22.823958353102448
-21.155332471484847
-21.703286948369016
-15.724756486373835
-16.475379111128397
-21.626326346754887
-22.407581809041623
-19.253421678609314
-25.332287902372826
-22.11192877542457
-22.63172125685078
-24.550898864109907
-26.214027807394814
-24.714126319010266
-18.40387338802746
-25.217197001414675
-22.89427921828218
-23.17703558866757
-14.183558572107213
-23.251559596965183
-25.62755258125
-24.372722063282737
-21.886217510449978
-23.069414498508678
-21.78148115206101
-21.612655406261254
-20.124064668494622
-26.519514876129065
-24.547610490543654
-18.387617134252224
-20.706120011057198
-14.607741543759579
-22.1105794175272
-17.13971972775552
-14.53316173606317
-22.176896244984945
-17.274246805963845
-22.64842153528351
-23.011006795953996
-21.96114497045317
-22.27065379537593
-19.037554056987922
-22.094001799870327
-18.32961765373643
-9.563168980606921
-17.782238851744996
-20.846564567466128
-23.088754001114246
-21.590544462318746
-25.49928021283583
-22.90547546930672
-28.50420305198265
-16.520886497879765
-25.8471494116449
-16.866831720351442
-9.255644092797679
-23.970877353012597
-19.092488584422327
-21.393991532115535
-18.68849723826972
-15.865417096210347
-22.454566629402
-18.196933743197295
-29.07259561952845
-23.425708645337032
-21.14193696088589
-16.29097526595051
-19.86313445026396
-22.243366414298148
-19.42383169206783
-22.43015657334657
-23.726216208489504
-21.157520562985187
-21.70030965883409
-22.819721533469753
-22.214921307452606
-22.032936517001225
-15.918043710302097
-21.80548555358158
-28.911392060749222
-18.021251082933613
-19.787349643628428
-24.308772609618575
-20.975723930954413
-12.460382309020689
-20.076285459810848
-20.53563272830752
-27.914589681306197
-13.272736423569038
-23.284630637039754
-24.978637450026653
-26.512525943919314
-23.320242693344714
-26.63936288356428
-26.121465020926536
-24.58789101487103
-21.508736384179734
-30.280321495428005
-17.727852576066926
-19.254423713275468
-21.733349270645668
-19.235516978560668
-15.948421188183751
-16.984838259698673
-16.776063542515914
-19.894410376834774
-22.59056909595739
-27.138345997975108
-21.139476269658598
-37.75934164614257
-30.95685633749131
-25.14011420430092
-24.59025170722936
-16.078069462804514
-15.017479577234932
-13.923120401660057
-13.443404911347832
-18.26924937081802
-17.02203703300836
-18.856046236644037
-17.237776045617732
-21.17231706803766
-21.810341155122345
-25.861534443944585
-25.285720297203802
-19.88846550638545
-18.851883594623793
-20.37131192826297
-17.985102728619413
-18.70010993796145
-23.42550885803577
-25.19062728605894
-22.763800981935084
-19.074559522552637
-20.48267677189226
-20.34985041761116
-24.118275690346675
-20.15001370218366
-25.12948014094184
-30.250536666149337
-14.269939878143994
-26.018084464043405
-27.755117222032037
-24.29304091007397
-15.61592707119558
-31.580803061234207
-23.05976335822618
-23.8081048693179
-26.216490024434126
-19.06152604168581
-20.750425430636135
-26.202479125413873
-17.515617393781557
-21.108579981114914
-19.28369096097236
-16.798934485199492
-20.738440378839968
-19.45903611195342
-16.909959666914975
-22.568854919742066
-21.327002522302465
-29.198874902682352
-26.13548639248401
-21.833125862007293
-13.636396036965902
-26.96785029976045
-26.08646963976901
-22.909351492681672
-27.58313727947641
-20.451677711209108
-22.128761177660802
-24.271546127910234
-23.314592478953223
-18.246615757887227
-28.577769277466324
-27.089556096411425
-27.098460682827945
-27.655928297620086
-26.91931113775336
-22.70690452465007
-21.477614888053033
-24.83921740669368
-29.05445955978512
-26.675786631526286
-27.727511407518865
-25.033052116532325
-24.78030779257332
-21.622707256286063
-30.4731072291335
-24.624829215255442
-22.217466526900946
-18.24558878989984
-21.350563526147386
-28.345478850307774
-16.64968251342523
-21.59107504927109
-18.009627179661795
-25.927183188833105
-20.9634243121548
-21.26612899924877
-13.615538653480161
-22.856393415024215
-8.06848908161254
-22.896751513743798
-25.144730063612116
-23.550150968094282
-22.32770327890737
-23.37048164391148
-20.091179191628207
-16.21856419976658
-18.01576623165192
-22.333801342639095
-17.874708154306663
-22.573112179881445
-14.285274552142067
-22.974577655697885
-25.07401797001872
-17.13678736634033
-20.393566885793916
-24.58345038202122
-23.15598422718554
-21.249435951748353
-23.1287903041477
-15.85466404602879
-18.703442803125757
-22.418949341400808
-20.7661053401354
-22.884127116090898
-18.74125519937121
-19.798262976305395
-18.64808460087767
-29.539608708258104
-23.35266977011838
-26.414298686917224
-24.207985892331763
-20.051696395221533
-22.38364453232488
-22.295890440302692
-19.15632754290175
-20.609911782441838
-20.60653763932733
-22.19665282571549
-28.03292391972645
-26.163500438441176
-23.1282388978596
-22.290607476052553
-18.556010528806876
-19.91176200253709
-21.130558048779452
-18.10342121628915
-10.934468664338041
-18.23762262646644
-19.919410221045663
-28.40578769565042
-27.132044131619484
-16.586055598598566
-14.555166931216203
-16.318999272821888
-18.47420703119849
-21.39415637706087
-22.02179192460523
-21.637353335332925
-16.063478395489568
-12.615128128752199
-26.17765172260283
-23.446316364118157
-18.72504379511168
-21.321262888327958
-17.601646854913145
-23.19604470882679
-21.776783629663058
-19.149591137023666
-32.61234732794473
-28.9740511657213
-27.432020745489737
-26.69551170034508
-24.484506932432502
-33.00292882023109
-32.08428444135022
-26.246307809083696
-20.744749041566678
-27.815615405257432
-20.235967659951815
-28.867436301816575
-26.138668957994458
-18.785459916405994
-23.713535851131734
-24.75905527314671
-17.17678679582671
-20.60294809526774
-25.295485419509625
-19.319528288012343
-21.370754572949913
-23.311428512596052
-23.47601982817921
-22.72933133142037
-18.41110175444139
-13.372049581215123
-19.52083437204387
-25.309586649617792
-20.471148175494292
-23.56569619778795
-22.412107335558055
-24.25952125805924
-15.536121415552705
-22.9331069458226
-26.475424325958976
-22.020519713135094
-18.044656106192154
-24.307548653626768
-22.657662465449924
-33.78909772989842
-28.600495890625716
-24.445113370311507
-14.050134132920718
-18.792742198059834
-20.43229776275178
-18.51926827436597
-22.982383230936712
-22.76937000163135
-22.82130595798417
-24.624588992807716
-19.72959191792343
-20.258543957776055
-28.591340905470364
-27.004578186928875
-32.39942107939891
-23.596068234440192
-19.86961124471521
-21.648241412361607
-19.940773768226645
-17.14447096791712
-19.477603537322903
-20.75731256196301
-18.397922421794068
-19.94193367404245
-16.78854653374225
-24.85247637309088
-11.042516020759377
-17.306831003432244
-13.971100250145923
-15.072167978827927
-22.246483678949954
-22.26567776487833
-24.009082073411147
-17.43688449688505
-23.67714614457835
-29.885384136152418
-22.393619023508396
-19.264821672318735
-31.324758481074745
-22.043496626797705
-31.42119446926803
-30.093671825279415
-25.57292093600845
-31.308598400989933
-33.02239947554867
-27.21529110990662
-27.417264243475106
-32.42072808786175
-25.902616761702827
-24.316608946821663
-22.70044164833839
-26.168488447208567
-25.397735961153458
-27.09308757823351
-27.61258713897729
-23.780131579338068
-18.85688189089024
-22.226290775669106
-27.959943816860772
-16.21260883509034
-13.97474542028714
-24.21464218055933
-21.96255191891514
-29.478519319571703
-27.032839582061822
-25.85336758641497
-22.611181392305742
-27.683310376162154
-32.92296345561224
-27.27566097186286
-27.105468347130156
-29.102086712366145
-25.61720224552111
-24.63701383966024
-19.5841970328787
-19.53093235112539
-21.456735815377755
-22.465868884431845
-24.63723603312634
-20.995891714449346
-25.00206411287872
-26.409132651453884
-28.90275974641291
-25.9065209275329
-25.505874414698237
-17.809001274563233
-22.266218442799428
-20.70722570906487
-24.350800675840528
-18.467518881562416
-23.16497381154856
-21.748190721508706
-18.484680749875967
-23.895858390625296
-15.812982440222333
-21.140863457834733
-26.52953333732249
-21.372692762318408
-25.007293956974763
-20.059462156516698
-19.64376540925842
-22.79542891594702
-22.061389821546786
-23.253267662057187
-20.526320320764473
-18.074272048548387
-21.588693446623996
-18.63735505524198
-17.470897679926217
-19.378520270748886
-18.487424019731368
-26.44710869906777
-17.967528505537107
-22.19912809734636
-22.075631412438437
-20.842370270619583
-23.522705842467897
-16.044413852583215
-22.611160833038042
-19.719179286748748
-20.293256084097607
-26.325601455326773
-28.300310302586468
-17.85248369884496
-16.678218406705035
-17.1453362015565
-13.649448096200423
-14.955372400311562
-26.18753111398678
-22.290545022459312
-21.049756238952725
-22.180507208042492
-17.32611809195932
-21.333711565674736
-21.347190259161188
-19.955293726320367
-25.81466213489441
-25.058577010771376
-23.535903486451822
-20.670615765103314
-23.38985393201431
-23.21957911432438
-22.437681947022917
-22.731508211831613
-18.589391930518367
-14.963871617590234
-16.452489210144417
-21.55468717975869
-19.51756297198577
-24.46540835669305
-24.318674081465623
-20.896776354931653
-14.69606833098504
-21.3717885085748
-19.926093151029715
-18.744931037216595
-14.689734491315773
-19.339895728220277
-24.095026272284457
-27.043445065587456
-23.275051068629956
-21.923826009936242
-26.16334037840464
-24.140613149380908
-20.05570642822557
-19.23545123661017
-17.700192542885105
-24.646007195627277
-18.794435933102942
-21.117769912158543
-17.84416314803017
-16.973424235188702
-22.069131021149836
-21.570458155140933
-18.054765574661857
-17.06005417152331
-18.623374101602764
-25.788584557256243
-21.16759163731271
-19.379313436559023
-19.051538464697632
-22.942643524218916
-20.57620796531015
-18.197287368195838
-24.65864258857759
-18.747777400467374
-22.869849762324414
-22.742062444140526
-15.018601052626435
-17.345552153454314
-16.771830794236624
-26.118394635065698
-21.659561105776124
-14.804171483212897
-25.129721532137104
-23.58896489301173
-22.841752251361804
-24.906192961363345
-20.256193971216188
-10.699803711633628
-21.967777363228777
-19.909233675750315
-23.87684935284298
-19.728766961452585
-22.909244682296922
-17.839631188445317
-20.89892002136498
-15.506248951041753
-16.699803768500523
-15.416434440009512
-26.618021820362856
-17.361382537312597
-22.59546172824256
-27.596245649905473
-19.299042241747692
-20.005447376148105
-20.157034711325256
-23.999581761472168
-18.712721800970098
-25.33110252934553
-16.17956081819017
-22.996176201744316
-21.620160048616704
-21.632156657139717
-17.712421402083073
-24.928032004149163
-22.746944508603697
-19.645767707180802
-27.07254879939626
-25.907156632036102
-24.817821725375193
-24.44401504053119
-25.187983006328576
-21.2045208626891
-20.865965933674307
-20.829487721808867
-24.28578076676108
-17.393845118238325
-22.017833681806053
-25.820101784493044
-26.976123479584647
-25.358207129833755
-19.615303353234964
-17.940305856242915
-20.159052307127872
-26.98320015776224
-23.87782809924106
-22.41286987978856
-23.051104054277033
-27.068122835385033
-26.90953502329532
-21.18782028860813
-20.83018344610381
-23.747564547100126
-24.051960309940753
-19.701397833000286
-20.1696223202297
-17.35466127786713
-22.368942597922228
-20.691373096729222
-21.496836664939323
-24.01253579447694
-15.462311423607426
-20.57055591272872
-18.569449135008316
-22.975010808263207
-20.594841381746512
-22.064515797861766
-21.71982144615803
-20.748596661882125
-20.227725098124004
-17.768557928520735
-22.903270684166017
-19.25281966654825
-22.299168934345516
-23.884762732441683
-18.401754274000734
-17.41027753967014
-16.15131641952215
-17.028744577822167
-24.20750073034373
-25.6835707301284
-10.991476254784258
-17.734552787428257
-21.711957283255828
-24.534015567100948
-18.547765130171733
-13.746376464563445
-15.9954028405635
-25.57250877229731
-21.181107531548296
-20.3139102774404
-24.509099155544043
-20.76958369739085
-19.687395293950825
-27.108256404188246
-23.5326686438989
-23.665637909855548
-22.387638049540072
-16.317829563952806
-20.189663439672337
-24.28781521850624
-19.354006155712256
-22.935213740829663
-23.1596484552479
-20.380936649366234
-14.98409941340595
-23.980214438443856
-25.343132594954824
-21.565785996410526
-26.5398773773193
-24.68477342234325
-26.393925494156186
-19.955225619173387
-20.49741121083295
-26.096660878631013
-20.8849380781103
-21.566192093330528
-23.593410151551012
-20.878451735867856
-26.174868295174242
-19.473510814232306
-19.55492556878255
-20.028471074305003
-16.055963659965485
-24.871512271998554
-19.058178417087333
-27.580304146306243
-18.87006241450018
-18.055920755921704
-20.88550409168764
-19.124459358368863
-22.782798927192793
-18.755191911050087
-17.895182381218294
-22.089865331027806
-29.15355868359681
-21.57419022290319
-22.542398569046945
-19.835820548817935
-18.136741774866366
-18.788518876018024
-21.149076287248057
-21.50090279681638
-26.010473081150803
-16.35491473129499
-25.555627481065763
-23.25008784838583
-24.073060731411264
-25.17342924188165
-23.123076367228055
-22.9069097455879
-21.786716169324308
-23.653406797356574
-21.15214991416063
-16.215165400810797
-23.840692846212452
-25.62819153281933
-28.165803195787905
-25.691028555060385
-22.525959564820962
-17.920532548555666
-23.728089763325784
-23.541591988034174
-22.305143317057357
-21.1482533300111
-21.282404834235887
-23.742421724768263
-22.53939564485032
-18.119103897839725
-23.203814171314256
-23.63470602192166
-25.7441456120694
-21.709995080755597
-25.01964385353274
-23.97526890447537
-29.020567412356836
-24.884099340604973
-25.53693086777997
-22.06974514444285
-17.944851486359617
-22.500213016212548
-12.838588081633649
-22.19809954002683
-18.33470632571841
-19.815518231430502
-23.56284342777073
-24.174366139556156
-16.02542640186546
-21.229714781836737
-24.800045754105067
-23.19712746674043
-18.56013891023899
-23.035456642205848
-14.812337787361333
-26.51603060385902
-24.435220532752627
-28.97666418215272
-20.857031871840103
-16.914756811934286
-20.537253315906906
-27.179355301650165
-33.51227473837353
-25.546735774686635
-23.69063149883673
-20.82259843969698
-23.764257893734847
-20.24663821581043
-17.934552512769685
-21.425871475398857
-20.643080516660127
-20.509848612573006
-16.862758184354007
-20.56901806176015
-18.70742822709058
-22.81437596808756
-23.305699778809398
-24.783873099259644
-20.62769881505094
-21.427500479824033
-18.879075273292607
-16.990313185364204
-18.770861383758053
-16.010696830691614
-16.831373556961307
-24.229623683232937
-20.617584319668115
-20.57728761163679
-21.769409921851576
-16.22562412709341
-23.207190554788195
-27.434592929570048
-24.735575713587224
-21.066311961533273
-23.263779828935526
-17.657325111237917
-26.625431210945226
-20.015139797539483
-26.804176561524656
-18.660667070585887
-20.30544911932889
-21.26221388403446
-22.701487133985943
-23.74836569638301
-26.41689811899669
-19.31510165493046
-16.304232860503774
-33.887264893226806
-29.507669567801017
-29.50861735841273
-33.038950751645935
-25.977366964901044
-25.732281703408805
-20.36818701084749
-20.357105346631542
-28.293158761422546
-24.676956587049638
-22.411280466718782
-25.108301971318447
-21.290956293156107
-19.59220955249986
-25.644510184381666
-15.312453751868762
-19.40095548806417
-21.906415935610056
-16.794364488993995
-18.441679339005304
-17.824520643054043
-20.571793976981166
-21.246189074934264
-26.415624462945733
-21.705642875473877
-20.074361114399572
-16.042578238167884
-17.81406205004537
-19.144282296754437
-29.428758112625225
-21.5986221653177
-23.776483080885438
-16.77310644382543
-18.438275866639046
-23.457153405580492
-24.20768946969373
-23.774078872375107
-21.105007996329398
-16.24922350761181
-20.733361816758492
-18.218773574730083
-30.6051863298381
-18.152096898636277
-30.295259412421284
-24.93586337496361
-25.454722762754987
-21.94028723854964
-22.26574587797151
-26.461622341740174
-23.65385935713168
-28.048171930220896
-24.6821308496389
-29.28338669948342
-23.85764062402325
-29.164790057720676
-19.504436866163758
-28.387988351534002
-23.76255088294517
-26.25133264583983
-24.828858502602195
-21.657879594227033
-17.71162781636732
-21.68734429214723
-22.864358910434618
-22.638192795683718
-15.694614547562187
-22.095205813964952
-21.532330609864434
-15.9110778238558
-19.34957365325866
-23.30059622265916
-23.092959059952644
-23.911132013882337
-15.819382229078938
-23.662169697547554
-26.887582930605017
-24.688138164985027
-18.93906796337305
-27.81431792788475
-27.012796520312875
-23.382589934279327
-33.240416754401735
-25.95148746981306
-30.52758646912918
-27.239979798195883
-30.29623880488235
-31.745355893749345
-20.002356810326162
-31.087382480359242
-25.65843603720492
-25.55397090904992
-17.386741806290395
-24.590192107851266
-19.280096877199902
-18.79635595233718
-10.634641694895196
-16.549416153793054
-25.0778301378701
-26.096163544235857
-28.31233688827337
-30.51812836412622
-23.331611470567495
-23.044302547003905
-22.31455772679806
-28.318064949001872
-19.735645150369887
-25.27771994017309
-24.6393551078265
-14.809885705933478
-16.514909234663943
-16.403719387689037
-22.754180875991878
-23.10083472846511
-19.990138432281068
-18.286514719675164
-31.646862805315493
-25.427063776472046
-31.28831887591437
-29.91149603612367
-27.794192768449022
-27.07887917758248
-23.082430365994938
-20.182041881638487
-20.254422643999014
-21.740000739295418
-21.751356602936184
-20.162607628557684
-17.16262752649257
-32.090952664820165
-14.172767093639928
-28.810771751283152
-19.150610907107385
-29.120034364754105
-26.798781063386485
-17.12835178244597
-23.58106185778986
-29.70483258120672
-32.452842194206745
-26.892034476949984
-30.24516734684054
-28.583404246915507
-27.389008444929896
-30.99719513433791
-30.55687763820606
-30.361502594465218
-31.509946887296906
-25.09080462129505
-19.73668783969305
-23.81864250729523
-22.75024535336984
-19.150417339350184
-19.766921140075382
-19.596806673176843
-24.00680287230492
-20.78615568517758
-21.459040682172876
-19.123118030721155
-13.9467965421177
-18.92547212744675
-18.386911988933516
-24.275558356878022
-24.36452268166467
-15.893579774963436
-14.979984660023929
-21.996668019479053
-20.68135698210979
-21.968196795353315
-16.649793406246967
-20.00503331632697
-19.209686996702803
-25.584108754873117
-21.571123643877748
-23.828825975666383
-23.55368917847158
-21.70940811729514
-21.14692443458629
-25.033618495982225
-20.55101903553447
-20.939685326651308
-15.711054052254335
-25.31026557321725
-25.637231248171418
-23.475890738335554
-24.458754677764553
-14.035409825846772
-13.71915464545108
-20.087316851575835
-14.967539068968023
-20.964783727764228
-21.389516455788147
-26.762828071888293
-30.26010548919441
-21.54896694033203
-28.677938431507616
-26.535898507365975
-26.067879412710045
-23.477296351059746
-32.20932744007825
-22.56996261631037
-24.220903580281412
-26.260550162851317
-15.777644284436917
-23.343331849872648
-16.00704640831541
-19.599083825500905
-25.787314789651088
-16.309706861340594
-22.027586238283433
-17.938727124873445
-17.560332657944237
-28.53661985582748
-27.614964736115756
-20.927596213859566
-20.4244187066666
-23.848574605675132
-18.356634052183637
-18.91467966510702
-17.19176953593885
-16.59574402514543
-15.25355744492283
-28.6742480035538
-19.644470715694506
-20.34905792650145
-22.613979444159018
-19.445918247524432
-14.419143165772082
-23.32161390356317
-19.052342704838548
-16.983136668352106
-18.600989873753853
-22.136555545091927
-21.614931939146718
-26.920346283433922
-18.384960383300673
-15.275320471469076
-20.9028041787309
-23.873641727356137
-25.627023737095847
-25.864390967128223
-25.468881896172764
-23.355170723033808
-22.989783865207865
-24.96816880426277
-21.27688292916285
-23.693166470630956
-20.249227067231274
-23.782624871628776
-19.051183122678477
-19.17886618583634
-23.160126296992942
-13.333464436048398
-18.18310836251459
-17.913263284219813
-22.879015331452912
-21.94321057782999
-24.900093634487035
-19.651991773650785
-20.983061014023058
-18.78237302019431
-10.860639049679962
-15.878345042561216
-23.0291371586514
-18.93101664946763
-21.002336565930086
-19.598637879803235
-24.103980730313765
-20.02388816342608
-29.299243364047275
-23.47228327739623
-25.614195328595
-21.47359066488964
-25.555852493964387
-25.670500254791364
-21.34152054392921
-21.69993113445868
-21.79883257331911
-21.933221429675715
-29.573677945535422
-20.35638855632158
-25.807738919295744
-22.230194445611716
-19.97695448636742
-18.395265853092983
-21.943147933065905
-18.564333611651573
-26.486591286034212
-16.343965174139946
-21.900446558128102
-27.321107260216316
-21.24101521946836
-19.720916579176134
-25.481666490583237
-19.202061098967263
-21.775468716733368
-23.123063342111386
-29.66199519447566
-27.842489102001256
-12.388161294829322
-16.61051341927859
-18.949004540906234
-22.618834463017475
-20.340463241239007
-22.183480350140776
-22.628629988051074
-21.30699956751736
-22.68154660105328
-15.075670652827519
-17.6956171222096
-19.513860836664147
-24.292572219844544
-22.4440202596002
-26.31251990147518
-29.353510348073023
-26.915851828714757
-29.5441718378014
-30.006729082075207
-16.995819319204635
-23.040897560729555
-18.763148235284252
-18.4108310947536
-17.141565764778235
-20.288024639752255
-22.694777262019944
-18.004670561262834
-25.88845197277847
-17.109621240297436
-26.04986966757583
-27.514161963127727
-22.528306721881368
-21.540436776677954
-18.713708317349578
-24.29838258116491
-19.630931765319307
-23.676605519410646
-16.812869804052838
-21.38291956724138
-21.981918070739205
-22.132760969627913
-24.167698372667886
-13.299878606464235
-21.222234004190458
-25.49059353357475
-14.798945835318026
-19.74528023483863
-20.337639722814224
-18.53192056475967
-18.673005733956874
-19.11778773849749
-20.298229966638555
-22.95017018444856
-19.88000730907172
-14.315118454582251
-21.397451726072223
-22.68317138915211
-15.354633118428115
-23.723051913001758
-25.26709853126377
-24.00541968475208
-25.1737190894993
-18.778358887605457
-30.879071498344302
-25.04700762180269
-10.368826820633736
-22.81305332299354
-26.461715555708935
-17.886867185362124
-14.475447682420958
-19.016864158697068
-16.147298891446017
-19.36652025834763
-18.970328155465555
-14.5222865891983
-24.467673819455154
-21.05761396786127
-23.999658994854812
-24.651641502292797
-22.762926704026135
-22.760777618350133
-24.524777732775764
-19.760727785137217
-20.21332303490019
-22.10145937106514
-9.07632614180794
-23.571578997918103
-24.488266676205015
-23.749160948129663
-19.644302392865413
-17.681952455794455
-13.86426971453119
-25.014934900317915
-15.26545918570775
-31.72807937241531
-20.944240637377046
-19.145741189699326
-26.744637267773303
-32.04076786924192
-34.34802356069783
-24.029851272923253
-28.328309889678465
-25.974941596702845
-28.151024784407007
-30.584632385893517
-27.687736303494592
-27.407491830628366
-20.629492221889805
-24.615820328184903
-24.631304620575985
-20.32397735271424
-19.283971982370527
-23.730828121000602
-23.372687822329468
-23.589939796863824
-19.823195069754455
-22.99531448553227
-24.50870596305206
-15.289807241747036
-15.59552520249205
-19.546921451333972
-23.400965213256818
-27.783505779053016
-22.244389753659846
-28.539155664579745
-17.181106058901634
-16.130452144338367
-17.423784263476666
-26.096267956958474
-26.7689955374156
-22.647537811179703
-21.918130041092276
-18.34712783755793
-24.198271375856706
-24.78933900319869
-19.203925782663802
-22.49761926218945
-18.888923200904394
-23.092696418774107
-24.94111740021574
-24.243142704220894
-25.16831140187701
-26.618574451645504
-26.06678917859858
-28.329050361189765
-29.25905150250562
-29.782595628013368
-21.637679682797113
-30.28242799702394
-30.44755638775726
-24.087837282634784
-26.74700776734106
-33.351979252141156
-25.898629892031447
-27.15071303825699
-19.02821033923788
-22.397474054242267
-18.70192613546719
-14.655636630136803
-20.270946739796305
-18.21119328136128
-22.334752175944963
-26.284602787594093
-22.303567784931186
-28.223984906319004
-28.258355682902952
-19.250012166464348
-25.149730841810385
-20.950795761821247
-22.488422899267096
-19.802937240939357
-20.23862250192831
-21.051192830223144
-24.646063435819954
-25.559404160021117
-16.14514240904392
-13.962245104070615
-16.91775765746112
-15.25904115475261
-15.390085873598066
-25.087785601452037
-16.064957287067447
-19.271704919824646
-23.94106336203243
-19.40346302602766
-26.65236595429319
-20.03300440598108
-26.662547568044555
-19.05095778945691
-22.66672831818029
-31.699093105792084
-25.380022561285703
-16.707356263051555
-21.903316989252957
-16.843936410352313
-18.620982251048847
-14.40865457974353
-15.798740710015416
-21.355873469848113
-22.440546757720366
-13.42372707820308
-18.276093372126212
-17.87847567926769
-17.19769011587645
-16.57764813537393
-21.329384700346306
-22.760325564161327
-29.572908832317623
-30.315606426152534
-32.281457459510506
-27.610140564792662
-20.931602254634193
-11.530960813779206
-15.412108750809056
-17.494992405480637
-20.45946424261633
-29.139396451137138
-29.112800237684226
-27.49531958540856
-18.191772500871718
-23.1779259291363
-25.821607214657167
-21.56702023308695
-20.8903132211478
-19.22136378890977
-27.449097258141073
-23.29530236923729
-25.976339780488946
-22.667091679510506
-25.438588162061066
-18.937912389478647
-19.32563755703345
-22.859064368606802
-18.72537935099286
-19.07761487870145
-21.80790306028608
-23.44705748368896
-28.20141075418562
-28.553637078736035
-32.0015691095397
-20.34637592417414
-18.41420694823808
-20.97440788279941
-22.43804127426891
-21.362897134334194
-18.74474003137739
-25.585132463494027
-25.240365170157524
-23.87221565266989
-13.294045514147264
-21.922805142190477
-24.91209916486923
-21.890223426765125
-22.819689226629514
-22.222433668056922
-21.163208631130914
-22.081634267561924
-27.039718753243378
-20.725832051028714
-21.744147431718474
-20.775307576538623
-13.014174288116525
-24.371128760622284
-22.147338246536076
-24.003323649605523
-24.42509175268756
-23.760052368173646
-22.855835097037303
-22.454731654856946
-28.401005688553646
-22.60796398593672
-23.994391454858185
-33.970907173890666
-31.321383109520923
-32.81743256334107
-27.15728395271695
-25.1806208288803
-20.360080201063415
-22.888911816961574
-21.473365587324963
-18.743127986127494
-22.098400709733248
-20.608820746540506
-24.1483490185009
-21.38357063541445
-16.021229012236375
-20.84729680999031
-17.25648920072402
-19.272532788770512
-18.934974064643097
-26.429987946652613
-18.72849148236982
-24.102789254199422
-24.95299395437531
-21.432266730575222
-24.788385392193902
-19.160622462798266
-21.474357431985226
-24.81417770556972
-27.07389110646991
-22.8001748606042
-24.61659322737757
-21.458577640269024
-25.23347952666827
-18.46868218343839
-20.325423241347366
-23.10779945854154
-26.176010562228317
-26.490682404457424
-25.990024185402767
-13.816216486745478
-10.551754544115674
-22.40966289635066
-19.027740501015305
-15.40313034116787
-19.906113472008087
-16.47140711435017
-19.34769532456268
-16.679172696617783
-7.1334138547175785
-21.51936136440846
-24.65699731569142
-21.01239731511886
-14.559972069481862
-19.09243051752937
-26.701707399584937
-15.778794229292446
-25.00837856929204
-17.233434636550662
-24.728354164598944
-25.96759201346826
-20.35215656313229
-23.740288464582463
-20.25015224783144
-14.793239436614716
-21.982557804831103
-26.29890061577074
-27.821688858227837
-26.269410228692045
-19.381573410243227
-24.76737127748736
-18.5654685084801
-17.543671055104664
-23.240404306489115
-20.197804590890954
-26.867850759646586
-17.636086426126845
-16.099605511958202
-15.744509607805515
-21.999406769548493
-24.29799916140792
-20.70406618715913
-22.93723204256873
-20.167867846352095
-18.440122282934894
-15.40406434932082
-21.78832704567489
-14.760039166095849
-19.710624475013503
-21.41911402099132
-20.294971952116185
-25.00403604023321
-26.210589192333586
-13.531826342984656
-18.221073447763192
-19.114131785472168
-29.420227275954307
-23.461533854669703
-26.61535677400104
-20.37451877438922
-30.550121055721167
-29.659095640728882
-23.025735754316834
-28.85802380381412
-25.693308446691795
-24.358153236379554
-22.943150264468798
-19.378007883783134
-20.075754530666337
-17.969576070146505
-29.537322452507137
-24.11561176514197
-33.45151587166501
-27.024523852061296
-29.694282005065265
-32.26522371346072
-21.73422971911093
-20.93559482191506
-23.1331180331349
-24.787246160178576
-24.769385056255427
-25.21678837533503
-17.2466019987395
-30.387478954979585
-30.258409305377782
-15.770845413958394
-23.781284903117527
-22.100605764914746
-20.49850208800192
-16.147621064833576
-9.948684151379545
-20.19997507960783
-24.6466574284155
-19.33470338043199
-21.809033573327408
-24.79292466201847
-19.93497617787405
-24.610603187289147
-18.486852781173063
-19.354183931343925
-18.209851276789774
-11.457393408949542
-16.807973300780255
-22.53987100757876
-25.60930301193508
-17.530327482853398
-17.09995391462527
-23.47860563313594
-18.78047527266717
-21.6346019087856
-26.932281166455873
-23.923845092677553
-17.469525446506264
-25.07549394175152
-19.97272295909333
-25.59837326439764
-22.281035623879802
-24.693180518246727
-27.862609613751616
-21.30742790667385
-24.72145509614721
-26.974487477107317
-22.36529380456931
-18.91142838658866
-22.442260677789644
-20.776647996715603
-22.554459006407438
-19.762607695682007
-19.057844113765597
-17.99945892246351
-21.160671692579356
-21.080651974585173
-26.974733555032763
-23.12217909531031
-23.432390877070446
-23.731202354722154
-25.759082028889726
-20.582722918857904
-22.75347678631075
-25.1167807024075
-25.33175363140167
-20.333037447671078
-19.306506978626082
-20.767677037749138
-24.513524877966354
-25.321828766388787
-18.0616554062728
-25.763569692353038
-20.78162876434003
-21.62969511529443
-20.799705033509227
-19.948683771281026
-17.857199273909384
-27.651725621968556
-21.446241671798475
-18.28462703574401
-21.941083545749738
-20.766752107024796
-22.482046554967326
-19.159634139144657
-21.184992005995078
-15.910426804322281
-17.122371189151423
-26.018937775715326
-23.019142273367102
-16.1899957630634
-27.626515629755094
-22.862076742833246
-19.219258838130497
-30.342931779311577
-25.828422369783038
-24.63666478762927
-24.060114276935423
-25.803596969196814
-22.25905964602385
-14.200339797832573
-18.89649547651859
-24.487586459081676
-22.172939624120538
-11.956726113972374
-14.808517279941
-26.226580882879205
-27.397155817407707
-27.774266095903414
-23.57637378323344
-24.10735386424859
-17.294169819010456
-28.924133136873692
-23.824552819960267
-21.481713770766284
-24.221388601820124
-30.57578903094998
-24.81222484003179
-25.499234627746297
-30.308374314474744
-24.542868243506096
-20.40567295599131
-22.3346792291053
-29.215646893013627
-32.34025239784113
-32.47546561761684
-31.23355405547448
-28.00786681667804
-29.5460413893304
-28.021496889991422
-22.298423819531173
-26.66916364366373
-18.629610880976102
-18.990071779038438
-17.68839578283528
-15.544248790407178
-18.54320279675046
-19.290123329117748
-24.54264089463469
-18.469525817074764
-19.93008080277588
-22.332116863183334
-14.572983857362876
-21.730468262098277
-21.834597452226202
-22.800352214197652
-23.5890313445656
-21.87862586461169
-27.59085005532333
-28.721645481311135
-18.34094553138729
-21.618739657793927
-25.644203574076865
-20.807999618572392
-17.90977302331578
-10.909775316650045
-22.45126630187554
-22.487650186864713
-25.913505065391316
-24.014529795939033
-23.243443370865485
-19.882742833581702
-21.807180441772758
-20.01476724442219
-23.076542739992114
-23.92089123605132
-18.226165527459717
-20.399602889421775
-20.445532177844235
-26.52438927495074
-28.928065877219293
-10.115275811242704
-25.84976959798952
-20.841356636427825
-21.465473627491676
-21.50862702107904
-17.437895622899006
-23.522604330269218
-14.433158247044753
-22.349480692012968
-24.176474061636007
-20.303902157954084
-22.338791709686006
-20.80716639773622
-21.610631716940347
-13.217193771696827
-20.65559522207763
-17.965952180893332
-21.376280029557957
-19.8834815496245
-20.20709403437622
-17.663009814445076
-15.73718325503683
-27.598127859353095
-18.45690822982001
-23.344330603201456
-24.998625103860387
-16.66799074726221
-18.181506389893602
-20.188225699251387
-22.64644199633904
-22.675736858712636
-27.515369620163924
-15.618454880051823
-20.451524777358262
-20.12276138871299
-20.207727528996486
-23.36149210592124
-19.26581538822357
-20.447533848233522
-20.2272755624412
-21.1389519639907
-19.85736805511562
-24.80714909301161
-20.884673479547043
-18.475921062356516
-19.848407605791287
-22.230492390344395
-19.1665813249256
-16.16128226581842
-16.10855636545867
-27.216442888483073
-18.616601286418522
-21.048621824628555
-22.578616722925787
-21.175424973269728
-10.281207249370407
-25.592794422767106
-15.73284337322271
-16.13407802526909
-24.135358921666022
-19.795057390750138
-20.896976360169926
-20.338130662248545
-18.632137880773918
-23.57661076249958
-24.74969098219998
-23.015419845064137
-20.76222572898036
-18.632749845291155
-19.790456296631024
-17.413271074442314
-24.148476820303365
-18.871306934358927
-21.001574833474407
-24.53005893847751
-23.83011660164756
-21.453220918011684
-17.852953671915863
-16.278285552921183
-20.11214894304692
-16.3750974290921
-22.193697907073627
-22.112553129666686
-19.866358591885167
-27.917908687244502
-30.37261212742606
-19.01085634120085
-21.880980799982503
-19.02443670027585
-22.460329427484048
-16.39266712774336
-20.585808591802234
-22.194485756113153
-24.193418781763533
-20.18919852364468
-22.470984965000245
-25.30023059508442
-18.89057142594896
-17.944023176645636
-21.31719745123981
-24.11987909578914
-26.914768375881962
-17.041983062327986
-12.488239931266488
-18.859783014671173
-22.200083959105584
-13.529335625786354
-20.15399738054209
-22.946717770540815
-22.1169822322057
-22.044745098486295
-24.078308923851978
-20.38914426303454
-23.804299941867704
-19.805109080787343
-17.1068325154611
-16.419334814839225
-21.398931102290923
-24.892601009828226
-18.27844443538276
-24.790418610568416
-15.765557563882636
-17.743813607001854
-13.812991681313186
-10.073595439880014
-19.770679101019354
-23.979396446255304
-30.99801239980838
-24.18877419657165
-22.306457236935895
-26.86999556968397
-28.34649627329141
-24.20558797169023
-22.2249335870496
-17.411549032858446
-24.38251461722181
-20.824934507161224
-26.228992622369425
-18.955767864047495
-24.87231565803581
-19.765052999345436
-22.5116641500573
-25.10444442877069
-22.809516480320816
-17.402366708287975
-21.80362073941448
-23.053657168237976
-14.411093312781562
-17.3810372981616
-20.716715444450873
-16.798642206045624
-23.32603801582279
-25.76482138826676
-22.521353778271997
-22.204203895913356
-17.67014089461782
-20.313752731433002
-25.268480999830572
-28.061233789584644
-24.747503311828535
-23.92367964422195
-15.400151638326758
-19.40889509857247
-19.627524666553132
-26.157893805814446
-25.144754081917615
-27.240375932827035
-23.324120138152654
-26.90791674367666
-18.455739541926203
-20.838550388395255
-15.64122061706159
-23.52264552718693
-23.33304179046892
-21.666664205305132
-23.83247049693332
-23.773405646137206
-27.13400099644179
-26.249444835642088
-19.191060214190237
-18.03632972550667
-22.431744634864465
-21.77388094057869
-20.836523186462134
-25.927949563923917
-24.831301728547295
-20.915845222801295
-20.63794979868679
-14.715900923550212
-22.117827391244184
-16.989303925278925
-21.245368373810834
-19.600083695596183
-16.02547741621003
-17.773037621202025
-12.246352246627763
-19.378624748260105
-21.845375404209655
-21.568757573614896
-19.139232133333653
-11.419103233445913
-26.946078781355244
-13.81413635671641
-22.217040947360136
-14.037838153089949
-20.045559590497618
-22.182911902445237
-22.16062696010371
-20.051012422791445
-17.35684140489696
-21.898616092838072
-16.37755658599409
-9.047863159300057
-19.633182487389792
-18.1740940135022
-16.467866103524454
-14.507285069694904
-23.93730029198692
-29.626743824310665
-21.364171875245518
-17.799419784675656
-11.4023837886084
-15.235069828382631
-24.327037640217434
-22.508659008077665
-22.86053421846951
-30.33850228845453
-26.2913740338742
-25.084838223237195
-25.726250437838534
-22.10762676535022
-24.288882790875064
-28.00132952008739
-29.25352792995027
-15.82586405907163
-24.81122720167983
-27.834736866172822
-19.184157646030158
-26.60181910058393
-23.368251172846705
-26.346674703577108
-22.681631275795237
-28.012649867454577
-21.65161174524445
-25.768564192709547
-27.588847368098953
-14.667873381405613
-21.839141007698785
-18.695570826876875
-26.011585354103353
-25.22773857183372
-13.677061008730094
-24.5804109244836
-19.374822175484955
-23.597843541240803
-21.335835750600914
-24.51418191357949
-21.981339653486835
-30.01712327822862
-29.974683763154296
-27.017951778162196
-29.256227033507983
-31.277059918135475
-33.639240879505095
-33.2350793837374
-30.13108457053004
-29.516501969701757
-26.114905774242406
-23.164627653304276
-28.05489305148486
-20.216103885515658
-21.83148107977533
-25.353434591516876
-23.3663642945279
-23.616058430814807
-25.75980385725371
-29.65070596960951
-25.74346006621739
-29.988456075344246
-28.670189736090528
-25.52322333060073
-24.379203449987877
-27.47792613250906
-21.001720007817415
-14.785379604853695
-18.589101794973026
-21.720932808659718
-25.184808826999756
-20.146970272994274
-31.72585237454239
-26.853872370028434
-29.777307941318135
-29.249771100272735
-30.14398162648282
-32.205527854511104
-23.854819570900652
-25.874618794738055
-31.09870790150913
-29.63093642404317
-26.402097791840994
-27.322001629312396
-28.132437031463887
-24.842244728390632
-11.85356189370306
-19.34572832523122
-23.03741321267315
-18.178203738771266
-19.682781563851012
-18.41381774629499
-26.43993448269938
-24.38791506550798
-26.547176404894948
-22.480256329747686
-24.97763873417191
-15.942591456188154
-18.213025439403317
-27.20458322821339
-19.055640749355675
-17.013416139802374
-21.59984952563882
-24.23730078874331
-25.690813040072825
-19.49314704118661
-23.746407941486954
-27.583835198187238
-26.596849488182464
-21.683049372729265
-24.8918778538056
-23.191021301668826
-19.331074414213102
-21.90708722624909
-24.67090989323728
-24.612217548267278
-22.067298152274176
-22.19200051580657
-20.79782439327707
-25.07162285307193
-24.25913192706342
-25.138122725418093
-26.663728207994986
-20.747266196530113
-27.716119753194132
-28.80356397565191
-27.581071495327905
-28.495406903706286
-24.681054408362026
-30.483351057330555
-20.68887551677843
-30.692857358791187
-18.00199836932175
-27.89998347364793
-23.484717523793737
-20.177528031978284
-17.986473855298954
-22.079276504309615
-16.31076420143944
-22.894580170330098
-26.70222749682965
-18.151925401905316
-19.898717381592032
-25.004712965367823
-21.72417094499754
-22.60175634002727
-22.717033111666172
-20.06565437574337
-23.866938735239543
-22.032937569362222
-18.610463218163652
-23.74171099696695
-21.880559481406756
-24.394134798706165
-28.3405635833727
-16.63493714418464
-25.276898478259334
-28.644845900349207
-23.490214458410147
-23.21551160293461
-23.957733087970638
-23.00929796330147
-20.92360831649938
-25.912800893422116
-18.71592412343413
-19.582067867225675
-20.6252509327187
-23.051190849394153
-21.848053271927007
-27.811786280148244
-20.51244802657205
-22.855095146401325
-20.13724902330058
-28.675092980327733
-21.338334006455636
-32.605217441056034
-21.072818153525965
-23.7685471878869
-18.988850285889956
-23.852853627933353
-31.469417093025044
-25.227475000921597
-27.306808945353556
-27.22993002495093
-30.313274407015637
-25.64492879735666
-24.014992274566552
-23.66071744137477
-19.079450872417077
-23.789463129972773
-27.17815325965598
-26.745965775893367
-23.21852937163744
-20.237705675143356
-24.689729889171634
-20.935928752789003
-20.489740308979847
-18.088576979789146
-20.055976508708035
-23.6484206499477
-20.94593333477899
-22.102818166326063
-24.322923931617318
-19.511760110932133
-24.680300972425897
-23.68024109839022
-32.129732095822575
-24.201355562076767
-18.02026279128163
-24.481216456395313
-18.752664489447966
-20.76329280960639
-17.782109628832988
-28.602061063885987
-16.940816061509423
-21.402170894868306
-23.22137839971871
-14.826444421471695
-17.814206320681073
-22.40680942918906
-17.202107189647574
-23.455136009067044
-21.670828899771138
-25.878040470928692
-21.780340774503152
-18.845229355905317
-15.298118371533485
-23.580414435386082
-16.654448076105773
-21.35674445062792
-18.92411603317579
-21.08460720015152
-22.572139414885527
-19.96303626375095
-19.44214513076149
-18.571224374724448
-16.521047226356252
-25.016865902463163
-23.775085378779075
-26.54238109695227
-25.242827950057862
-22.930542034555796
-29.180817423843983
-28.784171774201976
-20.515250667547896
-31.1546260323938
-14.480271134212725
-25.523173288146726
-22.508677826304194
-19.38139412733625
-21.06927687165786
-18.04920634214459
-21.898734209734183
-24.54733968512042
-23.47018849230592
-21.93392409575671
-22.158811884588342
-24.932829374231524
-23.778094980116006
-23.022794066477584
-24.7939565699444
-16.067182124796815
-22.942431125021244
-18.24933610660888
-26.18852783351966
-22.74659939455266
-21.975580331661686
-21.70945190102751
-18.788815676978963
-25.78848578013904
-22.136480194019967
-22.909160849672197
-28.31200806936475
-23.531876693534418
-25.146941534388343
-23.352060126805448
-20.1042706811266
-21.264221745428948
-15.003113682375721
-24.360132703469827
-23.636860390962376
-20.25575053275979
-26.091389906540883
-27.044557690722034
-25.822887167245945
-19.518845392560856
-23.62744860301343
-26.665303699780647
-18.825258081137726
-31.881260335992906
-32.73417630237549
-27.688893689582702
-18.06937222039691
-19.918329873157816
-18.306081405825644
-19.372760396402178
-20.3665883153164
-20.905843677868624
-15.511174093476555
-16.078478655712058
-14.534466756810142
-22.379474565052035
-21.327651069753237
-21.8184969373942
-17.35761312298598
-14.058805690362972
-24.896983030652837
-19.553752251459528
-22.43453590798126
-24.379125435746147
-22.184108550279678
-20.995811570270153
-22.213074361439006
-18.283741871678274
-20.48880514278054
-24.625176260180105
-24.496345571361438
-25.17269757499492
-26.146002689831384
-22.26113424602164
-16.149475721391205
-22.651643991163656
-18.404203818739727
-19.86223764306108
-22.067688038414488
-21.52078870499902
-22.508882385246103
-28.17603662134083
-28.50998814089898
-23.853664190005777
-24.82483193285141
-24.752224208133132
-22.72731411855458
-22.483439890024744
-17.52918394818078
-25.69961537067568
-25.429899556500807
-20.68259284510004
-22.321525980424884
-22.939720264895698
-22.303189884221382
-27.486308061549778
-19.480955933868557
-21.786461440949935
-18.57207110381425
-18.11317647532882
-20.87836554555257
-23.254549240545337
-18.765576468008383
-20.468730130494798
-19.794549733702063
-19.238101422416662
-21.390578085863222
-16.215648634649902
-21.33540137232046
-20.833231303883885
-23.308431943254405
-30.838889558071855
-24.65132197556153
-21.454292114466362
-18.74704406491326
-20.390642666629343
-25.518086703532703
-26.7240173923741
-19.40505308035724
-23.18324066275152
-21.738067061867344
-23.09740980448781
-21.756823323869924
-20.380591287492862
-20.416195535975262
-20.512873047503035
-19.469413195142323
-22.861564041207895
-21.353252503602626
-13.448894058923049
-11.841256004422986
-15.41296566107167
-21.456408574190533
-23.983832619420824
-24.158731140495608
-27.043796802279015
-20.937685267389824
-21.42591366281878
-23.477999556029406
-22.036809906847648
-22.980946493651935
-24.47747243214479
-19.239250512266874
-27.574993705976496
-31.415250974074315
-33.67377943746193
-31.760088722466396
-24.089764772951753
-33.94228573500807
-26.95558885014223
-30.73412058238504
-32.08194198361515
-20.416817250575864
-12.174455839286013
-22.75222246754759
-21.500476275605916
-19.48607577497322
-14.60665576797157
-21.705226932238837
-24.404782362123566
-23.16521479905016
-24.0130696775755
-23.9343163240593
-21.227923070506343
-22.247973057372036
-30.343174120170783
-28.879307131757017
-19.29705396896999
-29.417696643182296
-25.972801163789743
-23.170785045400297
-26.10663935235493
-26.739461873490598
-25.773297281677962
-26.261221915259398
-20.460737534994987
-20.045956179872924
-24.131459824352383
-21.677032490804628
-20.913831435169627
-21.837714783157807
-23.598310078109968
-22.831156059432494
-21.20923040626149
-19.93734343246325
-24.168446654226152
-20.687084439151825
-22.86830452204854
-26.38891827797521
-20.62235387021184
-24.20606240719311
-22.768472675025304
-18.345406420726196
-20.291417627324947
-20.720385397507393
-19.371847393480074
-20.805980064382855
-22.990499286156435
-21.30955210822114
-20.536984901803045
-15.43625066307834
-16.68262084224838
-18.680617784744598
-24.798008280623847
-20.26600303101619
-19.851855684315787
-16.40116598969103
-19.9230566776862
-20.28751559687732
-27.322533773677133
-12.103286393395521
-20.8309390809074
-23.858309994004692
-21.10757006275124
-20.478646028590745
-21.58375840423463
-25.893698244295663
-20.77946816123898
-22.383042382062488
-19.911869253261468
-22.71193833126721
-25.151690926064077
-14.812574865803855
-29.857003058030678
-28.326195054974676
-29.510692772458814
-32.39596609305997
-18.833362856512792
-29.740620153460043
-30.614900362989125
-30.712412361221446
-27.201200838610436
-30.075813247206376
-15.962003487167815
-20.704835839619804
-19.009807330513894
-15.99851331551716
-14.38429464456991
-18.817785563650283
-29.185460388358855
-33.36118879100655
-26.290899865816865
-29.472607681727396
-26.03327191670986
-29.37593028131426
-31.435281992571046
-30.64291427167702
-30.350131622422147
-29.329098676401358
-26.42310130429764
-34.21990591219065
-20.07473888094073
-20.797481906342483
-26.55097467275459
-24.565678972901793
-20.407413720141054
-23.036175217692016
-22.58742153359328
-20.902607125931734
-20.214442885846175
-25.760849312515568
-29.17358324728594
-19.919814575929614
-20.886590621882384
-28.61349631510205
-29.823696212965586
-18.65138008957031
-19.93627247073796
-22.26337176250148
-23.994091634353875
-19.59613726060781
-20.861606953878486
-21.81910295705348
-13.880004315754066
-22.222201372623392
-21.605275694668254
-29.936747268351063
-28.79392885031939
-27.12604284046577
-32.088687378798724
-28.219822287319797
-27.84930636263642
-22.397355228725033
-32.96419422607966
-28.530073014986115
-26.60543326635319
-22.675015518380565
-25.48365882045438
-21.9756047744747
-21.35053992758289
-21.760852896751768
-26.767179338124834
-14.819658670054967
-23.826075045222428
-22.469560770179122
-19.822266577203486
-27.52350377905516
-28.94218236278546
-32.209141227073985
-23.292449344935275
-25.730795039394287
-19.939402631314508
-21.13869011259965
-17.85968301765124
-20.85298999160763
-20.939193234665733
-18.599486027375505
-24.180540911027023
-29.78188339354436
-19.239859775857916
-16.988218671945848
-20.848553341345198
-21.260451854679125
-21.213466448030633
-25.059610664747286
-16.14031514262211
-17.35617447526301
-29.569340051493747
-29.90062260000227
-28.45423432273649
-20.259472406480608
-14.229192011790278
-23.815107178058028
-17.652341095980788
-20.751042422920467
-28.502611289434284
-24.765128213962242
-25.860943800603213
-22.538172568241674
-17.5222581562061
-23.81377282833468
-20.744960385720766
-23.335033573619114
-12.383659833593011
-22.835927042900025
-11.656290748624935
-21.776326258209362
-18.10810210197143
-13.649396686221626
-25.02280944033123
-23.967239730336118
-26.054994140925608
-25.095184271281877
-26.348927412993802
-20.615019882991167
-19.88659236843916
-18.6550220537223
-23.620905776300393
-20.320312944078022
-21.320028571174106
-19.656148331445927
-13.646624611974904
-19.09284126172874
-32.08840081211316
-24.944532536989943
-24.253015548238746
-26.269471702857913
-26.012221772339675
-18.417522255162297
-18.142196990239338
-16.449210308332507
-21.180202186515903
-15.921206416565148
-25.707896421431
-30.051441107287964
-28.285163726804328
-26.76820526033002
-33.09860112446753
-28.16396026413278
-21.445882197411173
-22.87378400811255
-22.929918448554286
-29.519373143036894
-23.635740820509554
-24.502914510434486
-26.764427624030485
-29.362606213404394
-21.065541808153974
-16.914172956255374
-17.826843916374695
-15.81199559612681
-20.27955119238642
-24.057120109909384
-25.08376975230603
-18.88807224522185
-19.574655978271956
-15.819890975911461
-18.879573152934515
-26.879436890250677
-25.100955914133397
-27.895241397004497
-25.445209934315766
-27.265551411151183
-31.740446436240966
-30.09713835169072
-23.775105763222584
-20.168237036483855
-17.51277975638567
-18.685031927195396
-25.673635350317447
-20.12285671119121
-20.74568885206521
-22.639206767278036
-21.878017496111223
-21.429275137875592
-18.119835713699608
-26.145659696843044
-19.784961975336017
-15.955180842712355
-21.96414852964467
-27.035037149446467
-19.837457392175217
-23.306138283120973
-24.3507714058035
-23.513842265429183
-25.79489577826724
-18.311094081231268
-15.507642163854554
-18.470979536225347
-11.893152791808829
-18.439340972419355
-18.84466561430897
-22.0377904447449
-22.0739538282829
-18.662610266990384
-18.651712093721137
-19.477049052591333
-21.053884475243976
-15.308088207740486
-21.54576462448681
-22.124116481108963
-19.283676485934574
-21.74719018853013
-25.801240370488202
-25.61064781572282
-18.87246445142749
-16.963467149246352
-19.015342865844367
-15.8306124080537
-21.46090883418643
-16.897359320029352
-19.90134770536852
-18.278430032760305
-31.134909559474217
-33.57212016985914
-24.249794818905638
-26.98966543454398
-28.01257283956798
-24.722371207283572
-22.714792885703886
-16.952000394955213
-19.748959006396746
-16.96043985672887
-12.9847027331642
-16.170442133533484
-18.943140793481575
-21.98893544928122
-19.613565659403807
-20.340211424750358
-21.380800489087996
-19.20450234768017
-22.38203263892431
-19.98725842377888
-23.536771958354542
-15.354819481957543
-26.531317299429446
-26.003246280105934
-21.25285256515792
-21.26709057614519
-21.694989629940387
-28.38320548787748
-26.610005129439564
-28.54802796426767
-30.707256427817253
-24.352418372284756
-23.158750125777225
-20.19766351369449
-20.852567633937497
-26.03459488336888
-26.35910186562883
-20.13127524162263
-24.770479388167857
-20.533076500959034
-25.62617511314751
-16.64768403862129
-25.939762579962427
-20.819262681478314
-21.53328902350468
-28.110595526690457
-27.956120939762055
-26.199312299331616
-27.401077935918867
-24.388048043045373
-29.16534766957863
-26.468386123659016
-23.575135675947344
-30.144863488011627
-25.329821680766116
-28.007782726266232
-22.68120920011308
-26.715369422614025
-25.05792696137148
-28.475195136647635
-33.110504158054646
-27.433560591028375
-25.97361499729515
-29.00903447727491
-23.897243737009482
-26.440825237339393
-18.710519314197487
-19.762090857403198
-22.081979470501143
-24.700738054838517
-22.005179299106494
-26.804513442104618
-24.305475244608008
-25.791749235017456
-26.562804051986245
-27.826540743758507
-30.767303101215823
-29.972957623447975
-21.766298939144555
-27.63494901138029
-25.121587107563805
-22.42694559615286
-19.428004145018168
-23.858761901909965
-15.693262364781088
-24.21165216910192
-25.85973593648511
-23.256847539313792
-17.439122439382686
-20.044160570958706
-16.31706837692585
-19.263170343146726
-17.180177122768004
-15.487213170634384
-15.317061013980567
-22.136965789970198
-26.02077740699253
-22.030945396888296
-19.462970232197307
-31.096021364425983
-28.209447157925855
-24.193787257003688
-24.009207692886147
-13.427779555497414
-17.784629277561088
-23.924306166006254
-23.223696455009843
-15.674291108515092
-20.208725748482465
-25.2207772732418
-20.76278507075846
-24.841940432206368
-19.362287652396912
-23.229881196648563
-25.06671620484562
-14.422616488285573
-18.8922917328954
-24.446621532657826
-20.823326828473064
-27.405080516014767
-17.453088769547392
-23.368035239770478
-20.274858915134487
-19.4357499114551
-21.782381806184063
-22.93602320880387
-26.35690600716392
-26.527158171429203
-20.0039605901821
-17.831445945218775
-26.60801571959725
-22.183319449157327
-19.009338180169948
-22.886570057523112
-21.549787881181558
-23.737177378666786
-20.747225062318112
-24.824250507821194
-17.18471209681691
-14.251975106254848
-14.866717894817294
-15.947743307509533
-19.57539528686667
-23.92188119672236
-28.684939552789107
-22.32949180572234
-20.244095371144034
-21.912931806638113
-23.983693683039277
-17.517662465019363
-18.971310552647587
-25.067570220940812
-29.20682546544139
-12.935134972786349
-20.862895788106957
-25.17361600143386
-21.861786588092496
-24.409754253689105
-22.786745761975077
-25.228427211438706
-19.779854821534464
-21.06228708902907
-26.747732273630167
-24.869590960299067
-22.9215046118559
-24.472484446583113
-25.04291373122047
-24.858159698279888
-22.908849426101238
-14.041414199577197
-12.18624523571291
-31.665810416826815
-21.271722421638753
-18.423326713693353
-27.227630378047586
-21.934757382231897
-21.495655079063695
-21.718442245042937
-18.637508102757977
-23.554973628433412
-19.773230466345105
-21.55339437215228
-17.48721718329857
-17.263414673045773
-24.769387429267088
-22.765205154833193
-18.649853432893345
-20.39457983474895
-21.906251701780562
-19.581424721514992
-26.144134237212313
-27.597255209940275
-23.71123174732797
-20.816277523587143
-20.55056152808335
-25.107503170465122
-21.30169068081421
-23.25816532958665
-22.220599170254598
-14.919818204394257
-22.74577958704233
-26.49339452502724
-28.468589635137754
-16.013609221795654
-21.969015194021985
-22.13475936581291
-19.821937656661095
-26.739246227378676
-14.595542460213453
-16.553578686216976
-15.606491267449409
-14.454397291176624
-18.365546516055836
-16.491762013999505
-22.752504761603408
-25.647583618524305
-20.45666201893978
-21.95638548141431
-25.802646474449425
-19.00666418325531
-16.463544499100866
-17.195663745553563
-20.68059490616123
-23.6617482673328
-20.611776790462233
-17.114871861477955
-29.723116917856586
-29.421143974214235
-22.229270091585263
-20.14516629838322
-20.976793499357644
-17.28049407919108
-22.50205327259976
-19.000368328392604
-22.251358053782184
-18.468182319927838
-22.21675478317399
-21.87216154837393
-19.99148324112367
-23.805897823001423
-17.82531425901744
-20.093418701355105
-21.5227009483121
-22.645723714258494
-17.664324430665552
-24.345684280084168
-24.844027693623172
-21.901364482893367
-20.50051515091626
-17.895211464672986
-23.669578597750686
-19.260986472886298
-19.54768555740257
-20.765763132524214
-25.152207507630372
-17.11880711512084
-21.663352871617548
-22.2627950775017
-17.051192804007673
-21.606206125693625
-22.84105431659882
-20.31102278009651
-20.82387009166601
-22.285682323156447
-23.469228883565314
-22.079937634079133
-18.67452472121149
-23.52663939433625
-20.87877388804796
-24.07437463558646
-29.332797069632974
-23.227914932485298
-18.135625603973985
-19.09451168096933
-14.7342089835956
-22.320936577557646
-17.41676310607832
-22.07794827770178
-20.077491547778965
-17.006827346962826
-21.590256536271966
-23.471310958939704
-18.87743642374666
-19.87665159461962
-22.317047570880153
-20.24482008472426
-17.009670954085532
-12.102617731367728
-19.631359039904787
-22.585012658662865
-16.345626397691614
-25.152214735344582
-15.26120761151846
-15.919085989064854
-21.552313456757055
-26.77916125657307
-26.87443697297657
-30.705781950673764
-29.13019756013808
-34.18285138648813
-21.869682671456456
-21.5215728628881
-31.42108073679097
-31.751924998344556
-30.212881020471464
-25.338535041732847
-27.49393539579484
-19.50894652566487
-26.034318758712043
-22.976656205189787
-22.153462038871922
-19.770027232859775
-17.648372160497367
-17.60842075380866
-10.227440164166257
-24.53927205632951
-19.236460498430603
-24.041112245876228
-22.50448516630042
-21.34908860834461
-20.667712485781635
-22.60337698146502
-20.340100765708385
-30.058973801754007
-21.937398315465437
-23.132605970273545
-23.355024844587724
-29.62037123127593
-28.969431994092034
-18.683364988367334
-19.62650948953933
-25.472630929165085
-22.075313862562762
-21.485517766393954
-30.8499990146517
-29.119201865960513
-25.672319108978556
-29.977851829772735
-32.00913471221948
-31.558994764648915
-35.899545653474966
-23.823949147981036
-28.154302571594588
-22.284617615729204
-29.752169321521126
-31.687469550627853
-21.78611575291454
-18.918110117029293
-26.86073108285973
-17.411617744788877
-24.735452209293154
-25.21300239656656
-13.913025207448852
-25.72757273725213
-24.138195092912078
-25.307064321814423
-24.337817696075444
-22.749959110492043
-26.625337652647715
-29.015682709550802
-17.717454050160892
-25.395588353384536
-29.251833881776594
-24.7442155794745
-29.93921177789915
-25.46811331046424
-28.88150399698682
-33.94375432573299
-31.621788908479246
-23.891347347381153
-26.109624204729258
-22.428355961635322
-18.209644186397593
-15.686171192634246
-16.119982739259004
-21.802223019485137
-21.095560748586088
-26.930299064951278
-16.985702123459248
-19.226578818815874
-19.96400452293736
-20.17674680698424
-25.881317258490718
-20.92189524705143
-24.557996286264228
-19.16030761904646
-30.16615737904843
-28.192838279230095
-25.34057961808132
-28.737807327798784
-17.4019185647443
-28.383145567726974
-23.876165060170365
-28.807631646008335
-22.184272252501216
-31.025240035539078
-33.14989874329963
-21.30171164157644
-30.60948109135491
-24.931699780153284
-31.53410158295818
-21.73531761360924
-18.620254463263954
-21.634746786465566
-24.635078671847424
-23.248647973346824
-22.371365897435716
-30.422544790643602
-26.95931110280223
-13.97798414458557
-25.47789076023196
-28.310959622618142
-27.815268418584562
-30.70117556202762
-30.19178071477405
-22.32805957096364
-12.932784328195362
-29.051169630200768
-13.250581492570802
-17.77709084119627
-22.337858216939164
-22.7302763023686
-12.747854288462769
-24.294803141998194
-21.703166116460544
