-25.349193257362046
-19.255699706717056
-21.167813912687844
-22.903916831216584
-15.71381198195115
-18.38951185217591
-22.058648585261587
-21.93292145146495
-24.460103981131198
-22.730512441543453
-22.606029376101638
-23.240061335616858
-17.15973588618857
-11.082129001837394
-18.98180631277026
-28.49711902042816
-23.178804963472633
-24.038563537499208
-19.987988018190904
-20.525633374904046
-29.73995574167965
-22.143711426902335
-15.463413739605233
-15.041448080308196
-14.194562579927673
-9.419456745624686
-10.578744317509237
-12.528652537545696
-22.028737746000726
-23.238088613338896
-20.592561836073884
-19.701542038027156
-15.05601247109458
-16.22855266563653
-20.11567830020149
-23.11456881645428
-22.634871869834043
-24.43014657834835
-17.881625337909114
-16.42778817974701
-7.502008222902614
-28.027805763424034
-21.294966691228424
-21.209021845569506
-20.064360038599865
-29.148772004663265
-36.28553378326649
-22.350313098342568
-13.731434816087194
-23.418610991459722
-29.614081074281685
-23.77625876701737
-19.00850922908851
-17.176659920954652
-5.746476393865478
-20.09259308272322
-18.917539072320743
-15.842317997815705
-24.56801039099691
-12.775505569561197
-21.675430719106636
-5.869344166764428
-21.489270497420648
-15.892755165826905
-14.209629456765569
-17.420418845356636
-12.369484958866217
-19.076454000198417
-30.23176549594847
-17.11470244569408
-25.751281551895225
-17.268397144219456
-18.72118512045585
-20.41114856448609
-7.611951443950964
-22.15383469190492
-16.36616089481123
-17.162625588294958
-13.340815937088571
-16.054871119931143
-19.273560811124163
-22.54248637574026
-13.686447418677474
-18.33044808578233
-25.146606619565866
-16.54232480303486
-21.62135753793217
-26.489251609204175
-21.837124833372755
-8.903872471696422
-17.299593993741915
-20.290576116560757
-27.078368033140624
-13.728561217206963
-11.541953213093045
-13.855906587777909
-25.328142947550937
-23.479690187325545
-19.406560154883643
-23.177803324358273
-26.082286523391872
-20.17896569794013
-16.236423588814674
-18.867578112560974
-15.303409574676273
-14.29685665327439
-25.20185187930552
-19.125689373463185
-22.89446264434872
-23.042976740064994
-19.079437977920602
-16.37195455912118
-15.51991785826641
-18.081222511820727
-17.739778358388868
-13.456477424520877
-14.001014212338902
-18.286885237527223
-16.645171868438588
-18.82872678307683
-19.190236002673714
-17.48543426394795
-16.51170810745959
-11.749408810484312
-14.842171561122505
-22.02784486922279
-24.473690560552335
-16.056740720794686
-10.212444021972708
-14.25063223565774
-17.944044324698815
-13.111877885256568
-18.364654657387057
-20.246495668206187
-16.129181500905453
-17.816527788878652
-13.348829903125257
-14.170898059258285
-14.605417828025981
-17.88995870125256
-21.642741906475862
-5.033518175543616
-24.72747524640831
-23.442917303640208
-18.94604920685145
-13.23813670764817
-17.199511132489008
-16.06235359033028
-18.35186729485592
-22.1299321611626
-12.229015073267846
-16.50242808049351
-18.56542351206371
-12.280595254208755
-26.264863457559237
-23.67804364555369
-21.84823654140851
-28.240816652703217
-19.586465389968325
-15.869168115101584
-18.954797600278706
-25.399922725605173
-20.66809137554408
-13.21907913335492
-20.027509233223086
-12.864317361896358
-24.401468890706333
-20.585956401513485
-12.86683460526973
-15.728202176246999
-27.147674780708567
-30.810852435291984
-31.465169612509406
-20.68759075592441
-25.92977610245447
-15.057119499369499
-27.39088942172208
-18.66998828814951
-17.760795531887183
-31.046186595512623
-24.843155821616612
-6.507802899318726
-17.49045668242809
-12.574845462416466
-17.03015141949144
-22.031165580954504
-23.351138640363065
-17.820412504289763
-24.002838964704246
-15.493741557941597
-29.01077284840467
-26.25437476235312
-34.424079760541574
-18.6440741157952
-14.014391815723247
-23.236916537328618
-17.386548757349402
-16.705234368950045
-16.51540166986878
-17.163262838908032
-19.741506754141966
-15.268864635300314
-15.53153455883879
-14.767493301533332
-14.742687830231592
-24.577230872006055
-22.910312049113912
-24.14081294392798
-14.225480346580568
-14.749277524839762
-16.297099241716296
-22.80648520068838
-27.14574307490834
-21.775256236406246
-23.426260999004075
-20.512919593492285
-35.51675197690979
-15.740435894641848
-22.338250216458963
-18.52321127289256
-17.017249740554007
-14.660770048477367
-22.536098616656176
-26.632372889182435
-15.837518411868661
-14.58422697926325
-9.071108433339795
-7.659413006814145
-9.356544814077054
-10.534828967809926
-14.75038009449954
-18.85001599312605
-20.069982875625126
-23.775326461883232
-14.190624727782705
-21.136096521869707
-18.848306910136635
-17.056077599568354
-7.677457251986667
-16.826869326749726
-13.310913338582246
-16.907597476274518
-7.494012530206529
-10.728335107357601
-30.1236233887596
-33.67530988030772
-23.704606267436446
-21.515670448320044
-15.675970028423734
-18.34436267949483
-22.40919828980804
-12.866864268544283
-22.668630696553038
-7.346145063278321
-17.58040137485136
-25.718395728902742
-12.822154310718808
-21.828063416350098
-15.360032748151987
-19.801225948153395
-17.413656229579157
-16.951922286319753
-14.820492245085568
-28.894344754752844
-23.86437853251796
-17.03856633283766
-16.77254604110925
-20.177001935941036
-19.08684986733003
-27.591115090987508
-18.65486250725524
-23.403216596022048
-18.01724102481625
-28.17905159343048
-23.64563437461333
-23.307611707320156
-17.662604251032334
-36.268309415259864
-33.59003915997164
-23.77704619296266
-3.212171473780405
-32.242226522917846
-21.78684934577435
-22.573885795765154
-21.61845837055015
-11.771708650051208
-13.141031195285974
-23.23859010316106
-6.5123213595698175
-20.275687517217797
-11.649810379824459
-11.342406603519606
-12.966942674448294
-14.082186702197408
-27.806541588762947
-15.295141368661811
-21.305984436139983
-20.16421962167557
-11.734751498977644
-26.4681142570228
-18.893382670779783
-11.44396478497777
-21.268890581073446
-23.679042940763928
-21.95685934218249
-13.74745324863478
-27.22608872379002
-16.769872872789378
-14.2637028592023
-10.662288856857248
-20.58030820425106
-17.447239607251618
-26.126013398069723
-26.59679946822652
-22.130169880759567
-36.72758451849374
-33.66512950290443
-15.836673925754106
-25.34924120656941
-23.070298148868083
-16.58259581468692
-8.92256367491289
-22.363004985155712
-17.049257729519415
-24.273113070476438
-25.352103124624886
-35.82786364289015
-30.90878780916841
-30.115917563685393
-28.329661756145374
-30.221226159520867
-29.776896355304423
-13.872584049911776
-21.606140179131245
-20.560770752376655
-22.548412614340755
-14.94683605371931
-21.08281780589709
-23.52443849353547
-19.877670791147086
-9.178420307752795
-15.414712517635834
-18.42425580903084
-9.21888344734342
-23.373858700227547
-34.69924825839167
-13.9442121198962
-23.35975135024129
-20.994956683272065
-19.56591903138569
-19.016333871727653
-21.85576706704277
-17.901006079923448
-18.21793547871963
-16.910433032599844
-13.99343083725354
-13.780642097842732
-19.70123102502175
-16.212606645970578
-20.71508396828512
-16.18335779374769
-24.78322308234523
-16.437012692694097
-15.277008817300995
-23.594146625039606
-17.747343555054947
-10.041825522658478
-26.719424366876748
-15.177089122312381
-18.9694955027109
-24.04799454447221
-21.78164801748165
-18.463477107788556
-20.256838108751502
-24.983421521039112
-13.965889703643676
-21.116481837003633
-15.61136572500845
-18.163839501811676
-29.912869648351684
-29.12459462565409
-20.58092850414237
-15.538989744543834
-17.03100162876442
-10.322713552259167
-20.711660785375926
-21.43973640719888
-14.142550852622641
-16.307575791085675
-19.57996357477044
-14.261620611444648
-31.727507989624797
-9.85855769104911
-21.852367179256397
-14.673694186768422
-28.83398090011046
-12.236154750828227
-21.563708216384534
-20.350998341284914
-20.103439421378717
-12.826909201743419
-23.72175696296553
-11.172782526458548
-22.2892023347003
-29.87505185904054
-25.43725097900648
-16.181463907354804
-16.084514913548674
-6.959853555194073
-20.228457594854255
-12.253908206909358
-16.81683810347765
-23.31985784057023
-20.780341514749765
-20.779703089922492
-18.59815670829282
-18.316366491710596
-19.277700935900803
-17.704896476437227
-25.67580640783661
-18.960152431566463
-23.350046813065646
-26.57642041221861
-25.01149573554092
-21.31092519323684
-20.658389452853797
-19.85568550225433
-14.762162029283559
-14.77132270072076
-20.296600008422416
-22.478440208826328
-18.88960827411853
-23.566142308796188
-15.052021030113977
-25.47718780211367
-15.875905088631661
-17.722774269533176
-15.252310746214476
-24.312876752906945
-13.324717486355532
-24.1831817179705
-22.607439795505016
-14.665370780478355
-13.578399942510966
-28.102431399184923
-19.199530846646134
-21.08895475746924
-12.912125711525675
-16.5933558813372
-13.732123259461954
-27.867571395732725
-22.573803123563486
-26.68790748522757
-19.681790591416867
-23.806117499998315
-18.202185129693
-14.460656615318033
-26.253068566797644
-17.19505591559182
-15.841385001038645
-16.57200511142191
-17.920560274540357
-19.7448004698703
-19.02137690130709
-13.573824742773388
-13.574683383808996
-8.627376358057782
-23.29089348621672
-22.079568688818664
-21.35263472913465
-18.64190420667775
-19.61881557057265
-20.678799326165937
-22.001451419014685
-16.222615854718025
-12.99145199397214
-24.517692962441807
-22.666181919347142
-35.72557259160939
-34.38040620291609
-26.40470458304388
-15.405979477367634
-19.97470105169956
-9.509688335196074
-5.232769223466908
-18.378625086223614
-17.67301351481537
-13.597674590112108
-33.707573027567726
-20.777498912798222
-12.16058477922482
-27.327806036238584
-20.81665540565788
-11.791573902372486
-23.252014515797633
-21.270197107596694
-17.968383861141447
-25.703504741131965
-19.043649820790044
-10.805641712642778
-24.33227516839339
-20.548985036449476
-17.424089165741158
-18.31462883066421
-17.423461090267477
-21.90438450495047
-23.28001293796701
-17.486804631875597
-16.36872185221012
-11.85392467818049
-22.618325844560747
-17.754297290697167
-19.858798680220552
-13.970508889033344
-16.042079700461862
-20.208527812992102
-10.783083695437561
-15.059185452846236
-27.780745189569835
-17.776032058597828
-22.9901621564361
-15.95528819490606
-15.197748918820825
-12.156244761708223
-19.256804532737167
-28.710503216587533
-19.346205713335845
-14.27722751608184
-20.386818096136395
-29.40377300757715
-35.632628147016604
-19.20415751606727
-25.86628343075748
-16.527721755396335
-19.83156398886037
-19.584744812506187
-16.081603243278174
-23.207908020501563
-19.988033606049058
-35.222157088434095
-24.607105733219687
-22.091604898229264
-29.972445255431616
-23.594575561907092
-20.441710144757064
-11.633622200842607
-23.023370987580805
-23.330665020474065
-19.84154169238418
-17.60844396368683
-24.93911338594168
-26.22052460718466
-26.101394170097286
-31.30348749438911
-13.305791029574747
-25.41088014696003
-22.65197422528054
-17.328799390621207
-12.742138186501744
-21.84753052061884
-20.25120684341323
-20.635775367322047
-19.516543382079657
-16.5036106120455
-11.022391810432147
-18.25832810550046
-18.427905440534804
-11.209545116715544
-10.954638769464616
-26.66833519126797
-13.738302333375461
-18.86933707252699
-26.116419371243875
-30.95261058424326
-14.17717201893364
-18.42178983649565
-15.413598414171432
-23.365850088774764
-21.667080985842432
-23.236078037110726
-11.860184671587838
-30.7478476832759
-28.13013577471301
-21.752949034518316
-24.373128352379346
-18.832841644673664
-20.732689376866908
-11.624454608172684
-17.616169467103056
-18.09338190638297
-24.28552014258058
-23.321745125223167
-23.39799652179598
-25.82694383611746
-5.435397490167706
-5.881915948285361
-12.455593952041728
-21.831602749113355
-23.033307380094826
-18.657459581824003
-17.39040812547375
-14.758988230024253
-22.34097754635141
-15.203148611617287
-14.474552375301007
-17.38197413315787
-16.70582135261008
-22.220185601738635
-21.476174465155943
-15.239399105200498
-17.577485722191554
-19.84673740743835
-17.915838333038252
-14.317874835431141
-18.972797405195777
-23.391554137321698
-15.579225763785708
-12.38959916611406
-20.138900219956163
-15.693852770547384
-20.597458353934044
-26.547273111877068
-16.026098422753517
-18.46198582908789
-16.190415959003417
-14.301609405092542
-11.459651290493355
-12.94506070919629
-10.719031916487289
-15.401024556572779
-13.966817215710183
-14.22217925047886
-14.292360630114263
-19.27456474939286
-24.269264383483783
-6.896818041533972
-22.701570182874946
-14.29648554009097
-20.24545244594937
-21.051621394912765
-19.10232021077986
-19.359123472176478
-6.920640045747227
-10.007646625116053
-9.860427104245641
-11.729109926579746
-21.7503064376057
-27.23284171021244
-28.695293474432624
-13.544979837274703
-14.899142113528555
-24.630182709285542
-15.500839803771267
-18.303836467457913
-21.81677067104555
-18.584036017802987
-22.147381944806156
-18.78850383572808
-14.584524906868221
-15.074456086254614
-21.935625803856446
-5.636255285617565
-18.872213812528187
-29.325993509830226
-17.18651825796878
-27.2601577456947
-19.11962106250065
-20.09412272959088
-7.275804175679589
-15.17244581565408
-13.930304896383927
-17.225047549742364
-19.795839511838196
-19.668909364773597
-22.559866352224425
-11.8368890082861
-8.483204604936859
-21.784838822908597
-17.977657366499123
-19.942266070254774
-19.84462822656957
-20.88830438002954
-16.520556666710718
-19.88554992816168
-18.050209354848896
-17.248925004149058
-14.425316050385113
-19.768596997296612
-20.645447692312047
-4.836384842364563
-23.216262419938445
-21.070941140187436
-23.503257885888996
-21.148863697435083
-31.808651438186068
-30.032225077019397
-32.60823235722521
-24.36816626830391
-23.560383987161323
-27.57394978907162
-28.983136603626775
-25.841227235231422
-22.310697011678293
-29.66164715084345
-28.109131447589654
-15.29864463304039
-13.398561567430747
-19.11199418459674
-20.55441782100988
-22.670284551669127
-20.467630191546085
-14.105195772489663
-11.864791578278826
-19.198549563852517
-15.556895099729584
-23.07868397638988
-17.941688275051142
-14.41153919001895
-25.791593248884034
-18.09781358489013
-15.099979337618755
-4.175385745714273
-6.886759709168075
-11.521963446261658
-14.73130567015803
-10.622014831533615
-7.474442399757738
-22.558700535399435
-23.43484904812538
-17.452618223137478
-24.710458842306995
-25.98789728928257
-25.379266493338736
-22.571452387863275
-19.571515402636457
-21.432409431515318
-15.885644305620715
-24.507471198042715
-33.90013129478685
-33.8984786491837
-28.596008619273963
-31.866326523143286
-39.9859886667898
-11.508012873351674
-14.567853431203616
-15.952430097476626
-27.241032880905365
-15.696967523342728
-16.90311276300602
-20.579318173241045
-14.695739755631696
-19.27723980593332
-25.319994326915932
-16.669274393591984
-18.839491603007858
-19.763547924036757
-21.25899491729239
-21.163777522309367
-17.526049908884637
-19.706511764399657
-17.835445961046062
-24.123085063127828
-24.271813504369714
-16.033807235440747
-18.864469540536255
-24.51391418132901
-20.36822811457973
-9.915804437182295
-14.680786419475776
-13.997747221551325
-14.017063554855547
-11.127357234030942
-19.558675194218125
-25.393234617145986
-14.949885595103353
-15.02896179315811
-15.083429412778703
-15.06448981332736
-9.730615132119617
-29.06480358519698
-17.820626723178382
-25.77358269669172
-22.24644939845546
-19.42778017212253
-24.39944568567904
-24.368108448106916
-25.59732114181432
-32.12488152328566
-21.991609667690245
-21.289543985038932
-17.4805502968833
-23.846871703940316
-22.519730861703984
-10.704644509160204
-22.298976264422095
-19.502532069775334
-19.756002252040354
-17.60368938567354
-14.932355758635616
-12.449273350488461
-17.517511722045214
-21.83906213726062
-25.998170126253775
-17.699549257961962
-23.410728136658527
-14.616850032932213
-24.415240575183923
-19.344402591289587
-14.288502622509048
-21.167653589158476
-20.108944903567277
-16.311649817703394
-28.99370997442182
-16.30887265023579
-22.05406103372524
-15.206234095218221
-15.999480793382205
-12.266264783293089
-10.875818317126843
-25.69867593692276
-21.340118657600463
-22.048113586272457
-15.239444434028137
-20.02499026728723
-20.627735266083043
-15.472924158074875
-21.588607679626
-22.53951722049347
-15.266794020939418
-15.773367122166487
-22.31593435305344
-23.182927416151202
-18.435860519940185
-23.19194203080949
-15.532213679962542
-17.543195776729544
-19.071009509792543
-26.344221198021046
-30.755804488057272
-18.477948458774318
-37.98653198619098
-19.76963114009001
-26.02647511917971
-29.747748903611804
-19.413836159437743
-25.228943206144695
-23.4313038766233
-24.595463017996785
-20.672146028644338
-16.11731576235281
-22.903588087562248
-23.183927511965518
-20.142588244693652
-16.91549789461817
-20.745778422032945
-19.907487962440758
-12.191253678105166
-15.62499703881279
-20.762956579392394
-15.640648145453696
-19.073215771726026
-27.403165528778995
-23.204610701694083
-20.286382350542233
-17.03100653361158
-21.306954940415835
-11.434001633641579
-17.29186077228816
-13.642774618430636
-20.051382650372382
-21.372636411519764
-21.75837160099192
-28.187139379972344
-17.787326630303557
-20.591587698609313
-21.677538229312006
-26.38794814694683
-24.60907886557661
-15.171207644592936
-6.380803738452656
-21.85238152287143
-17.001654230730587
-32.43663145339195
-31.844798311309244
-24.039131328753815
-27.399563147113525
-39.02900395305543
-26.70807895567617
-29.21901820751856
-32.86183377384838
-19.493192663046944
-26.248232198874668
-20.35126712855913
-31.820051427728906
-14.720156518629476
-9.350324314587397
-15.78204565550713
-14.260569277087406
-12.654292494433207
-8.196009542912513
-20.56017443159663
-19.814674433463676
-13.239290143980718
-23.91124354833521
-11.666710903365836
-14.361038800671801
-11.61033884407535
-28.163963045482
-16.61269464139003
-24.722218690080194
-11.038113869708974
-20.97235753968462
-22.686072920190515
-22.53379389026529
-25.64191181755218
-24.343798527656652
-17.884142277516723
-8.02520460736362
-23.909585213333923
-22.595595320823
-23.67422430189852
-19.943547665408072
-14.923990768356564
-8.65165981836401
-21.462177595830607
-27.865529204962904
-15.820168283053164
-17.341001268550855
-10.152174671737935
-32.38830530670779
-25.127836287018134
-16.601909437311715
-26.1170215235263
-7.766899173512691
-31.85546905050091
-13.230809427265335
-22.696923209932383
-15.183940098028721
-19.28582271091682
-32.93962181338469
-24.262593831190912
-23.89406922527203
-25.204923848306674
-24.049402470078824
-17.32429435778568
-7.228148446542434
-10.57935696153994
-22.114269758181884
-37.02474476817713
-13.87030092171985
-20.560511523932433
-18.743304239750714
-14.215443865404428
-19.37668078089132
-16.438119618978263
-21.38869466386579
-14.637459134081677
-16.26995437351956
-15.42280921685964
-21.63339836654591
-23.921175828862147
-16.968032720540027
-14.001722563190889
-30.34177735601888
-21.279537030071026
-17.367457596765263
-25.20053478792085
-23.640828915863658
-14.396750547464983
-16.992686544533882
-23.16811298644589
-17.95505508100638
-11.125886002485537
-20.81138076933
-21.96578185079932
-33.29846935379315
-31.851003133383422
-33.577500533846475
-16.89665314003393
-31.261017412342703
-20.197239879117497
-13.06722582308717
-20.69951441488135
-18.494935293891267
-15.24870494041009
-20.53875789226842
-18.513020525033774
-21.65300526625866
-20.39303943325228
-20.910369996685056
-27.256460762192926
-30.467358234069106
-18.1790116404976
-19.47233157572083
-17.543128083445964
-17.50795669638147
-14.922259998572844
-19.127723732969706
-17.217457183993137
-18.46295606264884
-16.123345891566636
-20.87708591002214
-26.298742654970557
-24.86157170407945
-20.310093313376388
-16.81913771198865
-22.712958118924433
-22.902320129596337
-19.120812565386352
-16.003078779323033
-22.255268893672582
-25.650922384503772
-16.761963437311614
-17.376070255795156
-26.62208078599208
-22.379039594009704
-26.477848435410863
-26.130112941654687
-8.38572317909695
-13.954146893636509
-20.03715528872612
-21.831781364846655
-44.046413439906544
-26.33871389346553
-19.794497125328142
-17.142299478103148
-18.916362003068443
-26.56152121366256
-23.798153978735105
-14.980976737753954
-15.234817991705167
-16.37249202932739
-21.543182469358925
-27.13154850957625
-24.957264908578722
-13.447151686385688
-20.172838594538128
-16.478117626229526
-29.209471929817887
-12.279597223041357
-16.469970880593824
-17.14611917084872
-21.128415634796124
-21.15620621673903
-20.151450139884858
-14.488610810607252
-18.530522155043975
-20.485613178525412
-20.756678004646194
-19.423296156703465
-22.605542637616146
-12.956344239960618
-18.042539127275475
-10.740478711830036
-24.791694768979966
-18.992326488838327
-18.09841549681737
-16.12244850647775
-8.734062764365294
-11.258440778199997
-17.863892135809238
-26.59579832466424
-19.666411264704777
-12.304658792527047
-26.2344061273797
-24.065378967138077
-22.898560757376256
-17.01221705032074
-18.381297148665055
-15.40579499673725
-14.348698594250326
-17.45525542220874
-11.71230478389247
-20.084326523768404
-14.978025166141826
-17.986204443808962
-21.390163886577415
-13.69993215386674
-20.570191671255422
-32.072936765765995
-30.411943019506595
-30.566308136340233
-42.879445469164025
-36.19028082565384
-21.549723927161885
-19.502345388970333
-19.61681404227986
-22.505483310053087
-20.163225993729977
-21.526376207524937
-19.713862612032834
-17.600360285825722
-21.037257565110664
-7.870609522639427
-23.306435911602513
-17.940317361001938
-26.23062331837675
-7.917553853789123
-16.652832656150736
-24.519210950836055
-21.963807419157888
-26.679665569305307
-21.44001935044711
-7.726545824344797
-27.354477239905172
-18.936629586392407
-22.750327868719406
-13.099613512818962
-18.28741079850663
-18.69596423540627
-13.921316215111865
-10.05815954220932
-23.06467060830107
-16.36610680188235
-23.142060686224838
-24.105155113280997
-19.121621114386183
-16.806034458380296
-20.856385037564422
-34.099461148355594
-35.257055528846806
-30.098332913710642
-33.50870810869462
-25.389744440081248
-24.902882146767066
-29.497061815422125
-22.699733021128864
-24.09315200426443
-22.228147976161075
-14.00189730749484
-24.425312112328047
-21.0546566798415
-15.359817078774647
-15.679511437600379
-18.07334398446751
-23.987740422402005
-17.932929361539152
-18.486032652001267
-23.781319320396832
-26.025517456484092
-27.65491984045009
-23.11512930536934
-16.29978758090632
-22.061423062132228
-16.818113937527432
-14.414187203751712
-29.57861322643701
-19.637885804134463
-22.955435835569926
-24.388610198157505
-14.501587713230801
-16.160773382992218
-12.832497936773823
-13.065483914478847
-12.603773004887717
-20.08478516557979
-24.245275413802215
-17.868719715213473
-14.018240525293766
-18.927517215151784
-23.298787550567642
-18.77899467153079
-16.616349832973363
-26.431502430110406
-14.323896507986706
-21.653558813780194
-28.191840923143847
-17.037489573779567
-10.42200797846394
-16.985675146276822
-23.023508303246462
-13.9220629295697
-17.344849753049772
-10.593843400223495
-10.32574713938087
-20.090980233100694
-12.156354069425742
-10.935383411362903
-16.23978200862369
-21.941819317069985
-12.709842890625993
-29.07514532865741
-25.05335641317736
-19.492775645104487
-28.86605653172737
-32.38490762482577
-16.754470277851613
-26.87301078150043
-21.468663240197085
-13.670732223791862
-13.020144359624599
-23.19379899843312
-19.938469894693704
-19.77808715435447
-28.085414076063795
-20.910893639635027
-23.903116574894213
-20.602825036405328
-18.544836159053617
-23.674063693041745
-18.993261948963923
-20.270200591574103
-20.07206817866725
-18.64259574275124
-24.81219175596108
-22.12318339652952
-18.86242963952781
-19.26634142075656
-24.26602163576809
-15.670699271051937
-16.25627007756046
-15.641096792554904
-19.207242048444037
-28.577837034960517
-33.79641693870404
-21.533342970774143
-23.558225172943445
-20.206572390581506
-19.548882819717576
-10.962900397189586
-20.12184017939385
-29.083622203704294
-23.713485179032944
-23.504650192452324
-11.547630917763158
-18.727044342542044
-11.725049774344974
-14.134396101536119
-19.346606082381953
-20.396989654823393
-10.655863397526762
-12.4445050405591
-23.30178388676046
-16.606917158028203
-12.641798080247565
-28.664378003428624
-17.336097367956064
-19.22622386503751
-16.408673017323114
-10.954340909348403
-14.301675117335932
-17.928817261357928
-16.46439367355095
-22.023355742415056
-32.36852126427147
-23.703135496583272
-18.605443220478556
-20.495485602975926
-20.240358579182143
-27.389453720633995
-16.77789748000908
-21.44805017454275
-18.36754612723196
-23.983726184118872
-16.152522992098078
-20.581445954662847
-11.812003474540834
-14.01434464968947
-11.139703621654476
-15.469645794831202
-20.714461810979508
-25.393454210323206
-15.393541457974703
-22.958794106622094
-28.763200273107543
-21.3382531901472
-27.20178816922978
-24.004135645301503
-18.52161950472457
-20.345623612492886
-15.8941196668479
-14.568729199407642
-17.105796391865447
-20.63652130704008
-13.580753326201169
-15.87647011704492
-15.453677306426705
-17.410938706166252
-16.459375343646393
-20.148740366406933
-22.890890634008
-20.402615984401606
-16.650765847756936
-12.79896283388851
-11.425318558707097
-12.210556388960796
-23.17207258122664
-29.951656179754448
-15.785559524306993
-18.257998182502245
-28.44524339156723
-22.695433697960695
-16.418267170350298
-11.479562471191596
-21.529584478348866
-20.553827089613083
-15.909495120435238
-10.919931337747538
-12.757106116740843
-17.71928481308401
-17.884950746821982
-22.606223751210525
-11.394010982868593
-5.859251455272961
-15.265509323344979
-18.24813787627589
-27.867796694329186
-16.4652834993495
-17.630921661425916
-25.054517081750266
-12.834572937696912
-5.905795966703408
-13.278390261968859
-25.249275230298224
-21.952078007148508
-19.36479527763761
-12.573181510189627
-13.87186647067194
-7.482864765225727
-12.638742537263099
-24.832464853533452
-24.033150138039574
-20.773139712629536
-27.62861045259138
-23.934824767242972
-25.798085890349896
-19.826553057862256
-16.822610151493578
-18.27743294099005
-18.38128379559992
-8.966630318800163
-22.577346810362215
-28.20664185398424
-14.024434699225793
-24.304200561282975
-24.333539000286027
-20.466723044800922
-14.376331115906709
-16.960760510591953
-22.33511406719892
-21.454296100620542
-14.836883747748999
-20.916161065971654
-15.935544798875814
-16.344601238205712
-18.25331287107986
-27.259246785560784
-40.990782482867964
-35.33626096987099
-20.655231179478967
-20.58206621372319
-25.310571284318165
-31.091109343152723
-22.838022174606365
-19.20263931326822
-21.431715129515453
-20.32256119596395
-30.250902000136854
-34.15804585266283
-17.831583533593466
-30.17732743007285
-22.959086818661333
-20.75380633645942
-27.428747350976778
-27.232225966442144
-34.10663138580288
-10.32087173593183
-23.204842911793683
-16.89686455235283
-27.123027780749048
-20.318412725032857
-35.07577381483147
-21.486144847299173
-18.604810292904798
-18.37411087069311
-26.567540742984026
-17.827243759527384
-23.089293990708157
-16.719210353456727
-16.695406080889477
-16.952029218830226
-24.874522526496808
-22.292864394073735
-22.256269558157534
-26.149909306884545
-30.771074605252622
-23.152928658774826
-23.591535729671733
-24.173033943421387
-15.235330186723154
-22.530955908346655
-21.924546349085432
-22.52051527108152
-17.718225438369885
-20.4637146993801
-17.162151415317325
-23.3195527847148
-17.955635370624393
-20.79409054483319
-14.678387916334543
-5.778416286953647
-12.57950333842426
-18.063712227912937
-27.588113722755725
-18.272892335329765
-21.08618538590209
-21.15774723011271
-18.090768429673176
-12.305745962647435
-15.176938228052727
-22.770212644318
-25.56302419196054
-18.611678196101284
-17.473039677223028
-24.071513019588604
-21.00288498039074
-11.26837693477829
-19.71096138742478
-18.115492723837754
-16.751964358787315
-27.165674365094667
-18.152889686679217
-25.087629124946616
-29.056472569714327
-23.010008119401412
-17.97813357441994
-21.993207833367936
-16.61970747449329
-24.490421185323058
-15.6453979826588
-17.702766231456586
-18.774861667152418
-9.288129904016284
-24.630727741984053
-18.318865548477802
-20.23081177514822
-17.076013886927953
-11.453260847256118
-23.69207735999637
-18.86558485490734
-20.023645931925074
-20.14402609695099
-14.937749651209316
-17.751446004444738
-22.37110132760828
-28.02317158584216
-27.474593496270597
-18.566036568533896
-11.588907040226864
-18.837048676842095
-7.63955573369288
-20.58808402498611
-20.712544635919777
-35.29935892284976
-21.08525311326015
-19.996140505770832
-21.099265161638524
-20.274605525149113
-9.041787328545176
-22.936786388703844
-23.97389137663339
-28.09223989406076
-29.498023777115073
-16.37361222523642
-21.58229897373605
-22.86134164027711
-22.61311793209328
-15.179358000258262
-22.955015671571864
-23.348087286901077
-16.824739190104815
-20.71390956953027
-26.446924090396152
-18.98449906172162
-17.313872579892738
-16.260357849264473
-21.503913059870186
-22.547167546285266
-25.521113634969595
-25.984946101449633
-22.949644521898247
-16.562053333537385
-17.17285790613948
-17.1989572521116
-10.300669249066129
-17.00982210553373
-16.235088662979503
-8.563347663772571
-21.57709688511894
-21.197417004182846
-19.521743694085934
-9.36359964370321
-16.537261221406617
-14.392669731615136
-15.029477547510794
-20.60301632821674
-17.337835469316808
-23.250044990361534
-19.041213286280332
-21.17553627814816
-30.405522932678384
-31.89120558891939
-13.777875414703168
-13.847391698444483
-14.035393357164857
-16.550099791946394
-24.804984676640892
-24.463424009542372
-20.4512909877007
-17.347283810021434
-25.64608530750562
-23.938273875320206
-21.024787420299443
-21.68932093604655
-21.419910998156695
-22.44328172965556
-21.7586547596607
-20.35493954203832
-17.850465110594747
-11.759198270723978
-14.438508261637125
-23.41555641893499
-19.76480885371003
-29.11635199900109
-20.552931429124627
-20.466873987979696
-26.20679643639499
-23.39220649347852
-23.605655339322592
-21.86368356329915
-21.36023521545721
-21.11222968660432
-24.42706263694232
-24.784551648531554
-12.364715451268015
-30.873791250632856
-23.644533687647353
-19.598702437112728
-21.57568332491565
-26.925807362953712
-22.815520078422146
-18.6493969675781
-26.493126582187514
-17.17882579642699
-25.126800739768612
-27.5327095539773
-22.97890815619032
-16.765413311809734
-16.52594844511902
-18.660840211037012
-19.983932487987108
-17.215270313214155
-20.484040209397605
-15.410312988224653
-20.287604438425852
-19.746036017598932
-25.349364894451014
-10.584212515431602
-17.99622458032497
-20.73609485304215
-26.501873273895445
-19.93837783347302
-23.61066394978618
-21.435955874664252
-27.0432223483146
-25.04537768318641
-23.40091890973744
-17.85928289063853
-25.82030588566142
-16.843213222130387
-19.2194108090863
-20.72584874675994
-17.43536169189169
-23.470593254573593
-20.214591535800217
-19.80324945596065
-17.823732674072136
-16.34265436226996
-24.274724514650707
-17.36556984929718
-15.526985486157578
-24.431912087812577
-23.094743267649143
-9.425299341016945
-12.065802940486474
-10.829465479016228
-20.094424195743173
-17.132911695610836
-18.25526521961916
-19.008986536996623
-17.359847977156
-26.98122412385173
-20.795079815376127
-20.468305269111752
-18.783141422889578
-14.567872606711166
-11.40558523523832
-21.80517443441213
-27.15063034000687
-24.203386211877678
-20.370094868483626
-16.5545533559216
-12.08530776075936
-14.841018066695082
-14.02465240096766
-22.654242142590668
-24.005829375675294
-17.28140562831058
-23.148550358009356
-12.907876286081045
-22.727709904372887
-22.975537250974796
-33.166596280247845
-12.938635944438229
-23.80556184076037
-14.324830406497732
-20.376940989000957
-20.05790973877713
-17.18088687202257
-8.845054757424588
-22.41122596594447
-17.420660054724735
-17.21034630120574
-16.3699341277168
-13.847976838663673
-16.80421497770761
-29.51921883946222
-14.803811196536593
-16.95169657325325
-19.101753653074816
-27.213660140430925
-19.847980979582452
-17.015443395349784
-20.17486800537462
-16.095950040672165
-25.00288312734485
-28.034739118857086
-20.31490761825528
-16.215347925901852
-19.43587032044769
-21.645060468163457
-18.94456988394206
-17.98857297829503
-30.083857615759637
-17.43715594292444
-29.477676325237802
-18.127755605293533
-20.702387874193217
-16.422941301405288
-24.761670307819408
-26.711194095959733
-17.25155940177031
-27.18782064670063
-9.270098723420023
-28.26024447576336
-34.89218524475488
-26.340364622751945
-20.93601892049239
-24.208225926506174
-30.86768876845504
-23.011010035807534
-21.788650635620808
-33.05529411292745
-17.20672063173202
-23.74752895536766
-20.2957215997018
-22.118028537983967
-31.543397214678613
-26.314197822491398
-24.49963930514022
-13.054592109233333
-19.254359392330933
-17.65610407934947
-16.942333633101224
-17.422624382251826
-18.703041787360014
-20.80147279729844
-23.985694603099958
-14.832134082104304
-19.408443201276306
-17.68349046527604
-13.339358376071718
-22.259976132316254
-18.02282867847991
-18.79486380177214
-25.59392406094984
-25.008427441550104
-16.840948554130723
-14.515667950539441
-19.57425139317172
-18.29530155082689
-20.114731015018354
-23.473794051393813
-18.333928677528874
-23.02360296868604
-19.930435766202134
-13.93173421774826
-10.668990676511598
-21.03171686983425
-18.189803977092158
-14.53428264804474
-23.731672182402924
-24.937182335380676
-12.677451959620122
-14.557563298226569
-13.340018975966757
-17.847092566375203
-11.589054123643464
-15.982028364233841
-18.84157052062595
-27.044749714856884
-19.190583756000983
-16.714196892015302
-13.095560433428197
-13.949932200476418
-35.08777224065328
-28.94901069091901
-20.063827728371432
-17.77442975559101
-26.87107752428503
-26.0435402845064
-9.214387786758628
-17.08732020283031
-21.755677664679375
-10.557706744640445
-18.00229220138929
-20.355520683252152
-24.903837755700707
-16.94297332369238
-22.655012809621006
-26.724795819881326
-27.16469272027356
-35.24741579532733
-23.1240246450293
-16.492085144090282
-13.517067279162681
-24.627748620652646
-19.606001339479732
-21.665272588398793
-18.76018181421528
-22.065632184941684
-14.819779483999815
-19.18376319100574
-23.3348969056738
-19.61450167740489
-18.889877007732522
-19.91363927241084
-24.077140285729286
-27.49327474243602
-36.29575725693298
-11.704657304007899
-19.596923616070697
-17.86055152583281
-16.984516514660523
-24.561021676604376
-18.23345879254573
-27.739643859501314
-25.47374629807772
-31.63220254739113
-20.537244218921238
-27.355777747753628
-8.166128126210587
-18.681056073380397
-26.90191466689766
-14.484893126130622
-11.272570883013707
-14.2340880985026
-15.624083713550228
-14.75598339889359
-18.909593625279346
-23.80160529029566
-20.58022878521533
-12.725900505781816
-12.610367544815851
-23.72957131897028
-21.82795966708992
-27.36444390279507
-22.456088606589347
-18.297287405069063
-23.968394459670854
-11.695590103075126
-10.383806278223084
-13.986349005309684
-13.777229770390555
-16.395346326197647
-21.588364692271178
-23.19467031320717
-22.630727744806002
-10.880089276745593
-14.921519139959834
-28.991188100775155
-15.91958031080489
-19.84202177621168
-23.49339203111284
-14.491982100205668
-23.069632933753674
-15.294183783427712
-13.881906056370443
-22.07653441444241
-27.57564570597136
-21.487463223718862
-22.38896419233701
-19.4534617995182
-13.480006011554082
-17.99479760131537
-39.03277939202756
-21.817219896702525
-23.712043891638714
-20.587757613458727
-21.617589561618196
-12.454338536965729
-20.77651643845516
-18.588582655170708
-21.400302422890775
-17.660997220714176
-25.24409300182935
-13.037588760458608
-16.097768816585724
-14.489507493562582
-25.43027341364831
-13.025537493975744
-23.240457839001248
-19.68005023144819
-32.75526387136029
-26.096826615098422
-26.63984763852877
-29.89814005653124
-11.530803293813165
-17.58845249784381
-16.676141645361046
-15.953908323424834
-11.834911459037713
-20.326859648755928
-21.329516188940357
-21.692698699116132
-17.492263655283466
-29.670600867232874
-16.9908076010057
-16.95711782329622
-24.268997215712695
-17.363987426099243
-19.17730744691511
-25.50058785321238
-26.1816397510878
-39.078095086228416
-27.07883218466633
-22.75733991817937
-20.633676481310545
-7.980722471910109
-21.601938043015068
-9.486584861810286
-11.24149777031493
-28.66812689190782
-28.304024383818792
-33.96563149826054
-27.707530862372725
-19.05547892210638
-11.091485724904185
-21.64819298574657
-19.84619846346495
-30.71590145834071
-18.839648079297802
-18.530461581863236
-20.053233249129548
-16.06398402408256
-16.976322519259796
-14.226922261148928
-12.29077364534556
-15.490545404780121
-15.673323866151748
-17.018593653264674
-24.02903757624629
-20.113505763152972
-19.589158801580254
-24.121504061823934
-21.277505983719337
-21.71644231332072
-24.781215364498465
-18.196404483258654
-22.765391368493738
-21.697361035063174
-21.74528919837717
-24.829980896129705
-18.07472513391076
-20.237806098517943
-22.135099974059912
-12.02712422398723
-23.26163096976233
-12.626341613209092
-15.027987484569682
-21.46693124283979
-29.03602420446684
-21.08555611065804
-18.96986144247404
-25.43778149861511
-30.336129987182325
-31.222538507223287
-24.177796334868077
-30.966171132914262
-25.386546137834742
-26.41283699452932
-28.616594974213243
-17.70152139423397
-17.84496884125771
-16.792786519304627
-17.543031444361667
-20.775899943845246
-17.65970353821791
-18.12510289796144
-18.17000947480785
-20.656163025464974
-20.97664510223534
-21.88350608303015
-26.316851644987352
-17.279614548544323
-8.477521166658462
-14.930926224778716
-13.935944323370997
-15.855184953657641
-17.02000678109242
-19.837936778973713
-22.3169649112885
-20.09475623716213
-15.703002691655655
-25.713277484432787
-9.274406103146168
-22.35287105082333
-28.67735235694301
-8.314706896496489
-29.88094235490914
-29.724307316449895
-26.91503794208365
-28.260019582508807
-26.380718439540914
-15.032569471834954
-14.04419636900441
-17.96995298403769
-23.78284642582384
-19.98760057212602
-12.281606956198338
-20.671155328091118
-16.89054361695773
-25.47717775213561
-16.52040893966688
-17.050116588678854
-19.03627286958246
-16.687099665185258
-18.61050691703977
-13.616678096930038
-21.92064329473113
-17.893626296867183
-15.156122451801721
-16.328441701091947
-15.756464246047742
-14.319227087930628
-24.08208575494961
-16.6551106273024
-12.704203440391382
-25.88698094459039
-17.3010064420628
-15.732536316236917
-9.191664002177014
-18.404170437027936
-14.681236395405712
-14.54181778385032
-18.229420165912423
-8.181713951701049
-20.611957685429772
-17.840835532622073
-19.797177304751486
-22.685495686986577
-20.41417815265457
-23.180981840249345
-22.216560155511914
-23.9052708648983
-13.092070955226255
-13.541991043634255
-24.985324244717454
-17.810105327008017
-20.63174818749443
-22.34154619199102
-8.71728005958829
-21.28069844083423
-22.691317688165956
-20.99802999186003
-10.160514055672042
-19.510510025963548
-12.32431761320084
-16.50985853457521
-24.725481341821137
-18.599097888907735
-18.207856864081677
-19.211758501708097
-21.02288410423904
-12.108263675718867
-13.75561749410565
-26.400606902159446
-18.40107935777919
-17.97552709500195
-12.8605042268481
-17.42173499617553
-21.058102059244355
-18.83744300042303
-13.606291858431177
-19.814780571369702
-17.13064086961772
-15.630797433672008
-20.13751123455933
-18.01060973444976
-23.507866942023007
-33.41364105315428
-21.93705606282707
-21.74728784286948
-19.59465157828469
-15.9744507133044
-14.156485433664706
-15.00924717766133
-13.857222767451823
-17.419004795247048
-20.577545023914013
-13.596093015367096
-16.294434652535212
-15.357750739732076
-17.947173997567134
-23.727042719394763
-17.48113939359962
-14.192178268986105
-23.325765724022887
-9.192578935451373
-9.297496104715705
-7.306023769396141
-20.683242086033673
-22.89567082060264
-27.33729810722472
-18.44081350351871
-15.26399874405007
-20.29682565982287
-21.31444129258619
-20.54194590277899
-16.74981458088625
-17.298140051740077
-17.604521473502757
-13.45285086550551
-20.54502954984536
-19.75591008599252
-31.42163798320363
-14.557139962428032
-16.618248458184148
-32.4960702696492
-25.5933475308695
-22.26633443589113
-17.12115407276744
-25.877543263305455
-24.537987940296834
-24.776390982474496
-32.23269013949004
-21.76346679942214
-34.13602526280403
-31.94453571754905
-21.02289302112434
-17.929729085258526
-26.61554538158385
-22.759398124431275
-17.484504467447415
-19.600978490198777
-30.699905301048986
-19.25187620296175
-24.052087833425084
-17.93625939129295
-20.649485196296972
-18.351925840157588
-16.551887853410328
-23.67170731266387
-20.04287010609552
-28.45629237644293
-30.83417328113857
-21.78565388239682
-21.079904989205012
-21.86978451076383
-30.293668191557465
-20.556558217811475
-22.60776316298788
-15.095511188377458
-24.20287747736123
-22.180298510617213
-34.29554795754268
-36.35412734690834
-26.799952142995146
-18.095823702228948
-25.366613966957885
-18.804260630694237
-13.666989967905934
-17.136725995384325
-20.94945522427036
-18.54346991687288
-20.608101959843765
-11.142887454728701
-27.796581503818757
-26.269648231456983
-23.957852324104696
-15.124288454189745
-19.73067718869664
-12.63174831036402
-12.308858675794752
-14.715364723254455
-21.80786357129574
-14.074630329498072
-21.892619651178507
-28.09794201357043
-21.889957569372015
-26.792689565841854
-21.89620772678134
-19.83301940772739
-21.020110774546545
-23.052677058124246
-16.98677071166106
-23.97621585415956
-26.737703799673653
-26.40101291221282
-23.47039180497939
-24.044377073101337
-15.884380464719683
-19.55198179692063
-13.996820190779538
-16.907931954287964
-24.95111330430845
-12.015018488044987
-17.028932076559165
-18.412327126613953
-13.497607311207254
-11.790221288847093
-23.032182488538595
-16.988459589311596
-14.630970141574402
-25.06858816338448
-22.68077997435532
-23.324161516697593
-22.52090585550796
-17.55074579684217
-19.157351579984716
-23.87910774492443
-19.626133404179786
-25.763718313398442
-12.329202707847426
-19.733043590350732
-18.931771701134522
-19.896494963584363
-13.724488057315076
-16.165695086773155
-12.120724770869149
-30.20632078226298
-26.30222291828204
-15.471643075410618
-20.796828030833428
-21.145287687426062
-25.01464114143179
-25.328860093304144
-17.129041825359664
-16.659025613421733
-15.56721517238741
-26.870376188725757
-19.292151813765827
-25.315671946045505
-19.426567225847354
-21.63641370690462
-24.07927015796336
-25.869073479477677
-15.254134396753097
-11.377905399583902
-22.10343581183152
-12.737182907744987
-17.558309218268096
-10.73999456858101
-8.028808084520202
-13.192806793361047
-19.89061925343445
-17.138004893249352
-18.79887923763175
-20.58557546722906
-15.693143515051531
-25.671629516149185
-11.097963816992852
-16.205671797941925
-21.345390973892002
-15.056007957777549
-19.06603326123676
-18.658712216514264
-13.119018107964973
-23.18492201332711
-22.474523965538395
-20.6652740128899
-15.135665390765292
-11.601480934958152
-29.09246494218749
-27.718974022746448
-29.46863142042898
-16.165222056521074
-14.78414001388716
-21.28703076062466
-25.577659348605753
-16.35568926651284
-17.873814876486044
-29.641603574214013
-23.136090587089864
-25.7621734130817
-27.817950624362386
-20.415176839936667
-29.318488671102553
-22.96986779619623
-30.986350128219314
-18.80473966570764
-17.560984673044036
-13.59985932318316
-32.10664676848737
-28.41280638060195
-18.156164322665255
-21.5316105118696
-19.624361889867625
-21.700856874029306
-21.196355321777105
-25.616461326460016
-15.656047653073134
-21.015798912622913
-25.671534438043842
-13.852122281351974
-15.438532186334673
-23.978131023119687
-24.134764584548947
-13.122546520489237
-13.19256586433977
-21.05490413527589
-32.65593342160099
-25.302774320119855
-13.392731846883692
-9.834344593400207
-12.71564034110018
-20.753977172368717
-18.99293897895716
-21.449468856582826
-22.42493999014215
-3.9340474181492837
-13.427634185366905
-17.081692517046662
-22.960839049668515
-25.092523277640915
-19.95323590119536
-23.30288886635804
-14.012717341405239
-14.308099545673493
-16.197796083764246
-18.935222376593465
-24.972095326803952
-17.09113876545871
-16.950296120869222
-25.694323590034372
-19.78192389525958
-17.687348250862406
-25.1261081510874
-20.35659374269694
-18.021555879504174
-22.337180761761942
-26.548546261327065
-17.010784654406763
-21.597793522354326
-21.378105268403424
-30.21184947813306
-13.42435029892868
-9.758251839939327
-13.66824938786003
-17.72008743046917
-18.038389841716103
-15.057333943146602
-18.617042420952757
-17.636502664646407
-20.67346907570687
-16.345577252467837
-22.633668976838656
-13.471354437995878
-13.45810793050741
-18.15562578560842
-16.247808301663465
-21.94975524494367
-20.678162369706
-17.270471904140692
-8.420524519168719
-16.69788956096427
-21.876097044143584
-22.010858118741233
-19.45744969361774
-15.930362547505812
-18.554393993527004
-24.023140466343623
-19.704586565158614
-23.519774871533723
-28.896868121910586
-13.497802376379333
-24.844400407458696
-15.26115686917532
-24.44953623931036
-24.902174965108937
-26.071545695527213
-20.328042747959945
-29.623862001220097
-27.551038061461213
-32.917686540811296
-15.816918789548055
-16.746068838008696
-13.343243936148713
-16.680401652727703
-22.583843392147596
-13.042482593193157
-27.846525171825387
-22.61834803905973
-22.591918086205695
-27.97383179506373
-21.195498275022164
-19.067604313434785
-17.17874668207495
-14.381012775563399
-13.86682746343066
-13.845690036583463
-29.762018180850056
-14.26575677445138
-14.256626976334122
-19.549877535898943
-13.374172306547432
-21.395346367265528
-11.255149039538797
-17.955661810834453
-16.083426891514684
-18.455767852193873
-13.601418606536505
-19.68282527921163
-18.822226335784766
-17.494011184953685
-14.429635672217387
-21.06114659639929
-34.445007238928795
-31.67040992075129
-23.969536738620903
-19.03631733918996
-14.451518455048927
-15.312444652278984
-19.906777191976566
-19.381804862934132
-19.51710902936182
-23.020823855971308
-12.758883759647802
-14.523878493374525
-7.75680320774714
-15.925833972800405
-17.468093423385653
-19.29980123770062
-35.15760635518171
-18.99941193050278
-17.92538783615643
-14.84807792354308
-20.459301798411364
-14.399006152030333
-12.765391305251175
-29.314092914541945
-18.052836852948538
-24.74777428176707
-21.38515806092773
-21.439314377926408
-17.553565021439
-19.22606755365829
-16.482061026042977
-19.261345534757098
-12.531595041969737
-18.291273196147305
-24.59517062680704
-21.18207701166877
-34.1778066680607
-25.014100313265253
-20.38323756977062
-15.895729210398004
-17.68967457592293
-17.86954337865824
-20.671282130385613
-24.02372619809976
-14.995502461543904
-19.543944611968723
-11.419250142467334
-12.824604484214763
-16.88508617281275
-20.84578723014849
-16.479967138290316
-15.359440110415964
-20.93964197682547
-20.825834851159986
-22.747948058964543
-27.50810558642204
-14.54038792441554
-20.599923233680602
-11.348956974861576
-22.410314368601135
-16.467423631146843
-18.811436754288618
-21.985490342399945
-22.72892590394765
-23.46175172495263
-22.599117939386897
-22.77134399001259
-30.509945138556404
-16.09615036299411
-12.555979751951124
-13.30412352834678
-23.0730133974449
-9.06943986894816
-20.707607982018708
-11.427817595879855
-10.504167390818662
-17.28590854854999
-16.809386413935066
-26.44628346216091
-19.81033639961385
-14.190040142284271
-22.10794673220463
-26.34707742766962
-8.851312382071706
-17.517154289878675
-12.120555745383479
-19.12191516300112
-27.447942135900924
-29.51342200628914
-23.677643668915472
-17.098156901068037
-14.21580141257406
-12.240158762918089
-15.061178748156724
-27.51581637577075
-13.41225672134896
-2.692618742250211
-22.777097376705818
-15.488047849810322
-25.418085163558818
-17.698348687488366
-12.932093317698111
-14.583862907041993
-11.498754245231765
-20.220868929410557
-21.7926577037918
-19.350158043336492
-17.025535755415536
-26.2105563486964
-22.879594207344653
-25.273348630159827
-21.187434766240838
-14.325841720798334
-20.409508645120013
-15.909188939106471
-19.95909389261549
-14.170790656527153
-21.076310183626546
-13.167980600046125
-22.514228972246155
-23.060722600651914
-15.73582578120352
-20.790506131201653
-17.890856541072466
-25.46184069630675
-18.813654050387022
-16.951520943770362
-14.93794377973682
-16.831478405325004
-16.0261493163921
-15.514979356426856
-14.086905924758703
-11.479695586640986
-18.102676191889444
-20.414770522644822
-20.712940754266157
-18.827578025352167
-20.64496716306219
-10.930723574139257
-15.841635594357168
-17.843282692818306
-16.82388555125364
-18.142001948165188
-15.166588900997489
-33.408809423723305
-23.682175972114855
-27.647482029593654
-25.824163571111306
-25.861508127608186
-23.26086792526781
-24.261255521474737
-20.255037563066452
-16.915402474839418
-16.60779725148288
-18.131182811109856
-35.10908376724681
-15.836499795010514
-19.067727600426316
-19.619559321593506
-13.947082798334186
-24.13333334541763
-29.194994432765917
-23.05027384944923
-17.684993224757022
-9.079864702893941
-21.7370160096373
-27.378967712697193
-21.06630278296726
-23.10278541450707
-24.0575052519055
-21.969322870698235
-25.31154652624426
-17.72975656825382
-15.516759523345005
-20.6222024200742
-22.21353340266085
-18.740837345286703
-25.37840959895928
-16.428110544077647
-11.713626935166063
-14.66235935297725
-15.454338986344517
-16.013460716048215
-23.321856935159754
-21.848420237027035
-13.325205499536004
-25.014136258591353
-18.612547263165144
-16.4433162209683
-11.408581975380155
-14.184491881293386
-14.538746310694567
-23.65936559276949
-12.768946386803048
-11.933521914379153
-17.31199999254524
-16.18579311774515
-21.549427520851673
-12.529143883068897
-11.847830769352377
-15.379096079262666
-17.798869695014965
-14.902758418463645
-15.410005643575936
-20.55414112799047
-13.07626355373879
-9.586418211819723
-9.758750764770465
-19.003867624367174
-24.996339418067727
-19.177770565896132
-11.97865346169175
-24.794071189887738
-12.839691052535784
-22.157564806354063
-17.57907176198251
-22.31360876055207
-17.98805199371111
-19.097126155612663
-19.887405519464437
-11.843976994608411
-12.614995859041123
-23.39263073126599
-23.62380169362075
-28.064388431080168
-30.010859988559147
-11.42278636408318
-10.324656270343393
-23.232705302711963
-14.183535008478124
-16.183917004326986
-28.802807030369813
-14.64867946005232
-19.585971812151797
-27.820105868856395
-8.975921245222246
-21.807530910065175
-24.053747807875823
-13.686917428579346
-20.47165547005691
-14.392789390612386
-15.83110085728455
-18.896704756521103
-17.99848446340764
-16.498233318766594
-18.462423596799702
-14.452428577136214
-12.609697859274029
-20.969879612653585
-18.488711688754883
-20.40234940117195
-16.438847246385773
-22.679112110337382
-25.239687376305987
-17.047884746750803
-19.67657078945745
-16.60159779674377
-26.721921728127334
-32.216639293820776
-28.170061682414165
-23.43302618936947
-27.838693318806897
-11.513833142894804
-12.009266605978773
-20.651988376212543
-20.722017449425067
-17.73215248936748
-18.320110017997358
-19.94266536777142
-26.485305091473883
-11.608861362786719
-27.234283278905558
-28.397527508232656
-29.406524071518227
-29.85949859249909
-34.37857009997386
-26.86165344317206
-25.11859476440941
-23.987698100389835
-20.19687575829247
-13.141667893824739
-24.24505702126431
-12.684643585624123
-15.31117772246543
-8.80748360583679
-14.560392935747
-30.299105149849304
-22.370448468806508
-21.618121068554835
-19.665162824112322
-21.994443278996037
-13.980823788070289
-20.517241496224607
-18.415904622928913
-22.473171647863015
-13.484870693098458
-21.11542308578378
-11.55962808776956
-24.73633360822808
-20.205219220559968
-18.88454529483664
-9.371603057240264
-22.437407974009012
-17.58626353360234
-24.109256063092115
-25.391238812385506
-18.66387585515717
-22.28484856608432
-10.164843660736022
-17.741786692839646
-12.17844387198077
-8.799130462703868
-21.995882874848732
-15.86274750691716
-18.29540089868478
-17.075903347984475
-23.507811302856364
-29.47770943623678
-24.337218406224373
-21.443619733492383
-17.935842604018966
-11.517209412875776
-3.6773534963931027
-18.74973680302481
-20.697012899306152
-23.832732215723468
-22.01229486685296
-24.23474707011073
-14.263193621393398
-23.223071476953002
-22.041995581640975
-21.013475491045256
-29.66559061789939
-32.395583631384326
-29.939830025142093
-23.67484907691793
-21.3484418105379
-29.07081352220314
-4.839221434837739
-17.156969477942354
-20.577485317809632
-10.360198298876806
-10.07420599014987
-20.661358302023544
-20.569761208952496
-14.614595458985594
-15.739636359457577
-15.16932829625394
-17.63266022216604
-19.067770133022556
-9.759063279413965
-12.975134811619316
-16.64266093384024
-21.040811498863413
-24.972199244945678
-22.45101061280681
-24.5404502733116
-14.815439453452715
-20.85710633387237
-22.26278786538436
-17.442632397271943
-23.076886928002317
-13.978385011286083
-12.059736831168323
-17.9979845490463
-14.035981086145568
-14.415464135088314
-21.157109642856852
-25.612500659210845
-24.521080878730793
-21.717972242586338
-15.886785865550934
-10.472316548950694
-22.080563281006377
-28.36109967551551
-18.64300220484344
-20.66632168400291
-24.719703076563402
-20.896442197433906
-14.949405849307526
-8.155264520040133
-14.42866702050001
-23.459382118352234
-19.079866944353135
-10.264285285873187
-18.654243776331818
-24.932726643049023
-15.134578951571264
-24.530380115283815
-22.22047121446087
-23.73096550852678
-19.823421858442693
-20.479884662226773
-24.246457413516698
-16.030510884776263
-15.126523405466607
-13.258885577504145
-7.643192418450852
-8.553427404692762
-6.246862823667229
-18.11150242960304
-19.379383714156543
-28.36693440920625
-11.291042177531729
-19.02088269867003
-25.58084130447937
-17.48817590385706
-12.390841105848633
-14.259249644401084
-17.17717501373347
-25.35889308760409
-29.610653816470734
-30.02776602073066
-27.322712209516617
-35.14420892325466
-31.90027035737747
-29.741987594338045
-30.719674022132534
-19.644131801385548
-20.037738057563143
-15.427209374482903
-14.994835415240182
-20.742418083211284
-20.202320920595476
-5.419678643497281
-14.968103141735547
-12.381735637324551
-14.368338047704718
-17.59998758467286
-23.809768657565773
-12.588019973510237
-6.322780888389055
-19.29225241105667
-12.711886712920041
-13.99322793300756
-17.589122190088958
-35.437057278505705
-35.2288280099575
-26.000735967676523
-29.97219378598382
-30.634165881250702
-7.553464267268243
-32.80445803490597
-21.75388647046848
-17.523376441462865
-23.407539771317012
-16.69739323111481
-25.976795840305307
-18.25613762756868
-18.223318619011877
-25.226569331570047
-25.996900234210223
-19.13755584337218
-17.404735447423942
-21.888022943230858
-21.640440740116862
-28.883057605825567
-12.204824290901552
-21.138592233129067
-9.658179467747377
-16.70042483372469
-20.889695604022577
-16.883174236785077
-18.162564513205254
-9.535025064043737
-12.619716483214159
-29.74497193319009
-21.294677195923796
-19.835369705905403
-21.818709706627335
-28.849576920606196
-24.738626803532476
-26.761451284738083
-18.471196702836913
-19.31629669028934
-23.986359018831347
-20.864494269355625
-20.644540432486274
-16.613325609956988
-16.63156626597607
-17.64348568275524
-13.651703653043317
-28.267239446539005
-10.523171086728933
-17.852851527895883
-16.728328365767737
-21.800376022479618
-12.266245569512343
-23.347139339467553
-23.90191473843845
-18.127642091717338
-13.539000362934772
-19.1731390153962
-15.2687082574762
-22.70528395405817
-18.828760496655402
-17.707985352517174
-17.724008314411375
-25.152177385778746
-18.846043015309224
-31.784024621374705
-18.18089297416719
-24.070237377393845
-23.568010118021835
-17.669024928876098
-24.24520723547274
-25.320426883307178
-17.190874612341496
-25.668360610435556
-24.551519082889413
-32.60445745971745
-24.745028442646806
-23.36860951541938
-21.4583750915329
-16.602501448579698
-9.224763190298631
-22.782257624480273
-14.732576133913017
-31.465194622444105
-32.50754683774593
-28.21068766461672
-22.17924953828515
-24.666645784372754
-29.776969029651585
-21.803290647521806
-16.23203679418692
-15.57071553755615
-17.36975730223258
-14.320281615489009
-17.975588443899078
-15.091878222848766
-16.472129442711527
-23.401932205801607
-18.637848190843258
-20.456490681708836
-20.4958318936828
-13.983301514842001
-34.739286237029276
-29.409834916005458
-23.103094865196855
-11.75626477489772
-14.425833754896132
-17.24139849777775
-22.73988237920226
-26.288595431700568
-24.54226773015282
-22.436802829071105
-26.069719298986772
-23.170195167144428
-19.490540728614047
-16.772448967637317
-27.0197429618186
-18.45860845083326
-16.71807695277448
-21.89988754562937
-16.269946152159704
-18.417937745550134
-15.473717874715277
-15.546712429349444
-21.275665293825792
-20.73962128713994
-20.191516147005927
-25.022248704660775
-6.893110173395403
-13.670803021124978
-31.453166474440927
-16.798057598817472
-20.757564863645783
-18.69183797731558
-10.060808881352628
-22.50323875453047
-27.292574922218428
-24.589363165097545
-28.61156666031036
-17.51181341672765
-31.118938596146627
-20.15171924976884
-22.76433737287649
-15.774639752118343
-20.29318822158791
-15.279228560883972
-14.355182794160655
-14.171556053228487
-12.558594829814634
-14.62355684971595
-13.800498122188571
-16.251568155550324
-23.843486179732803
-28.208525835674067
-14.831975910316025
-20.202938772535944
-14.64516695756528
-22.069954719425144
-15.568213002595447
-15.197890592370843
-15.288243817952363
-12.081695028186235
-17.70652177669195
-20.41834923629939
-18.35885293496744
-14.106572812821856
-25.829284628093372
-24.36940515844484
-19.86323894643244
-16.634052287898605
-29.341551029362044
-14.348451048678129
-12.48797447898818
-19.490717356765607
-22.255656617713566
-14.920450282551013
-20.92039511830287
-12.870077716582166
-15.83618766412777
-26.4335483797851
-12.538034610774133
-11.753047116957534
-16.704647844309353
-19.328911808412357
-25.81588492612672
-21.93240905824255
-13.511975367843707
-24.804829110171077
-25.04381316834284
-17.243604876677498
-11.083392531346682
-13.209957715543538
-19.40239655822119
-7.552478643872611
-19.281466974098763
-19.22262965972988
-29.21113844578354
-18.424170497875277
-17.812868457691398
-9.160996166459643
-12.286886206321103
-22.471826568529433
-21.445250221713852
-19.894991413144783
-15.560029371346184
-26.026851770607962
-26.48690062973337
-20.518867230193045
-22.250592745921193
-19.306703729085992
-16.641613053195854
-14.421219672508837
-17.14312648826241
-15.316689062765144
-21.93371371295462
-20.50528032624051
-18.407741021369567
-20.661516799224085
-24.250030254546783
-17.727276252503554
-23.145200182754383
-17.91535443261376
-29.504353117443078
-14.434824510623773
-21.464041778817187
-14.441830718400638
-27.36164487881985
-16.549720641037652
-9.654646418751192
-20.1989740711594
-13.148034202411012
-25.686413627151055
-11.171435642513202
-17.28520046381065
-13.528901355462605
-17.835545273498468
-20.98604871027795
-19.256343560184952
-28.15204109134011
-23.02713548323522
-13.030482179100241
-22.73009100668697
-20.64569458497706
-14.310373251674456
-17.049072956757414
-23.674185571858928
-18.18694796512175
-24.444814488395657
-22.58414630354683
-18.978198621221146
-15.436194055308254
-16.526289861231145
-17.950621647930976
-18.024730393437235
-18.28584125325257
-24.883616351421857
-20.984226956475588
-25.675690105887305
-20.2461457471837
-22.398157541059305
-9.362208010547239
-17.409516724817927
-18.520965651127298
-19.714542557410493
-22.877932477478346
-20.481515838353246
-25.158544442495057
-21.597388628936308
-10.273031738544262
-14.715786403422918
-15.55928510721964
-19.335288842349087
-23.98153215023718
-18.952264956483518
-12.242372971949107
-13.432963823387867
-22.392928367742172
-16.941686016374348
-20.720674642219457
-16.086193214262703
-18.30019220382189
-21.017098001489963
-15.774780040590143
-15.215180405551111
-4.624190720248926
-12.588187220978755
-32.54929994254247
-13.299932458014958
-17.495267639937587
-22.920607237193753
-21.861344775458065
-29.427345541372745
-21.31765441367914
-10.666025856858646
-15.049596411765028
-10.850359963165197
-12.753309215306384
-9.4979018558824
-16.374150139168286
-16.95506999933656
-17.720479242273846
-9.842692216081645
-20.124199161363222
-18.43290598783023
-20.86352188561453
-25.164050212891308
-27.013102472849383
-21.83061362086184
-23.86976791841389
-19.820002838758555
-19.530069918349056
-19.241598006468486
-37.218467683181295
-7.45805072083539
-17.829941540920608
-20.090897450565073
-17.157121571859165
-22.97894721185562
-20.661496684630954
-15.28143482722112
-20.87636461337795
-25.897656739163914
-30.492554734888326
-25.51134111507371
-15.624263192127113
-19.836815113025743
-16.31682007891077
-24.57827984365456
-16.0748736171019
-11.577786729631795
-21.25269421482184
-23.60802888270093
-20.2919042048723
-18.576764226943475
-16.67457712860088
-13.379477690805231
-29.049625366098347
-23.516633661167937
-22.358835207038624
-26.119764985645787
-16.109141968854196
-33.509210578778706
-19.4125879986033
-20.619834100702164
-16.11300270766136
-22.237399281216092
-19.737746439733755
-24.556918323900604
-16.407910766107783
-18.54817011735651
-26.220782642583462
-24.70937575969606
-17.114766008065768
-22.026677316509428
-13.289006497417734
-17.42365440351323
-18.715123898411832
-26.15770907314701
-18.362413865083315
-25.669154696212967
-22.825781374693527
-16.468273407915678
-22.92140530050539
-16.826493720952907
-18.851159242740625
-16.722088004117392
-8.801310199624286
-15.836592736773106
-20.304115921311144
-18.6071926130453
-18.169376885382
-21.083811439130287
-14.918942173259104
-18.082661980205046
-19.973776734898884
-17.98096172581016
-33.452745389784766
-17.750088360878294
-20.899612724283422
-27.925953863277932
-14.91242796998067
-25.848568060217787
-20.23883882948077
-18.328562562102533
-21.44200880006631
-14.123305428383262
-22.59011187485644
-16.31813303542453
-19.559779789959656
-21.608558227658285
-20.72334214353878
-15.08141910798696
-16.138252596227375
-16.4259526127695
-23.488937947027157
-23.389352386270605
-20.31155219381903
-21.84581721375282
-15.036578808445036
-19.867229084078424
-25.895408607950486
-21.65077949218682
-17.377143039383913
-22.420849788035643
-21.22560615710318
-22.817546824005394
-15.494114144595397
-17.81809381580893
-21.915950074230764
-16.89937909163827
-23.249133797384584
-18.77652094313651
-33.58779246673545
-16.01242263787687
-29.158951921191132
-23.816116057391962
-15.331919519316218
-20.243601966595183
-17.728202889300483
-25.955835513727415
-25.55086773158057
-27.60398199575473
-20.126747560880148
-16.12928800491909
-25.475334188887587
-27.74363914693623
-14.53480224747949
-19.69388893234966
-27.135045724804584
-18.567691983148457
-13.768207859596055
-17.358666380009566
-14.46095881597902
-13.263283228918313
-23.149777590655468
-6.660618228107673
-18.704235777973263
-20.993502945246814
-15.00474114419179
-21.17735156524133
-19.349228917222078
-23.828546766254576
-20.57185067421441
-18.577195895897972
-20.166999086397134
-28.23261659838316
-18.548445298862134
-19.616630296262002
-15.89006665567551
-26.769419542454628
-13.382190337741875
-10.274096273636463
-13.975702894441097
-23.383776861030036
-26.313469269886475
-20.01324284857941
-33.61249823809053
-19.623826473947993
-22.74912697379387
-30.88931088223168
-25.557780935807614
-30.289909471975033
-19.213698526511376
-16.515540680959937
-16.432214732555877
-16.728482179450676
-9.982609645256979
-21.614795759215717
-28.187285833910984
-24.322354860026387
-11.946145685730773
-19.393196118429717
-23.839640350998465
-18.224675970462428
-10.841202738086793
-23.422379461970824
-18.46990015686662
-19.862727621535814
-21.762880412067098
-8.921297733668368
-15.471875425682391
-26.563465248558003
-24.5825614349784
-28.035146171758328
-16.739448715197774
-23.399338532054742
-31.978413111012014
-22.158356114829367
-18.912938136491455
-22.324920035297062
-23.16291417668763
-25.035012230519804
-17.11293038350885
-20.999661349083855
-15.266184418447581
-24.09122076446487
-6.4710737936832174
-26.01549041953924
-15.20443341004962
-17.46081685598392
-18.57310835127007
-23.484973842249975
-20.702196742574976
-33.42460766894906
-34.31463359399251
-35.51724712016023
-33.04415049719981
-17.505173154493722
-18.28227511794369
-21.317217323958538
-14.414559050254725
-23.583427922902686
-15.061043308165186
-12.123508525883128
-20.642361271427582
-24.7334080019522
-19.974638366477357
-19.04848239069748
-18.49667592497788
-14.060699890807626
-16.456368082086296
-29.407819605746525
-23.549831359666562
-37.118400931585725
-15.80791576093224
-19.8364974409051
-8.872445704290406
-13.112859973352112
-12.269229958076842
-25.097051626303703
-15.177319071701493
-20.33967558075438
-23.68273537855884
-19.863854136743733
-22.90135612755462
-19.528248674798476
-16.944276925483507
-28.50613115121787
-25.28956965344428
-30.983825425700672
-16.434106221879738
-9.36131114243884
-14.652578530870949
-9.513209902785404
-16.47062987233091
-19.69262833461132
-14.51388396528859
-18.820947018731854
-23.843104728266397
-17.473985940617972
-23.527871788699763
-18.290784670869492
-15.301645469822752
-19.581761749612276
-15.655331116192649
-30.025905291852265
-32.8531365029355
-31.55841888419799
-38.43534310473292
-33.1752234370758
-12.981897519619547
-28.047265337473057
-5.985045361134162
-16.954334192287654
-11.7461609647119
-15.215762080717443
-14.431443825124664
-23.978670653524546
-22.229493774002748
-29.972880349320278
-27.060412895157075
-25.277883772799242
-17.25774899206872
-26.06989766370924
-19.956218250351906
-33.65005488228546
-27.52330384879618
-22.23523211588121
-24.22154081449544
-21.959803335117464
-20.52604109371339
-27.82853962370706
-13.616932345465287
-26.68617419833844
-18.968031309161038
-18.721425911297136
-18.122552723408912
-18.400738663254955
-23.25538140447329
-13.823757034270612
-22.7122352961562
-15.313441200883833
-14.982615186372627
-17.10482889050544
-22.403369871200805
-14.005236277968997
-25.29580145915761
-20.6897866996285
-11.18639612799823
-14.459974056158515
-16.4857779945277
-19.971846168270826
-21.560786464621387
-10.913279285273774
-12.589221570486211
-21.590381627488526
-13.182124143929101
-17.116447894037073
-23.193446268771083
-18.529365499714288
-23.776448162482154
-22.013747301992698
-16.22892220539355
-18.440395805070477
-19.97907699106199
-30.830761160267336
-22.030008082242915
-15.099831724832804
-16.758893945090378
-17.65891645066261
-16.163325357034296
-25.510485294819794
-18.952974341044367
-17.147682896841232
-27.63349121181603
-24.128176495779044
-16.587989742003508
-25.1869861663191
-12.503951429622873
-9.94867624092825
-22.559300688582624
-18.850248676195534
-18.723541848054843
-14.796044769942164
-14.291668744775933
-17.0947963444978
-24.23852665320407
-29.595388374468257
-9.879487488539695
-19.081376368991435
-20.022355723670827
-16.64483013002443
-22.419702277449215
-16.521719340315826
-18.385023059059563
-20.46616742682965
-23.091632880451435
-20.377502956001692
-22.195925082107703
-23.93170563536574
-21.999988325970087
-18.689560258981373
-12.919038243610071
-17.24169929979766
-21.576225602085458
-19.746172654902406
-14.692429282560035
-21.73372672535252
-22.473138945021084
-15.333443344045229
-19.67195616718999
-18.351631793067334
-18.21634990938179
-14.377837365667453
-11.398707625033492
-15.176842676156717
-17.806887467969215
-22.817029410342208
-28.839532672103573
-19.536598347445416
-39.00678672411385
-26.976308625422433
-30.860891938676758
-19.324603737177114
-21.22526272849897
-17.952758608408832
-18.65481265962194
-18.328688520737487
-19.22724631971341
-22.559266761635712
-6.973155338577918
-8.378287014480875
-9.140218267782991
-11.72739927975454
-11.645358057731766
-12.263940671097512
-27.032972254199954
-14.353973963516218
-17.014744184735704
-17.321431148465383
-20.28970109448351
-17.75268430514476
-17.735536282007615
-16.43224136678407
-32.50019067101653
-34.82421426955189
-23.80487427453054
-22.073596009136452
-19.366317198703833
-24.569428709379032
-21.52231353757692
-26.73157178442181
-22.84534457319402
-21.384932689854743
-25.25127315633786
-26.625731310561058
-9.22713437242843
-10.910673791970659
-31.69948996829128
-19.58328547414571
-17.57860761966549
-15.366325872164893
-19.47625104878723
-24.521188568706734
-28.90503464217387
-12.733699748550475
-24.097766964328258
-37.58009534458279
-3.303846508260012
-19.98940963991703
-25.415647884778306
-10.184182259440128
-16.290108744210855
-18.529251106401343
-19.351302240755793
-22.336509184442527
-23.360402120244352
-15.559826586394887
-22.9270099535117
-13.941905214372134
-16.764485403765327
-17.75681485046736
-8.669791237043281
-21.612626162119636
-14.134585606084595
-18.85651864476531
-22.664532702605975
-14.704869233554088
-16.906637618695967
-20.49353691360699
-20.25936236233059
-15.479156110705649
-16.458703540584
-12.574820313832301
-27.441008009344312
-25.56550322553779
-16.689134007210384
-17.008025186834608
-30.142391984190603
-14.675691096217037
-19.42981813876302
-18.373976639500764
-31.253654836967673
-17.605492440446774
-10.80876031586434
-20.578198992008282
-21.16501235072326
-14.916920413747789
-19.64854654491008
-17.852747279421113
-19.773253274072975
-13.271003828425673
-21.296119217741328
-7.958598886998814
-23.926994677090242
-17.971968003188802
-23.333976152119426
-21.823557041862514
-16.0005833597631
-17.711586449912676
-25.304931900726974
-20.590139847533962
-16.815208146688796
-21.56904125932521
-16.305102056337432
-9.48226395437393
-23.897615892952587
-14.647219665725093
-17.064575230468463
-9.01885956741075
-10.893711053538096
-17.023546610990756
-16.799967070220475
-18.778445801288456
-10.506615472210612
-15.715813588442817
-17.760225580127486
-22.305720891023256
-17.279146774353325
-16.200421085640386
-14.539525253981822
-16.26656460242036
-21.310360162951213
-22.12958475780657
-16.92222287627391
-32.81738580363222
-26.527473006108053
-26.64764440065317
-14.310418099075854
-19.939087463056403
-20.491263714063436
-17.539668269005304
-16.949782133211883
-14.536415322660687
-37.49198382512579
-33.76045412998513
-34.78508573100272
-10.874698241602246
-21.322115639194678
-19.575321492306955
-18.744551957026275
-19.442551892575874
-25.908544656313655
-24.650853710998717
-14.912364461724373
-19.228683947137256
-22.370763734530634
-19.48972288024565
-24.598161249472938
-14.721779849006815
-21.585653914122638
-19.29750921285381
-23.0261412850524
-16.101158064328185
-19.10975530665369
-29.649157111874892
-16.435411692252238
-10.687865355265311
-25.753096199897932
-14.93167822393525
-16.872456084108542
-19.446871731908423
-21.051054075812768
-22.03612175787049
-20.661243663494993
-29.261869468261917
-37.83894565474429
-19.970497271646764
-18.626071431026674
-15.879907299602557
-25.120079795035615
-19.77810152068314
-25.635148827648315
-22.72108767948888
-28.15970600613825
-27.587617014368888
-20.904882601110494
-21.363118014865414
-29.568333700821945
-24.273340710356138
-17.503621671322247
-22.792828049826994
-25.604368347161824
-23.4570150933781
-24.089792599214757
-34.06168085598374
-21.016317538578356
-23.591473428420464
-19.868960580772843
-31.519168829100344
-18.367689290587897
-18.462367037568008
-28.262140061795193
-18.30669482050912
-19.29849675835525
-29.034198337963367
-21.679821621028807
-18.944012182199685
-16.01883934042066
-16.31149361652501
-18.324960326032105
-24.33715831910053
-26.904138860763233
-25.164579506487524
-10.06170739177088
-16.321518539042863
-17.18453843285924
-28.301623935862803
-34.185667327895594
-0.18632551217116955
-21.0622916630112
-13.869289137735993
-13.625260779926478
-8.988282282361551
-19.403555394891054
-14.950378876172646
-15.749194498441241
-11.093286785444597
-24.502857033488922
-22.237941080057524
