-13.949657503723387
-19.415456335294408
-19.24627347381072
-15.781029656954917
-15.036478642024031
-16.042109558763475
-17.541214412629767
-5.5413347908713675
-4.697588641210969
3.6176902368576864
-15.0125503370821
-14.233924560412984
-11.990193289084235
-15.875819821262237
-17.91726748149699
-14.881605344590707
-17.84159448081014
-17.288168578015938
-18.071974090170663
-12.907179288180552
-20.26291340517352
-15.609764217361185
-20.734239170892756
-16.91080902592651
-19.129493025614515
-20.04819513108523
-18.498813935451338
-17.24035263505875
-14.036396764960788
-19.47618043387549
-9.045405831039583
-15.217464700889526
-18.624199699043263
-17.914668203201774
-19.112415924479848
-2.0905847380659597
-18.16419511113191
-6.095054085397239
-18.157897648154737
-17.038671794425383
-12.859731278546647
-17.624368315652568
-19.229089843591336
-8.093920782207652
-17.879052787822573
-16.563495909299615
-16.79324081203076
-18.926288394962995
-18.415069746724186
-14.34532721748557
5.810075144844789
-1.710499385611764
-0.43062606018013616
-17.43741985986413
-6.703476249307814
-4.935855005557004
-7.7000486672998285
-15.121929596793453
-13.343887594467729
-16.051795376888002
-13.755761109031369
-12.806672417419298
-16.12280355808847
-15.614393987627302
2.95892616651647
-18.566580300123828
-5.336746182806349
-13.534389018249065
-17.957051686198746
-15.241580389437097
-19.099729824694684
-12.731403944883965
-15.542874915995684
-17.327178408756993
-14.34448631823494
-17.82856228727908
-16.403598440989054
-18.21284993999432
-18.489172612274093
-17.376268069726706
-18.297134778181174
-16.842713686991786
-17.8349051627862
-10.349232727832304
-17.50103036225286
-14.442777441132197
3.5502718876166233
-14.27978614380833
-11.497892086094842
-17.792633928156402
-10.411480747097762
-16.0297404541676
-17.898645353854562
-14.692443820662604
-19.20568170982531
-19.3288085314416
-13.659511736109229
-17.480238529498067
-14.678250911109549
-13.941351714372793
-13.237660667516026
-14.162515146039134
-18.895390846087064
-17.44191509939505
-8.77058448408995
-8.604939731019648
-16.661743464235688
-9.855297027303019
-13.389008933964378
-14.991532472194274
-16.385051739383204
-16.6803696479652
-15.919449151074552
-18.724997131857002
-16.658173364675303
-16.022147762933933
-16.094015400443286
-14.286140122208735
-11.803272960767549
-19.15823259642519
-16.35278593320602
-8.420802461123255
-6.015674896976332
-14.24957300269115
-15.327189005975889
-10.812521650363983
-13.433946173995997
-13.303679210468504
-13.513182777171611
-12.331775588317822
-16.663593018815867
-10.659458093436037
-13.05207797430721
-14.006991067782959
-10.644493267898914
-11.58223244517127
-9.102704407532439
-18.940765883422465
-17.846520800823857
1.9038366151654866
0.3016397573491858
0.43466104603440003
-17.55834377589963
-10.80764025554306
-11.059583154192683
-15.791376530000118
-18.14360816811864
-18.200997695552488
-19.292869048627374
-19.37294838142644
-17.576884033228254
-16.120731338823038
-18.840496151170118
-16.77540644015039
-12.597346978882687
-12.732444762924722
-12.375500345862132
-14.076694961715218
-15.268409918410981
-14.873349905676083
-11.408607103613418
-13.733762001974613
-18.435738171062646
-13.988033785624195
-20.22337388612441
-16.086944313762874
-16.921292735855708
-19.60668043743281
-15.61336716285012
-18.50284151564444
-17.475280737596556
-15.778433388974864
-9.183287135460867
-14.331532861644767
-12.233873423830085
-14.038483582598387
-16.289880918567242
-17.0129554733357
-18.950639059879805
-17.831270589181898
-18.462563989010828
-12.219738394674035
-8.214130953016587
4.266272556575
-6.384299739106833
-13.041901524081226
-17.31920368244253
-19.210290615623187
-19.439561227444592
-20.32662300388984
-21.18325269481531
-16.557052180398554
-10.924230858152006
-12.40003969585131
-3.4692664136567117
-0.8237142304436619
-19.858803104206043
-16.038325581716936
-17.712227931704405
-18.423357308237403
-10.86288258211081
-9.358928396983412
-13.23902988265116
-15.319063566423598
-17.44287090576318
-12.273547373812017
-16.02396694445899
-8.175620168817975
-13.617660301872029
-14.150638200152695
-12.503997882478172
-14.097043061665913
-12.737854981433609
-14.911344004761052
-13.613203835887095
-18.699888985035088
-3.105660952422759
-16.530483238938846
-13.334569505864419
-11.892982378458512
0.6147487276257666
-15.417952993871905
-11.790459091446731
-15.868124260133762
-14.031410157337579
-13.703252408067996
-16.28534430911763
-8.433698329215037
-14.26058262794375
-10.677826136619974
-10.247475611613538
-8.869961925845356
-9.447712546755712
-6.591314231109725
-17.630882493448894
-18.098835195155544
-15.69325821444288
-11.077277328670757
-11.975695322254014
-12.031979227038493
-17.557403069936385
-17.484083691938405
-14.74915102617354
7.951814386481735
-11.667556803653369
-16.992950019679505
-16.78028583830275
-15.050583594705554
-15.975567430950615
-17.521388603452245
-8.689134295716674
-17.45462457328556
-16.385833160925706
-15.967171186413815
-11.443935582353271
-14.909311481408272
-16.020031651119975
-18.882503930908285
-10.021545702535175
-16.42915896420916
-19.7497556512911
-18.33352026897271
-14.966901781414842
-18.944971464448088
-17.398121077255873
-14.771028579132684
-16.225302851355753
-18.396032564278045
0.39644824969296955
3.1802355942577294
2.616624635619072
-10.080713333872245
-17.850873570376805
-15.975550971160157
-19.407163661341936
-19.756251823900634
-17.563814717020943
-20.023524729999497
-19.044029243907225
-11.521958193458467
-11.535580215395004
-12.651142849075324
-14.799308958712505
-16.821131826535815
-16.511857261396244
-16.897191810840393
-10.842774995061568
-16.50746376031229
-13.609952972852856
-17.156322291237863
-18.069736820393928
-11.690774114551726
0.007333325515835654
-11.619685959800025
-14.240785113721168
-11.368732510541623
-17.42285717485004
-19.90542052496193
-18.601724970873157
-19.112335611422438
-16.696721258165933
-18.834399069767716
-18.86671437455754
-19.814035130945545
-17.350068918915834
-18.303254569272656
-16.00496820538718
-18.34673916657254
-14.444676521926564
-13.7660002552998
-14.576465783500131
-10.04461368900082
-14.339902723686361
-18.03820526930712
-15.856951771017412
-14.334617673142395
-11.50180043100501
-14.066176912683371
-16.511135665153752
-18.219348574350047
-15.016216960697028
-18.828758880782416
-17.26581487959541
-17.674197970787066
-19.70057673152209
-18.645466442426034
-14.472698410330636
-16.81539960231301
-17.47588780231118
-13.725923151820464
-15.957698894836698
-15.505409732964583
-15.4921450010678
-13.736691210305475
-18.96527820194121
-17.424060749061848
-12.094753883998028
-18.38805647504755
-15.554253660367891
-13.606772296590808
-15.071351250076141
4.222298046429125
-7.736574449546881
-17.693161108321934
-15.764446788662417
-15.564721550936312
-17.989867954713407
-16.198087470959273
-21.423597651980085
-17.332474668833058
-16.083498562917868
-19.736244569504674
-16.16525457715071
-16.98781302818018
-20.890495563806734
-18.88919438825683
-9.747179451164998
-3.392212534614823
-10.991307630296937
-10.6379328245086
-8.53266091283605
-11.962145553610606
-10.698043854208603
-19.11749461514376
-9.495134437052275
0.20912807742767492
-12.583509742448921
-17.523063161887123
-14.874987708280365
-17.275210322577063
-17.294425110854462
-13.325412988570633
-16.228209567775643
-18.71233105237358
-15.800025350948449
-16.744884965174407
-17.072879523423996
-15.523737483491916
-10.235109973113444
-12.42277502563271
-16.691778045484284
-17.20074929976541
-11.942321176649624
-11.812044338355935
-12.284162468106782
-10.062526621994323
-16.69736458445172
-14.25393380793761
-12.998856529811418
-16.274658799721692
-17.57763332697525
-18.405834182241744
-19.60664274280413
-18.44713775193489
-21.819575159456505
-11.481013035188887
-5.942803572422333
-18.234463115327742
-21.1930368712783
-14.29486577513241
-13.875620345022735
-14.932020343540461
-10.586807266406563
-11.307145821155418
-13.126927204899875
0.3877889623395263
-16.83271358861883
-16.777700070308793
-17.912053525641337
-17.996813934044688
-18.507195022511397
-16.25365840439691
-17.688516685393072
-16.2480331057742
-15.978039554919238
-11.022634001800288
-10.620806791648842
-15.175031641287495
-3.3793064906258166
-15.815117615462444
-8.71759257199817
-9.695780601198358
-10.036430836231032
-11.905119607751065
-14.38439674667259
-12.711589442083605
-14.688050083322453
-17.137936671744882
-13.173330717320821
-11.446737405919247
-11.330272211639167
-11.369009941694799
-13.318987869818153
-14.138553735619915
-10.775437211017033
-10.828000901695805
-11.77797919109103
-14.424052157187472
-12.712537806240704
-13.315320154347255
-18.243657210711042
-13.540200165803274
-14.616086405673752
2.8276728643736915
-19.198884979774366
-17.418459956577532
-2.546311572435248
-9.59783566032378
-9.121792782157911
-17.352434785143725
-12.353687494242266
-15.988275839714747
-12.004959981428616
-18.179161319566994
-9.667439108878071
-13.101198744232645
-18.673545901225893
-16.608036806181993
-18.94799172031985
-17.160508031826982
-18.713710066915397
-17.41989991375015
-17.463937315973528
-18.151529294992446
-13.901779249313464
-20.25852469157298
-19.364249386579317
-14.065267317284052
-19.977677560897956
-18.430097133609816
-11.249533545071914
-17.512845423524563
-16.015541563709725
-9.700737996218077
-10.405488840293385
-13.189169540040691
-11.967494843822351
-17.58633190806953
-13.79474299817108
-17.518591327161534
-15.716133277546923
-17.615855070800013
-17.629794923526774
-15.594974906232927
-18.207399853183755
-17.443488360430063
-19.00645447737067
-18.786659046725056
-19.71743141931416
-18.525913068755735
-18.958468774371553
-19.64527668181898
-18.385868643048614
-20.20644918497587
-17.347965911383632
-19.224304714193266
-19.209604780956028
-15.066506040797409
-15.064524840813622
-13.446043991955232
-15.171941828655438
-14.057434433730025
-18.586534378758813
-19.504026832818173
-18.29104523095093
-17.60225826923156
-13.33261736111182
-16.603792920201546
-13.44654026395141
-16.63019116286679
-12.002605812795714
-16.374116509679844
-15.616910219250778
-12.707225469011794
-12.537351426702651
-17.721277833363033
-16.022512592927722
-13.669508623852263
-13.710757473961479
-12.680538980764553
-14.956841097232662
-14.746294506903018
-13.150743891674015
-12.385026320098895
-15.665721240712863
-14.85508418115522
-17.571170782822346
-10.176439310901333
-11.99511853500915
-17.80416858384057
-5.639926231006086
-1.8639480162588156
-19.56145355824881
-13.478147225111154
-12.603098391283858
-8.476019764990907
-13.439989524259436
-17.409514548344376
-10.330909838794565
-13.719560025959948
-12.479878082925886
-1.5404429057212585
-9.524803763690326
-14.771658981638872
-9.53821442087768
-10.038715903301116
-17.221315002989854
-16.897014486542464
-19.366074857872533
-16.60571984278955
-14.431167832461322
-15.87563150788875
-16.90916990152151
-18.135227676501977
-17.924317448784453
-18.52911950514076
-0.030896990796586365
-16.17858657419049
-9.093125117387503
-19.366702407060387
-18.62135066502548
-18.982809556064154
-18.66026483192845
-10.675233085354499
-17.683470436852897
-16.937593667836335
-13.696457014968031
-15.349905130327508
-15.86503066497388
-17.736176164178058
-3.40081110858471
-18.368468919008908
-13.097704110800679
-11.113992448026915
-17.925993158410986
-17.05333374427518
-17.54213753343946
-15.384943942623508
-19.022600868353088
-12.354414210714497
-17.28553609980284
-9.843471760754646
-13.847982075059507
-7.070333058386353
-15.221926835479874
-18.89170355268645
-15.623984406775104
-13.347520240984622
-10.860901138907728
-14.933074232037448
-11.502201835874327
-14.6022148632881
-15.490886317936578
-16.462622000440753
-19.376995595810662
-12.63385345247173
-16.19338734074645
-15.77466208207255
-18.688134353197782
-13.466575077979988
-10.871704705246916
-16.816264100999632
-18.498252287403435
-9.716609825248717
-17.457322088656777
-16.227266521992227
-12.768910519036442
-12.770611317559968
-15.164539652171927
-15.516727108898298
-16.102774625687783
-14.143640353282768
-15.827818099577168
-10.576047757934752
-14.692429919063454
-12.514375611143764
-18.078592037909942
-16.268434723251758
-17.198618175179558
-11.021711069526393
-15.304260541841861
-15.436074748489832
-14.829761582114552
-16.224903022982698
-13.516709971392258
-15.859681268820962
-19.324532824349607
-7.492260377901176
-11.528606434303438
-7.875810245149977
-11.959009292957377
-12.644914568476226
-14.401167482681045
-3.1735983589543784
-15.59402651862025
-11.629177173725633
-13.239622695415882
-18.486209336046056
-15.360492727291494
-16.25543975513484
-16.656996579054457
-15.976840780287501
-10.694252678934324
-17.096146352933022
-14.881497885121757
-10.554459654897876
-14.872292871450014
-10.527801223276523
-14.829373949640349
-10.902626202123116
-8.383229779854371
-14.26999879798993
-11.808349174819751
-11.332571824730197
-4.11089883842751
-18.277952869785985
-7.84119799682553
-13.447985361266944
-9.110804288349714
-13.196918886049554
-15.658847903747773
-11.295335081721795
-17.88094325511132
-15.021783387628096
-17.47935635522672
-11.2319496177521
-10.315917975479339
-9.899800184272868
-9.964426806371447
-13.816053645148282
-11.88385001771322
-12.578888403795329
-14.811115135058412
-15.8173341585742
-15.486097725688156
-6.237900017854436
-15.838530331895338
-15.4998459508313
-13.965102091530706
-15.47394059637256
-19.279950671388065
-10.190713079081862
-13.483155272993365
-16.12454239846338
-9.800915368849267
-9.669144495383362
-15.199219689792033
-15.87638212280695
-14.233036328676599
-11.2174933016525
-14.554593820795082
-13.850223329514007
-11.719994908404413
-11.361973595481892
-17.75574884340383
-9.042282399659886
-20.03947908972148
-14.113093205158897
-20.207947922064086
-10.435207721504367
-18.19563436497065
-18.535779908363924
-7.743715739853574
-8.365461413979293
-16.287760769944843
-17.269080290597145
-1.3974045002975077
-3.429054837307924
-19.576342718358127
-15.282544511001245
-14.00507062931085
-13.123926637733124
-17.430509710003548
-16.449900342876635
-17.640854313979577
-18.212409460461203
-15.149245626331505
-16.16727263286173
-11.819852712519529
-17.62060365185323
-4.047215359841283
-4.316533826561529
4.532856264608369
-9.02743862806449
-7.702749465518403
-15.002306748913071
-14.801625991066206
-10.458458734440171
-19.007300597190014
-17.990247230434633
-18.47280459536229
-19.34854349902443
2.6465667850264496
9.078645974317327
-9.688444435281848
-13.463640970283683
-17.514845651218508
-13.410679593940607
-15.256608759344454
-13.122890936377999
-12.98564131399405
-14.983977722312567
-10.721336167309698
-15.239819672742223
-9.904277653165561
-18.45487390787411
-16.32040658556949
-14.471815712679467
-10.356709992561504
-17.04300751959573
-14.674878940745135
-15.508262620322103
-16.285335284711195
-14.534790187123079
-14.713972889018908
-17.10355479486445
-14.386245356059343
-17.538560830554353
-17.01583083280562
-16.64082303529966
-16.2709578648092
-16.376552594049244
-19.17571104391455
-19.82749362003125
-19.39449482478828
-19.33233659895085
-20.503900754302325
-20.01125282926675
-17.830867074778144
-17.3030240361316
-16.085322485210256
-17.033299845279906
-18.039417166698385
-17.08876595837014
-18.995853969895848
-20.238966579693017
-19.88503407215361
-20.0739763929423
-19.197673775343226
-20.883506870724684
-18.04518295771146
-17.580440669483917
-18.453296474111458
-17.7156980728818
-17.071339427816227
-18.20818524426097
-16.501571830069185
-15.762471225593414
-12.935092783507097
-19.67295069336075
-12.950650194230983
-13.34092197489136
-18.90757340176391
-11.036821304324459
-9.984094611593962
-4.058091621476205
-12.695015453910905
-13.711526858798543
-11.761545141924795
-12.454423241358093
-10.503212169142321
-8.185794200611785
-12.323585044890706
-11.237241257624923
-11.73915115664991
13.1263201696824
-11.967040396403684
-10.80189449657429
-16.873182871740276
-16.166908019979644
-13.701827776268999
-11.921013609532016
-11.608877657851984
-13.17857401971092
-15.081606042409145
-21.095914255557457
-16.279569118276594
-18.355624175487286
-17.15221909098844
-18.622645390996286
-16.820187504295017
-14.488082332697116
-17.11572355154623
-15.071964790723044
-12.74748983669482
-16.30146562209979
-14.383589571103654
-13.365806904314276
-18.307805933475347
-20.50375784182182
-19.287049082330785
-19.17191842398957
-20.279809562026056
-18.637628874826383
-19.393093307770158
-16.031551261474153
-20.31483571211583
-17.008782823911833
-16.46747369410389
-15.431129259282267
-10.82280576832974
-17.077827825979874
-19.103899174666847
-16.614988999732557
-14.609518840207524
-21.4807986470551
-15.144088810041083
-14.170950761727708
-15.653024710697427
-18.194450584138263
-17.806426947025543
-15.854756688590763
-15.44534031807321
-17.034363688970448
-18.135569355084087
-13.418533113894757
-17.460635538572692
-12.159891561234877
-16.87719814782344
-10.886135915416078
-15.653718842788944
-15.56151113598699
-18.827073156981164
-12.301751590280885
-18.162931560345235
-18.540595686976364
-15.252263322578324
-14.977903997905628
-16.666911141057845
-15.59689859213476
-13.971341146037135
-20.404020074559263
-20.13374263478535
-14.42299387457751
-11.091893307314368
-15.695505696931662
-17.655606434119367
-15.757886805329866
-16.71180386426886
-16.226918869513675
-20.489283780579896
-17.188060752529406
-16.60933657202746
-15.831372228331608
-16.69355865334304
-14.98974123977193
-12.99984688945872
-10.789583725162222
-8.809603186881697
-15.008493469963875
-8.463079774257652
-12.331176220235864
-16.045590382008367
-18.165974093445946
-20.53948476327229
-15.25484954235984
-14.715041123507334
-16.374060646882942
-17.94135386192993
-14.601061941539042
-18.7991701917893
-18.481913580321358
-12.760681369502628
-17.637044311777117
-12.693513658028348
-15.162085618990938
-12.85893751538952
-16.577648355611714
-10.938825322145814
-15.000003433791015
-11.692797588895866
-14.205018338062462
-15.505437725132952
-2.048495498318987
-9.624112862128431
-7.782281355190097
-14.382148925138443
-9.93443225351381
-14.107154003414546
-17.84677413847122
-19.074052868588918
-16.087647563416578
-16.5879172328319
-16.552585174237535
-16.92592446458317
-15.321975134488252
-14.651974584083325
-13.211606374044358
-11.772614631120463
-15.251603679137581
-14.635778014651587
-12.568428674310338
-16.090749670260116
-18.464484317196014
-18.61943967535528
-15.264661703200657
-15.204651025049827
-14.291141305719698
-15.117806973286008
-20.828526697737033
-15.667591718359402
-18.864980122386925
-14.797112441875399
-6.359102896721263
-18.698136511184945
-14.97189744814828
-17.078516613570113
-10.990875109943566
-10.61460239740727
-9.225792933306625
-8.459240817462664
-13.762633864245394
-8.477979931207265
-14.756146334006065
-18.666748061045062
-13.973902193823237
-14.539816297410363
-17.362336847840744
-16.350765542891658
-19.06925447783823
-16.408344827726406
-15.964597420961415
-17.631856872832792
-15.375269221232656
-18.903091436910156
-18.686338473783852
-17.019624589937962
-15.083286517175761
-13.146909119452888
-18.980544770310374
-9.467550407468364
-7.721224237504669
-14.468129810738807
-12.463701833790115
-11.482906708189923
-17.80428628454375
-10.790598827653952
-15.82303379235555
-15.35810273794227
-15.395105385384388
-13.86960002768394
-20.42595964311852
-14.313799958017798
-15.221089754194413
-18.917216716805314
-14.338078426352217
-13.1949501853451
-16.81484298053101
-17.20485812598391
-12.660892907413285
-14.98733312901587
-18.844263925940833
-16.5537458483634
-17.11663504290858
-16.41439750299034
-18.487049357227956
-8.899391078020507
-11.9914965609719
-9.780531892274505
-13.22902648995672
-14.839161357726042
0.121937663960068
-9.97150598366621
-16.21212423418755
-15.2260267697765
-11.950652014536836
-4.2336437672991245
-14.546018948253394
-10.901153393982634
-17.028357930559142
-18.015899126357105
-14.079670424744915
-13.112942046151073
-16.71566573948199
-17.111433277701202
-16.4137133499445
-15.770599684747763
-19.147346586863264
-14.234615691171069
-15.196401150205137
-21.135123664747105
-17.450293118493185
-17.37643916606914
-19.375694766226818
-17.580623471328487
-16.13208003186403
-21.060326430733056
-17.48114922572667
-17.300492773711273
-14.81277476844035
-17.196862552383287
-13.942270316340002
-15.525140041763255
-19.290936932780404
-15.95676502809926
-17.692514379136608
-18.243252037433834
-19.74254264736948
-15.878996635154834
-17.28589346297565
-16.10246359132452
-15.23925986571154
-17.795247807503273
-14.17299684776267
-19.850555669328966
0.5703516111981597
-15.861492852195507
3.2212812434757
-3.2126726620380452
4.209481085397179
-15.487919191846569
-6.271309973055407
-13.908966963282271
-12.530209170766545
-16.14371851007906
-15.935535883350806
-13.819672535038606
-11.076210794349633
-12.675230247445148
-9.678632758327705
-16.78804145009281
-18.65682175002612
-16.804146937853872
-17.311142316012614
-15.327237729493161
-13.497540878380926
-18.647106258040665
-18.381971320001732
-17.064379237109396
-15.011644077566194
2.305907351955175
-16.38119723233506
-21.125990429612056
-17.16076095996739
-13.900638884613215
-17.399047817462645
-15.871840158975907
-18.912086291824302
-16.814143772582803
-20.412239126226726
-19.11991186808929
-14.597370747231174
-21.19947268599597
-14.941304308427355
-16.789962141092975
-16.35241861885385
-13.18218097136275
-14.49912297231038
-8.769701592688023
-10.884506879653085
-16.40255928037318
-18.794112703097696
-9.197337502495538
-15.330291791220004
-9.43197945358152
-16.5584231184535
-14.396803263161262
-17.493681247750654
-11.899595860960256
-14.73313781209188
-15.07737034108337
-16.274807554942356
-12.907428926657458
-6.544352213111617
-13.185388434797575
-8.627008792814044
-9.77978052165681
-4.637802939473282
-15.697069001968945
-13.233000937908628
-14.914430627526963
-14.639141153601136
-13.079895978117005
-15.959567371296949
-13.525123544796303
-12.332560315045024
-16.23821832944709
-17.617774754324696
-16.06845943051687
-16.737426692012132
-17.014120174454327
-16.339078637987416
-15.762156849131015
-14.734014612524183
-19.556912559421217
-18.11241381577877
-15.676860489605788
-15.485530705904647
-14.91717311207865
-16.29493030199199
-11.041116837366149
-13.476658523052159
-10.663414553692233
-17.518910094372224
-12.891546137247476
-11.409616271423307
7.542409417176351
1.9403010302592516
5.211444757815036
-12.605048559012689
-10.953355576740579
-17.05004905888757
-17.754432646066924
-14.660222371441632
-7.4762295707604025
-11.498919989436862
-15.434218456213653
-13.946790312602081
-16.218272570544883
-18.508705010697188
-14.492572847601899
-18.02907536034135
-17.606994711042073
-12.88189604492865
-11.26075003028008
-9.778906982753433
-12.461102758508082
-13.24167184937055
-15.38805166369384
-15.506973905105122
-4.49596929445606
-4.117446509128426
-4.299664196214484
-2.8632304947951175
-6.963388002064965
-4.793929037679836
-8.432362810183887
-12.710423212907118
-15.837140610385212
-12.799249811325604
-12.553105301445738
-12.881403888616074
-12.807502929875081
-13.965373998126152
-11.716300486451336
-13.277037345584171
-14.488952893241272
-13.291153090310457
-11.460718823141256
-10.43684508453267
-12.563868725738125
-15.000111058368816
-8.764064310703498
-7.369419473037092
-11.686598048534385
-11.069414536225137
-14.537520633525274
-14.781261211860002
-14.853769574353857
-10.671516681462105
-17.80709621084529
-17.29426340361834
-14.265175975519858
-11.912306186262116
-12.179503721670141
-11.569237693993745
-14.150133166707926
-14.040613874609644
-13.32326327539078
-15.198910505109847
-11.601767821230348
2.9534865639457726
-14.229278700661744
-9.271222862628736
-13.541335216392945
-13.99603983857319
-11.109746671764945
-13.798492439205218
-11.28338981721886
-12.309781118652737
-14.207207944663296
-15.059550160465122
-15.560923863699912
-14.36979234575516
-15.028307534503115
-14.902688299077816
-16.21900878880554
-16.44124863132214
-14.087753100565651
-7.098070595898978
-13.534189807155546
-15.151711124849676
-13.928994370060472
-12.921491980106236
-18.407451631988835
-15.905888845021577
-18.250908631788537
-9.605275807823435
-18.524858352511355
-13.931054958778136
-12.710431868342617
-13.988090908880174
-16.2671843243405
-17.28996548593457
-13.859476569419892
-13.764148874719519
-14.093907010958642
-12.484139544581828
-15.32474340912249
-13.613832565760047
-12.09214851435971
-11.634308953244565
-12.914650108775948
-7.899428060124114
-15.869996776469291
-17.201632382054687
-14.310401409414776
-13.666140950689678
-15.907027211491323
-13.28906886992317
-14.806209318886586
-14.774492781459845
-17.35702244922559
-16.83022792915034
-14.8104360159285
-13.641202817712252
-13.73238993627218
-10.142297675744848
-9.547622939700474
-13.176957660031851
-11.553638450578912
-13.184532242815553
-14.879291459034745
-12.968291996865066
-13.594870548399381
-12.591332209916102
-3.255834832271802
-13.821720410541714
-3.9732769938675636
-16.14513258856713
-12.954244423725857
-11.469624762626905
-17.243410567762496
-12.861523063526475
-15.132803096583782
-17.413796699554325
-19.106435407579678
-14.770853435940761
-15.620603408039843
-6.451830004606875
-15.48297860885343
-15.90831283414965
-12.138986019492021
-17.846020609624816
-14.376447207724343
-11.683032332997954
-12.58061991350503
-10.26889765976709
-15.273030084496828
-12.863430618371451
-10.74482690443515
-12.775035125724969
-17.18411794739832
-18.996088558085077
-16.25785175316274
-15.589398171364323
-17.535000841185443
-16.11428177232986
-18.98063045583636
-15.498400037974747
-13.313826623164537
-14.401820969642076
-15.750232467620693
-15.94879107860131
-15.79727049737562
-11.291073143310104
-16.53032363244221
-15.676286253798095
-16.411225553175527
-14.221008752109633
-13.303984841003961
-13.142304482844956
-11.490570598721144
-15.874213077963203
-12.811459995187473
-15.287438637363808
-12.355805945977878
-16.08151706722057
-10.93771601851126
-14.378264095265576
-11.618890545817099
-15.10532292014316
-17.297426121948973
-17.679056324122193
-15.094658543072091
-17.050966541411842
-16.636933786951573
-8.980577390821376
-14.82911337318577
-10.918674765393035
-14.905646987054645
-11.730075412269834
-14.869817572385571
-14.57615140069053
-14.704996150957763
-17.685872505838255
-15.530221136828478
-12.299418575128096
-13.296025710866987
-15.211967945084998
-13.59440973618763
-13.063801369093254
-17.200808675208542
-11.310721627492269
-13.039082765878364
-19.20925368617486
-18.31512773646897
-15.564478675196394
-11.721500901816455
-13.886857154504302
-9.127331730995689
-16.380583600204247
-17.455313261768083
-8.688497286891236
-8.286337777318499
-12.901102812575598
-8.071616658467702
-12.197685948918226
-12.906892299067122
-13.13524562499435
-1.2274442233445897
-14.190432865644706
-13.943165672222054
-15.004807639139225
-15.864322764788445
-13.606047141960369
-11.990539352883344
-14.005444734776878
-14.042128562216554
-11.523801089516354
-14.738504943568168
-2.090134422414304
-13.179232549083647
-15.87269853345655
-18.7219162203675
-17.926931819784336
-16.012774162469185
-16.521734331075088
-16.408373056240436
-16.296031261357186
-12.92761705256976
-13.05751025462264
-14.820309164510455
-14.040072631324668
-11.473862939431921
-17.165656575814534
-14.754850296097457
-16.684825384266684
-18.336522533927344
-18.222952505233668
-20.11042124997751
-16.962999869982024
-14.76609418717694
-17.506391461890093
-19.72813021463605
-16.527753162672735
-17.62708642844683
-16.250433476554203
-14.587900094369335
-20.640021762010615
-16.595912201301843
-16.01843113909826
-15.918277822506068
-19.04370938036825
-18.00265590473256
-12.57757427278112
-7.886759696691289
-16.107593965115193
-12.952108018416036
-13.231405612530073
-13.94411040776421
-19.233652354671285
-19.245207111976235
-16.622615273243913
-11.342957848623627
-12.006610985053124
-19.04829375400972
-16.705893669822952
-13.233330009076333
-17.1877559622375
-16.474169407328468
-19.496944626885114
-14.098531802832246
-18.31531356299996
-17.376887843214895
-16.434391524033614
-15.766617874317028
-18.36603556613295
-16.563407836555445
-16.806480258865648
-7.118009816295242
-11.998321051531724
-17.420282851927215
-16.477837616968404
-20.82240755333357
-17.39473663905452
-17.234307615120127
-12.786422080141127
-14.148768061972666
-10.505384045650064
-10.558590889296562
-16.77147685892404
-15.155697432075904
-17.15536627346813
-10.889149863028035
-8.78887464644951
-3.4825267098533237
-16.954872780647655
-18.55706063304539
-13.832523742405641
-10.097066299874985
-14.77860633806371
-17.062073106955335
-15.886113538276602
-18.53720910101062
-20.08696108226472
-16.066428326530495
-13.993530050611959
-19.444922621669917
-14.609788514382196
-3.3162243046574176
-14.300823144431694
-14.052634903410729
-17.799098762282664
-15.01706023717545
-16.653584182611525
-7.365729788131011
-15.586362160198682
-12.00373007476256
-16.56042090106469
-14.584698784015082
-15.189429430843104
-14.68128574579738
-18.635930121406865
-15.034275092049194
-17.616582726339352
-15.948362199286933
-16.179826093043253
-16.131211155795206
-17.01123013512973
-16.40973182137127
-8.603868360152141
-17.334660553934896
-17.684337312485408
-14.26845042178711
-13.703221867766638
-18.164241448081924
-16.371287088228414
-3.68052997357906
-15.749692123741587
-19.01422897159116
-16.189444124164396
-16.757603985269725
-16.394700529086613
-12.444710403381045
-14.775923916017256
-16.331967028132663
-10.826298601988096
-18.571349844743878
-13.708725550084809
-16.77272834381673
-16.0693087900648
-14.527450238086441
-15.570689412990754
-13.485545328537865
-15.098351841432658
-11.531038992554667
-19.37764179306118
-19.86558653588363
-17.164175307354064
-17.453857595492316
-18.693666257717343
-9.944492654604701
-9.528524058559578
-10.707089496955826
-13.252545484078787
-18.19196570272338
-16.08496303231808
-12.276661034740094
-14.39900643648102
-5.344411465456902
-14.718504842383762
-15.998202659572135
-15.987611857044579
-14.291803063367038
-16.502277419157565
-17.73365329957457
-15.774639042493291
-14.239919498537729
-18.338288517433348
-13.108042186411144
-15.584507536865141
-16.319544469953165
-11.186716554485404
-18.039492972793767
-20.122036400715213
-19.77302678356584
-17.36490624866595
-18.238785153275085
-14.729043258059592
-21.434726249793986
-19.42863455723643
-16.169175961694986
-19.770500370562985
-15.21347680209745
-19.08955406507023
-9.499765933030782
-9.505768825571572
-12.464361672134313
-19.01213206503357
-16.09061785388528
-11.194345294930015
-20.273050709591033
-11.089039435432866
-18.922807536970456
-18.48451570210258
-14.323789357609574
-19.016561805564063
-19.139588752368052
-10.378528539907899
-23.601092632224564
-18.309644686292028
-19.080095538467457
-18.82906174039191
-14.51711970705928
-16.94732996215084
-18.43795742451457
-17.21351980465246
-22.491168060782766
-18.9710465254292
-19.408162051649533
-18.39373133699562
-10.94600216809736
-15.018305422390268
-17.583369158404977
-19.10877716878849
-18.166002285609828
-19.566934738906983
-15.207703485019653
-16.8912960370001
-18.941224274511875
-17.024931478674272
-18.92427995719301
-20.655581516788725
-17.198387080771436
-19.278804388627204
-18.11028433953272
-13.516932225034303
-18.823783040134003
-20.145566996640056
-19.42104430324804
-14.88347796594381
-20.52520245929386
-18.656304237022596
-17.775813461253886
-18.683634429619477
-18.079175890540416
-17.373892134016025
-17.94047292821751
-19.453198795151106
-21.39870898002612
-17.865131379869837
-18.580567593981968
-19.261174792552517
-16.18729868351229
-4.992009644371573
-20.58849553919307
-16.33726628720454
-11.687762202446727
-18.77202178389247
-19.68551131379972
-20.054980576516176
-19.923737948505693
-22.59202249277004
-19.10152648846296
-20.381509413696662
-20.700150974141874
-22.394853125885724
-19.80408088405931
-17.412643027963032
-19.199929354411683
-16.65370146350726
-18.099038387800498
-16.873986959134516
-16.972722739890862
-19.177038042620648
-16.86741906080181
-17.794758027297252
-16.427212889177994
-18.003428274537228
-12.091873582477497
-15.065919910941457
-15.879084128388225
-17.05330030585974
-18.91371022746127
-20.2433170759312
-16.22271634360413
-21.879936064439548
-20.558245489062962
-19.680652041665205
-17.75067496966219
-13.134196360035778
-17.55813142924661
-14.514757489885444
-11.801235023140102
-18.76247028384749
-22.705896166265767
-19.889779294326342
-19.87268796278807
-13.60220714665426
-16.90895042002534
-22.03298459458589
-22.09284015069584
-20.542125287057594
-17.644250588396567
-20.01392152048697
-18.475183705636866
-16.60099803290399
-15.170779697753563
-18.831548402596397
-17.217913413149944
-21.23041555568628
-19.569584249213612
-20.449176487567172
-16.032948604724208
-16.76992878266073
-15.660981428004352
-13.598146816536309
-8.909844016952121
-15.895550226621465
-14.958835340339078
-14.022823484689784
-11.90440560838687
-11.74520748561413
-10.742608221107535
-12.254054986159527
-8.558041264430674
-8.181350071514398
-17.04066701406715
-14.156612097654033
-7.625643060428117
-11.412920159243596
-11.670580566407596
-9.473862287820364
-21.32865043061679
-11.724017107285977
-19.599494949798835
-19.859026059711418
-18.523758545680383
-16.447081122270433
-18.03964100143883
-18.44119911963225
-18.24133960048931
-17.882759868182802
-18.469930408312134
-15.46371325879467
-16.615386698929726
-5.924748622008997
-13.353404521343236
-21.207392025504696
-17.625946368110018
-18.92675245007925
-17.349117952554572
-10.912483542069355
-16.91867076201042
-12.914488126533133
-18.20469858462707
-15.609294338272674
-18.738512491565867
-17.0218231442681
-15.09851401214335
-17.050058747095648
-16.381365042330124
-16.49185814743239
-18.32232739979153
-13.189939734652068
-18.065600460451435
-21.632004794657412
-19.781572127055945
-18.17793725901956
-19.21557065389459
-22.482004195616717
-17.10418880656145
-17.865835905128595
-17.757096693520634
-16.053334421066747
-12.607819304858591
-17.25435574567299
-16.477452832952295
-17.165904792654942
-13.871908628680245
-19.60510192592158
-20.901801627871528
-20.201081974669144
-19.50587396685194
-19.589163460794065
-14.14778050639002
-14.590168695416112
-16.738759126398794
-16.266233476011795
1.994919797409071
5.291919776804199
-6.625462921600521
0.3080720378773929
-17.48198195353925
-19.065665145821935
-11.597906136897837
-16.24255540436417
-13.484052129952431
-17.16430893005419
-13.280726694736648
-9.446406493463321
-9.072141203279376
-11.989314676476
-9.948842132804643
-13.353438292917586
-13.672837724540102
-14.62198698996408
-15.870732674335743
-13.80791709470459
-19.04687440945418
-15.069909733791343
-13.175432849144379
-15.125607129790877
-17.408032484922572
-19.69646427675093
-18.50326542878845
-21.334133545323866
-19.237020997659997
-18.346665350022967
-21.80700486758713
-18.328590782500946
-20.34029367380622
-18.266885237017522
-19.196215755603728
-20.741990804266006
-19.053694844042877
-19.519632883750276
-17.819098100988555
-19.81777635208143
-18.634621150072615
-13.112588872381867
-18.74364401552761
-19.905114088128347
-13.982498518259431
-16.533541213519182
-19.822668546776924
-19.49761862457749
-22.095952729732385
-14.336496184990636
-14.544417078665871
-17.834326975339806
-15.025118696259284
-14.626966932194481
-17.129151746549507
-17.129644281645277
-16.28951014426256
-19.062327434910706
-17.528445870149717
-16.482667448561696
-16.392543967530028
-16.296323947315535
-16.162834158817372
-16.705714127148397
-17.491101579937478
-19.137307268051853
-17.292818616078566
-15.30292781556277
-16.3988316737391
-12.679525679323955
-14.460562937720326
-10.77664871208073
-15.629044474881177
-15.954554264730971
-18.81310823851463
-16.407371603374415
-13.199406972051653
-13.201057630284213
-15.905250142549352
-15.41934999025678
-14.210044032211364
-16.849938323038227
-12.822517656651728
-16.516282509325123
-15.131817694262125
-19.53309371377798
-21.438220098747706
-18.645950148119066
-20.861855905618196
-16.48090235108284
-14.058377511365261
-18.15190007177248
-17.498397184638463
-18.974184277871558
-16.680919848514378
-22.4268233698052
-18.05558005463324
-7.813755340861031
5.284024913984393
-17.540530136236676
-15.627936516457334
-21.383474228162118
-19.194536694916856
-19.9146752511514
-0.1425057338572291
-16.428332006572152
-12.872527912512814
-13.121137018996624
-10.798001806008541
-12.061585084949355
-10.438308829400157
-21.44510036314612
-15.385245190339948
-18.99576192925037
-16.465266470463167
-18.17035586090664
-15.825914481696298
-16.450607961182435
-14.688045758488434
-16.467119838348133
-15.086886191813864
-19.33668121520373
-18.695398163357687
-8.429975145581047
-13.861184622760081
-15.615880341179729
-19.80074473362974
-18.395696995643018
-11.952174313516881
-11.040753304123866
-12.813888302165024
-12.628839355014188
-19.101536021755457
-21.276674857898776
-20.903146502809488
-11.709257565146157
-11.529738957123804
-8.842592852506254
-15.544977156493918
-15.127886260872453
-20.788175571700517
-18.078313788174466
-17.418582456432087
-20.30467419362289
-18.887611855108396
-18.945842166431213
-17.646214294646988
-18.450538759898944
-17.698986159245553
-17.531864461590125
-15.442459851111852
-17.489246883662574
-19.49010743136916
-21.348468608179875
-16.766692383425706
-17.80354074726709
-16.956086735000937
-15.794016270673692
-17.53666861981609
-19.239329331225072
-17.85958530006135
-14.995393887027902
-15.847351746330691
-15.531913794359166
-14.26168326522624
-15.635873450542872
-15.749078369892192
-16.771561135903102
-21.240249252342245
-15.314837970825876
-17.984694834598567
-15.861198307779588
-11.468333594281228
-7.449143718103326
-11.6770650934862
-11.691928579901989
-11.343821654494086
-6.4029711062711065
-15.150352532697438
-17.83207929141134
-12.077649524797817
-17.307378937597573
-12.807969337756495
-16.17276415466761
-19.84210072611597
-20.711629684272005
-17.853560941606766
-17.47312512522289
-16.405050167843083
-11.642433794851943
-10.005421009719534
-14.681546238295153
-15.60120050814484
-15.8858211677484
-20.108620510121025
-19.548390103118876
-14.39969599560729
-17.506727627781586
-15.690958517244471
-18.36897627096987
-17.80467768974607
-16.497250154762078
-16.162811241589946
-12.242396427585177
-7.727523714829415
-8.718005683068519
-10.608346817451375
-6.033090444644859
-13.344836927675974
-14.013333832837208
-11.795945300980167
-5.448027872841994
-15.457276020854112
-14.57476736187504
6.960665542263001
-13.20949603214952
-15.194989618120271
-11.022299801695718
-9.87147375692528
-16.78834613669581
-18.937395015611113
-14.645685289573798
-16.837954726852473
-17.770778244968795
-16.467745888398532
-10.716443733698933
-17.393748881898766
-14.062670874253614
-18.495037844307802
-11.119979998529649
-15.57806026842175
-14.319618556907749
-19.581333146654472
-16.76568940967588
-14.094099564502026
-14.729224418933551
-13.618564101010573
-7.031858087032673
-16.077224383292574
-20.352960191052997
-17.969618492238496
-17.298689748999525
-14.617597980924938
-17.83705387279992
-20.588836420173294
-18.591020924262853
-17.268139565313778
-16.281896863753115
-18.275020243550728
-16.732612460282024
-17.441860136203797
-16.400779506782442
-19.053195573990546
-12.936814501197835
-14.482057115413554
-17.2289998027293
-16.28786570700902
-12.622977821096137
-15.48533058348872
-15.982815151098675
-15.658244515954717
-14.772899642132447
-16.591964164029168
-17.743613987661547
-14.228974449344731
-17.966148243061767
-9.085299316553337
-16.92658466242747
-15.24729287009713
-18.265494374182875
-17.826074480068662
-15.242038572575957
-15.072613515515009
-15.908741533376475
-15.444892587964459
-18.88366712576613
-13.116720530661599
-7.285725126413103
-17.65133789763193
-9.335238230989845
-14.141274715160247
-17.867619593028035
-15.65800101972757
-17.641919982711954
-20.27896558672978
-10.221759590399849
-19.886059000553825
-18.796418536507684
-14.17686859396712
-11.453583186807904
-18.548652294591196
-17.67450763960202
-21.882037092370677
-20.460694529345215
-22.28343064445115
-19.31835712611473
-18.276591980299003
-20.449080601758546
-17.299855531824498
-19.467676388418425
-12.641474540800715
-18.046904781362123
-13.227158309657316
-21.001703724041437
-19.495743786542242
-16.135504806015042
-18.32250000732029
-21.407624694127747
-19.986416589010226
-16.390525711314638
-14.800334009419721
-16.44059039281772
-19.098715361374904
-19.501078511963115
-20.470459760447056
-17.754649731438867
-12.808365286583918
-11.815441642372551
-13.900714259045179
-13.731716644334629
-14.243634198949401
-13.06733647434907
-11.605043559929754
-12.236101034293613
-16.930844271533832
-12.767511953438502
-6.403226377154921
-18.314945504796277
0.4426737338307767
-12.632439838174644
-14.597809077524703
-18.24735663386878
-16.29347145595349
-17.288212492290093
-21.107613793751433
-17.910595365736302
-17.701392488854278
-18.125872445634954
-18.231194804802385
-16.827909724081444
-16.646730618990173
-20.49092694100296
-19.81304471135781
-16.381014991613302
-17.93691869269191
-17.501953400766435
-19.096314093691845
-22.478921415182008
-21.103229849005825
-21.106578781121936
-20.529032944972172
-14.095989397454776
-19.312012598610128
-21.50505757983455
-15.428601329298461
-19.94469536393062
-18.62761380272445
-16.75528394973183
-21.359256722359337
-18.30351951205244
-18.752648229291456
-15.219792159014533
-16.403558522133313
-18.59941707055434
-17.652091545882048
-19.952467494385225
-21.20474059690427
-18.028075896908504
-20.79632177582775
-19.880031377227322
-15.624716286108567
-19.27271321453508
-13.253368369902779
-17.412271591017703
-17.787953525988485
-17.202273123922925
-7.1163490760491595
-4.118074713388528
-18.486027172737664
-19.375003864235097
-19.04512645181715
-15.531664015524083
-11.882610960557074
-11.331860878435544
5.691733640841177
-2.8334280417364623
-5.659410401209237
2.4494936199171318
1.8681711038975388
-6.162726270453819
-4.6000919553243635
-0.8321532023111515
-3.915867398106349
-6.6437241738126165
-8.53765375661154
-8.261531906193776
-8.192474294148557
-5.684424690329013
2.88414204191688
3.5758881472111397
2.7265130856248785
2.3991717554521736
-1.80767835442422
-0.10137852887469023
-0.7900656581325898
-18.687662242271415
-18.207349882283253
-15.16393183930611
2.446453511608724
3.514557563141275
6.134826282150421
4.254562098976271
-22.582291640872242
-14.681125798250077
-6.024848205778064
-11.002616894840822
-14.383123342572393
-12.139851576839938
-9.779364664431135
-9.171472629411614
-9.981614253237915
-11.7469604819325
-15.006107400114814
-14.501349164517269
-14.411275099872817
-17.23824478338815
-14.485101031670936
-16.831669402395246
-12.09976209432152
-11.102509865744196
-9.594255463529882
-10.70319938000875
-10.312864440581839
-15.324680961424171
-15.151665861613505
-14.851259452250213
-16.886879637799797
-15.41964330816293
-12.231343316395694
-15.649187786570735
-14.179915975954303
-22.143355367911756
-19.7709884599965
-23.050756713637167
-22.83616761717145
-15.112239952186675
-15.624160319317397
-21.4973914394452
-18.100545607353748
-22.09566334953375
-22.005626410335573
-18.16421567853255
-15.886272546957683
-17.78210498679492
-15.937876836996514
-17.28362616034569
-19.730919952696915
-16.101910887149636
-16.248554050620907
-18.008718426293058
-20.0754465627342
-20.391627106496365
-17.829982649588555
-21.310375729730026
-14.728759619507976
-21.407225166842796
-17.606572494938657
-17.14260156376305
-17.58721071789467
-20.701751692079366
-20.01676864694657
-18.80023454424288
-17.387677813378602
-17.230038784639042
-16.800858864880617
-17.228443546167995
-17.926130244205783
-19.211208669911006
-20.847523486086033
-18.311642634179417
-15.10972809001622
-21.35534906033079
-20.812383212230895
-20.4605706641395
-20.70072073082288
-20.387698018397558
-18.97615013271255
-19.5035176815587
-18.91284036982479
-18.82024743780194
-18.799309046557777
-18.561657187033926
-19.151198770570048
-17.235731772996406
-19.393340389455105
-17.69954205820229
-20.97100336516492
-18.078310257173868
-18.481924785198668
-19.66278260877152
-20.062565607211756
-19.86182525179404
-20.605982328162863
-14.879906427790486
-15.428281722647277
-14.772103539010054
-17.880856673990422
-16.909993426147622
-18.904843703481117
-13.58584323502545
-16.187972456964314
-18.379796364418212
-18.68299506974447
-20.182892922172567
-15.139198418150437
-21.89866924066303
-17.856616273551705
-21.72270481708969
-18.718380757479945
-19.405956487623083
-18.4946201818992
-11.790501236243324
-12.917933911697176
-20.930003877366445
-19.44258487077677
-21.998709692532998
-13.689115503045382
-14.516625420917402
-18.93973855178839
-21.127349748595126
-19.393802627318113
-11.045656854364932
-20.221975682756977
-18.15523785250559
-15.192091566126802
-19.960356225539783
-18.421762980455227
-20.22352746961569
-7.520335839829147
-19.920668162030182
-19.45634600109735
-19.749998242622773
-19.584638427928976
-16.481726666781974
-15.284980334224013
-18.486914419094468
-18.38835228566442
-15.844061477352247
-16.193355339194532
-16.256001927182673
-18.540245728720897
-21.465907641150025
-18.78973334132583
-19.83767288028024
-20.96412670743644
-15.758984052063807
-15.001977523319828
-20.111986322952593
-18.789556497741554
-15.449884756335326
-17.75283022125617
-15.621718612943571
-9.949920874565816
-13.661914085049697
-13.3756000214365
-11.209520531525392
-19.605591543322035
-9.878487085600604
-11.933988370302007
-12.680883081247817
-13.434525850954412
-7.784800704989291
-15.08490238044378
-13.245194992380444
-12.220491612918618
-16.5077611387775
-17.60495177283903
-22.29822321956483
-8.05628433660483
-19.86754992874879
-20.18157925386351
-15.789904386621153
-10.008711839337845
-15.28445454475464
-18.73075639754801
-16.800595367140154
-17.747234364913176
-16.963251500370355
-17.83252636426261
-15.277628399825545
-18.584253373991853
-17.177174027669576
-17.031947782215976
-12.235622242285528
-15.771281798718233
-18.161106817629772
-18.687519870395413
-17.55848525721429
-16.597841256709366
-14.952769160313181
-14.672122940727306
-8.202545188854081
-10.759465318569443
-12.511243959551603
-10.291609715823427
-8.184643123832444
-7.1546378266999024
-8.842210240699238
-6.894749945257923
-8.770482164595043
-6.072954860965052
-13.947737573208023
-14.762318688935368
-11.921119874168888
-17.684161537976436
-8.265415134726085
-8.815512265792805
-18.068930612149913
-12.317193699290952
-19.758244354530113
-17.997156051474846
-14.885095625314657
-21.67066455111463
-20.591731204097186
-15.953027054035363
-14.68380850643646
-12.158148079743718
-22.124016908309013
-23.007177557798496
-20.05595851661731
-12.65789281447159
-18.974951280469643
-16.665016736993298
-19.604209281888814
-19.156264857579824
-21.12742271602653
-16.327951136136775
-14.889737399478074
-14.49155172951285
-20.814038622515206
-18.213096540513682
-15.163557410121237
-20.809753952002502
-19.82284798574021
-18.511030930980656
-19.5853582052417
-18.076872379196846
-18.02116452093704
-20.644852668046724
-19.649967217845315
-17.491036707720397
-18.672176013894425
-9.040231371980669
-13.786449349164933
-15.910218561820317
-20.43044107455999
-17.68651546700035
-15.936059632159514
-20.50429711113621
-19.7105953182885
-21.152202758456546
-4.797803048743985
-20.593520175728212
-18.434026929922236
-20.322711798046303
-16.828769571753163
-21.358723282341245
-16.540537127717023
-14.831468852793808
-18.16159550801747
-15.634129727793368
-18.10190998927798
-17.616103963139743
-17.802462197592114
-18.14991546415052
-17.806828299063394
-20.15639519625294
-17.109182649482158
-18.69232024473679
-18.90623161574148
-8.591161825161523
-19.30261922174715
-22.095658336061064
-18.45626935781479
-20.66907298557549
-13.759501501731384
-19.663467443098448
-19.71254806105567
-17.16594508784899
-16.026506364326472
-3.2773517702510726
-3.509334894983569
-14.734370697693217
-18.135955381451705
-17.397694861260888
-18.270220892456397
-18.322910706894202
-16.361695162997737
-19.49736809123194
-19.982678223092698
-20.81591975238337
-19.49828664218473
-20.51613087340955
-18.33438194107446
-16.875687529621118
-19.330336018196054
-18.86102992853233
-17.709649183575483
-17.16221762674506
-20.101715374464547
-14.421433250429825
-12.920377351465872
-16.532489132809715
-18.89822219034083
-17.48000874053568
-18.80057349118593
-20.366071143969073
-13.814373553558049
-16.772020422249415
-14.244942627687298
-19.39149613889849
-17.885853950858756
-20.44992718521201
-19.085014279915615
-21.958887542687226
-15.424523636475442
-19.809638040127165
-20.18968372477368
-17.749580293099687
-20.9900437355994
-16.29105526217079
-20.34134750854715
-19.102931054476358
-16.17024884468293
-19.474313372995766
-20.25448053720386
-19.75888850668297
-16.723057624811876
-18.34760614973598
-18.436264830500583
-21.968801871514312
-19.359166237154277
-18.32615047543622
-19.561537309432964
-18.588250873611013
-15.78758653367355
-17.62557834415529
-18.13495494691181
-20.719174166220863
-15.634821424255176
-19.519148822473177
-18.874593579460427
-19.852291322776864
-17.2052410553327
-17.971876210449366
-12.288475123563153
-15.634189347976552
-17.986306452072586
-22.48434673172965
-21.93072892700673
-19.883422284573136
-8.392609391702912
-21.72095594738945
-22.05085561717731
-13.37518365605003
-18.568950262283956
-18.643657005263172
-17.26818794516442
-19.325904008809182
-19.03140460339592
-17.4806341223159
-21.182487790448654
-15.158497963298696
-22.334252941787792
-20.645684940587746
-20.946029499307535
-18.36405872516693
-14.499393108541403
-14.526299223046054
-20.77179308139471
-17.389721296506018
-18.837862653241977
-18.12484622790975
-18.40464516568112
-18.608963523422563
-19.612115857314695
-19.713294337711364
-12.565422200810685
-18.06609287957088
-16.026818552066782
-17.648002269511025
-15.951785234178786
-16.924411595029813
-16.84314409132033
-17.347136327982174
-18.971231045140954
-18.55469885001547
-21.54625423399162
-19.81148071496325
-18.727169995871034
-21.492586248415485
-21.801381063869325
-20.85241297605631
-20.749601688248895
-17.62695089927307
-19.33652838003025
-16.284321637994275
-20.848725420704465
-21.244730742070388
-20.016378489391933
-16.129938797413168
-12.51232799481899
-12.799027486353467
-14.66015664766871
-19.743583510947204
-21.04804480519479
-18.683688900626354
-19.977779962823696
-15.898173973163033
-20.857782705552697
-10.549144249879976
-22.63250759050637
-20.038556051341082
-20.202750753689397
-18.007092892829164
-18.544298255802925
-19.300554787940747
-16.580236904919214
-18.282108105848064
-17.456527114554078
-17.727333979497182
-19.291584817998572
-13.578648992499748
-17.892982342766068
-16.190528892503465
-17.47181221635238
-18.507142821142136
-15.321861471386555
-18.148210721902107
-14.750401318011939
-11.715481431411881
-10.271613282539924
-18.29087034112056
-13.659020324875787
-15.869724258798987
-15.530387755546412
-18.239866682930316
-16.73329656963134
-19.371911416901625
-18.87297246115739
-17.621672291096935
-17.20911563296646
-19.862631162481605
-14.556122216248891
-17.449429704340453
-9.195465193337391
-21.739258854938644
-18.08757546557502
-13.268363109305668
-16.10863874728685
-14.350496251731917
-16.357930668720066
-14.275416774992722
-14.706402229242142
-14.194369061633308
-16.195968476993173
-16.657922583982906
-12.153453261030283
-18.9119239514247
-20.052424414006165
-12.013023563138741
-19.54424731393904
-19.970941288474307
-16.46036432492451
-16.572856847760526
-19.879635210530488
-17.3235012588085
-18.719009931734345
-14.18351650209057
-18.848016678455853
-19.168217958368523
-16.313491183440362
-15.122134979588735
-9.480849470003013
-6.38432972324301
-14.187978324994099
-15.774146732671428
-13.628457281777427
-13.31196347289416
-17.04697155489538
-11.144688377332058
-17.27941306620887
-16.22337174754476
-5.525661434751334
-17.400413369063422
-3.367614094243806
-16.25115871110115
-19.206291105222526
-15.354662869688113
-11.512682089002753
-12.35810187268744
-20.478170641769626
-21.929147936470848
-19.021158003514767
-20.74752050951383
-22.283466755992535
-21.444341686158193
-21.64835963909388
-19.93187528859299
-19.57859599729549
-19.04484041217514
-22.099982651104373
-18.347538821528133
-19.245367056617592
-19.018854671850114
-19.744579232550684
-19.342640087010263
-22.06734691661895
-21.404022324973816
-19.75396057944229
-19.297843008487956
-18.318749184494937
-21.75034108008866
-18.39949445873841
-12.199401445136711
-17.96376547001868
-17.786108243333786
-18.946457716348835
-21.995049572926895
-23.017625832158355
-22.420581086608983
-18.00017286863256
-24.232633670139062
-21.29755176569064
-20.64937366870215
-18.37143807585612
-15.716721682848402
-19.95709270149095
-21.81444425550582
-20.39346895328606
-18.055099475293556
-17.648671769223494
-14.253494825443564
-16.07291850851789
-13.131271372143754
-16.848578930943884
-17.55751167460453
-16.00341186399483
-20.653173043643786
-14.31662283331124
-19.562827337138206
-19.5819942949534
-20.867265735024247
-19.573344211141535
-15.730579928603502
-16.682447259670628
-22.848804275315903
-21.747407924045472
-16.57674655486209
-22.562709287129387
-19.67001591398785
-21.256612623788666
-21.59971485885424
-21.00686843755715
-21.042029841162808
-20.510159393503134
-21.099959447817223
-21.6566119969765
-19.35867502012719
-22.03348857876733
-17.98732779867999
-22.67332684732374
-22.28086770752069
-20.96861116266798
-17.216436068604132
-24.51382426511446
-22.649368635362126
-18.10660177851608
-21.50564299448464
-22.17240518457464
-21.556954120320906
-18.313457391487646
-20.716906387406695
-20.548397052289538
-20.769876750665766
-20.674041750499725
-18.433904432575027
-15.919021883213873
-17.410881941655962
-18.415366724541684
-19.13119696121806
-19.464371139249906
-20.016584817853886
-11.004639403036487
-11.492546881843086
-17.322590703420158
-15.260195084512572
-21.46089965710607
-18.541225311171182
-18.337701185647994
-17.211827068573115
-21.70526911981618
-21.364287048047842
-19.45518864594216
-20.69347279137968
-21.23294456537739
-20.73904977839173
-20.649771569610603
-20.112511088846137
-17.680967730041317
-13.164240132702568
-17.982071894895682
-14.796900804497827
-12.71745979944924
-14.04395822837692
-19.98333115796965
-12.055614398146538
-12.783904591946415
-13.336163155554084
-14.727119928301363
-22.271143569955424
-19.86358131427753
-20.14794476583013
-15.84363990632424
-19.494786148795992
-22.30653093620945
-12.491462462197143
-21.75302807001953
-20.02904268278186
-20.755505722517416
-20.77209294507637
-23.04414897922518
-22.0992594927724
-18.05099642805739
-17.505302380553626
-17.40116452306315
-11.971289497187545
-14.399892452322634
-12.855370668957335
-15.547371284446644
-15.13611475359311
-14.65987181970992
-16.01619581716617
-12.30373698425748
-13.267270940220154
-10.737515243188675
-9.010048674191166
-13.637411009037915
-7.85283515515698
-10.141363473828902
-13.524045625521657
-18.708486557689668
-20.524623727734
-21.90940528802802
-23.26700414645136
-20.574934547370397
-20.293308944469636
-19.921036043312295
-17.647207532109526
-20.036139740762213
-20.771292592049683
-18.551054824332223
-21.331569165626075
-20.26428650186517
-18.450698331678932
-19.828220208188274
-18.757840806702053
-19.02130526086231
-18.590880209050972
-17.513103912798265
-18.485369053897028
-15.574475423633334
-18.2541973549855
-20.920688608643758
-19.647019025450053
-19.196155334232152
-20.798401732053588
-19.570551608923182
-16.50186289581507
-21.972955313116053
-19.110288859151236
-19.159423530646297
-17.87769023665415
-21.099636007865875
-19.92793961365894
-11.133571333923088
-15.14762503266892
-20.83050300316725
-20.17551137698886
-21.442168447611778
-13.557098760417064
-17.126269910956495
-17.789008395109935
-18.795961077954846
-18.822419031917573
-20.535479399721332
-19.45659798835579
-17.199406770472105
-18.469394835688426
-21.940386011868142
-19.954915796111486
-19.533951728948622
-19.173430052921468
-18.35673092431338
-18.763714093892204
-19.301759806973468
-16.96350638806805
-16.514852803728402
-11.90267471326915
-16.627075868902683
-13.464698207965775
-11.722666903478705
-12.366917802140868
-14.003776323120388
-18.758317961392237
-18.950219491577577
-10.675445512451825
-12.040448580125204
4.5900659110133715
-8.35353800034773
-6.363569102762452
-14.82278441917735
-20.464616495116875
-19.240451767492413
-20.185202783591087
-17.297102854276055
-19.017053371248835
-15.206295215090888
-17.527373467667825
-18.199001395154617
-15.14565642447804
-17.20404046264252
-18.758688933472218
-22.290615762836595
-9.700681876560482
-14.765964829907862
-14.268675060391224
-18.976925816537808
-17.693555422354066
-15.606375537077792
-18.79258638678006
-18.907173620475827
-18.695640408524397
-20.34161122200985
-18.248356444495027
-21.637027961820024
-18.357857945640273
-15.484904714016308
-17.777536591907936
-17.165841212627566
-20.993227944442268
-17.370501004961824
-20.14963110291097
-20.52480150791627
-18.543627161044824
-19.64181409627119
-9.632784059604031
-15.106220350073206
-14.301488987495668
-15.722010221621156
-19.80942350361537
-22.064401837765665
-21.70501876507971
-16.553713453741555
-21.452679765233853
-18.931042559520254
-19.609954947290404
-16.79953845540049
-20.0262789016508
-14.910065171873521
-18.74492709958434
-9.758585968738664
-21.972721693364022
-20.560123497898164
-17.715738330563433
-15.772790098983597
-18.353351194689417
-22.07652277995937
-16.06573263196454
-9.49945768761844
-12.773184462631617
-6.697900548799233
-11.253232383341647
-7.757876680536408
-15.53014255934004
-15.193058707394746
-21.12572332977901
-23.32487496400866
-21.19478825335593
-20.02538918432741
-20.623976800146135
-13.32623052568139
-19.824126481125784
-17.872930332278916
-15.139137510261742
-16.69222293483046
-2.2861567775155036
-6.530994979134325
-4.319866241782686
-18.586031420860472
-21.483351927943684
-16.073162493828782
-15.551845255147287
-14.013588493720219
-19.2172273968187
-22.040159130187266
-21.89580512187128
-18.773956839958792
-19.50653823354222
-21.709065964559475
-19.691308157505727
-20.56007254537123
-17.493079996218004
-21.86299908103103
-14.549406698479336
-12.26962720976712
-20.433986402191394
-19.16683288775782
-17.865151587128157
-13.991491661086688
-20.963738002108943
-18.43490227991908
-16.241776731071745
-18.662430923769197
-20.370069853728147
-19.555223586482995
-21.42481851513483
-21.426033746644524
-20.539996771404013
-21.890376340277353
-19.50645124816179
-19.25780879041382
-16.65680872915552
-21.708275146243587
-19.688854871129546
-16.571648163468584
-17.697379018639708
-19.280393739793084
-21.619847004103946
-19.186580944838582
-18.22048117976061
-20.436293576263107
-17.580459708152762
-19.041047879633627
-18.018949445957453
-17.538575597937204
-12.033835728322297
-17.680009297663524
-17.84167169629416
-19.686756906058474
-19.911928208574675
-18.860474774811593
-15.752636360303468
-10.24001276609927
-12.236157211299844
-7.9059802827273105
5.193929657405619
-13.420187038675122
-11.970988497985145
-4.522421146827774
-7.351277308210431
-16.600493144063762
-17.026144984207157
-15.725436171400506
1.2592641098626118
-16.892861261251348
-17.76684560111413
-7.2323612742305725
-8.008078989050922
-13.453954740083853
-11.844294381870505
-8.766961128750289
-15.435886008743608
-7.746885986094335
-20.70083477178707
-9.345316311013292
-16.119205873321494
-19.616857628884464
-18.35918727217899
-18.74026326301323
-20.926953970814004
-22.706478434820486
-21.09486756033506
-19.856139860598407
-11.499191740167305
-19.954055914454997
-15.486816229461594
-20.476313775689718
-18.68747398122196
-14.976192097816854
-17.996205410350438
-11.867490748792191
-15.775200818788806
-19.752121720435618
-17.645329103710257
-17.431628815709587
-18.47744222337875
-15.685831444408663
-22.425576011772307
4.887092782380485
-14.439794360761262
-16.529710683745634
-17.544431947357822
-15.545439351599587
-20.347934023527674
-11.034434183553445
-17.913195200433197
-19.81447231154371
-19.972484758456606
-21.61786750176736
-18.29187728869043
-18.32790741029588
-17.9528379774528
-17.20692222258271
-17.796706803765822
-22.63287650538724
-17.939757749571672
-22.210968633852694
-17.259511535765384
-19.324108349787096
-20.4087316362592
-9.179147566022511
-17.957636710000486
-18.24123332882943
-19.09834871325623
-19.491364864840293
-18.801778369669837
-20.799731632881606
-20.83978929094548
-19.87286790125431
-18.87243597750803
-16.35117570744971
-21.884652570631186
-17.527114988171576
-19.741014267428053
-14.891568954115877
-20.251100396575154
-15.755143318590562
-19.488636477838924
2.9269804669331707
-2.724995917668527
-4.955273961530301
-15.755754348298854
-17.03673224318378
-18.266080302364248
-13.425700807177297
-13.947715866398255
-18.812077341050585
-18.459344568468886
-13.229117558153295
-19.580383253343253
-17.70795698162655
-18.861731078275803
-14.81727175878166
-18.672440336403987
-14.08356917067807
-18.04949665285692
-16.296067114682234
-16.443559572666185
-14.479820324783995
-14.838776305177525
-18.862282919435685
-8.121255741734728
-15.453025648435043
-6.3849388901907815
-3.9385948791306236
-16.003635302422357
-20.957688731875695
-18.48707138506031
-13.475154621970947
-12.255962552479616
-14.028576962615418
-5.9903587176454876
-16.135610656279372
-15.506397818246029
-15.622252750588983
-14.298259880966341
-19.62794087328929
-5.846885623524557
-16.68966449955118
-16.731562004294794
-20.066324782243754
-15.947462116817576
-16.574196078268272
-19.38240828654443
-17.32746267763671
-16.775857852945784
-19.050712179566162
-17.93167888062727
-14.595123311213934
-16.463410106580344
-19.562559327698853
-8.748852667967064
-14.846983680111098
-11.586137153693981
-13.388040735568463
-18.793484777934076
-11.674672629758716
-15.67884112720408
-14.621940377447702
-17.793489024387423
-19.26297378693042
-11.58659397764869
