-2.5774093087470242
-2.5891025789739706
-2.504941753809613
-2.157513743868519
-2.291350709903752
-2.0501760700734564
-2.2200376421869574
-1.9948262122639608
-1.9308987041273267
-2.3791860704573824
-2.4505863559816983
-2.1867176666316337
-2.5015473533333803
-2.438402090051767
-2.6850324185916636
-2.7534251137315917
-2.209600152722024
-2.344456896249381
-2.2644929499706774
-2.4308421514616114
-2.374764789675478
-2.6437206301718583
-2.316061327581996
-2.643351406607304
-2.6922663624483505
-2.4909633859161784
-0.9132270917065543
-0.3178506637479118
-1.840721254575056
-2.489191347438121
-2.714256957271318
-1.4474486345762543
-2.4868529465251283
-1.9765301975275924
-2.03679953530831
-1.774320862454818
-2.3313090645118697
-2.1589873744866663
-2.1016843011704287
-2.564898034528622
-2.0701594970278916
-2.0177200820356704
-2.173577447278327
-1.9650437736592932
-1.8960004464867004
-2.5099292816315066
-2.249477254235766
-2.5137432540806075
-2.3547524038260486
-2.2760659852629823
-1.8464949149248882
-1.9834782011414447
-2.054355302079478
-2.2210015875193645
-1.9584170975099526
-2.2904252123042723
-2.1786338383791803
-2.1600483461075926
-2.1128856522655153
-2.1714429988234545
-1.8330988963793027
-2.3080873102798227
-2.0751078360300044
-1.8784507526260958
-1.8512774255419795
-2.088303420250071
-2.017596284907178
-2.317305601478449
-2.334934958280709
-2.4766749024044015
-2.6387058682610505
-2.5330024038373384
-2.464424737242318
-2.283080586951524
-2.299679910656266
-1.9595576309602187
-2.416300632448828
-2.1206136568632177
-2.5256987846078647
-1.9724020331511185
-2.3764911582586166
-2.4479376801148054
-2.3934943646849502
-2.263878005663872
-2.2164233326067126
-2.4731462982177272
-2.3664948219672546
-2.3776249253728228
-2.259269300557694
-2.463900052785446
-2.2637127246042277
-2.341231335301957
-2.3053640612939943
-0.9899812940163014
-2.04872338651186
-2.228877470947464
-1.6316193263607015
-2.9389825388465547
-2.362591467382069
-2.6424584739872827
-2.1625870736019137
-1.816171981996796
-2.527536318688223
-2.2506959820392325
-2.0612018280019404
-2.147781494296044
-2.508558492917164
-2.1716020006994032
-1.9014235866168274
-1.9658746508635287
-1.7767324347913118
-2.02297213131213
-2.26131227244408
-2.3400104138135394
-2.2390547339562796
-2.206118224179632
-1.787698137814946
-2.5770730171612612
-2.043535399720076
-2.0164493416713785
-1.5017261332831457
-1.4306444660808548
-2.2900747649012336
-2.379277349167107
-2.401995331004641
-2.518544274143031
-2.5221441448714934
-2.7803200774053383
-2.615424374338859
-2.516810650343527
-1.899951060078704
-2.1934889176748618
-1.9191186139266632
-2.41022633480274
-2.220501861599024
-2.2586256601741854
-1.9383117165409165
-2.1970260031660107
-1.8071260034089638
-2.325028513751803
-1.4604434687969226
-2.1785852643531523
-1.931611110909752
-1.9998239843819186
-2.4204812823039585
-2.326217750133668
-2.202827143165313
-2.2382576037898954
-2.1850982616829002
-2.3749416304677364
-2.4551118621975414
-2.290098322959563
-2.4213098725949496
-2.3979588044298836
-2.1066961455665068
-2.0241735252509376
-1.9674502636936173
-2.038939035171175
-2.505520257487221
-2.4446141095396223
-2.3332576204461297
-2.2023367078176546
-2.43943871106176
-2.4993679994189884
1.268302895293258
-1.5021556474204096
-2.3307595970046493
-2.2660549587463397
-2.4554917692841847
-2.198598132459516
-2.174367012963401
-2.114890512927232
-2.2215340583472587
-1.9623556425984132
-1.8876649602015123
-2.0507694105200684
-0.959278782769347
-2.981276172230889
-2.4840547123533607
-2.176080184623367
-1.4557739953401727
-2.637552589550861
-2.640863941287799
-2.67622990560608
-2.227030217476621
-1.578156498382688
-2.4747843680801833
-1.8296076388241065
-2.214858756651707
-2.1658148827539914
-2.8395359066134795
-2.002742542325363
-2.03847936557226
-2.209339548265823
-2.337793720158318
-2.2856312878254896
-1.5421211209160322
-3.0504495079653826
-2.5280414942225162
-1.9422185138463006
-2.2312984619822025
-1.793236871692469
-1.7153324932845209
-1.8802405465198073
-1.9629644598286498
-2.3834468007239886
-2.3631236255763555
-1.748661743978543
-1.6799382079552452
-2.0121635772582507
-2.0710406147324885
-2.625507540165168
-2.585005663223755
-2.289322425636749
-2.322145022830369
-2.743488928658615
-2.336557157895165
-2.4193677406333873
-1.8768339984452536
-2.4939917743409095
-2.3802600012267257
-2.5932772429506907
-2.448827652025835
-2.5162597935665065
-2.06032788958597
-2.4479162224526774
-2.274611102205106
-2.126893050627686
-2.5105888861618344
-2.693030489347037
-1.791427738269655
-2.144062010440691
-2.268598265507703
-2.3227082790328812
-1.971860887149805
-1.6519521601939726
-2.261707621923182
-1.6549500310643832
-1.760346165039824
-1.8123837526676307
-1.7056795516159757
-2.543582804044409
-2.08308857402893
-2.3529399069801844
-2.02766759414894
-2.2802287882941403
-2.3745685792213447
-2.1054119466484025
-2.0437101743864186
-2.2880131998431943
-2.5570561523891175
-2.151634414410196
-1.9525760585347256
-2.0838855577381405
-2.0371295244360916
-2.5158597685792796
-2.005453533395526
-2.0365204591413995
-2.1438840022717263
-2.232861263661164
-2.4028504722135176
-2.0502494361949752
-2.511197454469772
-2.2482791151997974
-2.231348174699254
-2.6653627556855755
-2.7604774349691845
-2.2452780615102035
-2.2600337672347184
-2.0319351616444288
-1.965187795409984
-2.4978774276305034
-2.4391736348141806
-2.1572146845757922
-2.1364503805225508
-2.1262552382776883
-1.943834891103203
-2.2087575118405254
-2.5775389750426023
-2.0210130978557213
-2.0527329895949413
-1.8329862112446766
-1.768188592360418
-2.2211745348295313
-2.069877109088957
-2.6694014780707835
-2.485681529429202
-1.8834456239720028
-2.645834081593469
-2.8144438231332916
-2.4631191335419222
-2.1422809552549467
-2.1990215501129247
-2.1463108884684448
-2.395241235913121
-1.9073742116692276
-2.0794215250945793
-2.3706729439880765
-2.2543031323304104
-2.5802219752614124
-2.278038981533679
-1.9275428686266725
-2.0579909760711104
-2.0619282965172157
-2.8446176639198155
-2.57317502158674
-2.59540385360283
-1.9742932709737062
-2.6150118910837787
-2.3420971849223116
-2.5784492789883022
-2.788658297781957
-2.8221231662709725
-2.8482392509534518
-2.516998917134349
-2.710391095395989
-2.24399220165618
-2.445914913340927
-2.4744026343695986
-2.5415210475544034
-2.488796227926551
-2.096406305157358
-2.317093867879663
-2.2206216726581474
-2.30877437993175
-1.9728648629987244
-1.9604114604867793
-2.220701875747977
-1.693729066852294
-1.902174021648065
-2.0247319327576476
-2.138415128721277
-2.1138810797331917
-2.5684093422683314
-2.2170119426536634
-2.3155486620348262
-2.093637659471703
-2.0596091762306443
-2.063189190040818
-2.616991203909211
-2.1295570282322167
-1.9962678232591275
-1.925562724675735
-2.1085743794029788
-2.1478700058623774
-2.014108438446129
-2.003768415692012
-2.3514533239111755
-2.281634850516424
-2.1356276168785877
-2.1209275510623726
-2.057809122670865
-2.0697582507274004
-2.308266716272064
-2.3496509343317347
-2.2989240901429886
-2.0544905921287273
-2.3642765729713235
-1.902328083773867
-1.9700799515527545
-2.2233499931451712
-2.2135941419630334
-2.0428390600769553
-2.2637934120239755
-2.3233719680630576
-2.436966418737743
-2.4487652216357305
-1.1420459232070015
-2.7226914143528065
-2.2635893529796
-2.0157333831147093
-2.1680703411206967
-1.7013654556841473
-2.212804855076862
-1.8603282832664934
-1.7178341775175359
-2.0835117036947124
-2.5967512403011934
-2.3049210320337057
-2.2440660630057274
-2.557949816393127
-2.533472766266184
-2.2789465597158074
-2.552168403578455
-1.8392660204287399
-2.221638275400065
-2.034085527624265
-2.209649449263047
-1.787870651203793
-2.5186833183369894
-2.419160350210105
-2.597428239484141
-2.847392024921369
-2.6522091002197294
-2.2023647001103956
-2.144837577305691
-2.211749941370951
-2.683720744090995
-2.3119895181732413
-2.433333342198397
-2.309157740765693
-2.0683113028495095
-2.3175939411329374
-2.123337749322172
-0.8578139276456601
-1.9620841797421547
-2.3745453687390983
-1.897017302484638
-1.8510459517396305
-2.065569744953642
-1.857358989596593
-2.0269479926232483
-1.8497798294310748
-2.3819204924287023
-2.110810482493711
-2.2306405124815787
-2.902525297395236
-2.5693031231853296
-2.1513000175907577
-2.1435044766236144
-2.460732127590952
-2.273164682054371
-2.24769510529575
-2.3923087589230585
-2.200868063472704
-2.3461376037452877
-2.236670909043401
-1.9786858806937608
-2.281916549867024
-2.1124018407206044
-2.481822490345845
-1.941949528626882
-2.194734998843588
-2.139251876462256
-2.130483877000369
-2.5685702135301685
-2.596511173195422
-2.019740666915165
-2.2371978474766787
-2.153829230355797
-2.2101321414385837
-2.9141683900771613
-1.6270248210468252
-2.312305397475242
-2.3181188558895336
-2.151645891544901
-2.3274726925545215
-2.432768876968115
-2.4524068977877853
-2.1609141370128473
-2.595518678860228
-1.6823942069971276
-2.0567742727193608
-2.1482831523365036
-2.321764146365556
-2.048116121932034
-2.566369253221464
-2.204924909952508
-2.1601495724843343
-2.3122849287694414
-2.4081465307625045
-2.5286610882491547
-1.742669428988944
-2.001523053561167
-1.7350955234201906
-2.2763246031882236
-1.9700380231225345
-1.121507235233975
-2.494579203536849
-2.1549217819588615
-1.7556177798885337
-2.6439195681787795
-2.1307254319255873
-2.0428749271346116
-2.085720927166621
-1.8856470325635262
-1.9217833567706657
-2.5600766112045292
-2.0679576042270305
-2.125574034515035
-2.4563546697035807
-2.572154166559611
-1.9007226075573398
-1.8280314315680033
-1.9265380908375782
-2.7266813899068256
-2.278424118990623
-2.461869593111931
-2.1534199097145885
-2.0245829573957392
-2.066259172104654
-2.308587910842423
-2.146441900792194
-2.39031061135569
-2.0987739820906044
-2.428020163111786
-2.241422661979991
-2.2225141881129007
-2.4290084269061367
-2.2325960227960886
-2.4169920261585367
-1.9343136411674753
-2.3230300506126023
-2.295662404028378
-2.313635568215089
-2.0248565874455244
-2.3770033973195708
-2.5338205252623687
-2.3158136780015854
-2.0481767849532173
-2.3990349573675545
-2.417923854118287
-2.2208386965557105
-2.542995703351667
-2.0535414285092983
-2.1651238573790885
-2.2625469413003185
-2.502520847082921
-2.3146108445770346
-2.269508833725783
-2.3476037823391698
-2.3991841422286564
-2.345450500149136
-2.195543433617943
-2.3145493621232864
-2.69551220090306
-2.278114410833602
-2.733081436006788
-2.4749703264239176
-2.4788515117173247
-2.062968563973609
-2.2228954985741227
-2.817851503688911
-2.4791184607362737
0.00970008506071037
-2.459993645199484
-2.403773719657905
-2.2678488230275144
-2.1243299358561907
-2.1450803454656087
-2.9513733101577273
-2.766050852662578
-2.401379017684553
-2.101885615139563
-1.793081287322541
-2.444985880652203
0.5281669911530109
-2.155553521794735
-1.3038830044659393
-1.3158855782803711
-2.4134140110643587
-2.627886682851618
-2.2589114301880784
-2.243136715825944
-2.1701663904123634
-2.0388749962734836
-2.257345835822976
-2.2467380687992544
-2.054593816399885
-2.3325737261316415
-1.8381188835879634
-1.9015289360635748
-2.232629201414348
0.31874035020387775
-1.3503720371158325
-0.3094688959904101
0.870404553451406
-2.237712651259065
-2.724388151237729
-2.6734174355512677
-2.4755532312420834
-1.970643847751628
-2.331964393856478
-1.927572264531151
-2.3274285317758463
-2.1793934929128307
-2.3233770841049215
-2.6421519010648593
-2.4787444881424605
-2.186011739949952
-2.7574511242653816
-2.313101424015177
-2.6567892704602234
-2.803784793049281
-2.41076874416766
-2.4794161468205744
-2.403553002874013
-2.747716455564981
-2.3608687507178825
-1.95632157435818
-1.6762969680470736
-2.5849922428318135
-2.2741951787599533
-2.341978686296969
-2.6200369832807655
-2.7885314967185884
-2.360287773772711
-1.877616520452598
-2.091023957373508
-2.2667670217817117
-2.126124215889106
-1.0992842437197132
-2.3094759606287725
-2.1000246206497124
-2.2418579276586152
-2.258889493825964
-2.291811113000381
-2.4207575642520016
-2.136286423498024
0.35431868090649027
-2.0490900127993585
-0.9414788439343936
-0.997638650590199
-0.5982506436380204
-0.22279317927607642
-2.4861254675128395
-2.496190865712916
-1.8499012061402083
-2.4839912040420318
-2.5470784237526005
-2.3146020827943268
-2.7547388633374608
-2.203692246598963
-1.9450675349007789
-2.4843988137519677
-2.065710898883419
-2.2731270956614646
-1.8240444268148892
-2.4404245448104174
0.5729278116684234
-1.9294948580937101
-1.8690724743908471
-2.383257789849699
-2.1465454115927334
-2.348273319966052
-2.071300163037648
-2.0266001005697123
-2.23577439997153
-2.364717622407112
-2.6077866769093294
-2.402651596238662
-2.1516492313945146
-2.2904844868385656
-2.1286352847029297
-2.161069036626867
-2.4829066125231547
-2.5810501720013606
-2.3426717157332035
-2.1496492635558333
-2.1931041709631303
-2.114401079458967
-2.285430841141516
-2.3663805395183553
-2.606117772842275
-2.1678651672377462
-2.160729161747044
-1.934921181159711
-2.2650288141117647
-2.25702800809674
-2.3641616415746314
-2.2541120125061083
-2.335451453366578
-2.3777453738311474
-2.637560095325869
-2.653947534879594
-1.8719120894545298
-2.286113934429492
-2.2020333813139352
-2.3052922176685224
-2.237598759474181
-2.287137123591605
-2.3132041854241576
-2.5872713537106664
-2.445544910270066
-2.712316107973795
-2.142004016675498
-2.1237895526201145
-2.0995478154184726
-2.196510914142772
-2.168697264517687
-2.0630267525333337
-1.9713394473088584
-2.24211988687332
-1.9717890345067646
-1.8641432555819473
-1.8815523904506726
-2.324298609655896
-1.8371964790237485
-1.7212029863814569
-2.3799150932356232
-2.54693284248669
-2.271278987273631
-2.3813329608863536
-2.2444851988767165
-2.182073406567181
-2.083528065558173
-2.5625091192179767
-1.8215077414950365
-2.468244951190688
-2.021730157953838
-2.3056272011561942
-1.9891488487852749
-1.9843010839219593
-2.54090610992154
-2.5566954060753178
-2.2237491860319465
-2.0721277247599637
-1.62845983610636
-2.2000279084620162
-2.132319644981796
-2.331682924913621
-2.517299579590781
-2.6644087048263674
-2.1372074640002015
-2.683635543866995
-2.687923399256828
-2.3523958022819644
-2.965316530043676
-2.437204825476003
-2.533649933725615
-2.3471518325715843
-2.4793582791082622
-2.812952654947966
-2.5080685227577018
-3.05420324575372
-2.4280239427215773
-2.2684956076936444
-2.072366383659341
-2.2324530307593817
-2.052735286223185
-2.1136628125554893
-2.234896815578483
-2.147004761567753
-2.066143259820801
-2.188467269663503
-2.2092858049764397
-2.5482867651543564
-1.7898073430878998
-1.90476645059918
-1.9325211432722431
-1.9042297129970054
-2.0411420886979452
-1.9801539903300192
-1.7725797952457845
-1.9236632541924232
-2.3300894303123054
-2.3190226763904467
-2.8250546934227874
-2.25346494143367
-2.0294371082892155
-2.0076442973119706
-2.771703032966855
-2.366850761171151
-2.741824898858588
-2.431856795068252
-2.4156746632047317
-2.337056104045223
-2.755793167842107
-2.557908362615849
-2.5595252777473294
-2.3355912045796985
-1.7991466690212379
-2.6033731775212847
-2.7630447066155566
-2.3847724519276765
-2.2604907745147735
-1.897749789947031
-2.224427111187925
-1.6374227915426691
-2.0330658508464268
-0.22783015658162892
-2.1151302206829286
-2.003568836047321
-1.8486220882819964
-1.9911419039662637
-2.4028667353532716
-1.9373589594409084
-2.1010001254509834
-1.044565568797808
-2.18651848396207
-2.5676948157327337
-2.331410127695994
-2.092074382861432
-2.1514930954326905
-2.4460542845769875
-1.8593969026865742
-2.3250881609066782
-2.5674004754176996
-2.0481172616790273
-2.060725928660153
-1.8155937947324008
-2.1888022781885548
-1.9932812230004013
-2.165523136344989
-2.264786012893008
-2.429723369626962
-2.6669937310583975
-2.518103653782848
-1.5847302248861703
-2.541478099155701
-2.2799261428315667
-2.4974534798979127
-1.9504333721842018
-2.7525755232005555
-2.2619598012160105
-2.6784871596060467
-2.567047903087043
-2.569818648405567
-2.539478551377586
-2.664562638009939
-1.8046201442761494
-2.3075246222726595
-2.0643447285352603
-2.0180118997790344
-2.5950695211980723
-2.3560740919856054
-2.160641003413358
-2.604238789481527
-2.016245521335853
-2.4268812815026366
-2.1951493877556154
-2.6919348974469703
-2.1824697081962205
-1.922450482431848
-2.4613460180110978
-2.215938912595125
-2.31717249375562
-2.3632083948425375
-2.4890842353676637
-2.523614310297584
-2.2948344185421137
-2.2731753816217983
-2.173400251366119
-2.1321890079242984
-2.5143055139087562
-2.6091606285126043
-2.552600890276704
-2.436197504286313
-2.8498903077031494
-2.359751489361906
-2.065942629212902
-2.138010441563632
-2.2868293646052202
-2.5199240807680683
-2.2944504982386063
-2.238026044282966
-1.5481050830497338
-2.211329721522634
-2.0627873848423715
-1.765427146123857
-2.3898392941189974
-2.3712946752124977
-2.3653563702893767
-2.1764525767866045
-1.539810453757697
-2.2207954443813693
-2.1159090538997756
-1.8338097651578995
-0.9951786177527886
-2.2774335133475914
-1.5999735075115562
-2.246904149916252
-2.576235597633386
-0.9240140736236329
-2.551433281268194
-1.6480265661901605
-2.2876827786936063
-1.3468750984899363
-2.2778284512852434
-2.081304359130712
-2.2976088757118727
-2.2693232866399025
-2.342437426683992
-1.9092454735258417
-2.321884790490616
-2.1418677368843806
-1.6820301931853885
-2.107051600720066
-2.6619760930555842
-2.4962586209111386
-2.7199610120066664
-2.4627022778399703
-2.607298776649835
-2.023016955558733
-2.4358738819351324
-2.245908610345033
-2.01294160366676
-2.3450031277954286
-2.0816027606479626
-2.0723946375074473
-2.244408407895963
-2.732598721973321
-2.7052851502296784
-1.7690076149232983
-2.2378550451427617
-2.5376186895645456
-2.2493363132985102
-2.2193452931474744
-2.503112775073436
-1.943474893288347
-2.562651492758461
-2.04660084826122
-2.0251612132139147
-1.912682254171989
-2.083599017633301
-2.0187552499026538
-2.3710828332374416
-2.376517813410903
-1.9723253984009574
-2.1386443161821282
-2.1441542233996285
-2.0354474134099556
-2.166607900346911
-1.9316345698841995
-2.0051256876533348
-1.986593679092326
-2.0197607038688323
-2.1489595697808563
-2.066548232448815
-2.153377583636491
-2.2327750861018987
-2.178272616576458
-2.2932188033675542
-2.6090530918548107
-2.8276335977406157
-2.7592735006285327
-2.569310355247272
-2.341047249785427
-2.182828666693734
-2.2963644102814618
-2.370697490032768
-2.2310935767499642
-2.2096044372531147
-2.2784036349011476
-2.1444856484507224
-2.0664429710450913
-2.520266082998981
-2.5322854288581307
-2.1105704539754675
-2.478960149796681
-2.657265364123066
-2.0666710483642725
-2.2799381074202203
-2.273572458931006
-2.479317720080989
-2.4986630182186187
-2.24508481276392
-2.4226024788425917
-2.090733583537532
-1.8071734827424164
-2.0805803860628007
-2.153134378818062
-2.27370221792362
-2.770663929668083
-2.077700281603894
-2.188414431771151
-2.6867704313703733
-2.1730449361135813
-1.9797209128620663
-2.2802917075183995
-2.1251570633046417
-2.032814490164427
-2.2704502541617795
-2.3210886301948706
-1.890438866205842
-2.6154398392273217
-2.520248758743433
-2.4395135134585813
-2.029316360843819
-2.1436986431584506
-2.3147234229262565
-2.013127652392087
-2.368407113364557
-1.8953970038401078
-1.9020792396702755
-2.2362123829099794
-2.934845232239542
-1.9175059779251669
-1.9470398022076594
-2.337240085871728
-2.8643084481838526
-2.2461510619096092
-2.112278002178432
-2.1246022569872394
-1.9568282693556616
-2.284961335662348
-2.0987802094176673
-2.340011099871791
-2.9659275102915115
-2.9372253391986045
-2.4130351060221944
-2.133302877344275
-2.688879924228621
-2.5788515273047863
-2.740021970018784
-2.4281283758060104
-2.199015282100747
-2.3465938157755577
-2.536669784042122
-2.540659723629978
-2.024260262024715
-2.5887252354288464
-2.546771363637619
-2.401924927811279
-2.1686728502383787
-2.295370634204607
-2.3435285671859867
-2.022917322329905
-2.3294312039778613
-2.4560406520925824
-2.688259559920181
-2.031912280938892
-2.4459684035555815
-2.4327783443780335
-2.387071017531284
-2.14404636280617
-2.558828414624076
-2.089369997798148
-2.3080079743049646
-2.467029274717559
-2.1763381346562722
-2.2583751705760777
-2.6519064889883746
-2.1006367708392966
-2.162399586376767
-2.0231449911297847
-2.3184662890599066
-2.5394916475537905
-2.145619122283607
-2.822272076679743
-2.341812917865991
-2.35388878715933
-2.312762192918837
-2.2360439869513633
-2.2621430859184484
-2.113438642395494
-2.308900894306433
-2.151690808364014
-2.6473758385480792
-2.055106193260219
-1.9468372038954593
-2.7518936549359454
-2.000480112342243
-2.216209486694796
-2.342477126613859
-2.165901716937512
-2.295268570090117
-2.507154170405675
-2.1927334797704945
-2.142023433831475
-2.0721978571049005
-1.9285300805807546
-2.347932274324321
-1.7265105448056512
-2.097486659830009
-2.2408650385140336
-1.8190262331299198
-1.9948812936310492
-1.926238525575827
-2.4910375360585677
-2.1068725017195726
-2.7437354574296613
-1.985217634952759
-1.9816091671543488
-2.505533234217307
-2.3241078906976687
-2.39295701187559
-2.225369088103693
-2.337471115332285
-2.575785647575211
-2.4421918945529635
-2.320864025016509
-2.60223365170682
-1.7386228619922564
-2.0695738765440916
-2.26973551713491
-2.2066485875404416
-2.052651542092928
-1.772554959872958
-2.3626229007960546
-2.4805323107720545
-2.154905482251032
-2.491550602545757
-2.01644327782271
-2.1660919568619335
-2.2009182007614063
-2.4039113624667596
-1.864298236254144
-2.1540589587821275
-2.187325063025389
-1.9563670141406393
-2.0903965194555236
-2.6102965921340737
-2.1309286241729257
-2.8955886355354523
-2.6181040206387003
-2.5098047716780765
-2.7137932474979536
-3.2593904349290335
-1.6940192523600894
0.30171604430408916
-2.3977614488077013
-2.485545429909036
-2.2953659781023283
-2.288093107629065
-2.249868584098047
-2.5153350294333205
-2.882113450193967
-2.2182885327378994
-2.2235671633832066
-2.1132387499282785
-2.5743845314143616
-2.221009247442603
-2.1372403517046275
-1.8382882070954822
-1.8869521717065643
-2.038269359110239
-2.0030155882652196
-2.296199865183601
-2.2450311253808035
-2.516670022366647
-2.3383993942677725
-2.280334979208318
-2.7434128397563793
-2.167038386800364
-2.1774339603539956
-2.121772361747002
-1.8419464191977757
-2.0183824467881637
-2.1400288006405255
-2.560098074540932
-2.410089897020267
-2.4554784161687717
-2.016788204279171
-2.189726875229685
-2.6620201923322364
-2.5528609545043857
-1.8227309415251631
-1.1640837448703254
-2.3243016154600267
-1.4178476764871604
-2.525429391201362
-2.3128993834644187
-1.9502248855434836
-1.8062479951329147
-2.2950851211511965
-2.3431907625828643
-2.581840378734938
-1.9499400605233022
-2.7606196091679274
-2.6930554933704287
-2.165109544286847
-2.011155891866876
-2.533452840596614
-2.574433427555003
-2.343008732351218
-2.1562841296052753
-1.8849967288941303
-2.202842106103971
-2.99392050059596
-1.7950408470329124
-2.103909827585922
-2.3756201168912807
-2.4516814488811347
-1.8668655751706058
-1.8764270864014643
-2.0811294307348427
-2.7072036684329066
-1.9255372514360554
-2.163089465207837
-1.8208779813689187
-1.8767288292820523
-2.037263996980324
-2.2613859752574426
-2.177194868576354
-2.7190003844649
-2.235126850801551
-1.9228804933574881
-2.120937769346343
-2.0440084530206626
-2.3917790264316348
-2.3642446055823307
-2.207325461597528
-2.3044393511560792
-2.123738256930842
-2.134492104998464
-2.147256260871747
-2.091477636726725
-2.142290477990523
-2.500857734040452
-2.2671133821352427
-2.3849248032006
-1.99999604552291
-2.1489162715799703
-2.2355358885933074
-2.1495215309761235
-2.8269210224676242
-2.28086159067382
-2.2066422185928736
-1.9698183425817166
-2.3962823610707273
-2.220603578144221
-2.354342271323425
-1.7637510461943116
-2.4636343965137417
-2.216380307066819
-2.082719050619131
-2.5108188211756883
-2.2736303667926467
-1.7191392994454937
-2.0055973687783712
-1.6505519295453372
-2.9069116814959943
-2.873696806279031
-1.9329043307806297
-2.4401429400527257
1.6381480664426096
-2.1994077971681167
-0.37897041511943114
-2.319796686329579
-3.1062423188659696
-2.4107713741931565
-2.1272839569360587
-2.4354552016480966
-2.0474751793930133
-2.4752074812666587
-2.5412307800463165
-2.305705843142467
-2.3091406863491377
-1.88490781192215
-1.0261447465557978
-1.6343048844282106
-2.029019665108806
-2.3092165794520567
-2.0895513431303216
-2.406152606951005
-2.4488939973169632
-2.601823523606743
-2.4413841249870343
-2.4949011405333583
-2.2497626796643684
-2.6476714899709757
-2.5528004704150566
-2.2641527441456875
-2.369260741148172
-2.137030318551625
-2.703544002347217
-1.9406840562510663
-2.241667781080996
-2.4215391491758322
-2.3319499327087754
-1.9481755367717437
-2.5927651460895107
-2.363817986400215
-2.5422773270946495
-2.7496515287296686
-2.4650415266913845
-2.2244512561491687
-2.7027089063863774
-2.439357653458738
-2.664440115794353
-2.486020334075116
-2.7892268092016104
-2.1454177188925003
0.4589976529880767
-1.9420424004041672
-1.972766546838531
-2.7529481618550298
-2.4428934763006023
-2.2414998478031434
-1.8074420884234323
-2.0973871342023336
-2.064672289211647
-2.103363605006783
-2.70335352191846
-2.5281600805905975
-2.5875393042681956
-2.766163428766793
-1.9561444933000514
-2.4937912065335426
-2.0726756502893724
-2.5146889095628397
-2.0651075063509077
-2.3110959564758318
-2.029278501546426
-2.1563526586084247
-2.454885351397079
-2.2254101736549172
-2.5665519873170277
-2.972316145927945
-2.8905055428989965
-1.4661960505455272
-0.27003932010149767
-2.148704519036363
-2.299747695814663
-1.1874802861094056
-2.830700545891857
-2.368174552778207
-2.3011948974127048
-2.233520319757044
-2.14711977024344
-2.005380787144046
-1.9555628780934686
0.15303738422872845
-2.4864202419810986
-2.015548515230716
-2.342756169843021
-2.2840123549714746
-2.184783225105356
-2.1990478985198205
-2.4768437247503683
-1.3521061537702397
-2.1907932956913916
-2.321632059284435
-2.618722784062996
-2.4367978988428134
-0.8394029384163536
-2.2007873637088813
1.4757813696806112
-1.7190528620836492
-1.605696084987236
1.1702508828365332
-2.3354712756035156
-2.084273126308323
-2.4651231727901957
-2.1429891418691684
-2.3113830109836564
-2.426602008659797
-2.0921911279341114
-2.6056327916543593
-2.8183715247311962
-2.0882300926247557
-2.222730530888704
-2.4431796212506423
-2.644574862860258
-2.0329518259884507
-2.1799534554204922
-2.742257907106729
-1.9689633379985647
-2.1155272401205947
-2.3242435120827865
-2.5263253098502867
0.9822367509958583
-2.3552109554565357
-1.8005346473609047
-2.1843367950172667
-1.6859791878901784
-2.1743478860244996
-2.276151290138311
-2.014767652596707
-1.6682771034277453
-1.3400116355281202
0.03296287206422061
-0.9872206328108208
-1.782069795956945
-2.2632027661630287
-2.6301296720217486
-2.5523113040639456
-2.0473286907468835
-2.106811887387759
-2.391651244239373
-2.7794608578341635
-2.488360001347386
-2.1003077020549137
-1.2586112939677303
-1.2197399894242744
-2.456569868486552
-2.622698590426124
-2.2057120565236468
-2.0499975709727183
-1.8482246138550555
-2.083743859937147
-2.420256796724276
-2.2415473325963737
-2.06978650182144
-2.416380291296182
-2.2629427038475156
-1.8557184998893885
-2.555676008856276
-1.8751774795294245
-2.21810999981468
-2.544054344877716
-2.418095681050753
-2.2794855886689502
-2.5589332547697325
-2.358513901308668
-2.4878088827269673
0.22122014778839028
-2.630236017361868
-2.790295695632445
-2.4072924043544166
-2.350393753456162
-2.9586889955701996
-2.8608387019198553
-1.8669706614640782
-2.470492879266098
-2.2794988164156
-2.270369278819642
-2.306009720644656
-2.3595415540064764
-2.778045041856125
-2.54934721058885
-2.655599763840128
-2.3445306245548436
-2.9010208781225812
-2.61516484834986
-2.4927960094386585
-2.5050839864420764
-2.379423982050167
-1.9954979563510211
-2.6476989460776674
-2.7252429702950165
-2.641485586421812
-2.652218034203865
-2.3642431282891754
-2.129737529479108
-2.569605228918098
-2.41142623885877
-2.4283699692833247
-2.169153397298779
-2.2632479508141485
-2.3451115278812233
-2.5971874122363423
-1.5971181086624755
-2.43276205949617
-2.2527585092993543
-2.3547041918808915
-2.5644725522306513
-2.1159851193698453
-2.504000461012538
-2.3491967087305126
-2.296036282572899
-1.5873068749654493
-2.2999429030301273
-2.6257826726267584
-2.688162350594167
-2.241288405129789
-2.642015937416613
-2.651694686847442
-2.3958812553043614
-2.232548984645732
-1.992594335666425
-2.368546083850231
-2.028580900541385
-1.2673114681326059
-2.353197315572858
-1.342205095203054
-0.7316037604703597
-1.6915030214240454
-1.8911247824433781
-2.2950182148502365
-2.343730014224453
-2.574777467738213
-2.214771865621742
-2.1125241054380846
-2.489642579380039
-2.4440880207779894
-2.6540408483779103
-2.2593544049607126
-2.2441937613352847
-2.456368719910414
-2.392366170802311
-2.3700672105433114
-2.387309982689383
-2.2950675367579834
-2.6171653627748763
-2.682750270985715
-1.6000127497199237
-2.2884458817556004
-2.170993060478105
-2.3166761344652946
-2.106481364683463
-2.7015109934076618
-2.2080943536088293
-2.662338848812712
-2.404723502301862
-2.339396188218926
-1.8954142787379953
-1.97314849821944
-2.3615687090888438
-2.5052426631166114
-2.2309439377989753
-2.082626554597706
-2.656009349334171
-2.185332358662646
-2.2507737445382183
-1.9225690307974121
-2.5092532420857423
-2.3427514483420078
-2.515806070624458
-2.0589752458737864
-2.6107987272261015
-1.51572852368548
-2.3523853002127835
-1.900428441234744
-2.4135876906490155
-1.7325314087836814
-0.9486225499531474
-2.2815286146138614
-2.5563294510365653
-2.264586181931786
-2.0437477679168086
-2.4934937870340024
-2.5523926333285885
-2.724895399153633
-2.8064114123620305
-2.983615837114974
-2.7029851923283807
-2.491922702493458
-2.1819905692461634
-1.9336322435426019
-2.3679685056469904
-1.7042618787523804
-2.4028317810300077
-2.3621922389916676
-2.464525183583588
-2.1167782858999122
-1.740072938651764
-2.005944741643589
-2.123681682661439
-1.8899645693652736
-0.5100808130810282
-2.7762090810756344
-2.1226871338237054
-2.3973617119344293
-1.877759531612036
-1.551049894466195
-1.6713002162105057
-1.6504507457963344
-2.3432269216919086
-2.581547850453625
-2.1335835218993946
-2.3765505619975955
-2.276266486722933
-1.8572089467771915
-2.318672414632519
-2.2805654839138443
-2.1420709974846566
-2.140357547413357
-2.334341031899867
-1.9717681394930948
-2.321754301579143
-2.6888600309122124
-2.422972252020279
-2.3380441936097887
-2.5198131130632526
-2.2243126895976366
-1.7783108692137684
-1.825805364643608
-2.3167818662929482
-2.2953356347125893
-2.2224343856167774
-2.432754285840292
-1.9586422883840957
-2.080150129099851
-2.104033433554791
-2.0595890977632902
-2.1399538740520643
-2.236885554730862
-2.564388763507451
-2.143646383198232
-1.7713330377903056
-2.08585589691934
-2.1855870602559855
-2.3041583680051176
-2.2270993473493816
-2.297620504689429
-1.8867352675381774
-2.3620115131192665
-2.3128930635179232
-2.1557620675738804
-2.3389467255749707
-1.813536814514964
-1.7746922491221022
-1.9084760490653854
-2.2620484541143324
-2.1186108178755556
-2.6989846769842494
-2.5625343931860702
-2.30050032149415
-2.3724945571934843
-1.9843262801952797
-2.2246530479218096
-2.385593917512777
-2.163594615076144
-2.2518681644526843
-2.272029681732329
-2.045502766969241
-2.334037912083355
-2.045853888110423
-2.1134642464765463
-2.812137575376271
-2.6114755503500953
-2.134623927471909
-1.7824473079496115
-1.8969199523038978
-2.3792439708945246
-2.0658524915193817
-2.7912160346970625
-2.3287899781725403
-2.0584482979112315
-2.7026230664033988
-1.961630649160549
-2.182988805167436
-2.3172280637957305
-1.8107111760473382
-2.018831200500958
-2.2915625130148576
-2.5865660877851235
-2.063752239185463
-2.5112256100539705
-2.2226641366360047
-2.100045748780386
-2.484541931277796
-2.469855274681548
-2.373446834601813
-2.119889492245238
-2.06902982723004
-2.1220921422355956
-2.098090579232314
-2.202125231628895
-2.2245729252102393
-1.9936272213228758
-2.5496090365787674
-2.8979494223173385
-2.1566025081904896
-2.151308617496182
-2.057852116539112
-2.0674801604822264
-2.476180408969036
-2.080232126165298
-2.529309461390143
-2.3811213687369888
-2.0811441223986087
-2.2213884147113356
-1.4849295213729963
-2.0483473532527037
-2.4022335261138914
-2.4114865730992303
-2.0112209184982937
-2.385134165322318
-1.4129074154586998
-1.7517370660546143
-1.9724158144364377
-2.1379994979624866
-1.9654043360138715
-2.080680500504596
-2.540438583045395
-2.6004571020796012
-2.1841655695816726
-2.205110922113046
-2.082535480096229
-2.2311082190646987
-2.106963031202278
-2.6665669663264175
-2.3047012818333026
-2.2832158881981113
-2.4729490838641586
-1.9191269917211613
-2.3152542929980804
-2.1018271047092525
-2.3582059796142447
-2.6845996642078234
-2.494222106621623
-2.4209494780400607
-2.565580798130339
-2.332016707194011
-2.8283234883620385
-2.3466283318203223
-2.441475726229959
-2.5821142977058993
-2.6653609822753284
-3.2270368098551363
-2.681989815979462
-2.9617692592601466
-2.576607482416655
-2.8667376939992
-2.9569525676579795
-2.7035014828940485
-2.9866246332551265
-2.7451069882464822
-2.6464765265236925
-2.7664776954972288
-2.3974268208656397
-2.420411591476085
-0.09308890558458634
-2.318440970054821
-2.1819843856542622
-2.4778479340731514
-2.0021068473708783
-2.292405762635966
-0.9602515076527611
-1.4731674489259727
-2.156719651128762
-2.6527205705045307
-2.5436929374522865
-2.427701414773646
-2.1961663486294123
-2.564365731427411
-2.132863213953434
-2.509992826902882
-2.489472263016131
-1.8141392724864116
-2.2141394271338943
-2.091979435529747
-2.8540415292165475
-2.8092966304312563
-2.231199088663558
-2.065656452066526
-2.181949926009159
-2.289318111061187
-2.6745324840314324
-2.277952591499315
-2.6454072619562674
-2.2474238928449903
-2.183408836041592
-1.146568888983716
-1.758996219331825
-2.282820505936432
-2.5935807424318376
-2.3697799698480937
-2.2234468796170628
-2.17083003056698
-2.268611747205389
-2.0158536463807235
-2.3917184244402407
-1.8492491681432042
-2.2477318611317143
-2.6748581578092985
-2.220408311092099
-2.2443989916241445
-1.9414208697931499
-2.184895227065311
-2.115605399650547
-2.324780309952253
-2.2213150632053162
-2.044175659094965
-1.9084924188208916
-2.4254188161226162
-2.530864291383473
-2.1876058402406255
-2.374990242909042
-2.196994163657207
-2.545761838141805
-2.544349221410663
-2.1011303317873145
-2.388839984862965
-2.1909072737625155
-1.8551443543914674
-2.347215647058548
-2.669769769045334
-2.283191494077493
-1.9082350042340686
-2.3280143054344626
-2.6478215130187466
-2.202360165838293
-2.34661711751033
-2.0971699882616885
-2.140161511669647
-2.2786179058195266
-2.6009933427225773
-2.3595340553987296
-2.045561106755713
-2.362261782861562
-2.8105888335589286
-2.018013796934291
-2.435490429274743
-2.3297325694952007
-2.3431034867401914
-2.8113321388722996
-2.2429787362251554
-2.2271111201820437
-2.3612014834953823
-2.4058495969807328
-2.446754042542363
-2.4519613984849773
-2.100960350605298
-2.218824425149105
-2.1985213138918187
-1.8543446493998341
-1.7845158728691048
-2.128350877092143
-2.1541581103574208
-2.0366139602413678
-2.2719430881081233
-2.4290430847069615
-2.396675376588291
-1.9608442372382646
-2.2355271000132224
-2.14674314355617
-2.0991853292039493
-2.4062976666485607
-2.093454124949216
-2.261118553094837
-2.0897455546577755
-2.1149790465469036
-2.542331289397337
-2.2456540630751434
-2.137709145269273
-2.633853664059116
-2.1953026303668244
-2.0277500977821292
-2.2852456114495374
-2.402125316823705
-2.247156133319124
-2.3380180061396683
-2.5564234098289296
-1.0082853805801493
-2.0733914365229027
-2.852528679345928
-2.531441451956375
-2.4314803890171808
-2.1168824428028405
-2.2426383680103608
-2.473049361771778
-1.9783294967415712
-2.2394014320093727
-2.4009725099119485
-2.081952344473977
-2.272495744726
-2.4074917774166296
-2.3711843995050987
-2.0058268465022606
-2.548475715841499
-1.7976430592098247
-2.5422374930504095
-2.1251935758266836
-1.9000332068107015
-2.134006837349521
-2.4129732990180863
-2.4410330980431394
-1.8686177030017839
-1.9934042650882289
-2.2792086354006016
-2.37396811330939
-2.4439894649415645
-2.263202053699852
-2.06369742798449
-2.101345592564588
-2.1896831540369495
-1.9679632784233676
-1.9712585308747492
-2.0883753095245634
-2.014337896758016
-2.298233582909985
-2.546246635282571
-2.345466210693215
-2.2091763169194576
-2.258891756502121
-2.607175332828239
-2.315549720415478
-2.176328980745399
-2.593277774366318
-2.4500285027503925
-2.491542425772301
-2.535981047394018
-2.7512545884173845
-2.5601238326687894
-2.792287618599283
-2.2084650066805294
-2.4178228544505047
-1.9316822980664505
-2.6101569587863684
-2.0041781573071953
-2.597719660765424
-2.160791035292743
-2.356103613682609
-2.9955091861920717
-2.857537892746962
-1.9187757580905451
-2.30016706051384
-2.223764376033058
-2.2165678568974343
-2.2293275854355734
-2.077520278876692
0.18301086376131503
-2.1911352986885837
-2.4093933833964436
-2.107253046870416
-2.593394475046553
-2.2589419887053626
-2.318220804351565
-1.7779130720249428
-1.942718624782143
-2.235719870369633
-2.384862416452852
-1.9744927823809242
-2.48277884957059
-1.9852637206949257
-1.7384159792035685
-2.4205077377637516
-1.8485177482192046
-2.0995090605540243
-2.3769021667688572
-2.1858992515945785
-2.1293552660935333
-1.885841867276304
-2.408701046666078
-2.31795523121916
-2.0112284019254414
-2.4128884849119365
-2.3364942181621697
-1.7059831556658835
-1.9841363968242596
-1.8929757002468586
-2.078701746938291
-2.081774693593938
-1.9935470501611745
-2.043087435556543
-2.0994088421392703
-2.3702871372395853
-1.9793571405935584
-1.6867201528858276
-2.4731722429315686
-0.8918604083785072
-1.9441167855122288
-2.236775221283571
-2.3822547847804434
-1.923443514409807
-2.207540521028498
-2.2118587875616442
-2.8159991785657796
-2.5697648047032717
-2.676501854234637
-2.3639241330770684
-0.5447001912165808
-2.6682570049899157
-2.4762888726530115
-2.1949549679453537
-2.2565478966332577
-1.9333520149322192
-2.0008092548873275
-2.3939846044774042
-1.9854302681219729
-2.384231435368984
-1.9928648040111867
-1.8418180130051436
-2.3222500594597197
-2.1009670318137013
-2.190555460871248
-2.133908598082193
-2.3576252176615524
-2.66907880063556
-2.1363717785660277
-2.2873771281556454
-2.3991655084789203
-2.3730062151288185
-2.5434189249088317
-2.261496241010009
-1.8128845028675986
-2.083032913320181
-2.185367402926621
-1.8077801288092301
-1.9579505902977872
-2.0178454010762423
-2.222960705481564
-2.7168012696221115
-1.94120874398991
-2.367114595347297
-2.04357622615442
-2.253430261257641
-2.365278755679471
-2.438489051909435
-2.493221075970219
-1.8409906209909541
-1.9198295970280632
-2.407859097202647
-2.083739120642427
-1.6904458164808134
-2.2816543425526854
-2.1683722842806605
-1.8683955880041916
-2.082462359896657
-2.2720109959496226
-2.1214934051554226
-1.715875880496841
-1.9337810012264853
-2.948232072743323
-2.2167649630191484
-2.1862622551710205
-2.2080688303858325
-2.280210096171563
-1.6113901785975269
-2.726693542144066
-2.4854466817286904
-2.1573573755660376
-2.00255956917964
-2.2046111820185823
-2.271684911458592
-2.5040517014103347
-1.8928138016068292
-2.3587791401682434
-1.8808852911741214
-2.325208239269186
-2.804881753074529
-1.793191558951056
-2.301676332666227
-2.0363764666516073
-2.23390850907509
-2.1998611781127235
-2.3053869484020004
-2.382098223842305
-2.280995512395421
-1.9969275463582608
-1.842292744459832
-2.404136537744523
-2.4503413828122733
-2.242180196042161
-2.3087964568615282
-2.2787231121738047
-2.1310503024018193
-2.311871500117291
-2.153838201316059
-2.2585691231210494
-2.678274290350102
-2.919162476912624
-2.288966418412223
-2.342480776953785
-0.35623206863607937
-2.3206900314065906
-3.118144932321418
-2.210535654268901
-2.7218578888895446
-1.9299775656053286
-2.285218835600873
-1.9339960964203589
-2.226041802294749
-2.4073653726071034
-2.1593385715689544
-2.421159661965248
-2.352594980353691
-2.427632883625506
-2.0615141144559455
-2.195263842931454
-2.392304031598085
-2.4690317748776653
-2.590200110803497
-2.7289694705477943
-2.1367850560954076
-2.311715556168423
-2.4915874276329593
-2.1364815753632387
-2.4205117833357392
-2.3567041347292594
-2.499585163319283
-2.4082507659544197
-1.7879371143144187
-2.532536719681438
-1.8228349644320447
-2.10041935892856
-2.251171810273861
-2.1436617635490283
-2.4285179780614756
-2.4853230501470085
-2.0457998874156638
-2.2514969764878447
-2.5342879408417827
-2.108903195712906
-2.37402936503016
-2.3109726007007434
-2.204704349767
-2.5140870130258812
-2.129214067638345
-2.1441978978196454
-2.2228066774150936
-2.4137050597046112
-2.2074277699226688
-2.4460271377327025
-2.290742449146337
-2.5037993549188418
-2.440306365395085
-2.305679191892728
-2.7721132952701644
-1.8895892142135204
-2.433238809971717
-2.2538006442896616
-2.549981271167543
-2.3730412390363447
-2.249134180645409
-2.725724891617374
-2.4274683938313135
-1.8866858124828951
-2.494798646583784
-2.164407000554083
-2.00978308834102
-2.430808074591135
-2.6256109813301878
-2.1035351351089364
-2.3157832638517957
-2.4777230344277026
-2.162347987313486
-2.411367164570901
-1.9469035099832777
-2.891252092737511
-2.433925116707945
-2.5391225800478776
-2.783444771966504
-2.6784851216179204
-2.2632289574914752
-2.3172069723676345
-2.4244822299926847
-2.041652803555777
-2.2839098302524006
-2.5764717030021496
-2.677007244026942
-2.2750869635394837
-1.9916937531989867
-2.616854501106017
-2.4930079146746875
-2.162609371096224
-2.337365934217289
-2.5780022799334037
-2.4729907049058717
-2.473096479698882
-2.5503391247036955
-2.365096000143008
-2.179002215258411
-2.0506931343579424
-1.990661262186392
-2.4072353207012793
-2.3232109191116783
-2.2244894124382166
-1.9114365891593545
-2.28653256481077
-2.2428563511905546
-2.3319614834748466
-2.019386801280591
-1.8096399314077964
-2.802630534266748
-2.2984087509165274
-2.570666937243143
-2.133131549857766
-2.6028856045333844
-2.62624974401314
-2.4124597735211504
-2.676645822491962
-2.1786073416907055
-2.131051509618553
-2.399169318875301
-2.181133102621781
-2.5446924374848816
-2.3928960861972053
-2.411440799622668
-2.5045791803451976
-2.6062215988491806
-2.454992968427379
-2.2235022947163268
-2.0037531280619536
-2.297515581381599
-2.161886048866415
-2.509340385954972
-2.5504674556642257
-2.2344344056099805
-2.6716059547670064
-2.273801426558437
-2.0483526436261252
-2.06639203438077
-2.064111244979384
-1.9200344518997392
-2.047122675585816
-2.092761614742626
-2.044023702671569
-2.2862228658589308
-2.345804557053437
-2.390573153900875
-2.1125248755052177
-2.4135034505548667
-2.399751248769897
-2.5402095247807965
-2.0255844208004508
-2.443989507181327
-2.0966498083533613
-2.258259821751465
-2.0049881129077827
-2.5883699887947746
-2.2836089632220387
-2.45066463247543
-2.0791424663366045
-1.820828305002194
-2.371744671742316
-2.1386414954339674
-1.966842845478301
-2.257184416503686
-1.9171001106840557
-2.427498831611967
-2.5144808915594696
-2.4437978045927484
-2.205079183202949
-2.4337430290877515
-2.246343949268708
-1.979529969381372
-2.1285989530133995
-2.0907964570574027
-2.3708300492143684
-2.3011822383042797
-2.1691745093442427
-1.846781270721357
-1.9213598563844896
-3.022353913293447
-2.3656622061378267
-2.013345223432988
-2.404386169668339
-2.1140617542913724
-2.5522454808330335
-2.210018862480473
-2.0462233363770155
-1.9855642542651242
-1.9901904791830052
-2.295807656616445
-1.981497886373317
-1.96339561148122
-2.1108107783753702
-2.391358220642519
-2.6296568792107844
-2.404416346161002
-2.0721527605829175
-2.583565306249689
-2.3413848558601353
-1.9886777429245532
-2.7255942037884133
-2.547834073358745
-2.1114970604945085
-2.3723463927947512
-2.374420871909161
-2.337690293509106
-2.665352208512293
-2.397901042198186
-2.0798911354325376
-1.988732538949259
-2.1209048699124673
-1.931820434337706
-2.2863651073645026
-2.492167667967797
-2.6613979930638783
-1.9563271387635761
-1.870317409145464
-1.822819000402856
-2.0329362398453052
-2.0924817877243185
-2.3946823661578853
-2.5023547495539753
-2.325076402628668
-1.934662810406528
-2.1344839221771026
-1.9527861472698291
-2.5407607615945
-2.55233067837357
-2.259873372221764
-2.7959735807884085
-2.567798552946469
-2.5735195966090543
-2.117137702445969
-1.7833522506245472
-1.8697691577930198
-2.051016841701741
-2.0040736868011866
-2.1165957299065656
-2.153760895863809
-2.1852278786622437
-2.3659399285780873
-2.3768354207010285
-2.551905077524861
-2.463829368377127
-2.4993458930737864
-2.317769441896369
-2.4936351119543363
-2.1772897279114836
-2.26269783136211
-1.760337788915711
-1.901360717681325
-1.560693608459642
-2.450206642544632
-2.0946155380401077
-1.9621001810168905
-2.2898376782669754
-2.034765084140248
-2.3892120089252997
-2.267634787631971
-1.9277846250373147
-2.4480506580876753
-2.226232675708767
-2.2779220259698962
-1.982202244486852
-1.927647580376471
-2.03228032884265
-2.5375878099387066
-2.116739414094375
-2.2438445812679966
-2.1710268443703873
-2.0209194463240623
-2.149635353413934
-1.8606963623139547
-2.084965473100134
-2.2610953239630196
-2.482313792209174
-2.801232320221451
-2.612679945024934
-2.2458624109323284
-2.4273013462764643
-2.180377083062642
-2.4095707341707873
-2.2310980316119404
-2.1216715032439866
-2.3107593112481593
-2.2597231177857884
-2.1777669078429587
-1.7828044241996666
-2.211522205992982
-2.0695673239246677
-1.995003550251252
-2.2295483320996166
-2.2217411018594637
-2.2829226772494295
-1.9275229536654468
-1.7952121743995646
-2.18524432038101
-1.917418725913688
-2.17864485986255
-2.346782725968917
-2.2019334221799554
-2.077583540701914
-2.1158077499813586
-2.1334757816371535
-2.1597638792624103
-2.5122259464301817
-1.753632013848392
-2.1886602719519113
-1.915876809304344
-2.0498194463157025
-1.8478281631478968
-1.639703367126198
-2.3468369744308766
-2.270399234074421
-2.489592569524196
-1.8049271496960553
-2.3904718468252355
-2.1957272534380463
-2.353288413956051
-1.7090516944166656
-2.092903461152361
-2.374939997664951
-2.314789861108213
-2.2646963135943783
-2.2750121742183063
-2.5906601178653723
-2.494563463864719
-2.344585070289542
-2.332173931842438
-1.9775513723351819
-2.8290248718620843
-1.8445061804249219
-2.2429697352237623
-1.8161662978772937
-2.6326683241381907
-2.617392142428893
-2.1678381392699397
-2.3437007564106587
-2.5528179494331744
-2.600264049531636
-2.7123350688685814
-2.190497892065271
-2.1954975938525965
-2.9316483901091366
-2.4349732111350915
-2.509880241075949
-2.351850821576256
-2.1807832422803255
-1.8904804813583047
-2.44647510511403
-2.7756978201572893
-2.6266038049487697
-2.1283071496014805
-2.4502564093613937
-2.461641461783266
-2.5415545365598495
-2.497692731259535
-2.0597328157872616
-2.432038341646289
-2.17065277249699
-2.3209174282965668
-2.7169691830432767
-2.7999220197401513
-2.5200155144034393
-2.400017119534804
-2.3630084113225562
-2.8756790221733017
-2.7356439698960116
-2.8519908872370596
-2.5589879542957004
-2.342508772073262
-2.5507279253484887
-1.963240648085404
-1.8776714551478566
-2.34775589001751
-2.159646597433813
-2.1710866216109936
-2.2182297183378203
-2.4172454883249137
-2.503146723919345
-2.691910849213922
-2.6666474532796602
-2.3240693930428242
-2.3008582924348255
-2.3827841847892914
-2.495681448780608
-2.4364221858102506
-2.5161189178424923
-2.4042291717017674
-1.9383925706638487
-2.229438019794131
-2.6202973065994075
-2.587787960291933
-2.639916834095768
-1.045732920371176
-2.341156468102507
-2.5838112719492106
-2.5648244006056484
-2.2819191165026957
-2.318572634130786
-2.416040869089468
-2.1855264233508884
-2.296896404568573
-2.3309912209674493
-2.231342055069247
-1.9998348662801624
-2.2592888458110854
-2.656092650776077
-2.4709294002787723
-2.522805672807366
-1.898197336920913
-2.4897732547267393
-2.460847525119955
-2.4626381216301696
-2.1164630217750884
-2.0087232261014702
-1.9793111607226188
-2.505363166618369
-2.107428672243458
-2.546860396554002
-1.8745821950484596
-2.6613228999226615
-2.3793774542412343
-2.4302725363801425
-2.066984088662167
-2.4258194309318313
-2.376189079118866
-2.456021112409471
-0.4945019031783046
-2.4310371605200713
-2.373709628294721
-2.460763586524707
-2.398422820476647
-2.267401223866271
-1.8831288303263516
-2.449299212604519
-1.8953751697844494
-2.2065578842253344
-1.9986544910003752
-2.8941175789295515
-2.4094492358241633
-2.3199779849608166
-2.300074561067128
-2.060485627399349
-1.8373929038658015
-2.210873996761582
-2.346883788341968
-2.422684459586447
-2.1059076427704
-2.2581888681575086
-2.6026094672457645
-2.3825322749700613
-2.270574387200705
-2.5680474664954476
-2.713965064451561
-1.75140044673905
-2.0871864888979896
-1.8455731885975917
-2.344120457746673
-2.0533866870759345
-2.636038961316378
-2.184770008622821
-2.685011519505826
-2.3731863945382976
-1.7869347036040908
-2.253494692877373
-2.093267073079598
-1.9624222895079915
-2.506052636365197
-2.389905505470764
-2.1109454544022412
-2.3861646716914486
-2.5846397099723193
-2.2113390830445074
-2.208775874836057
-2.533020082820784
-2.0860728503886046
-2.385699364064152
-1.9852038656233908
-2.1619547086380715
-2.111618636955483
-2.0684375082757667
-2.6749164889627193
-2.695399525281159
-2.2171617764620004
-2.229740684887536
-2.352642193663243
-2.1209679265341927
-2.2313838052782358
-2.3458736535628715
-2.103189210140292
-2.178659162387088
-2.2606699573412925
-2.277751558938138
-2.244366426066391
-2.4451656060781772
-2.339696685648337
-2.8891540993681586
-2.0406592818997686
-2.2071629407415516
-2.1958450358131736
-2.093618823397676
-2.0131299620624863
-2.87623774459204
-2.6640370864662883
-2.67114602200927
-2.7473889177574513
-1.8442693954132603
-1.8833735875747044
-2.0197327970532837
-2.4900980374721353
-2.306957481053283
-2.1062502300729147
-2.3799449775780626
-2.3986712411701756
-1.9279842979039252
-2.1052761997591687
-2.237093960612133
-2.48583152052816
-2.347605510355377
-2.7562324324141843
-2.4608258540131507
-2.842880996312086
-1.164248679367209
-0.7796979027566414
-1.3868492910867243
-0.9361900966815997
-1.7580395323546214
-2.223098799704665
-2.852361736592524
-1.8091894283985184
-2.5122032189636196
-2.6227515686312906
-2.4419982782778273
-1.9850823613909616
-2.3471349774452364
-2.164003255803407
-1.9061688304392381
-2.0306465877555304
-1.9599166910575998
-2.2878009917828437
-2.6694334488684914
-2.5401299643841107
-2.38610869352543
-2.4858149022533933
-2.2729332751974565
-2.1434168088766192
-2.4244166315724724
-2.347102237901875
-2.1997934441175735
-2.117558221451058
-2.0919338415703033
-2.3564821384666037
-2.85625262435191
-2.2130210866247206
-2.2310594749128594
-2.1235447637564584
-2.0651069660768364
-2.1762314814209174
-2.63800224847282
-2.182825505323037
-2.449207798283355
-2.020806135873263
-2.793014084411645
-2.094062381612186
-2.329213112887666
-2.137278552206604
-1.9624431519196854
-1.8382173844280736
-2.420972526970559
-2.2370089586600024
-2.4126001269117543
-2.3183199529286487
-2.4733259895783024
-2.4942952095468156
-1.9326707134172598
-2.1951764216302996
-2.560672992344353
-2.2955201528563784
-2.6418267741655996
-2.4570057326023895
-2.7810497852200986
-2.5311392894305023
-2.567097551842462
-2.4968420074636257
-2.381678654096291
-2.5002967913254945
-2.5272660053715033
-2.2721248004172834
-2.3453242151920213
-2.5110307866936097
-2.666660406677945
-2.5067757809931033
-2.161848129360982
-2.2479945451548584
-2.3749274009841663
-2.1028619599359533
-2.1677068840604723
-2.098885544576758
-2.520581633468078
-2.5827314313114234
-2.305494060230905
-2.406671726386523
-1.7350696188084687
-2.5493765798969195
-2.1525834125981262
-1.5805995027268331
-2.1953106296787
-2.5938337692465887
-2.161501326253262
-2.275610747255042
-2.062593286590767
-2.2699852699221057
-2.1646770796935875
-1.878870460663695
-2.5003279249844534
-2.2132026976329233
-2.884499669390513
-2.2479490210298536
-2.3356188341115636
-2.3070684944914595
-2.551487878957334
-2.6813724254883957
-2.064454359322434
-2.1660259447548844
-2.128234904554459
-2.1878901165092466
-2.4516956606380007
-2.2026726198474953
-2.4996768259341633
-2.584414223256962
-1.9930705666162618
-1.7259090782483855
-2.1906568535130657
-2.4487785797936334
-2.3783668155102067
-2.4771598917737507
-2.191543864566429
-2.291837869960571
-2.151755995058681
-2.0817252597007103
-2.020755170707077
-2.085419408190948
-2.476049068666325
-2.2596717107359443
-2.0117043576705855
-1.918744082413255
-2.3344073914239685
-1.9287883893349174
-2.342759583869876
-2.0802197492736356
-2.3652301535347404
-1.8829043112613602
-1.590951288187253
-1.936591866073993
-2.091161576071847
-2.0951615148795955
-2.05582920501738
-2.2788858403741448
-2.1387998811007005
-2.0597659892703906
-1.9962292357490925
-1.8015536096976996
-2.3993994434673755
-2.255854365716704
-2.4677274671317946
-1.9759091764550991
-2.1366800358995874
-1.5783514560122054
-1.7801770468151086
-2.263916961307612
-2.1228903957630916
-2.2595149622104778
-1.9351815373026504
-2.3558917532921533
-1.986674310340893
-2.4320189693540337
-2.4919511683948565
-1.9430790930462063
-1.7152980789041437
-1.984007814538275
-2.355388803488184
-1.9372229531354321
-1.7560390552918548
-2.2042048548693915
-2.632856197701591
-1.6735364378617221
-1.7765760916012057
-2.4886960215527396
-2.683565154627916
-2.432957226475834
-2.586304139291634
-2.248220895907506
-2.2069322787089787
-2.2914499363861376
-1.8927795398595615
-1.9034130612937452
-2.3306553995492054
-2.141885011662191
-2.134480718068653
-2.1379031718209545
-2.160422148162462
-2.7849428978674946
-2.609234654295935
-2.277740381596157
-2.2957480597783775
-1.8642236837552104
-2.025981448420345
-2.2650942146285518
-1.8884682784309417
-2.4364962340146983
-2.489600159412454
-2.323913625950301
-2.5579849900593548
-2.458994411206783
-2.2999307386436576
-2.5250156209274928
-2.441570178234637
-2.185266421206193
-2.2275942570147578
-2.3267829374778617
-2.0253013774159734
-1.9439302457910899
-2.3361998265877015
-2.4684176554414354
-2.183113481928896
-2.072527905165396
-2.2535657008547627
-2.2849463585990826
-1.735477433934999
-2.314582351480639
-2.1300782759698995
-2.3127882735837377
-2.698049120515101
-2.095529127168922
-2.268964258998256
-2.294302576258176
-2.4408728544166447
-2.274031758462984
-2.3040674023069094
-2.3096216841913937
-2.4165619973685337
-2.175167507413819
-2.074804007808272
-2.3775349939779966
-2.103935298242199
-2.0320398218429294
-1.783332351541704
-2.120507711667199
-2.033813326270556
-2.307658477149761
-2.2242850415107913
-1.980531588963484
-2.160860150231414
-2.9332494810567247
-1.8914161709532664
-2.4457213459022316
-1.9369606246444282
-1.9981363437444248
-2.1578339241609816
-1.9336027524577197
-2.1538771451266414
-2.057254066652071
-2.2001845738520847
-2.14263569983121
-2.3702663831152866
-2.137661323228652
-2.1312855502495154
-2.424646997416413
-2.133993275727359
-2.0999872797371766
-2.287204825047484
-2.3186480183469516
-2.328160570007353
-2.3133935709766384
-2.6305157936746775
-1.9163848097246021
-2.5097010099080515
-2.33388575939836
-2.1898425300728035
-2.284606951272166
-1.9552631848055135
-2.3137177599389633
-2.048813521776015
-1.9574690559805408
-2.302052819479264
-2.046445001230378
-1.9091029460288922
-2.063645985944201
-2.0926716457796743
-1.7913934990438594
-2.3057865850071906
-2.2863509810410947
-1.9567288409807575
-1.9648027271673394
-2.668136997490281
-1.9699329665622447
-2.450587866818708
-2.3366298299743358
-2.4250635686421464
-2.2114521267641223
-1.7950823786186356
-2.470756203280135
-2.7457435929815786
-1.9417341232920828
-1.9833673779273573
-2.1644253774967233
-2.0012774710518975
-1.8134024063908472
-1.884782379103108
-2.461558129934101
-1.9562004163629374
-1.9913272739011165
-2.544183926392665
-2.1257675839736816
-2.16268383303685
-2.4157362039756527
-2.4058986553231727
-2.2247943885571164
-2.2259351652340524
-2.178466703459546
-2.3382309144856346
-2.474487325758319
-2.2757839484177707
-1.7548000749284933
-2.365916570184734
-2.816803059462576
-1.8395775321341203
-2.1650298375460526
-2.7332981545435477
-2.2822523835421693
-1.9903491475786808
-2.196847871508013
-2.088333848429472
-2.146069018863008
-2.714993427440535
-2.227765330550449
-1.98650236707589
-2.008950265358819
-1.963677026673747
-1.694034848320953
-2.240343330533129
-1.9922503983790223
-2.3102272826625043
-1.9426699585967313
-2.1932890880676323
-2.040580622874321
-2.3408151781294935
-2.152333842184412
-2.285479552999824
-1.9883996697097042
-1.6821878790602394
-1.950959676834942
-1.7011593178211273
-2.015923640829652
-2.6731601788602157
-2.4389535423095947
-2.468541401310918
-2.053240919192716
-2.57552514269474
-2.2585236035756404
-1.8888361032339533
-2.4094217726964415
-2.7196301858314107
-2.6945508634485305
-1.9861203841514872
-1.9896657068863828
-1.9581854710715332
-2.443162186813248
-2.2823662210946405
-2.2288744822692568
-2.6110627575481544
-1.717516855216637
-2.282193425820559
-2.3662292708442116
-1.8221294607351204
-2.1055254474774467
-2.409905609001799
-2.3174950303233577
-2.1422692630266136
-1.6994705101408798
-2.275846450242085
-1.8573224944598519
-1.6892269112478409
-2.0941659215506725
-1.9336665800774562
-2.04184087267538
-2.6943356220801125
-1.9956395075082443
-1.9739299274672992
-1.9216139389832068
-2.019951537328201
-2.2874754020997896
-2.244743150598871
-2.589778331344407
-2.266416915110162
-2.3165874594213536
-2.0390055670912597
-2.0173043773913175
-1.9619482519648026
-1.9233822998578831
-2.2310310177283372
-2.366638584847659
-2.303967439552003
-2.0698866678331878
-2.130909423104238
-2.212100797321156
-2.531043051185126
-2.632218686413268
-2.40983517770855
-2.2396461776796945
-2.310634775305402
-1.8858747420171333
-2.27742980740112
-2.3454312351499738
-2.234690184142314
-2.243889344315973
-2.4257461402592337
-2.082934305279535
-2.842776515955874
-1.761426090277274
-1.8347725787129825
-1.8972255508041969
-2.1868178934090166
-2.090756373802017
-1.9760685613006312
-1.984749791259218
-2.247485346432642
-2.096862593192917
-2.6349837682143025
-2.3056510972713435
-2.083732015030925
-1.7503739979468587
-1.9514386205167291
-1.733087362734333
-2.214182420179998
-1.9031122805617797
-2.3079347349227266
-2.291364251085706
-2.068309607494221
-2.344833007631925
-2.3974156973382215
-2.098656695147884
-2.081869343753018
-2.5396562272825065
-1.8276335390321083
-2.55923095684798
-2.3151066167140577
-2.023343546451507
-2.2952646915035624
-1.7873498566588677
-2.273229487045984
-2.0701152228701933
-2.3081389414573454
-2.1087248045674793
-1.0456679590746192
-2.5813538541320966
-2.2297582330522863
-2.1048189676214726
-2.0523073391731983
-2.1401970748590595
-1.8594538856739304
-1.7916181036654206
-1.8705976561239885
-2.048817844588602
-2.1030865010119735
-2.0876683192031242
-1.8327018896379803
-2.3835368268564285
-1.8882203959430155
-1.9103606673112443
-1.749244473556065
-2.2868403703303843
-2.479971561236423
-2.2385800204366246
-1.7690138040614787
-2.7682038427057196
-2.4791510474320044
-2.3418780739620524
-2.245820524252022
-2.5299404081308734
-1.7862354022416205
-1.8815815514309038
-1.7388627900517264
-2.2230599308552796
-1.9584738324514783
-2.686802740741012
-1.6207703324628304
-2.099866647839023
-2.0812299775139285
-2.08251608391196
-1.8702567526497675
-2.159514954849615
-1.5070073817699192
-2.173290348139139
