-17.38059263208755
-24.725065379635204
-23.904692665387977
-16.599467570722467
-20.048891937959503
-18.23227809373695
-25.820333951571037
-25.60062723570917
-18.152549354794658
-31.182426982124447
-27.90815363413622
-27.125180304593925
-30.917037556048296
-29.724936389428596
-21.61304735616143
-23.717140446485583
-28.773850511153682
-15.517540447426093
-16.168907369696594
-25.404007173163496
-21.368638361864264
-25.07764189913091
-24.854147035735274
-19.313806408553
-31.81841999332621
-21.01793740893353
-25.41410023855134
-24.64129552209937
-23.319249763549916
-26.98894065726665
-30.72750932972217
-32.044257651172565
-35.880648713151956
-22.582068840373886
-25.34672324861277
-27.19410901390732
-25.982159469505092
-18.56374138660586
-29.439702622819883
-30.05348812237014
-28.898270223756434
-23.893297049972706
-27.315427216867153
-26.69757890700248
-18.53106171303715
-20.079125150840547
-24.45226588867472
-20.8826608821962
-20.636313225042773
-20.108262425782122
-22.9233099593382
-18.330277010909974
-9.18099821338949
-23.62895627505701
-23.637815363702792
-19.004553766766712
-21.11317308395188
-20.34283519914782
-23.87269404162936
-27.88395548134785
-23.335873030532703
-14.53716515565732
-35.04849962180731
-30.173287279554387
-16.10462391479095
-23.45880704081539
-30.08334733536453
-31.038197443520517
-30.020106774426097
-21.66627925380677
-28.995012365134613
-18.466489496441156
-14.027431182672615
-27.999481523220478
-39.36706002377171
-24.552556521462545
-22.23034584354277
-26.35603061604069
-23.37302847885821
-17.69150063679945
-33.39956861736108
-21.269633818812245
-29.170720865212772
-26.54569463781032
-26.513089477282286
-20.757940115076266
-27.300089460322965
-20.623365108714943
-20.910532563827765
-17.78598835323344
-27.684383991184013
-33.88184690056208
-20.572035861505796
-27.432992206511642
-25.47300249103795
-21.10237621770392
-24.040695647179163
-14.008645723819448
-29.464557066075773
-22.37681496159611
-19.0628166849769
-21.074705269679846
-19.462246032629068
-28.085545507814743
-27.673267295850643
-32.661640465310676
-26.209897992982462
-26.55546013658693
-31.490300572290085
-24.964642087957465
-24.847696633268903
-29.90461866983486
-27.001369332447204
-22.039914681416825
-19.82125676557561
-21.612166056749736
-25.215826777095657
-24.094116518163485
-20.685920307482228
-8.882144295252942
-33.758697708114994
-24.028464739262397
-26.076386562720742
-19.90052422958688
-20.20355709464326
-22.982304310933028
-16.28116498500345
-19.95039521270307
-22.179600574796698
-14.454802145612653
-26.366505141965334
-23.240834585465386
-23.012569500899495
-32.50898215050696
-25.68559591469367
-21.60504389520507
-27.928605408078617
-24.0299953439771
-36.32380144800022
-29.621787570575183
-29.27075719194022
-24.008274891118695
-21.60621542684143
-23.61281813737363
-29.69304065956741
-29.50948399442924
-30.50143403570577
-33.31911188274428
-31.10057508245837
-15.681516399925655
-17.60022468432301
-18.741267329943305
-25.856253994630663
-24.430277818910398
-18.726403222562826
-17.812670352151738
-12.825889361365618
-17.02843810924597
-16.843460930563573
-25.345512699952014
-28.598527375268628
-21.165548539208935
-28.245418982729802
-17.277963758647935
-30.771354541187755
-29.83938525507368
-17.84630242674271
-24.947799353610083
-19.944589091957084
-34.63593994580555
-16.49936164618156
-14.353468922143243
-19.501742610246517
-17.24264502128767
-28.324348482642534
-16.85361604765943
-23.085350678015054
-18.95804490615864
-19.929021737907874
-34.70713335896926
-23.19462985265438
-27.768775141733734
-31.179586405457933
-31.369342220366555
-31.606038952792183
-21.611349209585917
-21.317772627850367
-22.6980757784486
-24.945325471632906
-10.562475846735701
-14.571990819361552
-28.778922830197594
-21.081186282273343
-18.643997450630806
-27.50519761327027
-22.449200742861287
-23.434210567232903
-20.919347321818506
-27.17473155625983
-25.708529436081164
-30.63782901675542
-19.24609544506874
-22.67978109065065
-22.459317770334472
-24.26602477920701
-27.93807849381603
-34.06452841151606
-20.817598574207853
-34.154034496844744
-34.18536077254278
-28.066167984800494
-14.89485685905073
-15.951213264511622
-24.072595788468178
-21.232237880830596
-24.39421039854811
-12.534921006800214
-24.938648286173226
-30.864162156077533
-19.81179832248433
-23.406699890425813
-15.321949583684884
-22.924605657321287
-21.637653670944232
-19.658669666570766
-18.072896301578616
-30.027258456261812
-17.638090760389332
-22.664066912065977
-21.17261795311752
-18.642564801394677
-21.667247829685277
-19.63567416646854
-23.173953657171033
-31.306232774399515
-18.581345193064458
-28.35980389040276
-11.760613511533297
-16.798624117810895
-26.218962828502313
-23.719234152732028
-18.23714135599321
-32.080145752006594
-18.945460167085287
-15.206347926061824
-10.04552846375396
-13.82689840165326
-7.261559938230921
-16.4023291399672
-17.47586259622861
-25.662285475630952
-23.622527887764832
-37.08577515955325
-24.655649328146126
-23.412639141185643
-23.17145453312886
-33.45304134720478
-35.66371913599748
-27.420353012704332
-17.423330163555924
-32.268630301184416
-26.156101573580877
-33.45157231611232
-29.379916912199526
-26.838594984313055
-33.90233011315998
-24.43034662730971
-27.58934468335311
-20.658311506788678
-20.871992951066517
-22.19788452666156
-24.30603406850188
-25.85203100735209
-37.05712465086815
-31.991171333674338
-21.842923919551513
-20.722973233579097
-20.22736499213765
-27.19257476319095
-21.276811966424138
-14.953366400555627
-23.273224288528368
-14.379422349019555
-14.814546703366908
-24.026882166812573
-24.97077628882487
-30.44331131975267
-27.788656461736892
-22.392295583889535
-22.608544481374494
-22.30827165322865
-25.46847491062028
-20.77005407428016
-22.85364706713316
-19.96586725313849
-37.72010612777239
-17.936878526897818
-19.998798500442806
-35.42146112006299
-21.31341415280741
-10.472842410058856
-25.1198392458222
-14.923254148556431
-25.014937717201825
-16.445790477358344
-18.34322567180695
-21.49493005855712
-30.91706425398126
-30.75767613707361
-28.56096550642691
-26.388628700975303
-27.146402218738388
-24.91031579758551
-23.63190339718042
-20.352528019452333
-12.240188376987124
-23.21732645127834
-15.663125164425978
-28.892579794385142
-8.083276345630146
-30.244541779723825
-29.854132294172807
-35.903556712618894
-35.757045469650066
-36.34169987978821
-31.217748337780407
-26.228948885856305
-32.57425347416209
-25.652387538147035
-21.34452015643767
-15.031182379709712
-22.10766082255751
-27.142288673169567
-23.413019335263915
-17.980762163268864
-32.14653879639206
-21.732354892759094
-28.06041348639903
-26.627825622558483
-28.84832321387573
-28.306327430372306
-20.422418216080047
-32.72328525317539
-20.397379203879495
-27.812809564105883
-14.251101013022272
-16.369935629252268
-25.773768241687332
-8.698965941475244
-22.46112974508433
-27.742577742788608
-26.24371471121234
-7.8125847641549
-25.802079163252536
-26.645800768555624
-20.059276471101956
-24.495701638695152
-32.347702849629314
-25.25189439241241
-29.00927473116357
-20.309093075337977
-23.591626726277788
-25.1103796798875
-21.80384228761283
-38.61922176339251
-14.224596856351607
-30.730629972262772
-23.00236603753323
-27.07640540707316
-20.509620411147775
-22.27084311160918
-15.023750916553698
-19.464821304942593
-33.46399660747707
-15.056630455274636
-27.29269740002048
-26.26454586840653
-27.786337025485437
-23.616584158579887
-24.71522609366295
-23.12946649585524
-19.7924632969834
-19.273290360066447
-26.620953087493866
-21.63848049055609
-26.334606619835448
-31.58222266718794
-20.736805367753167
-24.035280561932034
-18.18172203109006
-9.256077613941732
-11.551816970180804
-17.998829680450683
-26.176376604617673
-28.98982958619828
-32.56642959399773
-23.30667727130546
-20.382918416044127
-18.718609088634217
-11.805070112640905
-26.05766946740306
-39.78051808793875
-27.51542368644344
-24.773356495831425
-25.570307680127147
-6.988257001995088
-26.384908338407534
-20.702637129781536
-19.64897665758447
-21.604971625644218
-19.477431823172367
-18.79223313239934
-21.49631236747392
-33.08416824299971
-33.88206012302854
-22.023122155266105
-21.19536645049235
-24.44913302014755
-28.181314079617714
-24.44995696137086
-15.91298162580284
-17.93038308022865
-22.769403013228647
-27.017506615874872
-34.22503930289324
-36.09986643520184
-33.595864794974375
-12.99666682739432
-10.939682212055256
-31.873419176071106
-19.169806543846782
-29.608950539866832
-26.165923562443552
-25.942029091431174
-26.534347106612707
-22.242574956494252
-23.84371049540509
-18.9079336721347
-19.235055554564696
-16.342411998629863
-17.259077616171908
-18.470803282977208
-29.991561822591287
-32.36590417573194
-30.716422925889134
-34.66519415512642
-23.7823091413371
-25.814410211591508
-18.117471055301017
-25.187609290543904
-29.929493012805374
-17.78838912243666
-10.858132829795274
-18.648176591719647
-12.548699173554041
-22.49399987150399
-22.226783841250217
-23.409219642164082
-23.14786225054511
-22.71779537738859
-23.74552270039782
-26.853157508660097
-16.487438554773377
-21.336132880910952
-18.8476064996278
-21.504467759157535
-23.82523438805356
-33.04330247225376
-24.703991746515662
-21.29148502585506
-16.18584541117414
-26.434341211288732
-26.846161432430996
-29.474618926129605
-25.123154090817287
-17.260126414901887
-25.81793796123246
-23.853886480231303
-21.124986721099923
-18.161532891603926
-27.769762639176292
-23.897554025004304
-31.55273163324867
-26.634011827826356
-26.00151386465687
-23.044604120802905
-19.251232639418532
-29.182651672018128
-24.57149750804172
-29.87450974683555
-27.95429755753044
-27.894411948882322
-40.29116589785464
-24.63533308223834
-22.0134965919667
-22.805391229111024
-24.83856040605933
-19.323435935900555
-22.25706767153339
-18.78881550021609
-27.032525831156462
-19.82627535874252
-18.602623025828237
-21.247189734592837
-21.809917804831365
-23.41123173110082
-20.011508999474007
-20.81528297821999
-22.78078948509679
-19.97386476785208
-22.75387227314384
-21.587017479413607
-23.121398941100736
-21.73572891152567
-19.352344828524924
-16.11660560745822
-17.887233756600903
-18.00597951611627
-21.761711542995542
-22.046842528485442
-21.760394425659086
-25.007452711393988
-15.294843164286494
-30.09091413104702
-29.544946536927057
-18.019713074997224
-20.97816136580866
-18.533407606897995
-34.614598024699276
-40.56312296348664
-22.799787510097815
-34.68504858320445
-16.38622599474101
-20.816996183726637
-40.321602566819756
-40.52184433461449
-25.635282922854035
-36.69692068247714
-25.579323373168915
-21.47119112793015
-22.186196200827556
-22.312401746740697
-24.948678946290475
-20.629309211803832
-19.590475972780354
-14.06139961002286
-12.797510198475916
-27.89641587814393
-18.826588062453943
-24.50395855724883
-10.098312099353254
-28.507776715117433
-21.604534485876464
-31.814332237202123
-33.45887368200823
-30.427544869327527
-26.539000110835275
-21.82360368173952
-23.57937561839087
-24.244859301282105
-20.459993153525783
-21.09287313417129
-22.555484557774715
-21.872404535819854
-23.707415455362028
-26.80768160395254
-26.17270170829006
-34.13293125187823
-21.86859031151884
-31.221715205243722
-26.427144888523237
-23.67927362249842
-26.4628387149046
-28.273551458713005
-22.81593408204664
-25.517404992884725
-21.40605718667857
-29.23383123336345
-19.007995731114466
-24.12230247928833
-27.2700748354347
-25.90843488838096
-33.88763633864973
-26.1684803770428
-30.690671082320254
-20.179169153792692
-22.079688011080954
-25.25324040557225
-28.993792479381383
-41.71594205025544
-26.664971840311622
-27.431612504361404
-22.504503475303743
-29.955910383400457
-25.57011455081188
-26.65700903170385
-23.70668906180188
-15.12818107561479
-20.400383338911517
-21.44520966087679
-24.684951338831688
-25.005263951957154
-24.40366226583449
-19.574018134399488
-16.68662141780139
-15.657164556536479
-17.5821222371694
-21.841413265949804
-28.14214323021791
-20.294161399034536
-21.629011520273856
-22.03687751530741
-20.685156788937725
-24.42348445913943
-17.193283982232114
-19.63558673359882
-25.341119784772136
-28.299743571648012
-16.310149071181097
-15.025530219410879
-23.80110423896256
-25.26220287191554
-31.641740422357685
-29.762189080273995
-14.065906981388775
-18.47215965245395
-18.11582472011516
-23.07770419146458
-31.120266902910767
-18.722311469905126
-17.261419185867613
-25.164621056056177
-24.532643902553144
-11.048976476732594
-17.570045895885347
-29.202332035339772
-25.386536831122687
-19.747397984379408
-22.886303149306997
-21.299812034679608
-29.538676548396424
-22.675177782537563
-27.580931225357826
-33.000693668594366
-32.64463754066762
-23.1291401196115
-30.098107798773768
-30.4808077906291
-27.45366881626714
-22.243405303665746
-28.68290096667306
-28.436185497930587
-27.277184808813015
-16.49763262036629
-18.220583274469387
-21.514134843513688
-26.382183905900284
-16.09902976331965
-13.331977689636666
-23.473440832887103
-20.77326071767076
-25.350968294850674
-23.233136281503526
-19.872828298522705
-19.27807463822821
-20.94386650782426
-25.31398250468468
-19.6092347740685
-25.838907094795456
-18.330956584359512
-14.903422138989704
-24.807875694219284
-15.620716588229163
-28.742180187273995
-26.22326568329065
-23.54836425503229
-22.71479272368248
-26.58717994935743
-21.945465920317005
-14.69954694263333
-18.064546139471247
-22.171871298517956
-20.827061641369696
-28.647997099542742
-24.258058315080245
-33.13012733564801
-26.54001090180942
-25.714680549689668
-25.600013367280937
-30.615043249838173
-28.29855437334509
-22.154994828866798
-19.3123166835725
-25.561482756682018
-22.332362494179534
-29.005774467774252
-19.20765658733404
-25.19746409350148
-16.610354089152082
-31.17989122510958
-39.68166449184732
-28.807161662420224
-27.971976882383743
-31.733194639531334
-27.384175381725036
-24.84712286879177
-27.82199802868821
-19.86807597790849
-19.007584674077414
-20.12283905217166
-29.497818802584135
-22.993370964432597
-23.711068835047293
-27.21899941491855
-31.637206912327972
-18.773730037979934
-27.95008740536049
-26.906885123472193
-27.089123658130465
-28.03659581129384
-37.48521521330524
-23.304980960801792
-27.89344694269637
-31.771066261669965
-31.516858210490078
-32.72986586244336
-34.29281080875095
-23.561654407232556
-34.21880908177401
-36.02274491659064
-27.71198055544458
-20.90703618969215
-25.68224258587799
-17.4762896379701
-24.362881020218246
-31.31357085639891
-30.075364822848417
-18.574913033193027
-22.022667866884706
-23.73652496656656
-24.388555428679304
-29.952141020701877
-15.93623023125269
-21.24772044186276
-19.41650071203333
-22.659895950926277
-25.16298347528729
-21.70097955430434
-26.92581673097041
-21.05821157022209
-18.758249385932547
-30.45914188951952
-24.383286429217875
-17.61171550209444
-26.17705849194193
-22.241845962694924
-18.62119680985279
-20.821949489634637
-16.738866028763447
-25.682916420542167
-21.051114243205745
-19.422333066537178
-8.195479452529067
-14.789421812829872
-16.619592375567525
-14.070805575138777
-21.046084256586468
-20.235871744706202
-21.247408963963863
-23.386451014657126
-15.117742795188665
-22.80456027910062
-21.09915329241074
-25.891633004038322
-22.675101168114946
-22.85837376152943
-24.781394036015556
-21.945788854375138
-22.393485410466916
-21.83846871650678
-20.86470974267392
-19.465987034935825
-20.032372945272215
-22.69589592190156
-22.54308840268181
-23.571736846125667
-28.16781635851987
-19.335888626623834
-26.988034029081724
-24.624294394221657
-20.081132440488773
-19.35281893718845
-29.679201260695613
-17.320578917798382
-23.36678541417567
-27.459009078874665
-23.613442696819458
-28.765760175965106
-25.1775066723464
-23.710842068385272
-22.742164409823346
-19.884171902019393
-19.341323869802864
-20.163594327646816
-24.30072245376096
-20.878563512875964
-18.526753012905303
-23.778831833644354
-19.27036858532926
-18.05057288250671
-24.708013131022255
-20.79739460254424
-31.1948602740091
-24.160542438462965
-18.950885206381393
-10.709486784791832
-27.729894156578492
-19.509962138462164
-18.91633861484535
-28.574251450066214
-25.38219680702651
-21.649221878492213
-20.793416321336608
-25.356513651341736
-34.205608859423116
-31.37533462006862
-25.077880697352946
-23.297433759497537
-11.091227316236061
-19.139299528375453
-19.273809301272586
-19.998516803348654
-15.032812791357479
-13.535524230795382
-16.217506323988058
-19.385247975279007
-23.24741531780116
-28.151172098420687
-21.751379308461647
-29.69182207602099
-26.416872439038976
-28.143269280122684
-24.363908535685287
-24.593656354951122
-22.300599897541787
-26.27525910674961
-19.601636353211923
-18.216994844070925
-22.30938875132783
-22.823081389219496
-12.888995847361954
-19.130965101610197
-19.2333781708896
-21.724965975692992
-23.500749275176855
-22.70004927379108
-32.42811940123525
-35.06073983939147
-22.476456945718507
-24.447682695281195
-26.371887596407657
-21.364594381388514
-20.216354309789143
-18.4039807637883
-20.750919774430795
-19.64274465715703
-24.46375996213267
-28.196453760782575
-33.13133604327436
-28.15297763125625
-17.33492796964939
-13.593914896263385
-24.352083166717232
-28.47821556601845
-23.99338643724513
-15.022339748848648
-26.66568652167849
-18.36353385003367
-27.887057123134237
-7.564922991543412
-25.20725235660665
-22.56091871002885
-29.252337301773135
-23.206002562122613
-28.729055064619708
-26.323287109304612
-28.83188206682222
-28.237046729446185
-13.630862396130436
-14.063019915912399
-21.418763684889917
-19.273060570050326
-28.969675700646135
-31.19064709844923
-19.514653575136848
-23.591898230670047
-28.624127289033513
-22.99282740148572
-22.022115378881274
-19.92147571399071
-21.03951919535099
-27.399175790060347
-18.14632001533827
-28.66030448788267
-19.315872634494887
-17.04821839219471
-22.711142358075993
-20.857953696905852
-20.346915178842476
-23.129477580785633
-30.228672355828355
-15.363930086454467
-17.03693492042772
-20.849428673317252
-21.262147461769878
-21.562089551710038
-17.802777849998023
-25.672475632505893
-19.158148974501685
-15.71035255351915
-19.363872676603563
-18.345700997718374
-21.150934995964803
-15.959128707123902
-11.401901451817913
-22.179122520103817
-17.191287378110147
-19.530319991544282
-23.507192193068015
-28.57786169325003
-19.458282413443
-25.8505143474449
-24.008157466542386
-18.230372017230863
-20.23416149149738
-24.898872438872512
-20.662890820509443
-16.446552178772823
-18.069875443805522
-23.86919692822313
-23.360403454294307
-16.672559786367408
-20.780522120012506
-28.832639904532826
-23.63633590901739
-21.231205211912837
-20.455377194187918
-31.1104216467187
-32.112718653023684
-20.67938794034137
-24.278587278657433
-21.423714692853657
-21.26941501982489
-25.465425812519438
-18.39870321624969
-25.358594390836572
-14.199785766414763
-13.468949713496274
-17.697480881902898
-32.32007848248567
-26.677426898127067
-27.522888859618625
-25.224657040064287
-27.628009856886074
-33.390299673883895
-9.652259700867749
-22.91872509878872
-21.01146043023474
-23.25515219678629
-26.108843394426998
-27.83872839437987
-18.327279387039283
-21.109790688540436
-23.026943693251695
-21.22952477644163
-16.384102947667287
-19.915312576430487
-23.661062846502194
-17.037373198450158
-14.836465127989442
-18.85023526258825
-11.973994733731026
-15.488439889716865
-23.111554682546412
-18.87586184431821
-24.537711725222827
-21.177179410557805
-25.190119717538
-20.877883451239157
-21.089569613247285
-24.211727060796257
-13.263648286688454
-20.10816523087008
-23.948346989861093
-25.807553525392414
-19.19426002101949
-16.19129433680213
-11.174327845379185
-24.284335719894003
-19.88239552555079
-25.22607231891802
-30.91336422447426
-21.248445958696056
-23.437785647578426
-18.415099459037677
-22.411337543831134
-22.52409636824374
-11.986276046188511
-28.634574559212354
-20.679927805519956
-34.840569675529814
-30.32801384611276
-33.84795206300319
-23.415126044303886
-21.861956329793383
-33.322970839658815
-24.864965403892718
-26.827755027291936
-18.229171892658357
-27.345513380191267
-23.080942913884293
-22.944058342415882
-21.35805575348258
-22.227882983835073
-18.87427715646261
-16.147365052551784
-29.0825157094132
-20.439007816995144
-19.017862775367227
-22.375628961447205
-13.93524938357514
-11.255276196834197
-13.606135279269289
-17.071080787204707
-27.80748294097906
-23.55571797880677
-20.592822880219217
-26.826731482538882
-32.865031429374795
-23.28784831531756
-31.21065378027624
-16.190406968296628
-29.0121558982784
-24.7659991286693
-20.037864614303775
-22.804371365989148
-24.13888613393523
-23.428283178714537
-20.826981706615438
-16.656943196611472
-8.53718812709199
-25.017719438963375
-24.228365085166434
-17.635130510993708
-16.05527533253921
-24.784220699734163
-25.05846733346302
-27.39974219862797
-30.52247573416019
-16.792355216380034
-12.570170851331685
-22.04333650463474
-18.71971500890447
-25.928111961902438
-11.88562076178221
-11.423430654908412
-23.203475712196173
-12.264164170959965
-16.967109447346495
-19.716207791567893
-33.55374294902614
-29.322966757353814
-23.94175622591702
-21.54703520986293
-15.425891726629985
-22.700639692834805
-18.659322366792047
-16.225974039040057
-27.071188980846337
-26.949967189074666
-29.19778952985709
-24.870329860292024
-24.62812011204768
-27.431116901353043
-22.598266899651197
-19.388553098010334
-21.308545386209172
-30.37404442932217
-27.543433896631953
-40.099991321662586
-29.58675784327457
-27.84327463912512
-22.7968662341563
-26.887559641262975
-21.26200965427546
-22.015267536402547
-16.78358744094747
-13.27646311521817
-28.556477043724414
-12.910398329237111
-23.251330103344614
-25.65553347683169
-17.349719873118286
-26.653404184319953
-19.457437225647645
-23.03359516607499
-22.19795370960916
-18.098701715844268
-15.514651390094993
-30.26413445311515
-33.39896517564957
-18.366179955196763
-24.76260053816315
-18.42015660288704
-23.279336440413864
-19.508616116933602
-25.965175933510345
-37.89040090491046
-35.94248775152041
-28.35523615135164
-19.906847011794888
-24.215757544450533
-23.281734195879345
-22.57861563614736
-12.304716892918318
-18.230741649387415
-22.40954831809693
-25.807864114683916
-26.03924727294921
-22.753152761146453
-21.330711498773987
-26.251363049576717
-15.50586683459436
-12.66946539495629
-23.23970389051
-19.859112977109543
-21.34165277605487
-18.474204179949798
-18.10541456416263
-32.576207225792565
-23.750928130789397
-28.994971003233147
-15.526508960977003
-13.111737588191424
-25.727904660421892
-22.52361512868241
-14.661278647980616
-24.670149475426832
-29.623301448544055
-26.382915453189895
-23.64138056647336
-18.341485139051088
-22.50014521606992
-23.997293900876922
-22.7235152889597
-13.468366652502244
-26.116425087961076
-20.092364361185872
-25.50306336497823
-16.59340275452473
-13.427102028383187
-17.974306077126258
-22.46370968566031
-15.5157024418691
-14.91665204868086
-18.999323632086423
-25.532968741915926
-35.237790796873846
-19.029863680027134
-19.728873366128482
-27.545088489418767
-34.23871131973366
-35.16186904125897
-24.456324566920657
-36.781762821704135
-29.64173592984281
-22.1479651148858
-19.478185390757034
-13.844352089700347
-27.06931467558141
-19.197254974050075
-22.248010507261306
-28.65552019951607
-23.309678025115858
-24.28741043703372
-19.726356851426594
-34.18430089869594
-29.717857559265934
-14.26755232007772
-21.610935645166627
-16.93008073916188
-24.60061504193029
-23.403038017018417
-21.22691909965032
-18.30489637940626
-23.83670786905725
-20.768946043580584
-23.32485162400344
-19.358839732290782
-15.88387658464849
-21.639462499762825
-19.258603058547134
-29.433605013311322
-29.274931287134518
-13.546417486994656
-19.557335352635647
-22.92577174794172
-23.715089899862445
-25.217782583343777
-14.508044283984404
-15.363915298596343
-31.76018734427668
-23.689284496669906
-31.947071202426677
-18.821447401550042
-31.856522959089066
-15.818980697542177
-17.96404281903099
-13.554220475074438
-24.906153191291843
-28.244436173317876
-28.288534388930973
-17.127678523550024
-17.311649945665504
-22.189440806206235
-25.395828211967196
-25.918856313471334
-17.783151008394142
-20.642456132846007
-34.44399509761341
-25.863861949453316
-25.6958916356688
-17.4502134882435
-30.27885993402388
-26.494936555391295
-15.576669881295743
-26.097361806801352
-22.111971907100138
-22.556230330619698
-21.969287692011502
-17.922276356505794
-20.21185933822858
-17.87386062733878
-23.616255691717267
-28.239385149477314
-24.953146506661604
-43.4034534683
-27.950316243385778
-26.770425207459887
-34.69799748490944
-23.993214747785178
-28.594657896026774
-22.280566284896512
-14.632997112061155
-21.25799310002664
-14.952219508240255
-32.09442302815379
-17.366641285761084
-24.72583752612861
-21.313118084858054
-19.726716299062097
-25.368772943444363
-25.95850495657898
-28.726138892535047
-33.110716358669045
-25.613215339314877
-22.694808665250303
-33.20830615627675
-24.11589360736908
-27.314033936385616
-28.228495035620703
-22.67654308011479
-25.344986271383785
-20.211985818660878
-20.45527126258016
-20.689024293397704
-12.712912084367382
-15.458450748872831
-14.594530717303991
-17.76965647900133
-28.358902358804478
-30.02537824461089
-30.899337361998878
-18.695710898730166
-27.579060402581806
-22.37359151368864
-23.38662924311467
-24.68647405212399
-33.76151896034605
-31.074515593480143
-28.01557382819271
-27.419104758813376
-33.04997019946995
-24.56047307362803
-18.135146140683382
-38.543946598346444
-26.497273711629994
-29.821966994061455
-31.9730050234076
-28.251843332355932
-21.81610749352066
-21.061306384769523
-27.339701318588546
-27.95545338931983
-26.16292558846176
-26.256656039201307
-32.03735762245036
-19.337785475181548
-21.886394262039325
-32.63707607114005
-29.526979548469228
-16.120572830002423
-24.62691522838937
-20.552163207469338
-19.749595032788996
-26.580585083121115
-25.91183717493653
-17.712220008154063
-19.88395929676659
-21.6980941835792
-21.755155863748534
-23.835370735817122
-21.530286178503697
-22.503045836452742
-21.317227545728194
-25.69706449105177
-14.798340962078118
-24.996863422100567
-23.905581440422516
-28.759802970901042
-24.156897102113035
-33.607998708334044
-29.57675729794788
-16.12246076864426
-27.237899947682344
-19.053668860268257
-20.37553414918369
-18.384090804833686
-16.388549387067975
-27.021621398724097
-24.12823750801384
-25.51743649627214
-18.28775278161247
-27.33042664735803
-27.872187011864654
-31.43379752255243
-36.24027549575172
-31.221689466652332
-31.047173523386295
-13.45267339954204
-30.804617728095646
-26.616589580152567
-28.707610730821294
-31.912959702377776
-32.679382957169686
-30.91058860291009
-30.53032147733075
-37.58220649614227
-27.666737934545576
-29.39716338444696
-24.58089112340354
-20.771163023544286
-16.438687288784813
-26.21956393369029
-27.394340729989196
-28.76868006198034
-27.332639263699917
-22.288316648209445
-28.090398067326237
-34.42520971645199
-27.920074884146565
-24.160644986698877
-15.58062353144691
-18.476890028723556
-31.601448587746738
-14.293519103021547
-20.14571132506675
-32.61916763772199
-23.06629144333219
-14.206965484282755
-30.222269896655934
-20.770177314024505
-16.866369896839164
-20.296364780706007
-23.789375251870332
-25.554549818365544
-21.521328968292607
-19.68783012311886
-27.443489372132845
-26.17376962921667
-25.237755401603536
-20.95279296835475
-23.29464585183694
-19.770451795015575
-18.978518980082598
-27.146572718157437
-17.554808947640986
-10.590450505385824
-13.13348501601336
-16.74162552660185
-19.98014308167982
-13.988572777179556
-23.196435014160038
-26.07174688829916
-16.35642375306962
-17.04891087026153
-35.61020973554272
-28.957743417658243
-26.39053772367923
-28.198371813721657
-27.483378292195795
-18.43598792419018
-26.4513175941957
-18.592492061447473
-21.214587969619863
-13.744711175352336
-41.158067968680555
-12.8860451312522
-9.838543830207193
-22.998299218390386
-26.5579015647819
-26.34731988836686
-33.466682226524874
-29.43233821872255
-32.111637479068186
-22.88837452181545
-26.576072349488598
-9.530456843729095
-12.639051116643792
-25.605552141323727
-28.448140430041626
-26.757498508083266
-27.98930551013735
-15.77218534480128
-29.589755253145423
-30.709330871960663
-16.304159787266105
-18.43987160489982
-26.524480799165808
-29.401567768241897
-22.2972599289521
-18.80883368072792
-26.390669164842645
-23.043468437383883
-21.498224351195415
-20.56039203604756
-19.12343655813048
-19.072476806753038
-19.718455324801866
-14.282649037032712
-23.62566130909581
-22.765831954809315
-35.1038506414301
-31.74887709768676
-20.522746480401793
-16.653469321699156
-19.08048280371291
-23.83069035014814
-19.750151043362592
-24.385910116298945
-17.99323663420361
-20.723959263455626
-33.10771361338664
-28.663334700320203
-21.394373737071714
-22.074465745174766
-22.096682531840216
-24.25065488821268
-20.11926597240001
-28.952081785825378
-38.02055797658426
-34.60733496632127
-24.248619728441803
-33.072639318215664
-34.20405941686629
-19.805784082501866
-28.89221511518089
-33.266663233059894
-28.575605458596073
-24.706497242529732
-34.02653780043356
-25.1981374803348
-22.10022655349909
-29.854289346942323
-32.1611607346478
-21.556511897773618
-20.14303896514134
-20.496845027045396
-19.845036152593824
-28.106035732798873
-38.7682988648044
-28.02676220970173
-9.646686625876335
-20.87836570760315
-25.070939907829953
-13.320535817611471
-17.611395920707494
-23.869121984181604
-32.56929823450958
-21.21864580988896
-29.454013460936665
-22.946471857020093
-34.47637310554781
-24.76299914002153
-24.017406573691357
-19.752472820506366
-20.615285211752134
-10.744325955592998
-17.193799181119548
-23.289418483031838
-27.913929010041013
-30.262685251602505
-24.618958635229813
-29.53156382056944
-23.187127549072944
-22.100327465253997
-33.84030235851105
-27.884470854388994
-28.771415699712136
-28.612542632297252
-13.10006745689725
-18.066914070970896
-23.17751394793226
-23.24940878363515
-14.00991419292082
-23.38956127975371
-22.43604614188228
-25.19865985835038
-17.844051847451613
-22.811573855900363
-26.39194755007254
-22.387842744321752
-17.130063261542002
-26.66503186311961
-17.946095806270716
-16.282088870157878
-18.97235155861005
-17.073052395350437
-22.458946313170173
-28.8383009908079
-26.773405816099206
-8.114781452080742
-15.71139462439266
-25.952811872219666
-23.945225138399735
-14.827217191521001
-16.29737628739506
-15.36911096139832
-18.605232047875617
-18.888198292165054
-15.5039488545311
-23.605913329243283
-28.184074927658706
-25.886229316673383
-26.245209206889744
-13.099012153177672
-19.44781933879886
-29.287263722407324
-27.59990531737612
-23.50710695557857
-15.20881798432028
-32.150453817457475
-33.752511845975725
-20.374718321592038
-15.529135712501851
-33.39206303269875
-12.01025206145291
-28.55697949811743
-26.559272915691274
-19.38837553504772
-29.77798071171309
-35.22298429023635
-26.921133437220696
-18.2953571858352
-12.883496082984806
-11.794477656483942
-25.03833090056407
-18.975428750980804
-36.07295721327258
-35.68790759273301
-25.75063154798853
-24.21784714722303
-25.629644243168066
-24.927781735645837
-30.476046267230345
-39.71176976111202
-27.958194772376174
-34.28928436986837
-26.574562470786468
-26.190608561649796
-22.063090732477228
-22.11111831567254
-26.652089007250154
-16.77250064961393
-28.408156453476607
-6.069168052879775
-13.755395282426292
-17.705257586317135
-23.74069133528898
-28.430495605777377
-27.54099807780606
-15.067685507605034
-29.87711539270272
-25.58372087784587
-27.941970862752633
-14.908726372240757
-27.207413902874045
-22.029478532260875
-16.83866262571454
-21.236886901501066
-34.39301413932925
-13.375044358242334
-17.339293158248324
-20.036106806133567
-26.608106377234925
-17.960634953682174
-27.310200593730343
-25.5351678604371
-22.113113728886184
-17.1499225627471
-22.135153639593604
-20.299178762934176
-20.744160610533953
-16.23388649883438
-15.184538699960164
-29.52481784617614
-22.62679601893203
-20.863691566509566
-24.186060716052072
-20.492741350549487
-24.549881281432704
-33.109319648628315
-22.75479891209863
-21.66370510959932
-20.5021599806212
-26.113867853887115
-15.296625949580331
-23.393398297094883
-13.30413702710584
-17.824552632619795
-23.395992471673843
-21.95696517516368
-32.70900988377926
-27.419174406854854
-32.000489730347525
-35.583094613611266
-22.519287192174822
-24.18958139650523
-14.9347687965553
-23.57162314777404
-24.469206277346913
-14.199497865911106
-18.57601099519309
-20.70769145428598
-32.51676715599998
-22.684317861463512
-17.92933886657393
-31.879427613567486
-28.59505279362489
-27.41696154187996
-21.428430492170413
-14.063828050457534
-21.68672881569004
-21.97787730405639
-26.968375227610018
-24.628024105993642
-30.614147260803396
-27.92037860114244
-18.448858854097967
-11.540629111445933
-23.89093945009323
-29.154971585256742
-34.95513946945476
-32.93239612322968
-28.88525664858095
-32.945118467582255
-33.5036578218184
-28.48135367374384
-23.475115074478452
-15.090307020391787
-23.372344599586828
-28.95451662154289
-27.631481020361804
-18.85554882826518
-15.999632004545454
-27.854254430821765
-16.64485744499045
-8.551562774204406
-22.8954782728507
-24.731272911518573
-17.388328585213507
-30.246298260557843
-29.39762859481392
-23.95437913473898
-26.951059995164833
-35.95731071683958
-33.54614827154935
-35.0883953985221
-19.23833260884102
-29.09463535975525
-35.40200797434339
-19.709231872724622
-21.642655252847614
-21.103100506505648
-33.30320172113075
-25.701918020482772
-22.777840065649826
-23.4824791723764
-30.24222372338904
-28.71941660116051
-26.26104664457924
-24.566553833225633
-21.986151831330048
-30.39322230943464
-26.221883744952756
-17.885325674255263
-18.450423224488866
-25.908046574474653
-23.71640494764587
-26.879249615750197
-35.58111365606754
-18.882077092550027
-31.82990085712465
-30.457208739915906
-31.90023028655662
-31.829916104502644
-21.62504273139536
-28.440335013813133
-16.974364167531988
-20.02755476630957
-18.65265962450834
-25.931864630127087
-30.796303996644845
-25.644316517259007
-26.82521815256972
-31.24887469121957
-19.798214802176393
-26.09846250072362
-26.74637582464836
-24.60406047397134
-23.759419165105456
-28.204264105102936
-22.985751674242678
-24.755558923604745
-31.23584717394575
-28.49707817398188
-34.06517320288568
-30.94657546675697
-14.056620721861357
-17.594337042279427
-24.62872696465749
-19.819436397594263
-21.873706817146136
-20.433342662374997
-21.008078888605272
-14.84356086487412
-14.6078071682334
-25.40024603591904
-13.249072693374881
-24.463620890316996
-23.456311993493998
-29.392721288692684
-19.163868096654188
-25.532394536435056
-18.639871511709813
-22.790121194392007
-21.361334255021305
-15.568862026882243
-24.070905109867454
-18.74536419426215
-19.790248140569958
-22.11011936887693
-22.16522952726367
-27.389591348346322
-17.487718604485188
-23.686142870510245
-28.53742848813659
-19.633632601621564
-28.51932138264041
-19.237195013978713
-23.984925378445908
-20.35119749761463
-31.87959501115016
-20.58967094155251
-26.207261862886252
-25.206807569042333
-23.156097147228508
-18.374861292929758
-30.135174003297905
-24.91066382371261
-19.089929201725077
-24.685331430994353
-29.225589015843795
-29.088027838960066
-28.517859987975555
-26.83778214538293
-24.48509580805097
-23.834518495450098
-26.09981894630657
-22.961030106518137
-19.828494045020562
-25.212630908403796
-24.027776587062256
-19.60556955855996
-29.88527115233712
-19.937658246203
-22.27906175698493
-29.801286759683812
-25.72177665719189
-22.209375320554017
-22.732460479417774
-27.305543056837465
-24.008735964340442
-30.373716001815875
-23.837720317116094
-19.845331825437547
-26.941136479133544
-22.419120145575448
-14.101909549212625
-23.387582429525203
-13.945345875560733
-35.78207093132787
-28.3493451787213
-17.910530182426292
-27.60607681318747
-25.433460223448463
-26.78715970228662
-29.20024370572034
-36.34539315606585
-17.5127625992481
-24.280643213522453
-23.31127073537065
-25.806022353229622
-17.68430579077156
-21.091355319126045
-20.815938904715296
-22.48134665781798
-21.003727064897575
-20.294348499493747
-28.299984061392628
-18.486465462318264
-19.162199957294547
-23.247830167382748
-24.054168227460245
-14.161231618387802
-13.025348549533092
-14.976800156216186
-25.847238388565877
-22.62633772427585
-20.738563358399418
-20.37636353371404
-22.136525234015725
-21.13381829333096
-9.847020446332024
-22.339530361344323
-24.16091447118258
-28.75977540703623
-27.44816958975474
-29.432884417930254
-22.676518433906484
-29.85109047038835
-29.658342542176882
-27.83610520182798
-27.662638949470203
-31.701386914061402
-27.152822225357447
-32.790256397709676
-30.308956462281657
-26.352365557238336
-18.89501616948206
-25.350892460645262
-14.745105091379203
-24.372970055819813
-22.990364507483456
-16.504679230903584
-18.630283902464146
-22.877590166044154
-23.458702715811686
-21.934576079220523
-22.66481997973691
-23.50111349622278
-29.769610774584976
-19.304482448329626
-26.644969087499618
-21.95484679281536
-21.731105996887237
-24.148928384598193
-28.57228859864943
-37.273080247838564
-35.71570935189906
-32.31451581988628
-15.789000298441053
-30.685096500258254
-33.04399459639351
-32.69939474952465
-26.246496225785922
-32.842982826823054
-24.653906657338794
-25.620076936642317
-19.441042425884405
-26.7075416585265
-21.01011124646029
-26.078659626385836
-26.615782596460228
-19.959095212677557
-24.628091843140183
-26.189290167449087
-28.887189356610733
-25.408307532930117
-24.241615816336605
-21.218610660954056
-20.26474435765111
-24.28143144988199
-23.617587672001218
-26.229671474297245
-29.223569479005654
-25.289139135822687
-21.53741641173172
-28.994400256707923
-17.81766008633639
-19.333693816619974
-25.12792452112403
-13.487641667068953
-20.53091865942553
-21.708549291676313
-19.34500813170789
-24.0369140834028
-15.301685489763813
-24.478440010266326
-27.95428293259285
-23.000540013980054
-22.916790471852895
-24.23407128721897
-19.193555672219695
-20.50515453272582
-25.086403615408607
-15.040854041609045
-19.531866535772103
-26.15605631092584
-29.77324042515191
-24.507335415507733
-24.23663912724413
-26.098117941116385
-20.799877666480263
-26.985501960834952
-10.724065319068458
-21.262856789891188
-30.113607330723887
-26.032782213673617
-12.06252186719766
-20.114612790096366
-11.510035175518428
-13.528197319779736
-22.434275381403147
-18.40814549260812
-32.212681702953155
-22.71269316852375
-24.836644938635374
-26.468461663141106
-32.1203470292273
-34.66409863273368
-27.935882716507543
-30.86201198718541
-31.715772966923623
-29.84590521554697
-21.772359413679645
-21.435781023077467
-17.77884868761671
-24.115856102498057
-20.844722636331753
-23.40622438584756
-24.905067434278074
-28.605903660681953
-24.447289353180352
-23.486860805750126
-25.43165611663489
-14.070764241378875
-22.187398929671186
-29.484753170447384
-22.949728426657188
-22.878919057493
-20.08014052857302
-21.515483238780867
-21.64779589174295
-22.82690888532469
-26.134902774501334
-22.80655647626117
-25.52312726265484
-23.452368770966544
-26.583298116223595
-16.187177736663003
-22.805430588981793
-22.13290825598326
-26.95751449396665
-18.47610698641084
-23.824817616413213
-19.881300504537066
-23.040603065665657
-18.885087972325373
-30.056391626841055
-14.804507854544681
-22.08825041461919
-25.10430340723068
-21.79051826855415
-18.12165992358011
-21.228999404965798
-21.17504440991729
-23.19331567749644
-23.64110559733684
-18.679110811189844
-22.660590068054063
-20.970886169121897
-22.29038206714516
-19.252742080097562
-22.631316993843463
-15.17079246755997
-23.450785092709612
-25.451020354907776
-21.197834330318365
-21.749331878258126
-15.954893530522067
-21.478352141359544
-25.880862976248785
-12.039493349888488
-21.515512621676134
-24.663146112024908
-36.26462634557694
-32.842131576790024
-16.465884324259147
-22.373356171449785
-16.434642660769963
-24.182998882209297
-20.066665677964195
-23.824870724572413
-13.665240472825072
-21.347398995527186
-23.140409462778308
-22.474340101751444
-24.381117652739576
-23.496686468383146
-20.144476184417208
-20.854363882748604
-18.979396762654716
-17.77483147975317
-14.868113424653849
-9.883940310868468
-20.080024378817903
-8.3465242161916
-22.63405075704129
-17.289061445598673
-15.64387644951925
-26.59868494577389
-17.70975910525354
-20.412932226043978
-12.175791903948365
-14.416265151374798
-8.168814828769666
-20.720045425708058
-29.578911440467625
-25.426483932872525
-25.38460204099423
-24.63508626652882
-21.887174158924793
-15.441779066787863
-7.097140011427779
-21.572729241032143
-22.285262104472245
-19.598288412162383
-24.506667620163867
-23.22744527598777
-23.614784205339944
-17.4201902965759
-19.07257270722616
-35.21540876805271
-26.43273553207603
-24.525477078236648
-15.987926981213022
-20.803105149265875
-25.254862459189855
-23.605791333309437
-20.439045064822917
-23.895675785929647
-24.72484596075288
-20.22564724171277
-21.650451010120403
-25.223450226162264
-19.16102909889648
-21.982566741616466
-22.622037849623894
-28.080989189420787
-24.8125237420183
-16.039462042263033
-11.578689435155496
-10.939426932371443
-24.437444993740407
-17.063413098025453
-18.814758757666816
-19.569982906644153
-19.364423449325447
-23.355738141023167
-26.61354852624385
-18.874706193835234
-23.53837450728922
-21.10432459688235
-29.121288548449286
-21.849444984059478
-23.18888678392064
-18.388471270075502
-30.179269440366546
-20.89660279284083
-35.95259558760604
-23.88449052036072
-18.441068412512113
-18.70988852445257
-16.413181647443903
-24.113727018345585
-19.82795803777906
-23.88337768181534
-25.577793130998522
-19.966652806736228
-20.899810250689008
-28.692054607062254
-28.605923248532758
-21.064326748128526
-19.385408083920737
-19.30417719119706
-31.974811696171866
-14.921385165150266
-24.45124380951376
-20.482810170040885
-15.249422614592827
-25.244905444978073
-22.235949156539622
-20.035915537346238
-24.9580504818556
-15.729312711667582
-27.37346746012871
-22.34276430461731
-19.344068801729723
-16.897873841209694
-16.04444232308111
-26.601597054209307
-20.39982587467386
-27.853218573296914
-11.709723969174913
-9.430594614641791
-25.708494905070864
-28.467717773797354
-27.23504904889576
-25.781557862840483
-19.552803485780412
-13.834334982003305
-17.014163601165492
-19.2801060107103
-17.95041914704779
-23.977477204298864
-20.613921752289183
-22.392074604733637
-21.54110912831024
-13.409493546262645
-20.329204336903384
-19.694643586397596
-26.925196807449645
-27.280868863829227
-35.04459720343218
-28.683724930016382
-24.412592078226485
-22.62957604274439
-28.5834124903651
-18.5201910403714
-24.073288124808435
-27.00837496370143
-28.75805778882378
-15.075705297620502
-25.082459648891685
-25.790096736035782
-14.59165026616877
-26.766226583823006
-17.749042680160418
-18.19596203993995
-29.517966197035584
-23.657184974196987
-27.695765629742155
-27.747338893918126
-29.294814441821124
-32.40475469367528
-32.29719643846198
-30.92629404348556
-32.23929314071197
-35.91988372638787
-28.499536275453373
-18.06038452441723
-21.294629724729006
-26.524845028701602
-21.29489909487217
-20.061074890007966
-19.093033534047965
-24.815640147620982
-27.030992676323123
-13.099234042336796
-20.555155411012784
-19.08376538679102
-17.994407801110164
-23.81635348987538
-18.702103692922634
-31.750265277720544
-32.95418039877625
-27.733737133928855
-27.459099201298557
-22.76939612495464
-20.698407015788604
-28.365058052264054
-27.521912274231582
-25.927460541994193
-19.900425229207805
-25.627714481268242
-15.875821110052314
-21.196624881716595
-17.33116414051917
-17.33794514555572
-17.367166440551642
-20.955116849379692
-15.08109574098411
-15.84996608499565
-22.535647523689697
-20.009261898407544
-25.600536031620088
-5.842961438997804
-27.83947340558781
-28.538733042340034
-27.657955482182373
-27.02847923322485
-32.96076610588029
-18.375075740240156
-14.719328367394759
-28.68020300187606
-28.875910696457744
-32.63626490540386
-30.440847478613946
-30.74013719405452
-8.496593169832053
-25.186791532684083
-18.144126313321454
-13.609390148582765
-14.955863766412406
-26.25328791589878
-21.656970461701178
-22.55022299653188
-18.74690528028382
-24.150980637208022
-18.116051327537306
-17.708103726276097
-36.39575634162156
-27.057094714485057
-24.148508891265212
-29.604320558679266
-22.764420922660307
-12.95633734389823
-21.158697810933354
-32.96397355936231
-29.793174495870826
-29.662173084091542
-28.4505024024052
-28.47402029535496
-29.86815283141997
-24.617806418509943
-25.064560887170927
-20.664592543208087
-20.752082560085213
-19.996834770235594
-15.521367357460683
-21.723575488140455
-15.79335481972658
-20.173661486610346
-25.446828513726484
-20.929546390716112
-23.0457029450793
-23.241176133696136
-8.40934927366375
-19.52203439455376
-14.871805984705908
-37.781141128807725
-25.602751648482595
-31.258384502505685
-11.804495910930836
-32.640120110853815
-25.204203515291237
-33.86419512370739
-20.815325179006635
-25.85852963569434
-26.10201094223229
-32.90081855731836
-25.203995125446
-22.050802804170388
-29.981905138288283
-21.48303711632922
-28.360475923685627
-23.42238162018993
-26.674053886257248
-23.289301939664753
-25.763014643723004
-22.05068794435661
-19.89593633551312
-23.194062055968796
-24.063476968918927
-16.83389885388899
-23.353140928059553
-19.010202672716296
-13.858870476406867
-12.541025269620128
-25.5284760603548
-27.4926734452836
-20.669546540887517
-23.63279619773038
-23.297087819820113
-31.185564188803916
-29.68438941985646
-35.21935443179218
-36.36241920189141
-34.36730182157273
-31.109602908132985
-29.145934556251298
-16.222837504664877
-29.233615113631082
-23.365405647894775
-21.707510773662843
-24.797444543426764
-22.60754376379294
-29.990437593228744
-27.2755935372814
-33.48104479306805
-22.233025509543612
-27.64048153692717
-32.16202449443744
-21.71959671927919
-28.630627474474615
-18.180855390418753
-35.09249429298208
-26.93101030306452
-29.296746687485197
-28.735923632845275
-30.875989310317614
-22.521498537068958
-22.284155101193523
-30.609585724487772
-19.413491715767165
-21.746395169188105
-26.518510251779702
-19.68234631826327
-28.739541052611436
-34.612731371923964
-21.38108550020396
-27.584473878474178
-15.418822848135125
-23.136631792546005
-34.951823395328724
-23.60983199235116
-24.843198761751907
-30.756592044599003
-31.80894399226842
-20.472756559202246
-23.817477518104305
-27.078224283392963
-13.219431127259643
-26.637716257523522
-19.949131169978617
-26.650221752980148
-18.28260207055039
-27.06014545486851
-20.128739080847865
-31.689953657366615
-22.92324016861005
-34.894590648575196
-28.221856170756915
-28.231246707188518
-11.141691575434493
-20.02075808280263
-12.411581697736288
-30.23267808494306
-14.227919784658813
-28.00818985569466
-5.993385025905429
-18.27617042997057
-30.054213692875265
-13.800959373566005
-21.487395345701486
-31.012173795792286
-29.629214960835647
-27.618615003409985
-29.36703631682815
-33.33599944224753
-20.4687255520885
-21.37416279527085
-26.421646869155104
-10.888688484091315
-17.12655191427975
-23.55895009064401
-23.208975820937837
-34.66367116300835
-23.786417081512543
-14.398692067343047
-34.66148066243769
-20.601391266194902
-22.755583280957136
-19.144306905761276
-23.048345809796615
-16.14716159311478
-26.673595110529494
-21.252569514313002
-22.32990546089824
-21.141560965126185
-21.512743285036656
-19.52163340677392
-16.526759130190456
-25.592400138192097
-17.4298385730767
-21.91098198805081
-25.90851746192031
-20.220081704720823
-32.14362393731609
-21.596781452968507
-26.33924554424256
-21.677475419153645
-23.327960165042654
-24.7923155094923
-24.086905879236088
-28.191122287601328
-27.087878648665008
-25.08255505628765
-21.625733989354778
-17.50249051788041
-34.43980985976928
-27.651395985225015
-21.867626839723975
-24.479849742228453
-24.86275494016607
-17.40420490492704
-22.682839814137736
-30.19220191825177
-31.25608883871893
-32.27204350024206
-17.49158523279535
-28.995991799422537
-26.11956524729239
-16.06701102242881
-24.67640241555977
-17.03386026493454
-27.474314791780458
-28.011438433332643
-23.7475905150225
-26.425132771710977
-27.615091513093986
-19.39849875926207
-10.871034738296203
-12.03897606694246
-18.905206281971537
-16.25476870072029
-18.757290724813487
-20.295364149515322
-25.907637375317186
-18.789947674162747
-28.73952794428072
-19.628424719262583
-25.459019066987487
-20.945527383747077
-23.072071789091975
-22.058735727238272
-17.36732593334679
-25.30633710311312
-14.99346766229743
-17.438886458522287
-19.362485777631765
-15.255006699529382
-20.349793979167558
-12.99893392904492
-19.735433411250447
-21.672538119412586
-21.40886096126765
-25.836051082683966
-24.725065834355085
-23.865413103491214
-25.573037370624007
-25.822955436058862
-19.204586151871116
-27.531081785304206
-27.634242907899928
-17.228520002255692
-18.772822123352867
-24.002828413784215
-18.76127106710944
-26.46454897726747
-17.035975806498975
-23.06371405868518
-35.68588280408823
-31.0803514063631
-21.502775191069823
-21.265306021974062
-22.343865275016967
-20.048095683547565
-23.430955857528716
-20.276268802798924
-24.564635351111598
-29.185738201749075
-17.6538236645453
-13.377874278001336
-17.98073890754234
-23.40638741217235
-22.905317531431564
-30.36092645216184
-19.179539940278957
-24.634154854337332
-26.05039274979925
-24.60531368283003
-30.305181542695315
-30.631736934073707
-34.067674194256185
-30.104883251001944
-23.009803559972354
-22.068921926145833
-16.144719657895195
-19.599374366131933
-29.75034554799869
-18.24346685862401
-26.33645152890177
-17.2752045194652
-21.186945020532022
-24.115370003944754
-22.292204247682598
-22.35915810850217
-25.139745442416746
-21.607411309915136
-24.011707055619134
-22.483066828448038
-25.79290713066642
-20.50932931954421
-19.27242837760486
-29.582779756138663
-19.517648900570222
-23.303418920827802
-30.491630551083887
-24.652056924992554
-27.053262680869757
-24.480428308072533
-18.2379919707559
-21.83122393676269
-14.83899568589954
-7.219374031769114
-33.56901289056777
-28.34634561843533
-26.185297910174945
-20.965513897514334
-21.469343066147516
-15.82217128312043
-16.42170289934721
-23.040321775078787
-23.55190861525034
-27.675452439207568
-29.605077640492937
-33.791796063816044
-25.871157904218897
-25.069372405244046
-16.507394074600366
-29.982266018853018
-33.21988754167423
-25.698902403001867
-31.645033482444234
-27.326881965739428
-34.33891331585045
-23.254547576343477
-14.578720927297407
-30.01677309993731
-20.494930464024375
-31.905553099103
-18.78401801000556
-27.892240970180737
-17.36410669774736
-13.292311838394994
-24.326991698911108
-15.125267107061866
-28.965990676939477
-23.951966757340536
-15.845188870675017
-26.326689807396214
-19.26158438502901
-26.58800536809584
-23.52088285997188
-22.30311547607674
-20.895038882761398
-27.52363977561304
-21.07004485081746
-17.505445364097675
-19.32521203524881
-26.042167320692116
-34.13588697419717
-28.457300628544928
-34.35415928096844
-28.771788851521727
-31.310362584370345
-23.942966498671495
-25.35806330067494
-21.902935916416936
-17.112888169496458
-30.48354054161001
-21.37530529984821
-31.92211761772252
-27.06915313894386
-26.984387392927545
-33.55184248093776
-19.22712314881045
-28.408280923878685
-24.30052283916128
-24.109221252733793
-20.805312561994423
-24.283333751664117
-22.178557620790066
-17.611964897103157
-27.94716299604792
-21.514575512673044
-14.05173998991306
-23.30079627576334
-14.67930698450177
-19.278987906628583
-14.88917985057338
-22.339573062760856
-20.647999393823497
-25.035806757923133
-10.931640758212678
-22.313198185645167
-20.28760622546072
-21.10916549787373
-20.139210930519823
-16.58969409794918
-25.902163980966254
-26.299264600292773
-21.515136453773565
-35.51431997727385
-28.194658560778088
-28.53187198062825
-16.88777144830007
-28.038450430862646
-35.92874887187708
-10.007861966502075
-20.615449104899863
-25.3977849012176
-30.47011027656376
-26.561106707843134
-20.584203741722494
-27.9095392204029
-20.62552083285114
-28.857489295884243
-28.741661287981692
-21.34345656460083
-26.59132480543343
-33.92229469445335
-25.31921590265729
-13.810995653856466
-21.180993032816545
-21.596782787757224
-36.731952845584125
-31.385012946283833
-29.30617555160352
-20.433138501242688
-22.177539455779755
-17.371765917815395
-22.040704779741237
-31.129653502736257
-34.42547219838989
-31.688033148613194
-20.423255929466023
-26.458530100050076
-21.390306479724053
-32.48388578194292
-20.909849959768533
-15.690245511932602
-20.387542487854127
-25.613145315823495
-22.497702026868776
-21.35039034992244
-11.595779520627534
-19.83659999730516
-29.080963999267755
-23.36169041755285
-17.661529139235377
-21.111805982178915
-17.725236653232948
-16.224346986715155
-25.98823517723432
-27.437131230827717
-31.108445095926758
-35.101110654907714
-33.64297005110608
-27.534304012464776
-33.48454985709899
-30.60861640844021
-27.128548548427855
-21.28603941899183
-20.237596591326994
-39.883988516574014
-27.2443295379816
-18.646631584394076
-29.521040846725423
-21.803410177040217
-25.57864129681751
-22.086595898838432
-30.907254184887574
-27.240010954981148
-14.943662613159553
-22.93143047681353
-25.46812243034448
-18.982065733687293
-19.461007451354998
-21.46108918798552
-25.45475892531544
-22.32901487004836
-30.484904725366572
-24.44776529110654
-32.66446504663767
-31.706741105417123
-35.13328265728248
-31.55275675516079
-39.926658409576774
-26.44486060935346
-30.646160336117195
-37.553174462798346
-23.33856345849242
-34.236886046220114
-17.67788945121675
-19.853056950226588
-18.24309938192968
-17.051873396111276
-27.737954843755894
-18.859848153874438
-19.010636529659187
-19.208263862588154
-25.75192284009899
-27.328189232434077
-26.18849036762052
-24.090423116894016
-31.93519996969384
-19.583579756984463
-26.922659516265014
-25.20242020621015
-26.759255202276876
-29.555469586038875
-26.93248485969318
-15.50723667879705
-21.943033988760952
-28.27402009821139
-30.316385536830587
-25.815475819151413
-28.143613054664844
-20.975144724001435
-28.880436142694894
-32.34505728713553
-29.466898625537958
-23.892417669975025
-28.824376001865748
-30.40535674096749
-28.36883351928034
-21.98173715026634
-18.374495889655186
-32.215490974482165
-22.322197481616158
-19.334665279660697
-42.34968608086265
-19.30472966031491
-34.11860437952427
-26.669035998717934
-24.21255289693057
-17.459745535997378
-33.98843778800291
-26.926361585884926
-17.33015802018898
-27.650102619705287
-19.2574397927143
-25.619073710176465
-13.3147694550184
-18.196065513375217
-26.15727267645334
-20.945273734578038
-18.235811804867105
-28.194389220417843
-22.580043736460727
-24.572108455830453
-21.600763928669014
-32.68552516100384
-26.16868190324403
-16.775137082022116
-31.8084156096089
-26.33160779443196
-38.05536358456213
-25.93396471901224
-23.49001157454957
-26.644194399131273
-30.026418579390235
-17.41974459323511
-23.87280270398532
-17.392221577617605
-4.903376905155849
-25.36464804537613
-20.658714731350408
-24.362822938313137
-17.478283698467436
-10.431120130668923
-15.60097969287498
-23.376688954754748
-26.529396728163974
-24.759426114044544
-23.3748481901614
-27.685923522834777
-13.932673736502526
-26.99061269769961
-36.22075700916984
-13.79573693783988
-26.479049152665418
-28.316380859508897
-19.096858725910828
-20.484364266545953
-17.60327669284625
-24.223199483195838
-22.830841958895466
-29.366592352620444
-15.960405724737782
-14.22858196966271
-22.188944879145446
-25.8632027077571
-17.347616366375803
-27.77568821931268
-26.639075878625512
-23.79202821071913
-25.42268277783957
-38.68123479390145
-27.788955943396974
-15.717782833894546
-35.26661198538529
-25.97668848400724
-26.30968681939064
-21.04182013389422
-25.54889526977555
-14.442259236165796
-19.68495415032121
-26.022328905219208
-25.824816608383315
-33.046944639274365
-27.905370126453356
-23.052535225734474
-22.946492105560367
-25.05557338261531
-23.91456695096865
-28.192586157466614
-34.84091579298714
-33.908412570612676
-22.305645224730704
-23.238761423895994
-17.888564298838396
-16.904935137423507
-20.98982078828719
-13.71079891598622
-11.759070499887855
-26.237783447348065
-40.79930399605991
-20.124734095797464
-22.281506783685522
-31.716402151837393
-29.05599413381077
-34.761030699434116
-24.858485255954314
-26.866634287499302
-32.138879738647425
-30.02019149736133
-26.652047779641975
-32.075233862439184
-26.14438437749211
-33.761084028221475
-21.6071680531715
-23.530385084366184
-22.279425097261566
-19.3762295184261
-19.899538393281667
-26.046332893254224
-17.278493454645567
-14.882081617825737
-22.47364461471671
-18.2315566345346
-19.17842560189517
-25.43519297314139
-25.384421569355016
-11.986989467838704
-30.694404643703237
-5.095702415561064
-14.234712254687516
-11.186981872977515
-22.566337320678556
-20.369400073955774
-27.84665126733615
-24.76107936250505
-23.752840798948462
-22.061195490635733
-14.769412314204132
-17.87352515331813
-14.693194639867968
-16.878350439320798
-20.6888131702606
-24.13416359818506
-16.447917939968313
-15.36631934087091
-10.224057566517835
-32.50226973629014
-29.125553601253117
-24.330948398184837
-28.073555467813783
-26.065084501558864
-26.711318985832072
-24.331013680698142
-24.137226687784825
-21.139377446291377
-27.865247189728763
-19.010153397504503
-24.51507677556356
-23.917969424971666
-26.60060571113261
-33.07490494279909
-23.4303493543527
-19.93197600806395
-21.600962585109585
-26.238791278194583
-30.67226148217557
-29.97655817350929
-25.39847984986222
-23.923728552717428
-29.948967619430483
-32.15082751977505
-23.714959327584243
-22.700702229034235
-27.970004291069305
-25.3127643450902
-22.638948104252528
-22.734540952876237
-25.725839360693165
-28.202204529576264
-23.313118935883644
-21.25364366748171
-25.465151682533076
-19.12547237969791
-30.468444832594628
-28.595897415904147
-31.649998940213038
-24.495284218907187
-36.703274371844465
-34.7103760955213
-33.72850794530693
-31.005931481895377
-36.9741201742328
-26.27483545179487
-22.054141314623724
-22.497076008405557
-20.346900453231648
-12.625236426965506
-20.169390734726008
-23.158392648993974
-30.481913057027015
-36.027815028437026
-36.268449309671226
-24.704874770859846
-15.790488506617569
-22.18781842106321
-22.421014904558852
-18.057935425367873
-22.768815897321375
-33.709650323731935
-18.944589971123236
-23.75437685420646
-20.507579731575184
-21.92461777656179
-18.950653398379565
-25.025893224569707
-19.861783379648756
-24.196390059542075
-23.733298336534787
-19.905212293019797
-26.391224669963993
-18.69442158913505
-27.691313060254856
-20.2348656458854
-26.04485179784819
-20.078212615018646
-25.82124702202374
-21.78143264091802
-34.20277300828852
-31.09034802624671
-35.64484437259573
-29.817129750772835
-22.979064583279587
-15.059454570636106
-19.69923263712396
-23.3681598407236
-39.174578356429606
-26.355269963221083
-17.791824774989504
-20.59289249062752
-31.654997494458094
-26.467935140090063
-23.302211728800337
-16.061273861339437
-22.596845560484848
-24.199829626651656
-17.621408924442004
-18.648328397560512
-39.056810389390826
-32.68004368337012
-29.575644864785737
-27.944905303937865
-29.495506129953153
-36.92995743513082
-16.05125836691199
-19.375577027163192
-33.5859257990155
-14.879416219275257
-21.30035339706707
-22.886434388556573
-30.049586617415805
-28.66349843113599
-19.275709425160255
-22.582599721509126
-27.041317959505164
-18.244063403470882
-36.882231499399545
-18.39229041462469
-29.123639739051026
-31.753560966761043
-20.508513797356024
-20.671870080565974
-16.244918310331865
-22.526663531590824
-15.961220720967546
-21.32199010274903
-19.52373101964775
-11.147153326678211
-29.876108343829117
-20.42101775832047
-20.42428349915607
-23.892203278449998
-20.370642680187686
-19.822933338501322
-21.21840478303556
-26.624563471464185
-21.166702492580924
-27.789493438886453
-23.695523023806885
-22.83709206016741
-23.563504070701892
-27.84693570355062
-31.196016172244498
-24.578002839245308
-25.491996315347187
-25.26448833633598
-22.397044754490434
-41.54889438243262
-25.883663182240856
-33.07638134352515
-28.050408848628123
-25.17996215484356
-33.62510066148031
-31.2578371007764
-18.449900410688038
-20.94793173969807
-23.006473726772636
-26.29529548546383
-21.386504038021833
-28.358789255437294
-21.519166536390173
-16.285013361198637
-25.296479039559962
-23.261481369252785
-25.579435270101097
-19.250748054489275
-18.42204425181165
-22.857169873472422
-21.577022794759593
-19.946223417905447
-27.91262112556519
-34.75763474574316
-25.53698708233781
-29.45346177578712
-25.59812254992591
-24.388334745112832
-19.4531380562104
-23.646493126096995
-25.38632553113478
-27.312898663293215
-25.34943969410257
-28.378412959794623
-27.21977373659982
-21.047100721992585
-24.958498719612788
-30.736256580512645
-25.185800364651374
-22.720213507253142
-23.12781914953326
-14.462061706113099
-28.011449387612167
-21.81031486805687
-26.75628669862674
-17.992567728673684
-19.138226134908685
-23.010909868710723
-29.778028445856226
-34.843189542720054
-24.112077118635895
-26.506585959138192
-22.128803841838703
-26.63329818917775
-29.29813068532982
-23.525231414405248
-29.243304554272818
-23.927998870967336
-18.03054684740624
-17.65539413332116
-24.202693849708364
-23.16740481067423
-28.53241020738559
-23.68014851532026
-16.980607288896504
-25.15358719439518
-20.220093841906927
-21.552767007632664
-19.641339722728844
-22.226215197702587
-22.650874746514436
-19.832456370111423
-22.611478082589652
-18.18015203621734
-22.396896965988326
-23.201110527533622
-22.76982225045765
-21.064337046704487
-18.970970323579245
-22.457297694630192
-23.570691057998136
-28.436449788031865
-26.015249633073395
-20.65807303810187
-22.787938705687942
-29.799134248531335
-19.974130697721147
-22.87975007836399
-21.08014186674525
-24.88707721370725
-20.12766171720743
-17.29613242377892
-19.42477903993533
-26.450450729267548
-20.410818382350136
-28.301263051764433
-26.74610142275568
-14.861022690964099
-16.987311948455563
-19.65646235188332
-8.086999091117463
-6.857870366982903
-34.909317829586634
-25.725396237724322
-18.951082386172303
-26.11260484513432
-31.797078384682592
-31.261032304654314
-26.91670430598945
-21.375722304502336
-34.57960025611348
-24.91315244831454
-23.910651826586218
-25.555837369646635
-21.260397706451972
-31.113614411779402
-34.740261275422455
-30.653516259443645
-29.14725408649283
-20.149748486983754
-33.178136934708704
-18.851629220802486
-27.15932824812894
-12.444462620855067
-22.645607274820946
-15.368810166821973
-24.209771682146297
-18.76332018012301
-13.583205721024022
-18.495000357410014
-21.24784715462978
-21.168235651747707
-23.79043921534209
-23.303450260252582
-22.51671914343168
-17.852604496273706
-17.288105140660022
-19.436387438743424
-11.812250747708525
-15.654013225437367
-20.09090671485193
-11.140557718378691
-17.494372936242602
-17.07601092376091
-15.710900759040491
-27.664012253730288
-16.483083124700414
-16.630636545552157
-21.72317432906557
-23.661969155481444
-23.258143019456956
-15.166803377444502
-13.249247249086551
-17.32413760204825
-15.299533354450404
-27.61474626801113
-26.981760956516013
-24.993736242427126
-22.704692531467305
-16.12166812153099
-32.78711639142199
-22.488464383287578
-22.75692535068307
-19.525178969721892
-18.525690121935824
-26.347060165785855
-24.806722403202535
-29.785701424325495
-18.67028303114227
-21.765392667283276
-30.491835965451767
-29.305362536542056
-15.548888644393443
-22.086059938556865
-18.6183821156922
-31.3401884072063
-15.269617927891833
-21.902625308916004
-19.951403603419475
-12.439273164640305
-17.963950186135484
-21.229818010901507
-27.799089336636612
-23.277440037901147
-18.55345803695182
-26.800045203962217
-25.66058120294072
-22.19911370110305
-24.41539892197298
-27.775149644427856
-27.33073483770547
-20.78139996833559
-13.15824918468945
-22.883280595060814
-22.808228244624157
-26.018891986475754
-18.334602953669847
-25.690903390631114
-16.71357796793174
-20.075512847628893
-28.196738784588845
-24.582109278342053
-28.14466347871531
-11.05804324122423
-25.570667718761964
-24.505486553519898
-34.965121433188585
-31.2486262376557
-31.80534263093667
-18.42048943249536
-28.313035040991664
-19.832706930863345
-21.044007090469513
-22.465764828431873
-17.823538250005367
-26.92021439673144
-19.185749551742468
-15.263027196113296
-29.848311643856476
-29.886680234074483
-33.859919848382845
-34.749585277851374
-25.909365495608363
-23.95379419724538
-32.153578931766575
-21.898798179653912
-22.719894577781368
-21.37291548693585
-22.756848898793343
-25.96164906835118
-21.653334641242864
-23.196991274036627
-23.13126661903701
-21.0744993680492
-24.168011347222645
-39.45086485896113
-21.137366831020294
-28.128144529980204
-30.871250391238696
-24.19278786689073
-25.99730115828732
-16.97170113759651
-25.100675326357944
-13.177092505543698
-23.782961928299713
-19.514560810493094
-26.915073765365314
-28.340562285977647
-32.6468669885363
-21.949226164781685
-27.88661112878974
-35.003194445405136
-17.86384385755978
-19.925807449998615
-17.125111330556045
-24.45151621631853
-10.478046093491177
-32.62105619284192
-22.35444692926307
-8.882183824467454
-19.783669857202902
-21.87957843604233
-26.423098880522907
-21.339584356843524
-21.175622169570318
-22.867420923409753
-20.410656049087507
-26.385940224727875
-22.667220893065696
-26.204388640689395
-25.49941320774022
-25.74098463393232
-23.769632019348364
-24.075200209815275
-21.96661034111508
-27.815314516471815
-21.524818515139195
-29.972907335046784
-30.703329863559603
-26.591119972887192
-33.79042252608765
-26.53299594721257
-20.95951308515957
-24.734272484286286
-21.466984890473633
-18.960621045508844
-21.587047878811433
-19.949746246122317
-32.228528676563045
-39.71847263199585
-25.0616991992332
-19.524768694840724
-20.99122866647631
-27.57532710467489
-30.67792928045678
-26.11377865128773
-18.174021204899212
-17.923081494980643
-26.32779445544592
-16.920318622367706
-15.169442779289252
-21.43063265322389
-15.686135520821225
-23.952530885618536
-9.616503948973616
-25.928161122710335
-24.578802067481426
-26.926070943429984
-23.72577242158765
-25.354756274173923
-20.267303690034073
-20.632150880453164
-25.21716104576107
-25.21722930576868
-22.3202311848816
-22.236067932169064
-11.711247415353167
-26.40435696088396
-23.702208360144656
-23.960932426362984
-26.064267849443716
-27.227655246638086
-26.328452390236816
-25.341426920469388
-28.703670019164836
-28.027653446094952
-25.48865699354711
-25.252931121824464
-26.457629037303562
-26.722450095546087
-23.991511283629606
-26.35759375265676
-22.68932627511459
-17.759253869554655
-13.871416411289005
-17.197537886628353
-30.94969439529477
-24.374085361604926
-26.414778387982892
-27.165284092413415
-24.626251843487005
-35.12327517930472
-33.036038315567325
-27.125595692430128
-30.357217664121528
-20.91724501544011
-28.314973498923827
-34.76727746669456
-28.144130066641964
-27.860410002647306
-24.95130650527996
-20.144096702898523
-30.29338361462805
-33.33728532952831
-24.131711934599526
-28.560386072165574
-23.954722171369045
-26.57144753756418
-24.029207454697342
-23.41707264614332
-19.881262378396798
-22.43624660545863
-18.154957929082446
-19.656789952127323
-18.990180917437755
-24.913041163757804
-21.47220119066921
-21.42646607690118
-23.145499651913582
-25.413890678873884
-33.97981692366345
-20.587330184147834
-21.322985115987134
-24.745479472879204
-20.015017697333235
-32.43843493747562
-14.598780128122925
-18.19750604007359
-19.1257378277654
-3.5069760838631012
-22.35285630715166
-29.93634527052579
-25.062929380104002
-27.288918053115246
-14.839587388855307
-23.48828156320201
-12.666434716111297
-14.174532105646819
-18.57750801387946
-19.80220437378579
-25.043074242424044
-16.41076321502817
-27.823481383549417
-25.595136782069652
-17.567280415496477
-32.19222651907812
-15.389963928032913
-22.015076617708964
-16.945043868614086
-13.123869097637321
-27.049974077381755
-21.026571542124984
-17.994846450713865
-26.846091192932484
-32.45811071614752
-29.508535213400435
-30.769215710043362
-25.96304301931065
-15.032616244275488
-27.905986620150244
-27.72903845814234
-32.491628365829726
-32.00214788127991
-27.30028806927448
-24.580633748138673
-35.39257664094659
-25.642211301291745
-23.93413575856041
-27.797465011206217
-25.43185799194695
-41.10219352838769
-21.748806352179805
-24.374040258516377
-23.274144658919127
-23.910421703409845
-18.805319451674276
-29.84196881631111
-17.94873984270034
-19.960304035632312
-13.582791179298063
-20.6769643424659
-20.947470515990723
-21.502703626955068
-17.517140968049954
-22.747537607647452
-29.591056614118486
-34.08573891723919
-30.210972589162935
-26.871343597419923
-22.630496824175257
-20.54640728818404
-19.24692743673113
-23.319860727257563
-28.73421553902424
-35.20562295798659
-25.91068670135191
-26.249182678432106
-23.848875570272583
-26.46163255177909
-23.64484343133841
-24.107801073288236
-26.604368937603656
-28.11460051697673
-24.752604595100667
-42.00755544635162
-26.46243208301094
-20.3565615848249
-25.353237360106007
-15.734373515357369
-22.28414544703457
-24.738614130625443
-24.354683709134846
-31.038329088042175
-32.184859408207785
-33.22844227595213
-28.40403250401595
-30.13902976671514
-27.206352311477744
-23.07707467595734
-23.950922306540157
-16.271860451499954
-23.8389287779395
-22.156035664293512
-29.2612578234027
-19.96158579310878
-22.530270013057994
-23.91212357609981
-21.389031458539222
-17.660034917442935
-18.220281975821706
-15.453028609740045
-21.996113315251655
-31.47777326537667
-27.6580356724889
-24.160310546728482
-19.447032115541894
-30.206054759789808
-36.74846200892085
-26.572689619778586
-25.721105495855163
-22.2444925321986
-25.99229337900104
-15.33615476944967
-15.936387418919388
-26.3791459190168
-21.634671261547844
-25.432806164681004
-23.95020784268931
-26.014705004826403
-21.99102379457417
-26.745141303268312
-21.290543757260366
-24.782839618349534
-26.859110249824514
-12.597813666671229
-18.211625204665335
-24.89494160503476
-17.54174802007774
-29.308906731216553
-26.56423365710051
-21.830398539690187
-26.66335387266536
-29.37100555561465
-32.12601819797711
-25.12758830368098
-35.82854398616733
-28.761204546606173
-25.66373159433396
-8.739505694327118
-23.07253763125898
-30.246450775881975
-31.121364512336356
-30.21526930565019
-32.6748870419633
-34.683738587558665
-27.493733632697335
-32.535174556753475
-19.070414420185756
-18.21115094410488
-23.274041183918115
-28.936954727387217
-30.943190476001433
-18.346624114409444
-27.740720778287958
-22.94049133198035
-21.269734091611294
-24.477103319596953
-20.42687957867119
-33.903663188753214
-33.43913917919646
-17.79778581289746
-21.936052588750606
-23.62170999740833
-32.45432134519315
-29.139789812157534
-31.248030161561715
-26.89886705880187
-19.927062000575518
-20.45741381895094
-20.171017124443765
-18.3937782913817
-29.82611331574204
-34.359596899379596
-14.470133299610126
-12.955781312810153
-31.080044979837638
-12.120311975602428
-27.22946832463252
-16.70973309553291
-21.247336176377196
-15.614514375225445
-15.585342718466016
-20.013208970888783
-26.495688820152505
-25.263386463049272
-29.874078750205275
-24.114472061997507
-33.18519762154742
-22.553821280414066
-17.0897331719846
-25.768133543790874
-15.73408727548479
-35.23583452019755
-22.695247142896456
-24.317072932145635
-29.66198135393732
-26.2487673165749
-18.754538063307642
-25.880736766104636
-24.37059849332796
-26.214110857347944
-22.8961455463144
-31.44396231476577
-32.69799013321554
-28.85837827841021
-31.082655212076403
-23.062993738162213
-23.668932972706077
-9.681766273530869
-19.97450129537933
-21.033518794104605
-25.751096237567644
-24.128306593952637
-24.847180435457567
-17.419431986833047
-24.820088000001668
-27.621291883061716
-26.88225028134352
-30.289458480945115
-23.491520671406647
-30.131771321970795
-27.303007688628966
-21.376068415887243
-23.58426594564072
-24.59018720898341
-21.639784390270336
-14.48996457473271
-22.147199666629973
-18.508046684027377
-26.97307875571385
-28.878269194723664
-28.681356372226176
-28.143995544479893
-23.23576412601416
-20.38344740914311
-36.43959129245793
-33.000789585009066
-20.546265426505506
-28.620850070039126
-26.40106924846536
-21.225118425381815
-24.788979747708012
-17.80675676115736
-18.62788238713602
-25.97794559769993
-17.58036173280911
-26.488260660107827
-24.85843945752582
-13.374696117916628
-19.075918548502706
-27.537657661463122
-11.385074913674927
-16.80502608637228
-18.301959489017783
-24.358643213444367
-19.92040071021971
-30.324723224670105
-38.24679543667507
-22.702409952273392
-14.002918668496392
-23.320958032811042
-22.300392054138236
-28.262563303867612
-21.83334008129286
-21.357785254821493
-23.717622257165054
-19.662662194551643
-24.206909901509302
-31.57428011854887
-15.916404353809092
-14.127533454871205
-24.141758283648592
-21.01897720968178
-21.294047785617032
-17.356860295530183
-21.269569085202477
-18.492280073132733
-20.716773238473827
-16.495139512590782
-15.544238255116426
-21.271583014041333
-30.055080573169725
-22.025309202682998
-20.132224938370747
-18.8818178972976
-20.677480333302327
-21.554555761960103
-27.694497743737525
-29.754411776321927
-30.265189985833132
-23.485315803652412
-29.17657540022337
-30.47952784076248
-27.46853981278575
-25.08873384128613
-21.092774056250047
-19.194471708617215
-22.818180733671014
-29.001096657553468
-21.051446870518703
-13.896681773673947
-20.9921927993254
-26.29965142506056
-33.816480176558976
-35.750243180437735
-31.31926474757221
-32.535116499148735
-20.3176481562538
-19.895834134391016
-30.725321047966347
-26.631562077153127
-25.03255591687695
-22.784967281279425
-26.64567799533755
-29.58673889400921
-35.84781014238606
-26.210793829154643
-33.44921039370505
-38.241393542413526
-21.59465514061728
-20.34678519732269
-20.82223411662477
-25.46732678183762
-20.806134573317536
-27.851215777658496
-28.645998872360025
-18.019373463632625
-23.303143520291528
-28.606610317727817
-25.26944164592617
-32.977432021143414
-21.589255743524937
-17.369479332869858
-20.357249331566614
-25.96303836565179
-23.61164099753556
-25.880333229692233
-18.496486203842966
-21.79191244159947
-22.71679251375179
-29.6453212036428
-23.78632967215115
-19.823695950581303
-29.67401074005071
-13.213461318209852
-18.488000862089844
-23.84206423001944
-25.853940191129453
-31.576794919388565
-20.998389948080582
-17.41468861514329
-18.857595242296306
-28.659504888683607
-24.96496069549308
-26.00161720880632
-27.364918471711533
-24.17485362735633
-35.11361998060559
-31.422444896337588
-26.929690121526754
-20.145247683755905
-21.580854451643937
-31.021553513044395
-30.227078479765694
-21.344705566136255
-24.161079117365773
-17.48702414212886
-21.95879791736307
-20.23623382607702
-23.378823894486427
-17.94643426083956
-29.78182738302823
-25.96819341626508
-24.083066011850832
-29.574774453569404
-17.004089734592235
-21.472319451434366
-24.117725458402234
-20.07847973420365
-33.700791479621124
-28.138851933360826
-25.426672577206098
-22.200549091993857
-27.472484144216793
-22.959224173022243
-20.7619385807126
-34.14715597709546
-17.974897765251313
-26.66893808380044
-18.884183373507383
-31.303431378735574
-25.813710998117052
-14.909880738139613
-15.718739104054563
-35.52602831263428
-18.065786679351525
-21.485761355697598
-18.197336840663297
-18.61158591613092
-18.394809875597346
-23.29400588331589
-22.022157480508852
-24.14724883025883
-23.551575394199176
-22.293535865830236
-27.047805898896215
-31.63142181878917
-17.307308801941577
-17.302826238193784
-21.33644834812076
-16.753989195659912
-24.411877052447736
-17.25619049706883
-18.85291154878496
-6.4740631114946225
-19.58191767971696
-19.992511592251493
-20.86865961519412
-23.280929518314913
-29.310858168198454
-20.070869090005527
-37.097266775933115
-31.251854248331473
-33.44680574790824
-35.53059238827724
-27.513088497251402
-15.884181140829597
-17.973199755225608
-30.58860626022654
-9.415932388400671
-19.658023540353767
-20.268904102679876
-31.057065670269928
-23.22423917075175
-17.375332734107637
-25.79488773847228
-21.693143373759572
-15.741492519172798
-19.668226156181294
-18.915270119177116
-25.512093949198444
-8.400344786510122
-16.272775506864555
-14.82068004128833
-20.732248765549027
-20.216411901365547
-23.76930031973704
-19.891208428999178
-22.74501311761648
-14.26693866401786
-23.756669870309647
-18.158856690240338
-20.41649527477777
