-15.353697202544097
-8.546848155917019
-14.019735908918179
-22.8475578361829
-12.341907540146707
-20.90788307378118
-14.308022124080459
-20.161639370517804
-30.107745854210535
-34.797577219249426
-17.89731624417038
-14.472609116526044
-26.61988558244444
-9.15710187174949
-12.64309788975588
-8.7937651137159
-17.897372530022974
-17.69343459633724
-6.764813563110076
-26.07042391630644
-16.021024536268882
-26.83124790866445
-22.567284951590054
-20.99317179641696
-23.87203077864062
-21.720347369628385
-22.819607866793824
-25.07437295151822
-20.929270168832524
-27.43112183989828
-13.438945323477
-30.978612647117785
-17.284782031306626
-26.42967126433811
-16.229060932222957
-20.43185863940498
-20.035367410204493
-27.561630296478356
-14.919330129987564
-16.50894367246073
-14.55717229043654
-25.75606218349091
-28.60539934347605
-16.335126998536918
-14.814307318038303
-14.244146909590334
-21.6881840421613
-26.11192347277585
-23.94370381385093
-29.428592322120714
-29.074259415406402
-18.846551116436824
-34.15392794404728
-21.87874219976566
-31.04697581325228
-33.692510744859874
-35.460109694190265
-18.958693216873787
-22.738765405684617
-22.24453452580613
-17.472570955734696
-20.755744629511824
-16.51627996565058
-16.276230892749346
-17.203282019795157
-10.708886027172415
-18.37876532507012
-22.91640155896362
-28.950249506838222
-25.416868319765005
-24.08538925579272
-24.62884289084464
-24.793740614956647
-11.941768040951729
-19.273006076904302
-16.29581573246197
-19.818299642866453
-17.135143700620844
-17.323757945105974
-9.758533416882422
-14.90440429892826
-22.805428522981448
-13.745658027709183
-16.56732253349403
-15.673172589066759
-4.706602603128353
-9.209927657453399
-19.53794862526219
-18.796139487867947
-22.82115130851048
-17.856553713412133
-17.064552478891407
-18.128118340996323
-27.264175437362063
-9.274107785047008
-15.55287315651396
-13.859106901670316
-22.70346085789167
-24.366770720639565
-19.095779116804778
-16.17315483759797
-14.403731907869052
-17.35949503496682
-15.716220545000027
-8.310315283851814
-16.76694912567236
-24.144431788127925
-9.882196517044513
-9.96373258732406
-18.556653452361353
-9.308394836529072
-15.902617639342537
-18.04927267348716
-19.265999945539395
-15.930839470266157
-26.385935157497634
-18.500134907419845
-13.814139646351148
-7.9498789826803105
-15.98363129561919
-35.047306381332014
-24.65335379310144
-30.37349955706371
-28.234565875323597
-26.53578295524278
-17.21161829085313
-25.246520395064444
-23.163205721055974
-18.675869987190303
-14.09370912729263
-24.64234298614908
-18.170132784178477
-10.262811082089016
-22.001981062230826
-16.6914284815156
-15.432247713737908
-14.940503496792203
-12.55256941253164
-21.99554941808892
-16.198446951301285
-15.024563228531129
-15.669336247720167
-18.034323019440535
-23.60981193590149
-15.565178445092801
-30.042200845507484
-22.095929642348576
-13.5529394072304
-18.092957953294952
-18.79969781937254
-20.78436632235174
-16.48539434994579
-8.258303212333146
-17.62463548437246
-12.061589945170315
-23.255417749942943
-20.12390065681792
-12.457169022240729
-14.60216666845422
-14.663905174350951
-15.681486042496093
-17.514896522481607
-18.86789401711753
-21.05154061225786
-15.65076105570959
-14.11090999219806
-17.774704599660033
-29.9381720258949
-31.147905172638836
-11.216075941622234
-35.96034242093603
-29.797398327212363
-30.18712818812282
-24.89014140696144
-24.50591649905048
-16.174854844907877
-23.58062506639272
-31.059438825551368
-19.831521938371758
-31.237503711564457
-18.098493682894286
-14.380444964440517
-10.318890481637826
-19.119285350444343
-9.330364061425563
-27.516903890993348
-24.349135491836293
-19.648848580249165
-27.70235674798852
-27.466437050580915
-28.75270331218342
-34.82342770393078
-27.393825449789578
-34.224201102382565
-20.477045904065577
-14.319582023252131
-17.212815429830915
-21.80883562730517
-19.91041739526124
-28.42788959205818
-18.935541551702798
-22.83322994530227
-11.455796734098037
-16.43909523561537
-18.02520109661321
-13.97199208613496
-26.542324624003605
-21.43332661370517
-20.56236188057413
-23.17373167809472
-23.22008097087967
-34.934024553351435
-23.107194513708382
-32.133752738768884
-33.1375270132876
-25.693831902058832
-22.69742084853245
-19.04483951382489
-27.59544041227985
-19.698033403404985
-23.62060812377195
-18.660966471492547
-17.78768516434586
-17.13030580539081
-8.988006263493464
-16.20160437974505
-18.252294529457902
-15.436405571918083
-21.888803887438804
-25.828269369000694
-25.276963016668617
-24.48659866332875
-22.18377983596
-24.96092456579847
-20.955130253338496
-26.874012738107396
-16.37266929851407
-25.064118871891708
-24.009683726532188
-21.634497369017794
-21.66621342292312
-28.87103451108147
-28.993200698382452
-26.244518321063765
-35.74999029282772
-29.972453630175984
-18.751468294284336
-16.94754566758197
-16.289680293343018
-25.742447397204693
-24.32469818943657
-24.469525984218752
-19.914363676494602
-6.044382863613691
-18.548507240564916
-21.964999851985937
-16.609900157372714
-15.80975945713584
-28.447670312886096
-18.8719436217245
-31.774896462850023
-19.575576204767597
-13.057542392513309
-33.03740869514589
-24.356419604667792
-25.373662215621955
-14.32200353375006
-20.47496898965776
-16.576095767434325
-20.20061933749149
-24.28934720218774
-9.368581600206035
-8.519008768594835
-25.149601138804
-15.53096908945398
-19.55861581092092
-14.56334590479036
-21.611072663286578
-16.140476223895156
-22.665824571403803
-30.933787444806185
-30.924964664086303
-28.88726102514348
-14.523781575623232
-10.38387231778119
-20.28902452280432
-32.254526419342184
-24.44554177727546
-26.414336258465973
-31.992187416792657
-19.265005903624107
-32.01970918219915
-17.1102751040873
-16.410923038404903
-29.924727987557585
-13.935599436532243
-18.69389716592559
-17.405989771241707
-20.369205824553468
-20.720447842610028
-20.245688917727925
-21.22839670650349
-20.978169544714568
-19.417265653567213
-18.51203284876403
-14.486454898712893
-21.542816497985974
-22.072653793267705
-25.2261450816604
-27.207571185226854
-25.448135091061708
-30.259566966694816
-29.979413242691802
-29.999707244567308
-29.970953488115562
-26.18892143694861
-32.553544005281736
-34.04282335300528
-30.616101158110432
-33.4481469519762
-40.923451046774915
-9.527236852106821
-20.342534927311714
-34.23696144747957
-21.16312803269507
-30.47044087842921
-26.81907296149173
-24.840967219954955
-16.338623490151214
-16.146240534200466
-16.33654680559223
-10.011834114608767
-11.631129240949148
-30.733029336534823
-13.916693155735107
-14.064255151766105
-27.429325463780557
-35.225346665564174
-20.745879900915863
-23.888998084489764
-30.85287586038628
-29.56103585176885
-30.41713180655165
-25.57585169152447
-29.049081349603156
-25.382064276458507
-32.795524741749766
-10.235871209888062
-12.15241576362434
-24.30800255263784
-15.983090534842024
-17.80465793366296
-16.373054225301885
-19.452772676435576
-17.269330147485817
-18.450963761573988
-25.39537898217103
-34.54702385814743
-22.053087697639977
-22.952536101801172
-14.72192306795754
-22.335615289034944
-40.27474049971665
-34.80014962070909
-35.14584246584464
-29.029310534373217
-34.84296846608213
-16.863729829236192
-12.106044996263599
-16.726927339993047
-13.67101214375085
-19.73537670371632
-8.667990690770033
-22.448311955914093
-36.09068942439908
-27.977639243572025
-36.38426395958593
-27.049204837215605
-25.85876828477115
-15.00141031211901
-24.8142441876478
-22.254342387613757
-25.917129266137838
-28.67297499360534
-21.153091047027868
-23.23908377018511
-28.368362740966596
-31.383734953063197
-38.231461519118504
-25.26745645674029
-31.91550968098023
-29.089815115471843
-30.537350320897986
-18.02955029717332
-21.526044194238217
-15.659324821689946
-16.76072128034154
-16.909098675384744
-7.655500179851755
-13.902418203992864
-15.299378342023502
-13.209082450100052
-20.059522803456595
-29.175960168359317
-32.84257989828121
-23.74655860596328
-17.30512437220918
-23.83982564894759
-20.540322076295585
-16.715775275385894
-20.786542983404512
-17.615044569794335
-21.074448812945654
-30.52921541247151
-30.187423325344753
-26.393140217553473
-34.7681115308159
-35.77867769439318
-33.441798096335056
-26.946776005948806
-24.07230028327708
-26.813361320471138
-13.515221390430987
-23.0851783183633
-22.666460935646484
-20.921851120066044
-21.96019899987924
-13.032604190376894
-7.41192619483753
-20.54913062999649
-34.37497984699842
-33.47834899171332
-24.549242602941558
-24.931520415169302
-33.36912252498759
-19.766301061850847
-14.849256634184528
-12.00588071752972
-15.403612348159257
-18.10523464098268
-13.779922120049086
-8.719308594850812
-7.898499212252148
-22.944937790510437
-24.7894678891322
-28.00434929989754
-26.201598681023732
-13.665126502053077
-23.9677445071426
-13.327423578016901
-19.274342746602137
-13.376609831371518
-20.44777210551401
-25.68911528865695
-13.355716003367267
-22.951072229207092
-13.556086905874704
-19.594101901130465
-31.314916388465996
-31.29928697802197
-28.921086720379435
-21.302862143759523
-13.870634232140226
-27.302874818625327
-9.760720828785004
-23.295545289100453
-19.71511750125405
-16.678358864089038
-23.17752043301204
-29.32565395424587
-21.881876040995692
-14.718823442018383
-5.085767681878494
-13.263694498213663
-18.173795889916605
-19.313743917548866
-19.40996288010614
-23.943338182565878
-9.675506201434892
-17.47787513707584
-18.299532211651297
-20.700487793991616
-19.62426587744041
-19.1530097365314
-33.863284501170085
-23.544440603665144
-20.854957276363614
-35.08989844745945
-11.510765917010211
-14.128586043362176
-22.823814669977057
-9.478853204120288
-10.627416021270605
-29.860900484090564
-20.678809839644828
-16.056327091965066
-23.482668640212083
-16.60320599815199
-18.018077834893894
-16.22435567773529
-14.195846431710429
-26.96704706182657
-16.867324722297553
-19.479520733021268
-21.96298029103447
-20.167858857981415
-20.517499237971833
-22.311063465227583
-10.191658965380562
-16.743235332433656
-20.44835090249724
-21.132800194239394
-24.261429126803222
-20.814744551767724
-18.11362402034112
-17.592190984666626
-15.927384399471688
-12.09463553801471
-19.393997041408703
-21.11419348994642
-17.390040474613958
-24.10211495225311
-14.414318210472057
-5.41676851495118
-7.0914582491682925
-19.4671074170114
-24.66303035836581
-24.058777491223616
-15.397490287605628
-7.654659288744721
-14.651877621167486
-13.54290444361207
-20.084461370401108
-19.46479058265729
-24.2819915914353
-29.907310332345258
-28.013991906797827
-27.39531571490287
-27.011590303624928
-10.94613664330005
-12.186152236592825
-27.257839257239542
-15.471851684590817
-11.534832827280418
-13.99050879155299
-27.23627169585449
-26.17377004098144
-31.646232289909996
-12.044370000244651
-20.22741091037155
-16.202017777177815
-23.630464458708374
-16.529640460613557
-23.862817089173088
-27.71129678365569
-23.911698276662378
-35.98712633169657
-33.52596648317592
-36.78436661986292
-32.096493184084565
-34.975290122363546
-42.10048241871147
-36.836758926632555
-33.19018270837278
-40.32296402567083
-33.519698220143965
-36.870678133111525
-29.696132540315084
-33.23341804943998
-34.29720669727014
-32.700997596573195
-25.38284484968128
-21.229868548605605
-28.269360117132166
-26.138022524827676
-13.953197597749472
-35.896624379286195
-34.45709062307287
-46.93398602570346
-33.09786548755581
-31.731957289982553
-29.624205916049725
-31.5770248675829
-30.03469556424197
-34.4787875341196
-29.71833365824788
-10.89434342992761
-24.32227688223975
-13.423848273894162
-31.073351280425072
-13.42480317853318
-14.681171839105943
-25.038864595734296
-20.34397092519404
-11.472192521462361
-16.825767943125907
-20.990214929574886
-21.800379309448935
-19.002398088635857
-19.075531130739947
-22.968667453057186
-14.777018940154104
-24.398906860777295
-23.70081702992199
-18.232982464670407
-24.53093996359177
-28.020993306388156
-22.223344936682732
-29.01757646739143
-18.636743650398405
-19.343632856309004
-24.799861713398382
-22.439835951418736
-14.629681794382456
-18.38594628051648
-21.249569914380913
-25.339470087270392
-15.972284296358843
-20.99190715513057
-38.4209358164797
-18.13624636335059
-11.851445730259009
-15.542395787487564
-15.867582825973095
-20.85838527195554
-21.035561161168
-18.220146992898417
-15.611778770956782
-20.584750139372673
-17.539554718734074
-22.947865566510245
-25.498240552644717
-8.892196735825518
-11.212211933179585
-14.166858404682543
-16.24958504076821
-9.635775707473663
-9.451759705539935
-19.037801196335586
-27.38138088622934
-20.192438065602133
-15.305394719454906
-22.861219910554063
-10.489452576202005
-18.036762447129625
-18.195869116442893
-20.60080430182813
-22.06718380147558
-21.37941500378722
-24.258301754557532
-22.769137018683388
-17.98434395634349
-23.664750807155617
-18.119466898725026
-13.96305096705192
-14.311415117690157
-25.4985338670137
-24.961990180577814
-31.394047221364133
-29.361792925853404
-37.415191771604015
-36.663299555185844
-32.58443261701196
-31.079677326381713
-27.11860718946656
-31.657365794002594
-24.231983965980902
-21.24323029270871
-20.10388831926997
-27.9820757662104
-24.059492145180375
-27.00044430578368
-33.14797857834739
-25.296615525436028
-26.412906218651496
-27.899725240907145
-33.57078541507387
-35.000514300940054
-24.776630405006557
-23.819666969120547
-22.159809910655376
-28.957974952511933
-28.99474887599559
-31.59095474741269
-35.28399174945026
-21.46652767618975
-15.257091513636235
-17.13872709536173
-20.6359064317124
-18.670926470597703
-13.244223898837735
-14.037100883942632
-26.793475948264632
-21.986357572971965
-29.35790010297052
-22.17201535594343
-24.60512778398988
-19.794088201089536
-27.90104187490656
-20.431044751479313
-18.611487029707476
-13.101027868566412
-8.917767033217025
-17.017083385539614
-17.12978587349514
-21.041890183080085
-15.571659224111183
-29.432265105827724
-23.383727027848742
-22.97107325210107
-28.290933756486062
-20.924389030943736
-12.91240311448442
-19.872376957595442
-21.4799002865782
-25.017049433174435
-26.08063257477145
-19.143288805487995
-24.44218021338419
-21.07297775372644
-23.358428913969085
-28.06212813103889
-17.456255328518154
-21.941459990452046
-21.158311322484455
-19.77292460422359
-22.673194667356125
-22.267528704776645
-22.6145706759061
-17.875542355048488
-44.92394301290781
-34.14478579106555
-26.976763982008755
-28.621180235432583
-34.834905850397924
-30.76695038958656
-26.198717186877573
-27.518762076287338
-23.861273533285047
-23.170368492004783
-30.807077699829993
-21.063151346686997
-30.02958072457912
-25.916526362179525
-12.972089379516657
-19.0054445801597
-19.168657142163404
-15.610164137895268
-18.868977280970064
-9.88805549241173
-12.285590647187995
-18.204150459279347
-14.86771935585395
-23.035068677010095
-11.043547340229203
-19.285481281534274
-16.117797247501656
-21.92459169991737
-18.64110146245347
-14.591791008882218
-26.691897182305183
-27.325914421334808
-21.559292893257226
-14.106172849078334
-21.675613761001998
-19.320945645166592
-14.562784349901225
-26.832408538276475
-23.071529086768862
-17.72303995799147
-19.815404914878393
-22.150859326418427
-27.88486036914796
-17.824064088094534
-17.633434336407394
-15.922935990206653
-10.677855520899264
-22.868127032965674
-29.630929298044535
-13.551219720579013
-21.81296527562118
-24.658702535721098
-30.979922299677025
-27.364288850489686
-28.338246040690176
-18.457395002333556
-27.950548112679193
-25.602447602157937
-10.964285338719467
-12.50915492154575
-28.090390128618726
-17.760913466093804
-13.990386506215135
-20.59810999280141
-26.973794708356834
-20.973829586982482
-22.74860072108256
-15.61025861037922
-19.76618246740132
-25.076883113791105
-16.725181650397893
-20.639892084667366
-17.95984131500936
-9.684285998802611
-10.01608742477833
-39.56790804647177
-27.306171790670113
-31.070878361366113
-24.798628003414336
-31.990295965778174
-38.875746636770586
-33.92332362276494
-31.968664903568595
-19.959030359862766
-25.98084126396261
-18.40263811319992
-23.900992511846987
-18.87429628626086
-39.02469790147363
-36.84943600574293
-31.621185852746464
-27.050698894343427
-21.58096498537435
-30.43111095481825
-23.03912983649056
-18.444765179615672
-22.133469804835173
-17.408224329377227
-16.8529280759768
-15.096701283810553
-13.45884853001337
-10.258621594054144
-23.35364666321928
-20.64536383980896
-11.746151154860037
-15.795704793136117
-15.670656981678064
-25.278831289755068
-19.64869906362258
-34.23634130757476
-22.30990769842921
-23.504132491417803
-19.00446051432223
-7.35076789233878
-18.1825918234352
-15.691459637443913
-18.331718408667918
-16.570202597461023
-14.395325501879842
-27.077475000496445
-23.793925912841367
-22.04148478341313
-26.95164222169514
-26.59451686429065
-7.707886881840846
-20.818089515638068
-12.698139235613553
-24.971967185381544
-28.897159513798577
-29.6027391633137
-24.28400789305079
-12.612850718317624
-37.33044735912294
-36.06891454542329
-28.842875363455136
-30.715623277795284
-32.404893843095536
-35.074474466391436
-26.820968091231087
-14.532644971982844
-33.82475768703287
-42.359855687521375
-21.88176793926257
-29.61553155017466
-29.571655948200252
-32.175354915055145
-18.557687787971552
-13.20987173373015
-16.047646586519928
-21.533594076333628
-18.682569395768148
-19.611004611493776
-28.02443796925447
-26.393728993990663
-32.786596680654185
-20.155804357852052
-14.379265715766582
-28.276035719828734
-13.464241782983688
-10.882574460765458
-14.97792367702969
-23.550659715046585
-16.25876611330105
-9.31831175685361
-1.27227033436602
-19.353654092518383
-12.483543443444216
-30.424461993771878
-35.29237229756446
-28.42660062945336
-16.81081727427912
-24.54643812384157
-12.532865735451374
-16.817099970600996
-14.236707114521543
-12.57838148732074
-11.647019637983357
-18.444137074554106
-6.516924880262977
-24.037050103311593
-14.42002899006517
-29.325739395865508
-18.419026892260394
-9.212505251880872
-11.839303071428994
-23.791968878878038
-14.80657455510629
-18.440556133534912
-21.97668632492596
-10.215358219125322
-11.960436775605586
-16.46061713558735
-27.33359349473439
-18.720772096157717
-16.397457089044977
-20.826875887660677
-29.199941437996003
-15.885098337923168
-10.327143041653109
-21.29091518901363
-14.825513003776692
-7.524349537644845
-10.017388380976293
-18.34822382887925
-17.727516494095667
-15.834475011342143
-15.532597888887786
-23.718631496409003
-17.90111178836562
-28.81011171656965
-8.659175186179965
-16.506228439479862
-7.758242121655632
-19.385013333166295
-23.122059880197984
-15.279600531954243
-22.87914125027976
-24.458529191121436
-16.552564034300076
-19.610246746353255
-18.081986228086933
-16.81619610834467
-8.952009369805328
-16.676103276818704
-18.092622731719693
-16.120604177105996
-18.642195684925667
-30.506113132042497
-31.73439070250543
-29.681493619275557
-23.538861343219025
-28.667493093569362
-25.712410775524262
-22.030392516964405
-17.58972284984756
-23.142293747667367
-14.578259917487884
-12.916737006310811
-25.144615868180658
-26.96960071846418
-19.78248685526151
-21.410996827122883
-15.149919916593973
-28.404162126297223
-25.367150963212822
-25.006604090823643
-16.873081191386717
-13.969379130195186
-28.246087691173344
-13.180332281665393
-22.83211986371026
-22.876656195167076
-21.921815081066494
-25.587536256598874
-18.342158673908013
-22.46132230600252
-19.440931820894807
-19.147249152205788
-21.52449841314194
-17.881573124029472
-16.465934056876574
-12.470149980412748
-14.367874430498127
-14.116557697885256
-14.311567412818114
-16.46403994475211
-16.091212765529583
-22.03015739134809
-18.27844295631691
-14.334852235797129
-18.974897811479316
-20.115496943787974
-18.096812547507895
-13.715464512350469
-16.76431841497191
-9.252444997159479
-7.8308379715848915
-23.716435356733257
-14.801936953454092
-11.07466366124514
-24.5754285333541
-19.624809219162373
-15.446364216041353
-19.36256281256602
-25.618926359821387
-8.170710860598717
-24.60690538260969
-16.972749771419508
-16.277374566632773
-19.152878446318105
-17.03649871055368
-22.319759117035066
-24.066752595531128
-13.403886502342157
-11.810987420394257
-10.531791281630483
-17.437628758364802
-20.56979557425644
-11.580922004821048
-22.469015152936727
-38.14149757588858
-16.682411872082753
-21.24909423532432
-40.06432575780209
-35.90624078594368
-29.700810741331352
-36.41614967908918
-37.75202499838761
-27.693213137417608
-16.851332691621742
-26.44516734788719
-19.083853653877448
-25.709674110381037
-22.991254246443255
-17.26178732823333
-17.767021826153204
-21.105484415098964
-15.180395731621843
-29.827384943277938
-22.740246265093703
-17.610498858469217
-13.547006380423323
-18.62176252169634
-25.789819733008873
-27.730363734395393
-19.56270274773377
-19.66531065410426
-25.269298381514673
-25.957988803961488
-21.198201542651503
-22.10408380239646
-22.988238874383814
-24.188062664401638
-10.16569004954287
-26.07500510238971
-23.038096910153573
-20.42306452176421
-25.172858782660423
-16.22896951146513
-21.44472823912058
-20.194991358555413
-18.486838398218993
-11.63246775475345
-10.640871158191636
-19.304275283339607
-18.272659026213674
-13.816499957227236
-17.53929628962571
-25.090002332808083
-10.566722184540907
-25.387918024204176
-17.85234529793876
-20.217573790382268
-21.331715981679856
-25.01011107574398
-18.571464478259067
-21.284912131283292
-24.595901857049263
-23.90870445012922
-21.397872016804534
-20.125422635685375
-21.3576255121321
-11.177051584915368
-10.640390784879674
-19.520054031003063
-11.922639636455536
-14.131463310645024
-16.557533612110916
-20.793318482693287
-25.624840071139005
-34.221967892469195
-19.354313321317946
-13.96526925908416
-14.976732910980985
-8.401968388167566
-14.761392690953013
-21.344809123958818
-17.915884924438867
-23.320752929373587
-14.226397367868174
-11.204656570412638
-15.131148038558873
-13.414693509496573
-21.025101623388213
-26.64719342911303
-14.944973273557565
-20.99625642707736
-24.06884295214693
-18.333977748346793
-14.211915956817563
-15.331471312965999
-26.773890715137668
-14.389733593921477
-10.270830205261817
-8.665508834032536
-20.013693150230402
-15.832851473359408
-18.69085751689486
-17.348689406330863
-17.83175045675699
-13.564913370632794
-13.891769580810244
-26.729542876269036
-20.504849876055403
-12.875841584007606
-15.87421715179152
-19.361975303792008
-10.077741127859216
-16.862750855930983
-11.915727226624185
-10.204047271886726
-14.963444326899129
-4.890948997171009
-20.330239457707368
-22.064496817562926
-11.74751072191643
-24.93203682601851
-19.980110824627307
-21.083637784623885
-31.34145445213168
-28.024843113350727
-36.14285025948248
-25.104783427502284
-19.70501548167067
-14.310884394951941
-19.268343358067106
-22.963881422104503
-21.038533691014543
-15.214068900468313
-14.714991196036088
-26.58905366162469
-30.884009446459284
-17.64996153173932
-22.314054132908957
-21.08830774724908
-12.956225042493237
-27.94651555273992
-13.355486784928026
-20.974184331748383
-13.539929989166811
-26.10435310387352
-15.186429405514307
-17.480498706317878
-15.011080770726316
-27.75616902515813
-15.566096267957022
-20.034609669730912
-20.90059649757238
-13.491287166752798
-14.739634470229767
-20.082852729428925
-19.089045459485217
-22.140060767158236
-24.988645626540276
-19.49888278323202
-28.869273805028676
-10.765742843791777
-26.762798183085714
-14.683553912570162
-21.710060153470426
-25.90586994854673
-16.689684405306636
-10.377854514109853
-25.506171629098034
-18.97160592194318
-14.677989321327885
-21.49630435915723
-16.75137699360141
-7.26540006620424
-19.114588001354473
-22.239939057460493
-25.655782534163272
-21.256070673668788
-22.16004721464957
-12.493993625601867
-13.69597651958923
-24.424344287729802
-24.349914930635467
-20.056130843488766
-19.962575800183117
-18.133878187217306
-20.393484845575617
-31.210413304754923
-31.940620315151918
-27.31433337707592
-28.263363157241514
-9.404653134190056
-27.335762770580487
-13.819971648916914
-16.459206544289398
-8.471934552829886
-18.529858071503444
-23.52966331621031
-18.424883578250913
-24.718733367315977
-24.447324235380187
-23.870477367399644
-25.18664101457737
-16.1417795042226
-20.698137171591554
-23.279747012431
-10.255896980124234
-12.415324036275152
-30.28615764584511
-26.721340600436406
-21.68807588517467
-22.479635474448433
-36.7568214986234
-18.0131090510994
-16.184466304285337
-13.277560155715113
-14.993839970209493
-14.234410911420078
-19.56718741195079
-24.59561000584831
-18.55786287273827
-10.977252554283686
-2.6241624763204108
-21.286334475265434
-26.2918337893884
-20.04571803645924
-19.482690749063252
-23.127869188126404
-21.604828710351285
-16.23314965374614
-23.688146783042363
-16.39644801239568
-22.72218174303262
-22.41188513284052
-15.420811312365831
-27.903359587889707
-21.84798862767832
-30.902986368037023
-28.32704802782311
-17.414032701764114
-7.644004639636496
-15.362259211274889
-25.74584864004389
-14.439133217304835
-13.87279386564645
-29.44802312371698
-37.79212312408198
-30.59471652656066
-33.23547488268511
-31.955015975165235
-23.17128669014872
-19.64695303677776
-18.642345919032536
-24.000564937548166
-18.841154952512355
-22.023829770553093
-19.750110796165437
-18.148523827627166
-4.8370903045288856
-22.876067626528876
-20.562266321463703
-8.465745829916541
-16.801806986315427
-22.453854973488795
-13.499851669236989
-14.211983138399333
-16.33227725040991
-20.194105514326132
-27.557478077516514
-20.84526530200264
-30.368861204693374
-19.30899737535865
-27.75863036979986
-33.43641294550777
-22.110507083730262
-17.123183552459512
-17.251378944082553
-20.44886231065042
-23.86076628016388
-21.382227644524683
-18.461535370086942
-17.83459421155714
-19.58802666415781
-19.605606581324444
-18.2187041606018
-21.695642016661665
-18.121296389951723
-7.886145595771115
-5.807381410028288
-24.737850440612632
-6.749404257824406
-18.001398570960006
-20.44980369659525
-16.748419160595645
-0.9586246493232125
-27.992292789989968
-25.650949253055032
-25.98964241469082
-14.205596405457776
-27.160480489332738
-33.45480963192149
-26.107470409971913
-35.60241812698594
-29.498903917556312
-26.635352409455876
-22.744858091390267
-7.501481995356318
-33.921391837911024
-43.65440102442385
-30.70696384559554
-35.02865189086887
-24.831038427196866
-24.00677379531917
-17.65818330123248
-37.99209885138342
-36.3589626759169
-26.876140805885903
-8.636239245989792
-20.773069455510807
-19.623520473998624
-18.0853706764443
-22.846632585274172
-20.170924456519295
-19.502477467099894
-12.219117518910814
-15.556160144980321
-13.642874445422308
-16.955270541491693
-18.419661225628793
-16.544402665837353
-10.17671714862395
-24.097778480835757
-17.756880715205853
-28.739457051289776
-14.73426873509898
-19.344265184177956
-7.464054495617663
-22.234531237985635
-19.69444282435026
-27.47647996539924
-31.483176738738592
-11.196549752228837
-26.26289884065305
-23.94984425900606
-22.36224845929246
-25.01226385821375
-15.75563107075688
-17.722288129458523
-12.933304377551497
-15.51472351960697
-18.479374878357305
-26.71964635270109
-34.08738126845586
-22.53042374887739
-36.403975082540256
-30.796888407830735
-23.046043037710334
-29.574476894819448
-29.400626350585206
-19.12301907167776
-27.63022546133864
-26.675517096606463
-18.682538658460416
-26.971009332547727
-23.412570064997134
-14.08688839783413
-15.887089076432773
-22.59735934287105
-22.30992682951553
-9.005381026749955
-15.778742749377766
-12.990065757624404
-22.26875130762626
-8.769721345303228
-16.435486132078005
-34.715063192202805
-7.779783799508444
-16.907529227931064
-20.827025815372167
-20.710377417427182
-8.260857870632172
-24.303573156792385
-23.72958979827825
-5.940289262769868
-13.948217467829446
-25.709810319179343
-6.881143525595085
-11.867466082851806
-20.93950510694417
-19.88290331959798
-16.390019847394043
-16.570456488719117
-22.234472109125708
-21.579627278993332
-21.94709464778358
-26.324857474445594
-26.113283643241516
-20.042212502853396
-16.65956000183752
-20.74884277713416
-24.00279470709419
-31.604093801930198
-35.87849037332262
-16.85619121064396
-22.50042811431647
-24.800269005902024
-19.760374335225904
-14.225305586738017
-29.955565952951872
-38.253571388523014
-25.797295386478424
-21.09798072259079
-14.622879217150789
-16.270778056706007
-15.657664059554698
-14.80496485912618
-17.245374341276865
-9.901318529043692
-16.2429063398394
-15.908348364459673
-10.48808000787117
-18.58160798944675
-15.35875331956052
-26.6755954158561
-13.341388560048207
-14.244583878906178
-15.924454549766935
-20.75478270548292
-25.180437401118322
-18.717971412130517
-20.909582908814205
-21.263418655406525
-23.763268237013527
-31.2492249900778
-26.512631581133203
-25.087628574643844
-31.16677514667881
-32.8080422308702
-35.25294203219112
-32.74233327133984
-28.34653526359806
-27.97428249087281
-30.333590526811527
-22.97051708771161
-21.813347533991866
-14.562701222592132
-15.00063662610086
-16.360560454958634
-22.40917763319589
-20.35337316244246
-18.79786922695297
-6.627209463247084
-21.54351191100345
-13.179255395278723
-23.062310900332008
-20.471291190044724
-29.102877896407506
-14.75414745339354
-20.53951719443087
-22.867202612061448
-23.8539661804368
-21.86047510823336
-13.256445862327041
-17.587287050680388
-20.04748825651972
-12.335398247846449
-16.281420377149857
-23.695605079691052
-24.844485402599556
-19.116329960805416
-21.257224526001465
-20.42026604867001
-22.214367100774936
-21.445774508237577
-9.681107022602003
-17.757840678224788
-21.208740387952453
-22.357511279708532
-17.901279609244476
-13.29667608131313
-21.293412774137547
-19.020404163536654
-8.506901942483982
-20.51283781265868
-22.674320775115795
-17.47055080725817
-19.023452666208954
-22.345049993736854
-21.80214458545809
-18.217506179114622
-27.92836147257229
-22.504149506277997
-23.857769295756448
-25.575723181786252
-26.397952536093193
-19.986008511689946
-11.475393634083673
-22.524262947915638
-25.98462795945315
-22.247301044487347
-31.299067430720708
-24.10868256523144
-15.749842794858822
-14.280217483402105
-17.620049472338565
-18.287446143152216
-18.371578478901984
-25.80032642844072
-18.984852138706536
-21.10471841764313
-21.32157838555718
-11.923003230607314
-12.631647149654093
-25.95341622449726
-25.205029130017415
-25.071985548474153
-29.176769234892845
-27.213564632660933
-23.971615774294406
-19.547625497653186
-20.578279116061207
-16.943567517786732
-22.798787275030044
-15.944878285891853
-30.441911001179495
-26.903826514829408
-34.936752204968684
-27.917064554051034
-29.5656126283239
-33.71082386018731
-33.053637533786066
-27.713488027839187
-29.110486964019263
-37.69862994802857
-19.324565569125923
-32.088414852835825
-28.481668574094957
-14.65830707068429
-28.942440126391244
-21.975024880454207
-20.168597251987116
-23.912411475424804
-20.26968110032079
-24.9517813652356
-21.64942625983818
-21.05464494501348
-34.17020526763666
-24.005818647146516
-36.288107500228925
-28.519091836069503
-40.360042159365754
-30.756271193339863
-14.11374641467743
-22.02851548368196
-23.99528476262818
-15.547715626623576
-18.385240127899927
-19.86272970114853
-15.960051884222214
-19.147316857084334
-4.114252096217925
-9.694125134178485
-19.67038766427728
-20.03610004427611
-9.448213948601001
-11.753009266514114
-24.761999737421558
-22.12564246416295
-30.43796277667543
-20.991512682643588
-21.302136791841903
-14.260401129856717
-19.000774648112667
-19.160236093331733
-24.26741754582001
-17.765963619178205
-19.179990568702898
-29.851549557292778
-27.46797171359414
-22.055807734977297
-15.502602850204148
-12.04761776238438
-18.54377366112632
-26.761787784785874
-14.054107828479594
-22.979498299919484
-11.503674089239638
-27.06355264356428
-31.894578985797736
-43.2207691188829
-30.71087261707984
-34.7170561591185
-31.9915229198008
-31.812671400530036
-27.628898923693328
-23.07249993132568
-24.422449408313316
-22.193858454643333
-24.1624027468467
-20.25121949826008
-20.11717538134399
-9.742836946512613
-16.78761403319912
-17.437415628004526
-23.903580613203246
-22.015820910996478
-18.03791098071342
-25.56063027851721
-8.443475770437146
-15.087936414652571
-21.72552380562169
-13.689614179270272
-16.727429078819487
-9.522019021030353
-12.014513703137894
-14.408967631267789
-30.276261927516302
-31.811322622537286
-35.482624750945654
-27.521385243996328
-26.43657666469678
-13.838953423121708
-11.0680092819096
-20.999077523918665
-22.70109450843421
-20.211645895717794
-27.86694076315127
-15.55201639207477
-13.078979156855954
-15.920463385289235
-18.576859307521072
-16.038343530214114
-15.288202449496374
-13.516421238341522
-21.576412563017527
-20.616032408313803
-31.37921516598886
-14.79525222815709
-18.9620204306187
-18.848771948422602
-26.121196822281952
-16.268030872226852
-9.919104069474308
-7.271429960203001
-30.014678486596832
-16.53588596575466
-17.86835158885608
-15.46821161268852
-24.801359314781173
-25.567815826468095
-7.68813214474347
-31.222226313313318
-30.651317641941024
-20.85688776425831
-23.693117022781728
-19.715149943689116
-24.249727594214804
-27.178777093109282
-29.133891024411092
-28.496516342424947
-26.01099319890428
-15.028884612193263
-11.331609762559502
1.5685342056964346
-11.525010391749266
-15.18549294672712
-3.9546795637330376
-7.133327961246307
-12.608452346135167
-13.72655020860337
-13.140267137739094
-22.490596474168953
-17.460882556888464
-22.625860900933233
-11.629438713239862
-18.268338329511877
-19.160590246727118
-22.175890573077705
-9.962641843492722
-13.269075447443974
-21.367823643504234
-28.22394260167495
-14.488251903168923
-5.123515011914467
-11.65126452547532
-7.919024884123601
-15.721707541086996
-18.669266312721604
-23.833453328810737
-23.69446101265911
-23.577599103267037
-14.41079671666262
-22.840562732578633
-25.876767279562436
-22.20506948933192
-15.965800357940449
-15.788200612711023
-8.111682064383167
-20.867998956381655
-5.644215124763242
-13.949576607981356
-24.59594090868822
-16.944617523617268
-20.158332090200645
-24.971167611681537
-17.138134264410553
-15.676809987446982
-17.217042097823914
-20.81457386676403
-22.82390101259243
-16.250525470539728
-13.675335774738386
-20.997149179807977
-20.741557864474544
-16.672511309385342
-29.30013872902161
-27.55595709375355
-33.37841529017982
-32.358905130879265
-29.21683203830726
-14.235835330542884
-11.444729220105032
-12.989853363713685
-10.76398175554538
-28.21663522092694
-22.546813805019944
-20.503550037663906
-17.367634223230755
-23.62986560422778
-7.174975988292616
-20.658239428918094
-16.275975878106458
-23.21460781386739
-15.809359378454596
-21.933526832046255
-15.138099573497627
-22.23642904777317
-13.623666479060844
-15.22979278518698
-14.341525586303717
-27.912473242008815
-20.171826459169864
-24.296507764319127
-20.619967705687188
-11.000229776813022
-16.86796973235281
-22.336293935055423
-16.856452311476993
-11.180922257129474
-18.12370755538495
-24.23809683895228
-16.895259479299774
-26.823869402510944
-16.799837767592273
-16.75425038178976
-15.464400955493637
-6.1486606782606295
-18.826908881079625
-19.41434521711728
-20.54805287845103
-12.836906675328208
-15.597243081954545
-26.282395527052486
-28.315050775445712
-13.74186335266915
-25.681803798517777
-13.182835542708403
-26.554858539925664
-29.39447413169711
-42.73524799444669
-32.11606021221573
-17.806656209480717
-29.223749343485284
-19.51299654512631
-20.667941963445696
-27.934900249811637
-9.283045010973048
-28.35449181495454
-19.798385109206336
-21.11657822111605
-13.031686398199277
-14.483823430296539
-17.672056321249634
-27.84004335785293
-22.216534735447485
-13.131487294548265
-11.43886306663384
-23.284969958219403
-17.241214181833307
-23.154791110212095
-30.57155307960458
-16.808124408879813
-6.583878657204384
-28.522575771895365
-28.313460850180693
-24.894785203102774
-19.246522692400735
-24.72184938606431
-25.010818337895042
-17.16972491574311
-10.89687195243964
-32.734993508065756
-15.061207698376002
-23.150660292367938
-19.022194802919724
-9.227842053859462
-18.967122882551664
-31.401208432962
-26.021405450874727
-33.28288233117508
-29.217506522820614
-26.530106231232892
-16.598130048182032
-20.664216288941454
-2.9491661119704418
-29.061548826042905
-25.846330436616217
-21.529739717388978
-21.574598594517266
-23.007572387326764
-14.787343756574757
-19.827327979452207
-20.855344977393017
-17.516855505700043
-17.43214582558003
-21.427004661549063
-20.71504524241447
-19.295712511688944
-20.760942273077298
-13.289841293852307
-15.15158535338959
-18.4788816737546
-21.97174803421944
-20.338459124567095
-14.85196624496121
-17.398460582470758
-17.70851308193059
-20.105565158722357
-22.855006704931206
-14.548605499979494
-16.432216088855057
-16.30652216354003
-15.721978122394292
-24.20836151170844
-33.93282648736091
-22.15815107421458
-19.969636685757564
-18.011522526529077
-13.334179756496702
-16.190452644030216
-18.646720000760226
-11.602115019858907
-22.709323784893016
-13.9025657764482
-17.460915573595727
-22.160483850940665
-11.43741405267361
-16.3197456100389
-21.5054692055502
-22.87976124941251
-19.593425603845354
-20.784957431413424
-12.07488983758591
-29.305351776141343
-26.828572642913052
-15.329723595519066
-14.545610417452266
-13.346412273018643
-19.555515068166624
-21.572272803326833
-17.874580381699865
-18.206410820650586
-18.50180069697528
-19.916949058675506
-23.734624263163507
-26.434786923583744
-35.11404326259305
-5.518494684475543
-10.774644848595287
-13.796811481698041
-15.428958308025841
-12.534412739738151
-22.14118655491054
-14.983080824391267
-19.822931368171975
-25.21087327515199
-14.515434407629982
-9.061887065221718
-21.058330768551997
-8.36986952482409
-13.698873273458652
-6.287974535675858
-24.40593415276267
-13.77282181015547
-11.306559078832066
-16.959324172086752
-16.672170533785977
-8.827553244146014
-34.799344333375515
-28.980203640334736
-32.797290144188736
-30.325650388215237
-36.4080238690618
-30.32940793194914
-32.00409323884175
-40.31429432132799
-38.68541108789686
-28.42465753862048
-21.7204636916452
-26.638123892798312
-18.63574396752107
-9.898058034254461
-19.85294499701549
-18.706450330067717
-19.554019768756053
-27.12203201168961
-35.35724468465267
-24.295254413828065
-23.40829990055835
-25.463222907351494
-28.653049488098162
-12.726346832441756
-30.80315645642467
-27.595103722161777
-22.074124405107874
-19.492449222139527
-18.22762304409285
-13.160909967393337
-28.059220671415765
-27.712981137957456
-17.636894728962346
-13.010337219510511
-6.816698455176152
-18.511761748434665
-25.998336560090728
-19.502436096026464
-17.14437417780164
-17.14688642890508
-29.25002256240802
-24.030346064331376
-25.22457016075373
-24.699031164643817
-19.895374088751897
-23.359114432901123
-22.389559699576253
-4.535544614020594
-18.786438496837626
-9.998273603237386
-22.98172904150364
-11.320483391030237
-14.901695225583339
-15.982466357625057
-9.425118063374079
-19.484564172380765
-21.46233267909257
-6.305521615705484
-25.629809484890664
-24.300876772551867
-25.529718131700662
-22.89799867735016
-21.05056013590382
-23.58267797623656
-37.648178024904915
-7.25469707708589
-27.210431219673016
-16.543324044009413
-26.898378263072434
-24.018339763837574
-22.500698413721906
-17.257134985788092
-20.235734709046127
-19.68743720634464
-22.276088817287548
-20.30781411680639
-21.118874480346697
-37.80043285262856
-22.569075437284187
-26.470110238636202
-21.141873894182343
-25.681770078456168
-25.27150180812255
-19.255725151026432
-32.734102714838144
-24.02364388820437
-35.4899844420827
-23.07773168253658
-22.287037278168004
-26.515265073727306
-6.960653403748417
-12.522069878543476
-7.25053426256617
-19.005472918621066
-18.631805931738604
-20.923084423688337
-16.00883138322026
-9.952706440008164
-18.861853946804914
-14.48433436102341
-19.667358082869917
-24.04667568670211
-18.098028057131824
-28.352067640848674
-19.753980382119742
-13.942203478718874
-17.76092271970211
-19.542212994309047
-16.797932134259895
-18.31275464808777
-17.74699431521598
-19.425520372753226
-12.213607728033764
-9.865853362086494
-9.802487618660447
-17.12008325014469
1.777868256124881
-28.653262869007584
-14.740348578393625
-17.916154465625148
-23.77567302495657
-20.70768995103039
-25.188040808957552
-0.22764790565913273
-3.48497276998199
-18.315602450065633
-14.79915613357619
-13.705627498474163
-20.88413396586026
-20.421724268203214
-27.36581430008328
-23.854362502257175
-4.608636637335692
-16.25361330592029
-12.147129756554676
-15.526536768151779
-13.741312672054505
-22.95281895212986
-11.707969261767236
-17.446765055196217
-23.88295317910096
-25.120057897683466
-6.522773526570184
1.8685668175421597
-19.96969327465908
-20.53211230340452
-23.07893787323875
-14.450143931153846
-16.365674265522472
-18.760175427653557
-21.113168287116544
-12.9459093853093
-22.22898514599207
-16.82756580993503
-20.129397750153245
-17.38556726342801
-9.713978460198518
-15.499294060976489
-11.626740624094232
-14.403878491612186
-16.84126728205466
-19.10648158116563
-16.309301029084182
-19.199542492914098
-22.631918882331107
-19.881284176138884
-21.1508187202123
-5.348443829641269
-20.082711358980998
-23.239019766296295
-16.529136790150048
-15.538079777939458
-5.028399495150822
-18.345630791287835
-23.023931807069808
-18.49449584408753
-14.864563023157963
-11.165762546306858
-17.780585692364095
-12.338011011800578
-17.689510436566117
-20.79652015910048
-23.604794406096886
-21.984698768138067
-16.04045903397894
-20.422016438958657
-19.12438204362019
-21.440961417330428
-22.666474195858285
-14.152685398512133
-16.495707513137788
-17.94612692086021
-40.527920596218856
-20.677973110836948
-18.198844723529408
-32.34738230186009
-33.40542427063427
-27.725580655332422
-25.188989547900928
-35.8657632261158
-26.38418474112767
-17.562407072592418
-20.651049722936353
-20.07887150888238
-29.575285296061068
-21.356039581930233
-14.200248215441535
-20.113661534571335
-14.634197760731073
-20.308300194297463
-12.206370880796765
-20.98983346242155
-27.097904640400614
-23.658529743721623
-9.758091199994006
-13.187724894594576
-10.315429106417616
-26.953963201554856
-16.928158870080928
-21.348004014631545
-17.843659610193473
-6.856312970344448
-11.596350302470778
-17.117794333487403
-13.431440426521633
-15.540309074203638
-17.33393036931029
-12.064627757048953
-22.12435933262777
-23.76843506578118
-26.579725078099145
-26.600120020093932
-20.836319305317822
-15.483224427604227
-21.816872775583562
-6.605070546526953
-8.238335957998725
-19.022191124440646
-28.03633413244142
-18.0071494017163
-16.89411332162016
-20.74009326652649
-14.632185277672708
-20.82310994953876
-21.82357034830341
-16.557974653007562
-20.78688791143071
-24.874772771029136
-14.924985104171075
-25.4675976423722
-28.899734606754123
-23.45079816981938
-8.954421574515306
-28.30326163437983
-16.751476338046242
-12.915971309876674
-21.622271813890585
-25.98885011506306
-29.793910284230584
-24.76074487118119
-10.851599765917733
-13.424786944022287
-21.93621824523543
-27.03796776859356
-25.638128681990075
-20.588626262545823
-20.100996777334956
-23.635603930035472
-21.569744574602552
-11.176232243191706
-19.606683781683685
-11.232913090266074
-9.772694299313862
-24.8561691023271
-30.864854582229775
-30.197157200874692
-27.95343739627917
-29.146307493300352
-16.90070982525178
-14.523471809273051
-16.10029853147018
-25.720620489632488
-27.059389306739266
-24.950249790766147
-26.29975574503511
-21.962610958302257
-17.004656216747115
-7.32250152563509
-24.683428544840798
-25.1881090645954
-32.46319602104677
-20.60341476861205
-27.666478837483947
-23.563218003796074
-29.737596089813476
-21.398000846198997
-17.228638886502004
-26.16712647130002
-25.055172127420803
-20.852352962249466
-17.446304756708262
-17.393938436069504
-27.4959466508535
-23.090946608285115
-29.520590194863978
-23.324314134036136
-25.177586931407163
-24.714388946362305
-35.05468933094252
-36.97629055967368
-39.30840269940371
-33.382206928771595
-35.465669349185234
-26.282995081982257
-32.015298858056624
-29.701877876862806
-29.18095401715881
-27.52413751830229
-21.203062689910738
-22.00236633551463
-24.871258540578374
-3.3351404453043045
-16.800723194385878
-32.11283731431089
-25.221134616578546
-18.51110576118242
-6.612789750578472
-30.235022059930017
-15.021341849067191
-25.011382487996073
-23.37442965214978
-10.174033975314547
-16.477538367835965
-15.417721059472541
-27.768493389062822
-31.176494188183234
-28.151624110713946
-28.004427901007354
-34.236450603182135
-30.68987997187935
-15.909970702185312
-21.49512260208057
-22.360251905295456
-28.795577011442013
-6.445009838202935
-15.121183967334574
-16.790042219461156
-16.934711929495712
-27.992213651241535
-27.609668389105114
-30.068734106146913
-35.77886315066287
-22.705881056697503
-21.88911869667596
-26.990658839879938
-5.169404336665579
-26.37180722585296
-23.39461061239873
-22.632669179990337
-18.725486412176377
-21.62667660273039
-15.276216806310122
-33.833255585723705
-24.15473161282819
-28.79952580417342
-26.203399607081476
-25.464392863587868
-16.59189324577222
-12.154651516064906
-14.18407297929853
-21.971960231363333
-13.369664783178557
-24.868836635637045
-14.88181138071528
-19.90682855992094
-14.493309340624378
-16.645565697154254
-27.747582267808568
-13.857466357471024
-10.623590303725532
-20.159657810005903
-25.6891035877115
-19.22686219717741
-13.075425429281026
-14.714704073490822
-24.157019808457292
-20.632744661956934
-25.098042334873487
-20.75526004353368
-20.51477462980594
-17.805354601208705
-14.128614083992694
-23.395590476142065
-12.935222600222176
-17.321664235629846
-15.62833777258239
-22.88549619853449
-25.140882166044094
-21.93792877898573
-19.894858471725144
-16.484072796034944
-19.169373271130063
-32.1891370148735
-18.146913099869238
-12.964692061983285
-14.03765498062316
-18.62890805358995
-12.767670309744553
-12.82975213386478
-17.47183502251747
-8.69087217849394
-17.780277935815576
-3.1567800778666086
-9.811865004834168
-21.721012012714937
-7.176092948290602
-15.209131379242152
-22.206498770578065
-20.11815761629761
-18.408008124614355
-23.48337809102241
-20.267822890030395
-16.91681097130644
-18.524516586639507
-22.379986403806882
-16.944244847751683
-14.107229678087279
-8.800659947273488
-23.572163231748085
-9.842694619725137
-17.295806987495627
-11.845405052228546
-12.000249738498386
-8.943283688946874
-20.909783900145097
-18.807593961923384
-18.995678775594346
-6.405235368751306
-19.048423553982474
-7.860805676412241
-1.4730127769990453
-23.64530880968637
-10.400808699254682
-11.989414749683604
-5.642098338674703
-6.579316832083954
-11.21216164932541
-16.772385188128858
-6.298190384225364
-12.056981448200332
-16.060040051111017
-36.36977762305718
-33.29289209027589
-35.88713362491918
-35.44020338634089
-30.295267734566984
-22.067761722400313
-28.169161237169526
-33.21880841220495
-31.341949729484462
-28.45949185966583
-28.45182849475207
-24.30547151637242
-31.225706385433654
-30.91126398147096
-29.19067304552979
-14.697817006223818
-29.393438120296132
-36.84024754180014
-10.131142297274373
-12.343458394826257
-12.51422280089908
-13.159337630507643
-21.885025582787712
-6.4227774720413855
-22.64969899766878
-18.77367265936781
-20.55917608385392
-17.137440557052088
-26.817588626247925
-20.894369711162874
-23.58618532854492
-15.207858433339133
-18.272464546498796
-12.249725650276119
-17.544082159726745
-20.658069098968618
-17.432175244621774
-22.19746115280096
-12.637520308343582
-28.94567975658031
-26.728575472353818
-25.848184140620717
-28.16469453064316
-39.95005904394288
-32.46805796008906
-23.866594130216406
-16.086014464078104
-10.578079512268609
-7.430786608219378
-8.114735022866626
-22.1903512256145
-14.821818786660188
-19.027477349564286
-19.987040440730453
-32.329531936175215
-19.662461196096807
-14.259118628910706
-25.631846408184593
-26.739517661990206
-22.530516173031316
-18.048813653116333
-16.00509680398924
-18.979329187554704
-21.400429587068643
-20.449460391597526
-18.386931083656272
-14.019070039632197
-17.986852103559755
-15.001660234262722
-13.8528879799116
-18.61763350445115
-18.77042742100715
-12.73987473432269
-15.461927790555173
-23.238833783763585
-16.240597660710016
-20.120560507764296
-7.498618951236438
-10.937906359344346
-20.36428571971173
-23.61121298767884
-20.013376636286836
-22.799214661355755
-32.87259249058918
-27.874712349859724
-29.394201161806308
-34.66407018654743
-33.5860573132948
-22.929457357166978
-32.44350109957897
-33.72673706178365
-29.924446447445174
-27.096619623261496
-16.178764553526925
-9.676610187111166
-7.6926634726412875
-17.776985946313086
-24.38441531343297
-28.324164838995493
-30.68510712731164
-24.56461431830537
-27.013793518954643
-15.90801091800326
-13.627676731135754
-9.855831074265303
-11.61138951180709
-13.939500988425763
-19.749176624166438
-33.93224713972658
-22.97999268647238
-17.372611425278606
-14.626082877884784
-20.91949941346587
-26.010774580020936
-20.009131663602425
-20.913773587039216
-20.372844129063466
-18.944393730429525
-14.609867515839316
-20.95240097420583
-14.291413544742355
-14.361433366841617
-25.989970225557418
-18.938802924710387
-30.394098993927877
-29.02770110590442
-4.725824051425441
-21.38676112400927
-28.662291680269853
-24.702684067848523
-15.247875181182565
-15.952162967359271
-18.9888809915184
-15.35257113423426
-13.086770556156399
-19.58538856017688
-14.28114882589135
-16.571708366500733
-16.110714420497814
-26.307871001140946
-19.466779306333652
-17.231007692305386
-20.854496240948407
-24.46284724823522
-25.88807302676082
-17.489009059617466
-19.97445246249046
-22.54993559343938
-19.69169166736989
-23.172503722384675
-15.412517380549204
-21.397413080372402
-15.573939280223737
-19.714839018828467
-27.30963113450442
-35.94445483851634
-18.317291422149708
-20.129954561251402
-18.08585973571138
-21.32153236735916
-22.841908332743422
-21.55666286149348
-23.86103853446565
-6.278358722005482
-7.71594827923607
-23.872544509359017
-29.69230056044423
-24.385504085571363
-9.415847391358405
-10.27564448383648
-13.056967791730003
-13.718435564881577
-14.083441029948645
-14.933383253979123
-7.625959029643232
-5.878321779088534
-19.462070517862443
-24.78579829108075
-22.278564343522007
-12.038823039346882
-17.87329507782261
-10.15758661052633
-6.255228300267753
-20.887561315689602
-18.372829184792252
-11.531784075648112
-21.64344575769723
-38.66588663547906
-21.3787445499035
-26.948045803697603
-23.786450810934234
-37.99015044195181
-30.13493600297175
-13.221547544043254
-16.70002346184999
-20.220193646054305
-23.50089191509817
-5.851826312822187
-13.408180833002348
-19.246127071256247
-23.110437873166028
-32.12127533543544
-33.750194902967365
-30.964864467897648
-31.57752844881953
-34.23060023238206
-37.96334039421671
-28.3408236091206
-27.038075994584986
-22.949717374736444
-19.521393262474483
-21.852741291187584
-16.754345501952674
-22.03571947088625
-23.082661717840622
-25.138578230100578
-21.435846341735903
-12.143229894807135
-16.65034234812804
-20.27589463174173
-6.396174339957362
-24.497248759806233
-21.894539400098996
-10.279468686052152
-6.524484677301711
-10.033586321227835
-11.314046545794056
-9.269777301447244
-18.643333104269352
-14.015337829579764
-37.196718140288944
-35.24021256743511
-35.31177032562691
-36.75488920306617
-14.378265401336556
-1.1087873567280333
-17.095401016061345
-17.97193359984554
-24.347557223581866
-36.03573085037133
-19.84290940275576
-19.199007853910924
-14.190645879937408
-33.133886017546985
-33.094030059734855
-14.84326183428088
-22.168156521757822
-14.242051092582297
-22.690955383555007
-15.632811783368346
-20.090733039400206
-20.511522721196876
-18.734495532125734
-11.543965271309752
-13.500699982517055
-27.999713956322793
-35.88441542245724
-10.17047039493395
-15.021309097797655
-3.178609247128719
-13.700053432751918
-25.28701803802437
-25.60223693432971
-22.943996674931356
-19.835406379395923
-9.76875090730124
-23.276827847522895
-25.590107206123523
-24.671253020295087
-18.14466466407401
-20.994479800228703
-15.34334292643901
-15.772430151244238
-18.430124846951976
-16.951943401627084
-25.534277889498455
-19.09765033946868
-25.764651925815016
-11.255694460032977
-34.65237773764337
-38.05287862148121
-18.02627914350125
-29.2216543613223
-17.882622787091382
-24.683704382268484
-17.26471281523147
-22.863974827246764
-17.983953393936318
-20.062797333001953
-19.963777779071243
-19.755978653430937
-19.267958126019085
-18.141032565007436
-23.45872240008278
-10.583441279070449
-25.667620486884985
-21.140422820129324
-6.81428996875713
-29.207850183217218
-27.6869171210396
-11.439816849229956
-17.590451306389774
-24.742168680444443
-20.550625827364648
-23.771106940613606
-14.799226801951434
-37.22884215632382
-10.887239625132977
-7.364460296524619
-13.330887232114073
-7.611383012916839
-14.134560345301466
-9.01777869585743
-8.337897223748747
-9.74991703793772
-5.881709879655617
-21.965985158079455
-10.682290493259814
-7.836560032865108
-10.135968158731153
-19.890416679414216
-25.72224433220719
-18.03607461096219
-18.830371155554744
-20.203390189979984
-14.60825610429594
-16.888661139659092
-23.29942427035482
-16.492286247020132
-24.268667711681687
-22.035309797253937
-23.473159104685237
-18.713134723733653
-23.856590323930725
-11.32428304273882
-16.792572187321575
-10.680674117590662
-13.3254192641025
-22.313458803976467
-25.13795608584021
-16.4829105436131
-20.794833363938665
-21.86113331995454
-19.49256983267226
-11.226608315740172
-11.606594744748179
-15.854593659290316
-16.935639381035806
-13.486858992893382
-16.79019438515853
-13.589704384182312
-20.958802884027847
-12.290323798792723
-14.483385166296234
-18.257422967057696
-11.330160381920017
-15.830882341673941
-19.536295164582747
-8.459185401218779
-9.086273350200289
-9.216150396970221
-12.012976623263482
-13.022236037671828
-17.46212524326279
-24.1069375302895
-4.695946186081898
-11.783870091955947
-18.096455774329662
-16.552021480520906
-14.386703255936602
-14.628311330971869
-11.102275048405993
3.960301809357908
-3.5565945152044165
-13.926039012486804
-10.74984995328289
-4.845079431645374
-12.709748778453076
-14.224833433398487
-15.060113642309695
-9.395598895368352
-0.3931787963897051
-19.98717825729907
-13.15096650558336
-7.9095698434732
-10.249986909781377
-7.911323648529688
-15.775189055367107
-11.995465966333839
-17.945024921411537
-19.094087642393987
-21.971009212480595
-35.648816868324516
-14.017070077150656
-10.100397977632277
-14.471470021290472
-18.587002601501965
-18.114187042865332
-21.610335038538295
-11.296013926400406
-10.823163948609576
-12.646597548304428
-4.908864341278743
-23.672251297227177
-4.414729327636195
-12.828725474897958
-12.861250750256623
-25.3819538185058
-23.923660877679374
-37.790971935531665
-25.094973192180525
-24.579428788619694
-27.081716215481258
-16.47992485168671
-14.271262563101041
-12.845042936108243
-11.375156618745864
-16.63901644483183
-12.89144831377596
-14.898932091300056
-20.888782275028042
-11.693664017669192
-4.79808295951301
-17.723388156946356
-12.431241070762631
-7.778196114440405
-24.214740223167027
-25.108044660031076
-19.45595772226438
-15.885207681419473
-27.927068926926573
-27.92083217228138
-22.350477530646547
-22.463885976042697
-28.4828767065723
-21.934258204286692
-13.555574038733361
-9.854675887467799
-21.480550030930452
-21.13395032709313
-26.584959459320217
-21.917588310329165
-21.467042873224315
-15.612504058236631
-29.578895614274067
-19.828484261875182
-29.445623570792804
-23.404961725644714
-15.262564102109874
-13.481934155335885
-18.478460375225286
-18.997824900901435
-15.029220672668728
-7.195846348839105
-21.44108865099866
-13.87726020741988
-11.397297876685762
-21.024608920441935
-16.234486251029466
-15.311811589814631
-24.280864670459245
-20.90627945336108
-18.826623822891094
-17.183459650667892
-24.696113554194707
-25.519935525946245
-25.68052631552301
-25.90167725485948
-30.205467933282954
-37.15050830945156
-23.13126578371542
-20.474545166683264
-11.905613221471278
-27.618712058689447
-18.492627073030192
-20.262563371530746
-21.796653357384635
-23.031855454155824
-31.52613415182448
-24.91584795975226
-10.754345593501192
-17.7416968643315
-7.283104814896774
-14.898162944256498
-17.455788247145545
-20.56857873023144
-14.559554963295085
-18.45539458371723
-25.9100790562344
-30.00904196285179
-32.14330415833671
-27.441774431362226
-15.158375650907725
-11.587700202284598
-19.65441607058843
-13.415310786759115
-22.311553922742767
-14.831432178791477
-25.336736502737743
-22.444578186879745
-18.65693270364153
-25.242236617772598
-17.87182120355301
-15.884451286645358
-16.34363162767965
-18.504102908079915
-20.41488239533666
-13.907937422871754
-17.837882985241183
-19.139243682193378
-21.258221191911364
-20.740923943603235
-28.391265395943265
-9.959758887363826
-26.177486851083064
-22.047372069873774
-15.313192763736179
-25.43903521578655
-19.050083494018768
-16.477156151803122
-23.765278540142322
-25.163337608856295
-19.212071155422706
-29.12460493248483
-30.758744100951326
-19.151720288770903
-28.87757505818759
-12.445844113964988
-26.39581897478832
-25.78234037865035
-21.08005399788994
-22.98382754273412
-20.30273379373874
-23.254146033681067
-20.13120544984302
-18.400028622653473
-11.152574513230086
-21.351213804505008
-21.691183862281733
-25.00037074627344
-21.367503292151554
-11.494944061531559
-21.958977984103434
-5.483337585828629
-19.075881487114934
-20.867298230228023
-15.701310760669472
-13.699838779480276
-25.676881852440417
-23.945957747850464
-30.341375130110862
-27.269920462227805
-28.752802423386584
-25.831471529271994
-21.234368156710907
-22.145002293664238
-21.298498748843848
-19.508694044483384
-15.666450632145384
-17.9483405899783
-22.079476165226545
-25.473951851797565
-23.928942100438867
-20.184189154240535
-17.17553159961229
-22.139269175839008
-27.168290129702285
-30.157822680248202
-28.509846541228
-24.29781136561452
-40.07701029919781
-21.379667164125173
-25.457747987386167
-25.780605650425212
-22.42773957841339
-11.960631638215737
-27.857175980852478
-16.35484848289581
-7.382919019114976
-18.790772722007482
-35.35812463199663
-23.747692854794085
-18.85299848315772
-25.090247330322832
-20.76565715944996
-11.226551813603443
-36.591232702602625
-26.098620903238313
-28.07255284661188
-27.114591129939104
-23.822055377334827
-26.841398641439984
-23.24910792921488
-6.323772609441789
-21.519233369956197
-15.582330661095952
-20.81884483386431
-23.34862010066523
-23.078992773903195
-11.641903811803129
-24.863697487750223
-23.14725579890577
-24.23816746410423
-19.684730927796192
-22.67202732196852
-12.139040958329609
-16.988146104603288
-19.212609500351974
-21.72940325481693
-23.729012174342557
-22.877492890007357
-11.959872703141997
-17.766201846791063
-10.187162684726978
-22.78910070685302
-10.826311832914936
-18.362028144077527
-14.404545544701403
-16.040013875891987
-14.796875382129198
-12.105748998973716
-15.691456914983357
-24.141979728952908
-21.28196764907429
-19.27108458775995
-29.0353854557878
-17.11045845692924
-24.560001284345226
-19.646475327472803
-18.369902868571167
-28.10714195058004
-8.697488221565589
-24.34640246936295
-24.107577980299066
-21.229658900206765
-26.407089993178992
-23.35920898457597
-23.324943443169175
-25.476028452785386
-15.999930238031528
-9.862325531342151
-9.977566995379867
-17.182648225640094
-16.96260410065844
-18.883105476555116
-34.38419405316336
-30.312698487586744
-18.078513011177094
-30.67507869126132
-25.432479903320655
-18.0156846756365
-25.836998647764688
-27.740618217091004
-18.186297356072817
-28.626087847821744
-12.395339383113544
-13.088355066177062
-20.13246579379888
-26.923117962286348
-21.379613345200084
-16.352124381412118
-8.878032881268503
-26.483314463809542
-13.752944751972883
-20.46102199486816
-22.002233247642344
-19.880692471285897
-19.89861066169432
-18.64305816208043
-10.240722886465356
-21.517388610611043
-22.405752278181325
-19.802618994672986
-24.103554209845836
-15.188409966101489
-10.063330179456383
-19.18053499040011
-19.75991528088252
-16.482967545359536
-16.651320493327084
-22.097408969143892
-27.40657426728312
-11.77209296007738
-23.139960674047963
-20.421994383747958
-23.794682546131853
-10.984680651188391
-12.881912616797798
-20.279868988730165
-19.753453700361476
-22.03618428993638
-25.240207332793602
-25.38663557034068
-17.83051480275549
-22.502981231209674
-33.419062886934796
-29.214454090368317
-22.15446436536365
-16.060810685319062
-10.322597555469859
-23.579370771124413
-31.507027388930133
-28.896417983129126
-35.77932426435498
-34.75461522448394
-24.791836898908308
-23.986800414844062
-25.28180431492816
-30.00571373036145
-16.05788719300804
-23.281923680373318
-19.223097838938493
-21.16366190928737
-11.0549275066655
-26.716536239086963
-16.25782917912383
-21.95928436769867
-20.69877135441127
-13.43889612835558
-18.133249529966236
-16.78894269874675
-23.577559663327655
-17.006183938283876
-20.263318368544617
-17.897343796290897
-6.998187456333092
-23.04473646447272
-29.048406402384003
-29.538683330212443
-21.163683658849905
-19.37578630464276
-19.82811622079329
-16.38678160720098
-14.24191625457636
-20.912017145850143
-28.805290969620867
-14.180286001558791
-17.231103731711457
-15.67427388380078
-24.725248809513307
-24.967397269204174
-19.335789621854445
-22.30346633563388
-25.082124577619382
-9.790564120089446
-13.38346549064444
-16.652434410184647
-9.134822636336636
-21.401543470227228
-16.973937977790264
-16.20359077143206
-20.82232872813243
-15.312650983696145
-35.450911811001696
-22.87958390754638
-17.10500415577768
-23.594862304968892
-15.79133949946128
-21.1791922237175
-11.180343018666719
-15.463041056697115
-15.917695286874107
-4.89897659686115
-12.845255790385455
-15.746790286153171
-26.191181656452457
-21.296766902147017
-11.116267672718728
-27.79569471644364
-10.560715213904725
2.39089655181602
-17.94654624817465
-25.47787732404194
-11.179201884907364
-18.834920983863448
-6.9885560634312185
-3.178978644162264
-12.55286859586659
-19.493417220780994
-19.790177981487457
-15.06496136422696
-16.321168356951485
-19.66540226404183
-11.699950440573318
-25.840174139961288
-24.878081894008357
-24.626358835750967
-23.377342473047626
-24.733485284798498
-25.880873163144038
-27.590015955926706
-30.640428296993772
-16.87482599137938
-9.628186311301977
-16.678545763358994
-16.509251425809893
-18.828409385716263
-19.53614633075614
-18.639117686651005
-16.506071844338592
-12.461002481195472
-12.87280237869657
-23.72613289163798
-21.058631672328108
-18.154476718562897
-20.469516982897332
-18.861568639973505
-20.982481670624317
-12.698430001091126
-14.195919039987594
-10.099401299615593
-17.001746722591783
-23.070539624359
-32.87989588496648
-36.71106331103432
-18.79439153363814
-25.911238822960144
-13.914667221924187
-10.804626232633012
-23.39586933732852
-26.4486909012935
-28.8265752053147
-15.994702605520157
-13.836330623690333
-23.356366422551897
-20.306066731053413
-20.33302543547736
-26.045484257122887
-31.375193118119974
-31.097557474140444
-25.46245264448969
-20.83088098333214
-15.058937202815308
-9.779509635810292
-20.43889325525217
-10.058584098668291
-8.921488385367152
-16.095445164307137
