1.342310210289169
3.029140871233415
3.838302009189464
2.6995439115963995
7.463761707668869
2.3534033992007197
2.392456971580313
1.588025071578267
2.931246985254704
3.950125138950013
5.286095930568662
4.664957885061742
3.4053485320921926
0.9505902007442963
5.95816710191812
4.372973797972601
5.199701989749464
0.719319141644345
3.7138305207500646
2.8935075640995613
6.685128104552749
1.696529651039473
1.1125227402869056
0.4267099369783763
0.6077763880026965
1.4434179892866061
3.1683202480095036
0.582520487972477
2.4557589904347656
0.3408474920991962
-0.5634617543932016
1.419269914909958
-0.8076897496716678
1.4454903488910789
-1.0970113602633693
5.187818911825636
2.401972669810897
1.274063231550472
6.048398694571605
2.8712637910006054
0.7914987472267273
-0.25268570958453496
1.4216252982479447
5.534860266245293
3.0301826863754275
2.7502686564694074
1.5427703585376698
4.1250304081198435
-0.9232626290958246
4.748204124289742
3.7000364298178696
4.118493215514944
-0.9470343113226204
1.1889917431177235
-1.0714921116298366
3.8676498283877936
3.0441977755343768
1.9255404351995826
3.136328908910016
3.639339646104349
4.0905461494430115
4.6602312326680515
2.4187152190069354
1.4303659780155644
-1.0913805828824303
0.9377296853987831
0.3682053309256488
1.196676084841856
1.398755918399723
4.87799195104394
1.1450770014367782
2.772366417411898
5.025309521326399
-0.08790903417549856
0.8887568674706928
1.3276832645035523
1.6476234829054797
-0.09266223334705781
3.4520155042533625
2.038803168816264
3.7503010105909134
2.91847976701192
0.014569643940407051
1.2653056751597285
0.9081859505013975
2.366164450008611
4.245826777199953
1.778854945094846
1.5189872578876589
3.269349699686817
1.8429186481553863
0.4099035911939142
5.590590531821652
1.8434166463494468
2.114636790920033
3.7736298607213166
6.04853909452192
1.7108629172626302
4.971717229977462
1.862173281165373
1.2207125977033002
2.221574168916109
4.789383298471101
2.5082753280054293
4.167779483120597
4.467672385460544
3.1153964372517056
3.6143409642009408
-0.8295589410647087
3.6025543686659938
2.2096787909862323
1.0063267012811106
2.28383697209883
4.834197793479041
5.449873417832014
-0.6327670289777526
3.634950921170099
5.492898732966519
7.889009649920094
2.231070268755071
1.2979187190625565
1.2597773612382912
4.363001782648184
1.9274708513459882
6.225560799374167
2.285126778063039
-1.2802303816757776
1.9284707993168768
0.8127088331979353
2.86484597529763
-0.7328174087503265
0.21958131306248274
0.39331459975693983
2.076118273253419
0.4416503486559075
1.507543166170462
4.99087600744055
3.0130664886979477
3.529946443424474
0.5964164340505306
2.4078169489156602
3.1409491862953853
2.338200204033409
1.9631824562173545
1.494273260197359
4.717841665759182
3.2225247431728348
2.4230260748804033
2.539034276212892
-1.6922498032932944
3.249752416492035
5.609652534435108
5.401609666219134
1.3700298964693935
1.9908006934802647
5.632310745852433
0.5407241141238448
5.379303718293096
4.01531916993213
4.639697692355746
-0.3017949662115473
5.443116047925649
3.9464444030440147
0.2705394631145843
-0.09140874844634345
0.7609156895293788
0.9437581312097107
-1.3828988204605608
1.371327454479395
0.5366114415402975
2.59794605937271
2.093338778183183
-0.3495777571085645
4.013640193774215
-0.047346673554555345
0.3905917944532922
3.935399559598893
3.039081620537714
3.64682692561466
1.7914201780309618
1.1853387386465388
2.1975734043171435
4.3600935008478245
3.5226619502655576
3.0365104821342466
3.5232047148757952
1.3092714442178377
-0.9246597308176265
-0.2431889835519597
2.359101973051798
3.1453804594854744
4.150562375072469
0.2547171765863712
3.462374398643666
0.04469420415346956
4.366272559050397
0.15917021312751922
1.1816852649495204
0.4723072245656155
4.434778229551166
2.5043958784924607
-0.18469282940253484
3.091669108350294
0.5536353450193277
-0.7959476951057679
-0.9822574106631401
0.1911970128634706
-1.0245562698126827
7.728071427009526
6.93327370914082
-0.9186996596353587
1.1509536185423175
2.9213590256203394
1.6689057253084725
3.0589750684536785
0.8614660617606048
0.0819647873910716
6.310338570120621
1.2820730559170435
3.4380513415960263
3.5808149813456462
0.7213976558784037
0.8472767961334711
2.5804648762257605
7.06041663940609
2.153146240340779
1.5956050380517888
2.7795676863963634
0.7486913957492245
6.044903464937815
1.7172020936022163
4.67858926994454
1.385072034917119
0.2778410287312561
2.039827718526483
4.790828162487353
4.010742507148079
2.024882866873215
2.3967139408829845
2.049961244322188
1.110422221624161
-1.4592601078242278
2.9794468837980546
-0.8152095658597088
1.3743346531307803
4.674367663103095
1.0263510670401108
-0.2192049874375321
-1.3861682822999568
1.5121579503204103
2.5228480684013075
4.817414680874639
0.6014406309961419
1.9230137434113295
-1.3219239462713772
1.699892367271016
6.264746616063331
3.6973741909556748
2.2824123726709544
3.3372661807186104
-0.4907021462618011
1.0263920518180554
-1.6361106389215845
3.2804690654609527
-0.40771360285550823
0.6382047404492994
-0.627987578224179
1.4519739263772884
0.9830625042644294
5.161608291728913
2.032882099784498
5.336629006038658
0.06673484848346156
1.0372440329043529
-0.32928750824279307
2.118848925589774
5.723974315184828
4.068344222617752
1.6212974871964492
3.0283649242813278
2.4724282239720763
3.771914323334388
0.0616941278863159
1.6170983735293802
2.0224638461440563
0.9408134384852779
3.098547641360189
-1.0349647392153583
0.24697657955106955
2.3906788290309255
3.1443443344676196
5.295869779813314
0.9991106323066331
0.42631110643664943
0.3874569651635491
12.342991100660745
4.371678829891019
2.337421777690536
4.217649065831846
6.6010203799420335
2.482844673931238
2.0840569919649723
2.0208417809024426
2.2877657769506947
3.827357620890976
0.7322411667372883
2.2843897293464543
-0.13000863108224336
0.8316324306734939
-0.32157079097246666
0.5352204552803187
0.8312110550643729
5.105215452089589
0.8148679099753027
3.8448805868689293
0.45359669627205845
1.7479207318099934
0.9933039757045484
6.518635996839972
3.20479837929398
1.622590934732364
4.93965881474238
0.8395645403240616
1.0721079958422122
0.11277339184971699
3.4746394504011726
1.5411999546956896
-0.050694911297010654
3.2009041873494035
8.122031870428717
1.1784942960593545
3.6752308107411102
-0.3605862561584285
0.20841669510445532
4.081924963989637
1.9892334160468987
3.176103792259506
2.0154584970253655
0.3734148793429779
-1.28348720618932
4.873991002002066
1.9394727520848063
5.539365084295062
3.8152378272200207
2.118367474383092
1.069127328820136
-0.459667958924359
1.626074357624798
3.1877320598124257
2.7510068695831484
3.51177304723233
0.7494656680574606
6.191634428632229
1.5596207052780011
4.082141582087207
-0.3041384782971985
1.5944121209936617
2.6270869752196635
1.8304348991607975
-0.9483049996131728
3.362011005463368
2.2384115119343666
1.260841970867815
-0.6487412332837115
1.2069408445084377
2.3726591499164895
0.24059220859078168
-0.19018587469704884
0.5353772035369431
1.1168671318391188
3.2846424136955914
0.9128947715907765
0.9236203813842675
6.028579075290183
1.892389915363912
-0.4880743707858449
0.9398898056468112
1.5859366238309252
6.634794127723122
10.28725166841264
5.9588712402265065
2.4747247806127453
1.8323034119033037
5.232288085587806
0.3529858755437579
2.95662794834891
5.006537340325518
-0.28532382350022634
3.33727261511649
0.8076515139184256
1.6010349401262818
4.356463602216428
4.708900706062047
6.528119216363023
4.125706133804616
6.186798519164074
2.3127662449207764
3.028517551821166
1.874105034539551
1.7762294986869804
0.14111655210937846
-1.2314629807384985
1.1573073971355003
2.8934658159011137
6.375644868045752
2.365600272224553
0.5417366629142921
0.6877707779883643
0.3350294577920458
0.8170135330050823
0.1527554029351728
4.637138908077918
2.5448049472424668
1.4170566955515007
-0.30095693538686497
1.8368769891764238
4.207639099005927
2.3541510791771114
-0.17209025304557252
3.387473633190186
0.356169897336604
0.4237233429960261
0.18798957307091893
0.35725365507812923
3.8566402580189862
2.363549132535635
0.917416140676971
-0.7340844307002097
1.044011916006371
0.925594020502698
2.05562874483809
-0.6987991610200814
5.310448861821467
3.694412569699213
2.6558375138968127
-0.24946739493407796
0.30258017691500527
2.7162509586790358
2.4679992311681653
2.225942450571889
1.0998296122915079
3.6566830635643663
3.3895188356405646
2.938632592053048
0.13562254632696508
1.773990485179156
3.0906019490101175
-0.15801322595524775
1.1479182110652837
2.419234807680134
3.787111408104602
3.617610809643395
8.084911588458791
3.792451148986893
2.659977767607751
0.14632524962342414
3.9108195289328243
-1.1574625971352908
-0.23049318351387516
1.3288334609288805
0.6448597284157841
-0.01344011742302978
0.9308552311280939
3.6357701410316032
0.25670759803444687
3.4483270360400153
5.3021824732668295
3.1581189903104296
1.1990296889295395
0.6521626271583948
1.6712788948954385
5.300840319822004
0.9237952824712168
0.1296212437504096
4.335589363518951
1.722940645204647
2.9709229867027385
4.465836430925263
5.690821873596458
1.3714245817110624
-0.1933456529547205
0.40780757574028426
5.119488709017755
8.822191530879072
0.19202153564030677
-0.5895886271580012
4.306321245651718
4.64527688308477
5.670267044639711
3.3450042146069157
2.958512247838983
-1.266755069604399
3.5454849001751922
3.4458495811675163
2.2554408946340123
4.507972233700859
8.128229364517567
5.076348625335296
0.014650687226106296
1.2049947164274757
0.3339498216152973
7.783728892444794
-0.3144880729583716
2.1800494446055483
3.89837857767662
3.920069235219594
1.253924105340316
4.371831107411788
4.155501765319118
5.849956026555559
0.05895706603997741
2.92477194976483
2.959499985432021
2.805275386395393
1.4724306701128418
-0.40457250782361676
2.0467001145380093
4.9798811069786275
3.8165650361669456
0.7011712511277486
7.524367352877515
0.2971888721910292
3.270011847324863
0.9686891043505886
0.4686747323422681
1.6478681690652683
4.342820442898079
0.8674925724055317
4.009852559550579
2.5816434121604646
0.8466412266473229
1.9517443122607483
3.5996399920022584
3.2730333543047943
3.330838650643213
2.7620400591520182
2.833187741800602
0.3054756689899462
2.188673288285047
4.720818485877864
1.0545975909627756
3.8596292926353506
7.165193675153628
-0.3222146775064585
9.150715350264127
1.035858946106489
3.4428341527641333
3.479990582215814
1.3335442255065768
2.821380348615984
0.9079168807746792
1.959540969339002
3.254974480304896
2.235356664167345
1.435567146126028
1.4067528033619388
5.869793914707478
1.3160016383890776
6.864992711399524
3.3732724017864997
3.6049168710476795
0.0747886974500446
-0.852993009028858
1.1278628260725316
-0.17339946996790406
1.428561067992241
0.39477171520292154
3.8439550776820504
2.088049535739111
1.6846451497255512
2.8970525978575257
1.5748736930309837
1.7477441727593956
0.5574418517739929
2.7147073040775425
1.8157433656925022
1.4214645788206752
3.2382924212211925
0.21446746597676097
3.6651809593916562
5.392966855558303
1.9594189100591184
0.9748094433808542
-1.657824329309069
1.9098961246392319
2.774209835332818
3.247449379381714
3.852393030636672
2.683770944113555
3.908950982415949
4.241647633794017
-0.1327001407853528
9.538225361476579
3.271850260070807
-0.8646585089463015
0.7354497963877118
3.8565077421728664
1.8992222782341934
2.2210451156858797
0.508971151484345
7.48953618929896
1.9500525029361262
1.51507039293929
5.081489936065598
-0.021173558514214846
0.6363131373742539
6.441223772832519
0.2146754801598196
3.2727343709803898
0.5950964682984269
2.365884579283959
5.2544671921263575
0.21562479638881257
0.5073368968392888
0.6730979373127245
0.552966090688197
1.7010347145595157
4.271694855034069
1.3561261074263762
2.694235456272064
3.9198991011169566
2.6606631764140145
0.8500829587545764
0.5043876543482128
1.07905425706039
-0.1603273659236372
2.5567738645234073
0.039565207501967126
1.1123050403167778
0.8693684458404382
3.50420611522466
-1.0108804026790115
0.17347053210941177
3.771493611029126
1.5216084221502308
-0.22466577801306833
0.8979717401004859
3.0463144962522293
3.277375351467937
-1.0044610577005475
9.240743195280047
4.436912611311248
3.8304625949575177
1.9193537702757093
2.4750988450938567
1.8853055124293658
0.2031181123458849
0.5532313142071619
2.2150334024644662
2.8661365125689593
9.567545401733447
2.292445523156179
4.189325223875485
0.04530557128832291
-0.3071427592868099
1.2325129176220038
-0.15992403034386088
0.3950571187865858
-0.4657836752427657
0.6367247155764543
1.4041123056071685
-0.22803834978474824
0.8992636574412665
3.4044438843428706
4.109064866507588
3.697818480868541
2.7121131705079335
10.743613944424453
1.0623169417477343
5.492294973703381
0.49749943762610765
0.04769428632254559
4.440220441079664
1.4742016174215231
2.8234000570216646
2.773304373536199
0.253386409745448
3.910949700638923
1.8576314483583438
0.6103787699327861
0.19365677660961436
2.745215006286835
3.4543493914851995
1.964664354078188
0.6722626719431518
5.829616069458557
-0.5301210131067844
0.0387951104887808
3.25776567536848
1.2157390907763959
1.7423956249041568
1.3689745668568167
1.8266607104121053
4.279155958154796
3.2806971621389382
0.30230657032745023
0.7397165532145804
3.298545875673999
3.0803955252540933
5.038838510994771
0.11442317773689337
-0.7863580805604224
0.36274933396806486
2.4916020268169747
0.15330829319166228
-0.3241866011360865
4.863128712359982
1.3892166771201078
5.636670388192531
0.35074152745945697
-0.8070955314282456
2.2036099576509187
3.2787031689019246
1.4020355778520996
1.353026199865022
-0.5787895201297827
-0.04959957069456966
0.9390290148764285
2.7398898495206594
1.7421190960593904
4.652189033268638
0.6948190188374889
0.7468306026272731
2.132766614258951
-0.017955621290768442
-0.34965895094490357
2.8090205169011098
2.100643246665627
8.3632042988947
1.8575207845001729
0.4106769150963518
4.001043940665764
2.4293869763974065
-0.9978656094274692
2.035638708583226
1.6306704745657488
2.5950368661869554
1.6564827027092157
0.5081045513366302
-0.13284319958789997
2.7437343646880707
2.357523649175848
0.18346224341738165
2.3184567237424965
1.260340527576148
0.06813043810543273
4.7030443926115435
4.751721903374284
-0.006857483203126943
2.456789226680905
3.611755603305414
-0.046469022753938494
1.8736916690078311
2.3941487409952056
0.615117211397634
2.2259278103254876
2.2367503332724348
0.2805659114718433
0.060920079478250955
3.7079683923279223
1.2415295671028561
2.3070742213240854
3.2998866465571206
1.4339772499252301
2.214010665729179
6.564232151558944
1.8533248631560881
1.5570577166728086
2.0229628316562436
2.1296586945715608
5.140721163625175
1.720390692607218
4.085050420679479
5.426605328106833
1.5864099078538265
2.1605337337558534
-0.6216606738607091
2.2535734171000605
-0.08827291045815178
6.378916033951595
2.202242692936186
2.4843427383648793
-0.5871213829010175
2.0638838379344357
3.2242629077356453
3.2525545307482204
-0.7907085358822217
-0.19839320784101938
2.719685687132142
3.3783993703858934
2.523126110911535
1.6283724418461616
2.3849903191186668
5.519697012857772
-1.3672611323561719
0.7986058007688283
-1.0787924208847262
0.9372848415951073
1.0052090882120472
4.029317235863038
8.610838924376061
5.01779113278384
-1.1177156342105565
1.5136475177811315
0.8870359418569975
6.116441395329374
5.620999948417537
1.3946615734469479
-0.26431362208519327
0.0641717025929941
0.4847221447922916
4.805662352116704
7.112395200852241
2.7453655332572864
-0.5790917526728367
4.646988425974003
1.645033442504381
3.0386755878279317
1.932909327135368
3.821948669018253
3.032479880091218
2.825984712572715
0.6731870313871897
6.376632320392473
0.24178594885619797
5.263710977352771
1.1769839700416023
0.4767895394821402
0.1979699178528398
-0.24083007652146837
-0.2156275958829892
-0.6461632052911278
-0.0491328924415706
-0.5022101317224134
5.307517564014452
0.3389280600124533
6.306582052261934
3.9848445675976256
0.6721392694122977
4.348793415661444
2.423766759371543
3.3521878596727728
2.386201596961874
7.042876816633107
0.16750635023997995
1.550618639197809
0.05429621879971791
0.025669996799285277
4.88229353302934
5.450175060381684
1.2864356448517569
2.512563177806805
2.629190770888311
1.0323165627511095
2.2285330188729815
1.9793959223941036
3.71138864704415
1.0861694068906205
0.19323310961864393
-0.2175080999132375
4.636424504822993
1.3359687163542255
1.6750798419372823
2.5553446355990896
4.557578674830357
2.011546831308112
0.6152234583775481
4.8915793169780155
7.167013764927587
1.9886755815898371
1.3052634371932157
2.862945355241192
-0.29893449461892463
5.740015039366817
0.8712085236732663
6.784445322611272
1.315334162293296
4.230122938031223
-0.2184186395892721
5.035659488091849
2.492860599463892
1.9548280939659572
3.8306899525527207
1.6550477005903157
2.3242668221447733
2.6835346956849055
1.0452109320717238
2.788654417415877
-0.2236859146935793
1.9646733857812781
3.2218496899200737
3.3532247565281277
4.724568899385169
3.87443436303686
0.8526725091065237
0.32633123994083013
1.2276226888657433
0.42450146552006185
-1.1573703586950446
3.120875225375875
3.016644948631478
3.65864653677398
1.1290407348397589
-1.0592543611081982
3.403358266938203
2.4580372786413878
0.5365586208537102
2.0663719893594807
-1.5639399621745904
1.6030844242193885
1.9820078626076008
3.247012191450694
4.642045971586415
0.7325981282936862
4.221853228571424
3.8368046750482354
0.10429296783505465
0.5310611348560277
-0.5095591922560962
-0.46059290240578754
0.6745356240966619
2.813491619245219
0.9169436197860754
1.102043111511028
1.4377912663212529
0.22322185188612986
1.5876187706613938
2.4915369951052466
2.6001396443826605
3.6104544567181946
3.4015057637147814
1.1400299793840365
1.7163836194647109
2.173540879109604
2.824830872855043
1.3448444617461082
-0.7061249689683233
0.3569397724312584
-1.700352436919437
-1.178582623713302
6.989601438512572
3.0592992176727227
0.30193487645372374
2.1622799205780696
0.07906240259568986
-0.3926644560904555
2.521432200673406
-0.10083270199577005
2.144364718009687
-0.6405881425970266
4.657815603359579
-1.1119774629138837
1.9350494387899437
4.53795124558517
3.245674679247095
-0.3576303556637074
-1.1518781692652624
-0.5160490690926175
4.136729146955063
2.0895285583635657
8.228653516853944
-0.3975701641305318
1.720918615980268
3.92969990205784
0.3828925419621552
-0.7471108791874908
-0.49820759943222986
3.2236870190130693
1.3154283087149305
1.2842945458981818
1.3090873169087804
-0.39945533338194533
3.2600345541109577
-0.9965786898184754
1.8500638686909174
5.781461211337247
-0.05301151774168994
0.1906020825469874
7.650644394153538
5.45602688886969
4.960602192964595
0.21981651363143795
5.473695653494262
3.869756696609693
1.4549245567251425
4.752572299732827
0.2692308025932675
-0.5272065039103717
1.3312592468714075
6.918045201602815
0.974240641547815
5.601223245141427
1.3389376095143928
0.6812599492402815
1.6257933581470863
1.8856440649328297
1.563819381143869
1.4958766907142398
7.345478180472966
7.385781049388458
1.8281466178312844
0.8443392633685067
0.4934800525632319
3.1392664587239882
1.2427807857842124
1.0133620765029114
1.455991107668642
2.6455488828093188
3.8949770871216063
3.1655759470073828
-0.8326792285821453
0.5117841294849808
3.2835219825709414
1.6614452457770161
-1.689978762460184
-1.0932809511322756
1.271114461196243
3.7667209932932995
0.8760881834911337
5.60601374384581
4.450056051850993
1.4737034295302156
-1.42187145491298
5.115614739872486
2.92585473188632
1.710602091959045
2.9625814706659006
1.1424501350954943
2.4275057494414214
0.7378762847613957
3.029285686196399
2.031477968184893
1.7980797636165167
2.7942157362809756
-0.4192339991012063
0.7374647031718908
1.5811835368980764
-0.30039813220957745
0.6179647926537389
3.459404240818611
4.46390601384647
0.5819890169392068
-1.463637080214096
2.810421674360658
2.9072249814077016
1.0141552295376506
1.871196423141432
1.880689117330822
0.7483609549968908
1.758456283982297
1.50908543088173
0.02071300416960517
-0.25777402058581433
2.3962783773058316
5.71450447421429
1.8597910425623982
2.4994441208688607
2.122792546947828
-1.3239530329888587
1.6572177240086094
4.62784315686676
10.383670494752604
1.6200421595670795
0.7707539029155133
-0.7128631485023311
7.2003514395948205
3.072557023357261
5.607427097615761
3.1757068626751717
-1.7987856686698263
3.6973662541943755
1.8499496184225597
-0.022288694233023876
1.811626519758884
3.839418698480345
2.2092368495366523
2.4697159086277836
0.35626654978573485
-0.9718127513980654
4.194991910171426
-0.6949478267271576
1.383755456166062
0.28451481336410317
4.3810137832423575
4.237021653576277
1.0524838508489127
0.458923917498675
5.796837665788519
1.3039043911020833
3.7540769024630434
8.21645284973178
0.935729443747769
0.24033557292998897
0.4653304513932194
4.171976809965806
0.2608028548815196
4.102086633556603
1.7803377967500587
3.3750352501766083
1.98470263199984
4.39097803722649
0.4169922617392347
0.6856881678408859
1.9095000782704141
0.059306451932193645
3.3071202116692193
3.6183844908773515
0.38355239413027065
0.9090759349372188
-0.6219220828841956
0.073848687752374
2.023590612460691
1.3442922570405447
1.359015236557566
2.07453704145126
0.52293136870952
1.773567181383153
0.45223730750538804
2.1789399528372004
1.7223245308745698
-0.565769475421804
1.8947855986536537
2.265976834829517
3.70438712755771
0.02819633209272996
1.9656988642178195
9.806813116934658
0.746451398058753
6.7020976730764295
0.866461842636194
6.160620890637233
3.1307242168318137
-0.44684845696995845
6.133231391483385
0.32890529455498246
0.03268192205138029
2.0092841426773367
1.7366717157260383
0.9097482141001481
1.0578810633173754
0.2784840387345755
-0.1846594558298519
-0.4917298202909667
0.250159133182483
2.738248239130246
-0.03607238447983159
0.572400661301715
3.797449542721125
-0.32550551053055066
-0.9968152088557185
-1.3315906274551144
-0.04927297615002124
2.7832671843213728
-0.6526570946272601
0.1289965297401966
-0.12038623760398033
0.9838134586876035
2.8349895428676697
2.8597173656067536
1.1385227274016152
7.76572725969724
1.2252149970386648
3.322615229293299
2.909538235910187
-0.5193513723797867
-1.5099293310077608
3.1712187913120005
-0.5257904832528577
3.8013595476344406
2.3353361226951956
1.0119580649372926
2.7022257759907378
0.26743812996104593
-0.169656272154495
7.546501339819062
1.6218780192102973
5.085661832283846
4.6906877683670185
2.191578954066009
0.5352403584401652
0.18339509270937815
-1.0159810048810909
1.454692147785703
0.03746055899488821
-0.4175807251487514
4.349752836304909
9.601521312825051
0.21764495666227346
0.19855427573602977
1.4946841678697536
0.9130391221091431
2.0296157980302705
0.6214780871473758
2.907567136460118
3.347132290156404
2.825090718755484
1.9511416665597752
5.2498032860840835
-0.567507299139847
2.011837902702459
1.9265405617618878
1.3260585371537923
1.2000513425475503
-0.4074756660571718
1.7739829186345504
-0.4061496144080628
0.6725479984886173
0.34723522937352946
-0.17106601911159763
2.029343063077229
-1.2046516962387812
-0.6049199340921507
0.4512238823467937
1.860142501276424
1.582399840183027
1.5945619605020322
0.39316885661723117
4.638460668688569
3.884679599179505
1.522187072340469
0.5747397654695244
2.5700192763496497
3.6534734637649566
0.548865276805877
1.40497440590434
1.386020439639119
4.28158344536839
1.6551482859238875
-0.18598204678543317
2.2155840242508287
3.002093589536988
1.0104257981992115
1.9374490177749861
0.927456526597249
6.962325681272974
2.760740672855211
-0.20114096124915998
7.355997103692069
1.12554791958728
-0.5047345291365268
4.211293335253648
-1.07988223795252
1.6492140946952036
4.8694005352930825
2.976126047999685
2.290794888994449
3.843830041764279
5.622964845898791
2.391574267944965
-1.0925458400983232
-0.5045126094895207
2.5097817974987366
6.977986581400426
0.8151392836826321
-0.7144173935600832
11.532266961414944
1.10106235575091
0.5112334205533917
2.7301515038663307
0.1100103410838364
0.04418663777868778
1.7564411108476192
1.6465724574243215
0.8490997383779697
3.6450990439704882
-1.3192061730658846
3.272809104770446
0.8621460756575666
2.700657235005117
4.423960268151981
0.739965357540638
3.550551556617914
2.166660959171195
-1.0742481628836038
3.6488337827813297
1.1365380975056696
4.7811596026127035
3.452187569367444
0.2065688039238206
0.06352429425862516
1.8692690451926892
1.3011251821903422
2.666826628613021
0.508189427485606
2.4561860099318538
0.9979188575394249
1.145454192538836
2.370692772913068
2.0553713697740505
2.1374269942394712
6.531537192757621
-0.8429097344571204
5.976425033127863
4.019731467634252
1.167623734559632
1.9541794246821131
1.3656569078878322
6.488139409275945
8.65380747549369
2.6516731648309957
3.19853883880598
-0.24131328785026196
0.4301967468727924
1.1797345357311404
2.570936341495054
2.842911367466083
-0.15441622133705807
1.0181715867175032
2.698462329356587
0.44972208307452766
3.132469035223425
0.5305359299885103
3.217750015004433
2.1982382866259846
1.1155327673156805
3.6225962452575615
0.6357398123037411
2.720862031891705
0.8473519104760252
1.3597964144803871
1.7592894352547372
3.4502594242620903
0.5212249788806493
0.9555849249856049
1.6051172707690995
7.069184808195755
3.1112591822595883
0.8304638756144063
0.8163544168629824
1.7938828434234038
2.9567697357076277
2.0757716730106837
1.8415360721026859
0.005693236658644296
3.7968882143783493
5.002575929856404
1.671200333243193
2.3601503830392674
0.6813248085172605
0.3427755362958562
0.8357954668007758
0.3043700841522845
0.7559443973204985
2.0407024642083647
0.980534800224103
5.644834516330615
2.4789940993082076
0.42662642975487247
2.6523452257962052
0.9887373277963326
6.691710032699399
5.108587952852557
3.320016038257662
0.3786750544189061
-0.24283316163261112
2.585158710415356
3.7022472686806047
0.2893876808364266
2.0785656041932414
1.3565059337186878
0.24130353505852709
1.5573458852579385
8.168524507530682
2.338971537841077
0.3959892050800562
1.5861613179700544
0.8057221190485748
0.869131480599436
0.49339845782721814
3.4742015229143712
1.6096161489179956
1.2973278692536423
4.914530176571229
1.8184853063115356
3.2486939624468314
1.86957832549848
1.9048393415954832
7.805969731045013
1.7413542097211112
1.987004652248539
5.831957211212936
1.386515259562384
2.622863677676416
3.410608319945463
4.947347001861465
3.1097426179330747
3.4632410388667063
3.515697764810279
2.900044608601302
1.294188111593817
2.6480458344534554
-0.62170281097588
8.159043560724154
1.9159398613242282
1.5257675060223281
4.537628789997526
1.1262515224662701
1.714155146752518
2.5386513414865197
1.2964127887990713
0.507386420922513
5.481115644771195
4.828489036394491
1.6401358928401477
2.8015668561822773
-0.03985850975207055
5.086293743617132
3.9034243460245976
0.09508871808393994
3.986356963711849
-1.0044035708055314
-0.9914161039017156
3.3257645515847214
1.133884305178096
-0.12144384706257756
-0.6952422614699156
4.492465710785243
3.3082224823946116
-0.947028114425399
0.21404506958219988
3.2510136533190717
3.577575465523757
6.555921607605155
1.1269854627706377
2.399483742369362
0.8668446521487109
1.7465863747727628
6.917273551270364
0.8106151799628197
2.911117531331365
5.957276531117196
0.3743369293675213
8.478885517112458
0.5721754324630847
2.233227255799759
0.3960312608143821
3.4480740339977283
1.553711729802517
1.5416635904491165
2.0502220841669536
0.40025377837395176
1.6908509867762749
-0.9382638325833319
4.306062679148053
0.3005504266514858
4.65703088497232
3.160057488158439
1.573092388155839
7.788778133990283
-0.42032553309598164
-1.4225476740356697
2.1898163929917964
3.3746891918907327
1.8198708948546278
3.3867275003102977
2.242497020875292
3.2843361268910067
-0.25635831852815405
2.0137893394565283
2.9906590812563554
1.6028385034315717
1.9791583939347293
-1.4549476687105882
3.7866919321493437
1.9510623678857955
-1.034033015632992
4.996355362159384
2.934735692413595
-1.1004914226590041
0.8680853005148574
-1.1316895173332095
0.3485621958328055
1.6230179155366935
-0.27136532510738537
4.456544473940493
-0.001867900212104756
-1.5613951022981083
2.396966639119238
2.032924813200384
0.9190455510838724
2.3172253449688953
0.6895337781017447
1.9163909737584384
3.768659375023525
4.573384557935213
2.2626076147699257
-1.0543193746816333
0.939267814378531
1.723861360284165
2.460483885892371
2.8242848708659753
9.228382521751625
3.132849201272752
3.8785712164286172
1.5724066616875025
0.7162233645763618
-1.1232768501257748
0.8720406579449973
0.9013932832584245
0.8953213267373911
1.749167640985972
5.592747395222661
0.19940994039282112
-1.349770726285838
3.7585367458338346
1.7869069665042865
1.5278240786740427
4.817238102864666
4.921906746790374
-1.452768986953057
2.4004926424994384
5.193118027262124
4.130459578510911
3.455201169728318
2.259214821865773
0.6779493100572282
3.2868752620843043
0.5628283826798038
0.906875656862729
3.4722926120529825
1.1697930945097026
0.036191365859215674
0.520656205067449
8.98021309729733
4.189372120133349
1.9761509880143424
4.076438221645326
2.740705961256928
2.1134641929329705
1.5781542534300863
1.2327589675695985
5.432999160246123
-0.8147624596924792
1.3580294927254606
1.8343812253646856
5.653873276640066
3.9553833533993576
4.010058774544969
4.042706080565082
0.913029909692488
0.5491677234586239
-1.0633812453990326
0.9299896374813865
-0.4339309760279417
3.313706813633842
1.3641067706705092
8.696817425276677
3.8964450948115887
1.400248244395095
13.414361661426641
-1.1254217643167124
0.41150405008944346
3.525985945821039
3.2715241008590383
1.4486179856704098
3.577092649992979
0.21823381949015475
6.270277282259571
0.6320575027202343
0.9725760159186645
1.4660589483883593
5.185072431468051
2.0868891537976744
3.776383016959041
0.42494765838101145
4.39786267517678
2.0653877804537353
2.4884390054699494
7.2832678174608185
3.209379333701606
0.6104899206846538
1.2157668296693653
1.627364537406583
1.4564036009831152
3.285123197710716
4.561827410306049
-0.40712620475249534
6.845845682051099
8.842420574718437
3.3628334781421936
0.6581985912637296
1.4821597055587876
2.5933982771175987
-0.6471681709053989
2.454211244294422
4.0222461992170455
1.4113343295651826
0.4867511353145876
5.859125717856815
2.6809883109693406
5.333533120249565
2.4107413875896526
0.6589274555739474
0.28160798064280207
0.9415065770662572
1.3005228041935033
4.409750760637689
3.151062555801463
-0.6190166654929076
3.2249581192705596
2.5984167630277857
0.7315851080452458
1.9964154278278041
2.9813232639439122
1.0305350734222885
4.741550069067846
1.7362163125013095
0.03602566542463037
3.0489101798667946
0.33685835912334583
3.317124291767994
4.043915377841277
0.9150810914475891
-0.6068437942745842
-1.0882671379135498
1.6994675250092794
1.8879087711351086
1.7301211550854338
5.480420589157052
0.41400949404345144
12.706075296554584
4.258830912588424
1.7578755879324095
6.085896801121109
6.178723788752571
1.70159011040728
0.07348507416428163
0.9750561614201625
0.8599448070900386
9.431924855308907
0.34413609026188974
0.027619270973932797
-0.04099410560884553
-0.8066471222277218
2.0351991305800277
2.715837537715112
3.720716227336621
-0.13145415722585627
1.084869076354684
4.681155796788303
1.6628975628818912
-1.0351721150797792
4.773726847875278
0.9816091978660124
0.636159830855848
1.5520430995556256
1.1935096366471505
2.8416779426531584
3.8954165635782454
2.5649262111355045
-0.983887710842549
5.499142577249943
3.1646930706323277
3.8803974462863673
4.620743332836981
1.8268247431041416
4.401205169375951
4.205642954492256
6.026610191329414
0.3694740166138619
0.8389450125308365
0.44034330287732193
4.205603995540296
2.071418662439834
3.04406274622151
1.3765489415331371
0.07207494863537983
3.7380792128266167
3.5994981570581066
0.6859669747841612
2.196379092801761
3.1192008335323944
2.6874746689795184
2.6674093438392337
3.7616857732013695
3.3438911526665223
-0.4722208561474265
3.7949785645571223
-1.006526961749068
0.7818296776220504
0.7964009164451821
3.768641996629187
3.377542547762422
0.47918765838635724
0.3030985009746514
1.9692723784112582
0.9741580791973027
2.349617463507532
1.750177215861248
4.07352689382531
2.0613323625320272
0.4098858090043924
2.2051058478028245
5.133375224526133
2.5992670081124536
-0.320952542962384
3.129994142807833
1.6338290627524994
3.359981518823836
2.059260047080087
7.206393148625106
2.5377654263831277
4.792396494882493
0.34645184218497715
1.9670703068905646
0.6751033871079328
3.73605754796089
5.623629993984427
0.9478300765150356
3.9776189675904092
3.5381282278432513
0.5328771901216305
0.7305833769859946
1.3334863722222754
1.0023710630408502
3.209690946319262
4.979496980067793
3.800537096165396
-1.5324213182096509
1.1249051694853094
2.4639088045275117
0.2581368017972757
-1.8654090978486715
-1.4545745917944062
-1.419523188467428
4.899935988616779
-0.0401774647086256
4.4683292788971105
7.438265888830618
1.0392152494252562
6.239647571688593
2.121570655054975
3.3535098860533497
1.9837545830470842
6.692958491530211
-0.5530635636126654
1.5571136724001495
1.5866728410598583
3.587211415941993
0.08094389913016595
0.8050339327553238
9.056333764114282
-1.1974578676282879
3.1863965211386884
0.021418411730957328
3.942998731993165
2.5177009567513475
4.5985026650832275
3.265046559185224
-0.5482841516813752
3.112048162928976
3.122085636889485
0.3192262384524291
0.3208090960034018
2.8148551348016437
1.1664881901503794
2.359261797144512
6.767798655889896
4.757704351199975
2.121277228965832
1.2509731528686612
-0.05527445377469748
0.39187834045408454
0.22984553033857263
1.7352591365178418
8.325513782765201
1.7908547034654445
4.290557443100325
2.019833566834361
1.4759519706099828
-1.0789061177115298
3.9000318437732937
-0.2845144669184836
6.372361927294615
4.61596605231154
1.3947856738414126
-0.9971889828814562
0.8480952494779294
2.2123186389880525
0.5166813968501769
0.46692620462346657
1.8776658178000374
-0.6534973038637414
2.0604010546857623
5.102157647031054
1.134800974698174
1.834039891307881
-1.0080872917257127
2.50832766855426
0.6112903912183768
-0.528306292895472
2.0672850541344294
0.20814952619919408
-0.7237873721619241
1.5149455682869926
2.9135048645636346
4.891242991550778
4.3002875549942665
2.3994688256028684
2.1180790897174613
1.0907936382827252
3.3244067187929316
2.405830057421414
1.0249403498011593
2.589423571430363
3.5656339313053382
4.475980682345248
5.09155295061402
-0.12385110264430524
-0.027162719103860394
0.23825445475378812
-1.1441525622324316
1.6149020293857106
9.398394830078427
5.2471621256053345
4.755617106712965
2.3655600790630342
4.6528211981079135
-0.7598217074092894
0.4901425240784876
1.956022815936123
6.236095091406395
0.8499225756186799
2.799809716548632
1.1554185648581585
2.342957745706152
5.490451863769984
4.493821016754676
0.4278980065583086
8.531104618655231
6.544545024952426
2.0732908835964468
5.273269747242322
1.2414982414302564
1.1017688002258441
8.321655878656273
3.149411766717957
6.502992711862822
0.3497258931150631
0.3571278743156546
-1.3584351239633898
1.8515047657408923
8.22765406079312
4.992297340898801
1.1018493038639028
7.583088060106638
1.8211438411283654
-0.2180803020996563
1.0781344949747926
1.9887744136965888
0.009611315425174682
2.7072946573803205
5.1276685935226665
2.398774663243476
0.5636545808558037
1.2293951672775536
2.560459305262672
1.3027388019094623
2.8989059588880073
2.709122818749118
1.021256288080869
4.42355226916448
1.541497292750579
0.9595656880256835
3.8093252952964276
1.8186779025127955
-0.3481029022855806
1.5609008172172163
2.950319991989732
4.2413827191319475
3.0070668065830115
1.8240830135158304
2.6383678205703776
1.1166437098288047
2.6191204194154976
1.4876239489346212
0.2877379200323065
-0.1850277851291201
0.4270560014664033
0.4795528695833956
-0.4369607545400459
-0.7464062345247272
6.260764575446069
2.1268113475683528
-0.1094336733858099
1.2803847396316677
1.765795947495974
-0.9217287241257044
4.287151823935543
4.798606385992933
3.367388974240314
3.371221295421967
5.744998894732726
2.345400950024819
5.623217661191713
0.5066897262373999
1.7998193936994062
1.7130571995222317
4.372745143470487
0.0627118860889046
2.843760621118069
6.848190195402987
1.5803840287109536
-1.224168139343681
0.7350198804741094
2.1886834284629795
-0.7334005812415526
2.381160324228393
-0.8675171641133943
1.2647441136862494
1.9939540198349113
2.1125494528921616
-0.5732544763799766
1.4248187443287406
2.5380184063852758
3.578293900815818
2.717985741220199
2.8354324817508294
3.4386455193643295
1.7944919910344215
0.18497922088356722
1.5821440148963428
3.2826655106129072
2.226399383090915
4.1811560891000425
0.12291502989171149
0.6157785040518913
3.6978448807217266
-1.1642309527165828
0.14922657025155156
0.3945986514483123
2.1425970532118535
3.739362723752137
4.563314014745722
0.025354538658983627
7.529759483389128
4.450454592582999
0.7070335503919658
-0.8732381823938373
3.3520273484754863
2.993795581320612
1.2219776383096383
1.9642108128035716
-0.011447878053272742
1.9654425813439491
1.0339783180181108
4.106411314348627
4.323857468665434
4.983449626491475
0.6065306010717777
0.44804073941303646
0.9273807188970735
1.9278128768916707
-0.3498618073355393
0.9998300319182734
5.605894403666117
0.4581474809727918
2.2045971731860368
1.6505398027397167
1.3947867201285096
5.940171492039909
4.678784781911986
1.1442036726364955
2.24320584545715
3.073191251436315
5.076161173555093
0.9830913573470845
-0.48732674194172276
7.811573400942796
2.482285629279818
1.458316896991726
1.7518101218592506
0.7773382787414483
-0.33358822402241484
2.955069593126932
6.117999831421841
3.9746073300542744
5.74482205781314
2.2862697430126553
1.9669163435037662
1.300287889638985
3.186119282186654
0.38467606328299986
3.269433037088378
-0.5409596812433207
-0.43952557956669225
4.485930419739933
2.2230586654167377
1.3958203851667135
2.34529947602598
-0.04058668358527595
1.7542230374356222
5.99778173532448
5.210390510311258
2.0334434821766525
3.6121051329633365
2.4908860103822894
0.8907641307812428
3.304061782777397
0.18644092242264576
2.4423236005505804
3.252621026234283
1.6321046241584347
2.4092975231326474
0.5987456556559716
-0.3034036398386343
1.5710645477442011
-0.7913065741489748
3.6079155149731976
-0.06681165488017438
2.144660765707281
-0.3821324204980137
5.422031289672364
-0.9195943827413797
2.530170514888792
3.0950089366709492
0.673390738541759
-0.6026606409792106
2.6094633361410113
-0.4873428457767062
2.4117707141521407
0.37711450640107647
5.263675347388746
6.63804910835762
5.080641228353503
3.4496764692483817
4.071058503221321
5.282960472851687
1.4624855290723606
2.073305187642077
2.150389158715227
1.1610693987816532
0.11860794662171764
1.863210102627967
5.516309227532053
4.655364926545598
0.09930294626101194
0.8512332803969996
3.1141194511387216
1.0946701812167114
3.92028784717185
-0.30537606062121886
-0.3735599669497869
2.370280967924312
7.851535415674927
0.5077208447263559
4.019167341925165
5.178335803796148
7.151889629851424
3.713626007345785
0.3519542335708628
2.846475832007053
0.12961809089161852
1.9255602895646666
1.9366855323755836
2.121558909913728
5.990132244333379
2.4748015587255163
8.712952598338148
1.6681690523463928
1.8810262534424598
0.7113189956152502
-0.6464653599919666
5.15624664525799
0.22539582614203377
2.5781199080137247
9.035126905317235
-0.18574583825488816
1.9867690342235702
1.344283842567761
4.291207632631616
0.3872175976164769
1.7152630037386485
5.776862750689023
6.688182408583875
4.638587980862973
0.10584830890397068
1.277494182871012
2.4724319658228855
3.149584342943202
3.7845152005584817
1.4969385703420532
-0.7220215645816834
3.6356409192618715
0.8354971715912246
1.268647877828176
3.249732108203265
1.3396959804300121
6.703139135180627
9.751325061763918
-1.3833190194039031
0.009260116030410936
3.8020982799506133
0.8125158696647655
4.1984619295516215
-0.2963371033259594
-0.5406284596622646
-0.6162725629597351
1.4645751969200695
3.306873045601802
2.0537875856628482
-0.056365782737789485
1.1076828319033976
4.511442545931898
0.7895249742325131
3.13600745009538
1.004432973795001
-0.574155013146239
3.361535683197927
1.9180260593027412
0.08457507193052105
3.1269082381657527
4.07300533363316
3.2210971333019818
3.4536352707767515
3.2714618713531736
0.33177360497343267
-0.3155386802777982
0.3394390862934461
1.284577708346369
-0.22804176881039984
0.7535743390446921
1.3152261746389378
0.8814773124432076
9.745350798049822
1.8628728826981278
1.9852438881531165
2.323134133907584
3.6654502485649374
0.734662235952859
0.6743212732742188
4.574667605445315
1.9623861859758387
1.691313510652251
0.02559303603563312
2.918491306528204
2.5884419391212603
5.6177829208784855
2.1612968833321697
1.193662321538449
0.1137827278091296
0.10952405904159176
0.01102416859747174
-0.685305604579612
3.425130828140618
2.155530474489331
0.966883814064686
-0.32611978943663245
1.9211092228009468
-0.7016773050915106
0.03425483805144691
-0.02903279538875414
6.960981377279143
7.152700859889219
2.3573192091482347
4.218422090533083
2.26818905867008
1.9206766171930054
1.576557631286287
13.744928164525275
4.767833761400141
4.805487116410472
5.828698134543021
3.0916120094245993
4.062730619876597
2.9089993594934622
3.3907853641798162
2.449636679414139
1.6525937959792514
1.8703919335368546
5.683275084810934
3.9204152934998193
2.788474302258532
-1.129599749326256
0.6235434584328481
0.1715418171706068
1.7674407434802601
-1.2893462104283242
3.9752002489539926
2.0772265207562124
0.9407902341183491
2.170397670044629
4.405183951439064
5.385227917723038
2.432151633297104
4.424137753676466
1.7684025411667224
5.086455251040857
-1.6635892927749611
4.610842456921025
-0.22427389113652174
0.7631473956635917
1.094618830930285
-1.3488062638218024
4.90039739969544
4.857872491299934
-0.5365138890449268
1.3148665120669192
2.5336324227612312
-0.7312854515500978
2.0739419547471902
4.399716848732032
1.3512570969371038
4.128017676732548
0.22728039145265533
2.3959234158465486
-0.6166778645827106
4.273988243991012
1.282900758137504
-0.963137838445024
3.192726714246875
2.0352267207739025
0.5798107497700528
-1.3087577331859184
-0.3044979225398543
2.869436862802462
3.14137565649178
1.0606787462352392
5.852856044117896
1.2212304982289255
-0.48762229332883233
2.230572574887518
0.5004114942695156
3.436619376014505
1.4883010411025732
2.9454336438714668
-1.890010818474823
-0.6982426202443884
1.0815799867887956
-0.020640903573234337
0.6743826634279166
2.1397581001737107
3.4409369991308094
0.9597656526549565
-1.9046130859678647
0.13471036299690486
3.167658932666294
5.366921783370364
-0.4484708895868495
2.4445051407070313
2.5945005458345385
6.029460684757261
4.475103249485516
2.201907027073536
0.36486014751083196
6.309617821546943
0.4403225664802449
6.095001975232938
0.2365339454891695
2.4591737501770297
1.3550948767571656
2.2821924097339323
2.5643337917121176
4.7091969807143945
-0.0832976101594387
4.238750028349309
-0.4025756995889416
-0.8286963117446665
1.0775445351729438
3.5050039010161234
5.099820153610952
3.6081383871304906
0.6845979111802565
0.9498594844422432
0.8953153944263894
0.710265201133847
4.044465697441237
3.1914271744383393
-1.4896166394270263
4.514721287347654
0.5744889603228815
-0.9617094783498357
-1.2359899419152158
-0.6519312169333125
1.0372262339462148
5.652060246744742
1.9984107803954059
-0.3123784581356305
4.132765738951013
5.477898584681858
0.9658590765202453
1.2341594178309574
3.0352127841468004
-0.657048406827162
0.728707645368356
2.661768130333361
2.6169670767747304
3.575921468371167
2.597040023816033
2.912046817759174
-0.9520020604248496
0.3377197871512452
1.7333852381681136
-0.6123548476881332
1.254740175931813
-1.2832106232547085
0.5373439874509719
1.085189849342544
4.381657578871522
0.08974936011809964
3.2000454971457644
-0.28086403933043896
1.2825184692660045
0.33385256333572555
6.837966666710241
6.589982483477208
2.193980775962971
2.059923481961611
0.03381702141927678
5.813197387008502
2.510644844522279
6.357728626446249
1.1407656594681974
3.8380728200709875
2.7095114060148715
1.969847843096029
1.4016442495478576
1.6791589921231187
3.805284659699117
0.5872799893804919
5.144754471713148
3.3123003657622228
6.114339303900905
3.892626562053336
1.9673963628198077
5.171323599064545
2.657119874174475
1.706257689746964
1.9468861302749887
2.196304006685356
-0.6997071923070712
-0.23359923638940483
2.73589761975593
1.3480697014979768
1.3130724398531628
0.05754167139348282
2.244453292545841
1.321378557094297
3.760806533726389
-0.06550526296814685
7.009786554196341
2.0773548418156036
1.753442161252077
2.5701254823984194
3.936466206881149
4.778672019327442
1.1959066645677383
1.1472200396115673
4.30008379668509
2.667123143996717
2.3178624064534787
2.6101589601169315
2.0287112833213086
3.7914235944508063
0.36944560882477545
2.8547244686991324
1.2633090863764016
5.172166929168578
0.20155815993386794
2.8569890369887037
3.293173246705257
3.2726459077422256
5.896886669860309
-0.05431753148319636
1.7531465335178387
5.288465734828263
2.795101446716933
0.018759995685863173
5.251217689993597
1.0610528743741998
2.778087190356852
0.7193758332082096
-0.44363001896456333
-0.13079330444716614
0.6727223680860277
4.09378493283349
1.9433163737435313
3.6943424184972224
1.5242636582543079
4.76336650058914
2.456215762960381
2.212110953015844
-0.8644150135659786
0.08334416878790638
1.1862869434171475
7.67531946316182
4.375134488679508
4.814321311269594
1.1947781018807415
6.322086771896152
8.260239344670968
2.034242749413665
0.7422475403358468
-0.3917027076190467
3.843228311664951
2.9867456582627967
2.285547169941443
1.272996216529637
2.0628414538662128
1.667051819665426
4.986201907169947
0.40873475067300297
5.167361421824819
0.16605825948068662
4.918462521209217
0.6282508535776479
4.8091871732933935
2.879102788512621
-0.3788243535166403
1.0480736104211228
-0.4546745269421032
4.04023961765175
6.55498466928087
5.1384266510806995
0.8874874770330367
1.3834898969085117
1.5731326286727911
2.7726697840596755
0.4623226397207552
3.19553410873833
0.5163478874059464
2.0579134378253583
1.5680626767719033
3.8372381950525853
1.030714315236017
1.2709650400005859
0.516112218829196
0.668183787339819
0.7713062191363405
4.016872921566062
4.76323577582414
2.176633948908841
3.1738342852715444
2.6072399418113683
-0.09160476011349722
4.359972049808277
4.051929546685729
7.251044472110256
-0.07546310138314133
5.087374204266128
2.7223249538072447
0.1568528794372499
1.0233770099216835
3.399213556627929
2.6901531505443814
0.19158384078528334
-0.4339706483299532
5.086254213539218
3.561489409920047
5.874222151536512
1.42639333575656
-0.1849388103500676
5.436389478354459
5.434661683250042
1.6176030216581043
7.829910065118353
-0.7568803848339516
1.1644808657490309
2.2531021257821973
3.9208583949805798
8.514114800605629
3.420508825596883
0.6461389763942392
0.6529271610707057
5.00374295963532
1.0551987792708934
0.027961188747304355
3.1787921798932
5.065222942468207
-0.15054341216969513
1.4755418297418177
4.2531370298414455
-1.1284786484257234
5.062087071255604
2.635379959210944
1.6699896148855415
3.1312737865688787
2.285229924624055
7.402244074495721
0.4678993292178899
2.205327698625765
1.9606831111798497
6.37134140035173
0.002770063943266843
-0.5086317596244672
2.5270789406571432
0.6934823669621772
-0.12681561979192374
4.816097294617866
1.93161057829075
0.7961572634772741
1.7487417840439798
2.695312567834845
0.3229940649796726
2.610069323359098
-0.7149579705969074
3.309501944104657
3.245340894068125
2.5748580957746596
3.3655522331536973
3.6969329626580976
2.613816266558288
1.6331212738690555
2.3650451109084245
0.4131940304013557
1.5658335481708106
2.399310412614069
2.7110305121664307
3.244120979065246
2.036938048136226
1.7402789566951455
4.008383525146301
1.2489874729479384
3.5980216010054678
1.5527042063128857
3.523961370393875
7.118734236694189
1.945780244480174
0.09674070869399487
2.368516782160282
1.686980307279402
1.4987656339562359
3.3288544943714706
-0.6082316474902277
2.732903384989621
4.639759463998378
2.879739794742339
1.6396124049738758
1.0938124743320325
2.3341967339258223
1.8108473702389456
2.0015806892769716
-0.011156894023009789
2.3704550514537877
5.84745048041612
-0.8080109141779432
4.999544732569349
2.8557916075237184
4.736847521164916
1.5181856797455437
-0.8907113938164013
0.7842970794993187
3.2816169488582405
0.9142457678019141
6.160862370400498
4.13512342352958
4.124818804011164
1.8086525790771022
1.1042836294207667
0.2538350888482752
-0.9991510224040208
3.116257637715065
4.392735012741213
1.2017684103613364
1.088994845380482
-1.0780919766871029
0.8830074892190385
2.5866209983777444
-0.3300842553647686
-0.5324124952997068
2.419799003212202
0.6171849424280608
1.618936990147978
3.6728414967694327
1.7710245266471705
2.523561754790539
3.064475361391759
0.01437465151593842
8.047596031908167
7.450216301713291
0.19993298705620122
8.490597932254465
0.17045592856090408
0.5909767522978024
4.533233638778785
1.9111971527984082
4.52098211502541
3.0147046868991882
1.5643601828885636
3.88883120408434
5.287650760555448
1.1910395683645525
2.5708124866989084
3.9122639133349892
3.04952806437956
1.2557504380559943
0.6323474956136288
2.363807554492572
-0.41611253035078144
2.6605081563608692
0.12981912702391565
2.3080119732568924
0.13266297786364345
3.479723359262882
2.361859128638428
0.2802961827745851
5.482034466466825
0.3410733909163244
1.5581067121160992
4.086919735860755
2.900461741163248
1.1449348950903966
0.8391975326055799
2.1278112881701903
3.938155130514339
2.9292215386642315
1.5473108287454258
3.632418102359461
0.26788906630589
8.69363490738716
8.919536540605565
5.25450315914699
0.3518537927899958
-0.4222228726940428
-0.8546086031594884
5.006022664894164
-0.016983650170599995
0.9303828471084271
2.5802069130084786
0.857338139703065
0.02700690649169346
5.081964198728679
0.8222736749117099
3.8869140288793536
0.8102689560821299
0.6631141267048835
5.353645235397915
0.6821826847700585
3.098694251448728
3.0466915160852714
4.402705862934759
1.458911898284764
5.489163707971739
2.982466229458577
3.055208065998347
1.8918673199743907
0.17728229949683
3.4698228296592832
4.745474899506129
1.743358430157427
1.690364121617304
-0.3902337707945938
1.0773480867611818
2.158414089224423
-1.5225517420870371
2.1846791257922225
3.5441589523471544
3.891362205244604
2.647685340756121
6.948831505660567
-1.0852455654790427
0.23097497162170477
0.7680573012855355
0.27384015766321834
3.0902005144083797
1.944148696862345
-0.6176832434194295
-0.5227503664536322
2.5485554500593404
-0.5338072384210222
-1.1644257336349808
0.3976308137780774
8.483211625226378
4.170137945933129
2.159399378625183
1.627375822753304
2.9682152016000094
4.153945162875384
0.5027469228076489
0.20536202108520973
-0.6611891404440298
3.171191123210632
1.3872113304996252
5.647064086029122
2.9438228697022693
0.4348942032072276
4.091904482358273
0.6313853123438866
3.988197763284921
2.271863184217305
0.8198828815786312
4.796542980800409
0.37868801216177767
4.0396476388666605
1.5148784866160416
-0.8473261962554759
3.9253451681601366
8.393574502464627
2.431287380399867
1.804675288828975
4.37929274301142
1.1421145838665945
4.165138735478887
0.4628721093157906
-0.6027628747796426
-0.700563461233078
-1.4759273341485282
-0.6973843399981272
-1.0330541780267315
2.25794048987749
0.4748852869941222
2.5193417604034263
5.43884680033144
3.928439767258544
4.887894830177849
4.742226037382184
3.084044096652943
-0.38612492618653615
5.075997289027292
-1.1738441768937389
1.5488076858436062
1.9885093747709153
1.6277398624212887
1.324209134557699
5.595731242928634
1.4908785884515945
1.0642470926468037
1.7654798568774153
0.6670703026701134
2.254984086732215
-0.14122827268650567
1.4063190817709312
2.3036875156473355
2.0777743503812287
1.0002222404503212
4.091883447450171
3.9984891048548667
4.6828320532889345
3.3141032350755877
-0.6447167254828551
4.043968079518727
1.8606010881721011
4.220102832785994
4.782185688966814
1.7276467668037712
0.24226181616395726
1.2979232620060794
0.4773448651492733
4.47580846819381
1.3026937351075363
-0.409951254631444
-0.11814970317843095
0.46699028958063526
3.8696051078433
1.6130233557737381
0.7571594120438561
0.45385413385431417
0.6972446620812753
2.9563108422257285
2.618824384941119
2.3632104949344432
4.734737481853846
2.505009222370651
2.766284163150173
1.8073191170693756
-0.31393617754749364
-0.641894227209871
2.36859820906479
1.5719553183077808
1.9394823400401373
2.2980591183196073
1.6262200387837256
2.450736336727084
0.886412469744807
3.363435070001298
7.30508507001108
2.5039126137301144
5.25769318439407
2.0593586337832197
0.021587003544449423
4.246676572789344
0.5103447016369286
0.40634753716872707
1.9442482860652552
-0.0808553823402981
2.5055861869405014
1.6269248611293143
0.9918709509164172
4.5459923109957145
-0.27960689966424146
2.877012425927864
-0.6160912218368847
0.717607718721337
1.247977645203477
2.2745797468608675
1.8426008035824522
0.9993414799969049
1.5121673537983165
-0.239320959443943
1.3279291077230697
2.847288695998234
4.285801344301699
0.024215339359936406
2.5700192863029825
1.9193125513890326
2.066150484312981
4.8116645857343325
0.14507626655051545
2.3181580133272854
0.050681304589420426
3.2542928642614757
3.91445685029281
6.750587829574974
6.084783080169886
5.019685995720733
2.385023898504056
1.796236285999506
2.426605958800266
3.518838437983687
4.030536838792587
-1.056149836287437
3.016192565406545
2.1641019223055964
5.45841163310972
1.5557631740720859
0.049702680272138006
0.4058128844763881
-0.17663456048835213
3.8026292607122345
10.353868667392677
2.7824978403630283
8.485765564548577
-0.44693847278368093
1.9775682158754495
1.1490738722024862
2.1532747618936607
2.155721264059725
4.857679890335232
2.236299324979157
1.6713144601572556
-0.5481609883330845
2.4257239650643942
0.27013991654700453
5.285248825775835
0.8523003683516145
2.2403260657929263
1.192855265172496
2.103866744189035
2.249385315430338
4.553728801854653
-0.18752162578229978
0.11513932797286486
5.27742609621658
3.424724176619648
1.6592754393693752
0.5269812256749238
2.7457435795095044
0.6968369325098281
0.349884776055034
1.1655215097290506
0.08165830362863194
4.285998298292494
1.8528232276515408
2.7900581745959494
4.317584925137017
2.4737670419538866
1.776388832236782
7.240205607748138
0.754616614118377
-0.0033940693107091524
2.8744444192163146
1.7435873966318864
6.243491162010806
-0.4121600035277305
1.0764829578980135
2.6219949530908506
6.907457349365436
1.0659722104453297
4.61838987037911
2.059565803793205
-0.05329994731520937
3.1046731488627786
5.987934341022911
6.040783181333936
5.598603065715452
2.415663875124489
7.6081618305715635
2.4076000704240705
0.775075039399957
1.5635748906875524
4.544175127786412
6.360207793309166
4.076298067902069
6.951251306025634
1.9291632667015555
4.319703475697752
4.388469604032968
0.05587643802360953
4.14316526791819
3.6622880376216167
3.142369542054384
3.142441435898278
4.401223052598278
8.754289978446934
2.522863928293339
7.034055955789611
3.1156065094090644
2.0349581415879374
1.480524490843591
2.530759909484545
-1.1441206139745628
1.2617511442312468
0.3192250197931167
0.5346039379762116
6.4680947129784165
11.298601509991837
6.414932329550424
0.9317114450887666
0.8357368180991618
0.8310422816607217
-0.915982515561498
0.09707936662790728
1.014790326763662
1.6023426776278098
3.475753165824166
2.1186361185059557
2.660139374887174
3.1227393944635797
6.244138442530733
0.18051228029737276
3.828829011983282
5.093184443306169
5.895274125546795
1.8283668354756073
0.1505339697279584
-0.07671188393821926
3.626710896154491
6.741253201430047
-0.5472879088470816
0.32302310649244803
-0.9820832482562115
0.8280534790237593
2.0278235185467053
1.9101873807562595
5.060344079901015
3.2689504946002352
0.2959729970471927
5.473145535863644
1.4480681356116152
1.4244731001135214
8.982051025432835
5.208722943136996
6.294885457293346
0.20058561803720854
3.1468456360609918
1.8260621351247404
0.9794778106426151
5.243756905552704
0.314665554326085
2.167156353362238
-0.17969180029280662
2.3938143924199156
5.438178908723984
5.175647098165956
4.582717324921467
-1.0543556817636663
1.8901237643214102
-0.09258717075884948
-0.09818424179805751
1.9392325542092008
3.448641564698079
4.473317176101199
-0.1781231701489182
1.6440336132887166
3.6347800658513316
1.4782509848859198
-1.3596763015062234
0.6462586429860742
3.870114085029317
0.7884012117258897
3.984187502806215
1.9112827620770616
-0.40267615911274174
-0.2975555156839961
5.444984195162511
2.2040170170153357
2.2188009885011497
1.748304680988994
-0.7578834453533747
-0.6700556304594054
1.350008472059588
3.5281698923426843
5.325318267617806
0.8393249837827641
1.0638097611523614
-0.7810224508282952
2.417522791821098
0.11173271359145881
1.7787332776934295
4.546818064836089
1.5609190013273315
2.3680091747550476
1.5384123817042363
2.770831697004107
5.805013919747855
4.996558471693105
3.3553345304342255
-0.34537306745509566
3.098929324180585
1.1556092943216032
0.5922731040168897
-0.4807886422052454
3.2769695670590115
3.310774235304128
2.224978202629593
4.66346529750968
3.636275488605764
-0.45914716391322585
0.6194314534507456
4.905775134988339
1.5846253810344972
1.2653492143195137
7.5896535269827945
1.4824571347411735
5.279658831612245
-1.1864189916292525
2.717981969088864
2.5562220597074647
0.5721959112173715
0.4390588444997113
1.8496279554874475
2.0645077128112073
4.575285828651147
3.2210027874522638
-0.69317626781669
2.0026150598284653
3.8290818618549833
5.319327767422016
4.106479939732311
2.770223290170112
0.672524838991655
0.9793018259552011
0.7531595815641174
2.688326515051984
2.7004666428966257
2.479874162535432
1.0430743075833266
4.776203348836302
2.5872107636614805
1.7038460478280313
2.3806230239459474
1.457344060531558
0.6170698101081256
1.8947974065935385
-0.10266213608176689
0.5658055305196046
0.09653171478296918
0.23394816028466636
-0.7255552662144886
0.4753602942473165
-0.7409672086146148
1.1873358168119776
2.1422448227690007
0.7248787785194941
-0.633877425092813
0.21040571062612712
0.3291643356451224
2.4007086064894496
3.2666617655384065
1.7364893488485178
3.382697665564565
1.8381141828604377
-0.7187160048480354
5.523078893638406
1.9786264620559575
2.023865602643629
5.736060543858406
1.1462149911765773
1.2859531344990038
4.006466548863507
2.9888933730079383
5.729632480927189
0.8789502606293143
5.1859891498424
-0.2927719859321217
-0.8186549324903746
-0.59153348970698
2.5987097394969214
6.713770598248002
0.016106935172431225
3.2427304676458872
-0.8113179048795178
2.015500736694924
1.522029358043496
1.9868729566046912
7.464090558131472
0.46891126128628735
2.9433143297221935
4.273557540269258
1.3902466820468975
-1.091117001613618
5.81552445782025
0.8934655931895191
4.1067233470071205
3.6534066374823553
3.7704528956627286
-0.7049078519695389
-1.1960531884858496
0.01632247693213973
0.7969830802009168
4.747175039519288
-0.7845104350040658
2.842199802947532
0.8438401172363462
4.419900530625803
3.1573196583229617
2.910856538877632
1.4447215041478112
-0.7902377747890169
-1.2402383398907002
2.6796187558136086
1.536597492112076
4.05515361673497
2.213739534632892
2.33483554571629
1.9560513629876315
5.734620665016401
1.5478149057874093
0.9198624858541863
4.254185550610082
0.6976451717536805
2.331644764175132
-0.11740110604834514
4.638539217029887
1.2718657829423599
-0.7929890105991245
1.424331457072174
1.9072155234054857
2.5762889405556697
0.5579684405118992
0.8698215890694639
0.6458962032562671
-0.16684308806142403
4.1304787474883575
0.5958283589888465
-0.007089167803022857
8.049023242175505
3.780287498717863
-0.4740104892286673
0.6121582442280293
4.117702068138691
2.132239038323556
3.0986336433581734
1.7440706354370814
0.18102256560082874
0.816712278793896
0.34448214340645333
0.9526100100294133
2.871314168315054
2.2028588303926093
2.5008196558073243
4.088584088383732
-0.23666225722092527
-0.6025175935430772
-0.15150591629729576
1.0196016266914376
0.9824989304963654
6.601943394687671
5.259391930782642
1.2216688181173283
3.4362103476978656
1.241333988577168
1.2931497201711855
0.688805770487022
4.4305627961967184
1.6334055108405692
4.14018748440231
1.3089886366635137
0.6515228963795433
2.2022265310910853
-0.32749730740021965
-0.6644954655909118
4.641580351529326
1.3003622103566395
1.7067619551667008
1.166110397370317
-0.2419165083853336
-0.5090381507501924
6.242209562218234
-1.2911497369926244
-0.9239137087269356
3.215456455033042
1.867806019621375
1.4082195240178235
2.00897233725393
0.6847805177471377
3.869819898993146
4.888894672029378
3.430121320777709
1.6385930106034614
0.6351853263722302
2.4205397524319587
10.431487087513107
3.9274641533679597
3.794836056270665
1.9349180077731565
2.8206601273668688
5.246584167378925
2.7233608926597173
3.2660172618369145
2.0829458744193117
0.496496505433214
2.7952757069376153
3.195304829793039
2.1797352487325328
-0.14178795219240228
2.737194420830757
1.693157180767681
4.594744670521678
7.587956633420703
1.7333561357449652
3.0224261827923016
2.0059721930838763
0.5655652981964068
-0.3699030382869039
2.3476744486010315
6.42932829676115
-1.0017582188245437
2.0746373647027987
0.15644554467948776
1.8590354568312475
3.881986772349863
1.0713165226435746
-0.8031108146344406
-0.9308154540766183
1.1485433635379194
0.8370620650223345
3.209058140876904
4.0779936936183985
0.6180166974351463
4.935840463351455
0.0006752600497351713
1.448281893857901
2.9113576404986676
2.6658787156912913
0.8736341806904533
-0.1076810181177458
0.379265692633132
4.3691452649387
0.0297985191631387
-1.101271029738661
2.042257066838525
0.7315406711380242
-0.1644151378514052
0.6314752321715981
-0.1456520276636302
5.554331847376465
4.371775993527289
5.291323833142986
3.879428164195035
1.2982334532776951
1.0012337054220604
6.256842488039456
3.5802811526943668
2.6560329571276156
2.5958310708350436
0.33283903386041735
6.918146502937182
6.440256182885776
3.5459493483220643
4.355129354619286
-1.1128137320345795
2.5600363963128
3.4247688496209325
-0.5684603382413302
8.637559634709985
4.425436045418132
2.1347417065208107
-1.182724005756321
4.050252797549352
1.197275407703637
2.7871937732405603
0.10943524834865348
1.1399857949444252
2.410142314220284
1.1815041155179336
3.133188534508736
4.687737664454371
2.85595118936541
1.4367306193999494
-0.8674932715617759
4.559995283710845
6.451546377205783
2.2079187817630146
2.125871752039946
3.33695181096618
1.622159966879021
3.8837783167673465
2.1270493274756967
1.3435296513211517
-0.08206126863237456
0.8110288433555793
4.609369504220243
4.772729689815311
2.2753075462732344
4.764174491834591
1.557702209685007
4.546463955841881
0.6040792911314066
1.1600617357948675
3.909212915292493
3.2363686160030873
4.874592176607224
0.60672556219146
-0.7289442059270141
3.115841809932242
1.0536167441765696
-0.7388077296644223
1.1467120145442822
-0.5321442157929829
6.225248287828413
2.4587904994272938
1.5113972501973123
3.413641262448513
3.4658539372261843
0.2886496135521529
1.6673971301548907
2.423878648432844
4.239581768543514
1.362522168570257
0.14127250444023065
4.426078419226976
0.4246522339246228
1.3992425554258239
2.0518057215646137
2.526324683019525
1.3775729293623924
5.760421214498513
0.9712243385365045
0.8715606458607047
1.216249746805286
-0.2864451437963745
3.060268543707388
3.41441650306705
6.299803832033756
2.395187440411158
1.6601998477940996
2.0357631486977286
0.007833891660659953
0.8733328528214114
9.115341257122845
-0.5802120365122186
0.17635722886339233
4.480612511173408
2.7990771798348044
-0.30761165513270405
-0.3118629389853573
-0.8164068251268026
-1.0610563164018922
3.038351986505732
1.2168244920958784
2.325956675023827
2.759199450603626
0.8764056556793918
4.31704898672257
-1.3566980987467363
2.688426841520882
0.5999968690775919
0.8564227216951
-0.018063329998293687
4.379011021742007
0.3292027105866616
5.270966362203602
3.8192174492900026
2.51402025133161
0.7075913926196009
-1.0353045057451602
4.9361219356304735
0.16868689914724522
5.274702384272452
-0.06264239930127768
2.042725241693035
-0.11994665856841168
0.6215133881220898
1.2137783695064333
1.1133132003541792
-0.5296323283128009
2.820047803814118
1.4679379221087996
5.492712860513179
1.5920431208351273
1.461758191841168
1.3061011888016043
-0.676917877239557
2.414544624700971
3.9782347949769687
0.4102200328841764
4.159229137134974
1.0578812093956715
2.232329200514286
3.66646833378093
1.142844694236104
-0.24781511435614778
7.2211200340327135
0.16465342751708356
4.005570478441305
1.0296704334373044
0.21835551972298628
1.8949511260023753
2.361007471681943
0.7843724006457834
7.402306769206188
1.1637128131967027
2.4726814600807066
3.6426827227074035
2.356220644680674
9.3143081965122
5.441264254418391
6.457462814397179
4.1255257988652865
-0.25933873887028475
2.7022740153441696
5.80194500698448
0.5691780766739547
0.9283391164457677
1.30728021197665
0.13604017354674425
-0.4248330315713299
-0.16285134511216384
1.0251460759408073
2.512287838703829
0.37867938776614984
2.407347459853245
2.8994295403443058
-0.09686780756760488
0.37474514481154003
3.6658768909384305
-0.2597331790750826
2.014440946780268
0.3814701581981832
2.8490590135009284
1.4381977879718941
1.923808237801686
5.5782902620767905
4.578723581484508
3.8137678590128354
2.747619259554256
4.738225705689596
1.9154369684223869
2.64105131486748
2.3257599773434885
3.765650328379654
4.381375582094159
-0.11910469798926077
3.673153118334414
1.7144601399110406
5.469864200841238
5.812650940633679
3.063605842795544
0.52578696623233
0.1985593319137411
6.712744101667141
2.079196373356612
3.156677066314077
1.5306319729610922
5.900495318566334
0.9431568864383705
4.007116261909836
2.488423211348429
7.488296755994112
1.192898860352814
1.7181811985117286
-0.11628882801218127
3.9080531953054143
3.11924281563146
4.2399869643731165
2.0424305036599804
6.057676207041393
6.618498918321605
3.1520830678045932
4.98918428454704
7.2856089167930245
2.2531337528247217
-0.12188445194576603
0.5638603358299781
0.11746484652958311
5.593090277003141
0.12896380985223233
1.4788090571483057
4.527019249400513
1.9197167265529704
-1.304375907318307
4.415042219523602
2.0318702407047327
1.193370244541069
0.5117063908732924
5.664394774085828
2.1974913180961844
3.577865700990352
-0.36970224938225277
1.148193506320223
0.8338474934461402
2.0111591875433
4.083633533056386
0.26439967295876665
5.329950773687819
3.882759620580333
4.342582195225554
5.222996685598028
0.534652154407431
1.853670248647464
2.748555610057827
1.0976490456031887
2.508016265593415
0.7184792994681657
-0.357085246844032
2.3221672628352374
3.066417515096113
1.5824258581214425
5.514121809300517
3.6252339747425415
2.288351491993104
-0.4571591179884267
1.6605918974251157
-0.5774451214937188
0.5602598612807512
5.05055032510832
1.0652254554811211
5.756336088191619
2.3794475609685497
1.152620273073497
2.2100014394448797
4.897067226881938
1.6537651405222316
2.000009188563767
3.2399425114817575
0.04392992233513535
1.861746707595382
0.21914708730843918
4.839516794196752
6.084878454625786
1.4572647898604745
6.6232018066217675
0.788491493242036
0.008820360408849037
3.8208547097520267
1.6911465284955058
0.21651007147328738
0.5934963248552406
1.4100437573044853
1.6951020403195043
0.3129652584699434
2.9658156525287995
0.32708379534403764
2.8813995479119012
-0.7122219873512527
0.25934802389219996
1.7083708607280774
0.23609342147963125
0.7178695082873793
-0.9265001357328664
1.7670323161190744
2.8473039376959886
1.9611860439581537
4.562101009083149
-1.5993907117074286
2.9657717035080036
2.7099083037531413
-0.789338686577074
2.6456174593648267
3.0819507099851102
4.4080711323801545
0.1373519931807703
2.1926408655696026
0.17889806635127747
2.7814292717532565
6.075896118148169
8.654001469914455
1.9487821608259641
1.9366422994122527
1.0122522518896515
4.1811616897841795
1.5424021797358816
0.7287965563591687
-1.0761219422336206
4.211204357199111
4.308913792344765
3.232473070688904
4.27315730218171
-0.15555442958775806
0.9734509863592368
1.5973123104195366
4.101946979578171
0.08019803749502341
1.5385552943214333
1.5570636437732621
0.6823530381798175
1.9663001490493965
0.4032024057221284
3.2402992390926304
5.862294634311383
2.0100417052423913
2.726353149072357
3.1300895769627672
1.9097240776033986
1.2256930715400198
0.9889223622214611
0.5039806192734095
0.9789163895139616
1.1384885915700989
0.8366448601079248
3.1837928871501724
3.6864571398621404
2.517083723779413
5.234221110409426
-1.0823546630460144
1.6525341076680715
1.47117238689593
1.9758932312191635
2.2351636664587216
1.3305753047241975
1.851829313016729
7.358608068992336
3.6327863060302947
2.8026809806442934
-0.018256027250114826
3.39904177808736
4.667860948315096
2.2007449338992506
7.002575880931679
2.1935893619575246
0.3557981413162876
2.5279596910176574
4.2565018281378935
0.23949369557455186
2.8220489139679183
2.348945751391229
2.18831531784295
4.743549564247038
2.606478009082071
-0.18528815799561354
2.581472244304034
2.9982875274723844
2.2164336662149173
0.5065997770371862
3.5021227728497695
3.427526325252881
2.1401270260671104
1.8857748320050143
7.5995205061040005
1.559860199483329
7.776757350563319
1.609558300607086
0.7034283136807316
1.6733024587757244
1.0195606754838538
1.2416687021829484
1.360537358290714
1.791739417154946
0.7190151407328671
3.2624351995737806
0.4629845555180495
1.0784911498217864
1.2190087084077073
6.828532563083883
2.5279074045743157
0.5648516284129672
0.3185333069504976
2.934831768277164
4.0468845443603545
-0.4694414810993973
0.22251867415166043
5.526842671518441
-0.8421290077509977
0.3231682803082411
5.77032260443339
3.9350684509103826
3.223942596468387
1.5772605184949429
4.3441686986983195
3.6046883672549868
3.138321678400831
2.6738541692131217
3.8741460320153847
3.051720592069134
2.6903310198193666
3.3383189661004313
2.4827079269156176
5.549066067294443
6.2054123197042985
0.26876357188301747
6.329534270516628
1.6370834183514464
-1.0154703210704474
-0.20554519645287747
-0.8054982302620243
4.397945492359239
3.3034292498999682
1.5381605359866748
3.924711072317362
3.2811421140165495
0.7853901016843947
8.263430468150126
0.09120189288504887
2.532876947675258
5.910256502690327
9.954257910824616
5.674150544303186
3.141924927459815
0.5450153038610728
2.871439543324375
3.4183777701679947
5.964477684966004
0.020743473347547253
0.8456560227286102
2.455493465864632
2.4337653324327695
6.443285729478947
2.425056618801035
4.586810285081393
-0.18986209872451532
0.866715192794719
5.224379444749236
0.7952413606479612
1.1235917660390942
4.813477764993406
-1.2099097205857177
0.02860369199247549
3.5370589299931456
-1.1410850773943484
0.10492088505078212
4.1249116357400215
0.20895844197323998
4.474509943051951
7.348682037949134
2.573652659687023
-1.0326714272553552
-0.8185016763649058
-0.007562483933931413
-0.22700878546322614
1.729175866659961
2.2524878092588416
4.511664592308196
0.8346509742828003
2.8812736666241356
2.3706684535052833
3.139395349251737
-0.5938889017374873
0.1728480566326181
-0.5988534332977941
1.2102964802702751
1.7799872365179767
2.9578854156800984
3.4154214270165766
2.060816109584812
4.04528266432472
5.820770490871103
0.586914314929739
1.0104637471680504
4.209070495691534
1.190534223216294
8.57537173594653
4.1557021034827395
7.687903178935417
-0.11205143687170774
-1.588934734344802
-1.9224225054855144
5.43520243418374
3.5655488795233983
6.891860493954194
-1.4901153278184802
0.9059028948585796
4.308350105059926
4.264051676523269
-0.16655104033530754
1.6289207415852742
0.7055775679485541
2.258168273842235
-0.9729273796644657
2.357865228961515
0.11621544361453487
-1.4458088045883533
0.4844495197831359
4.110566056374248
2.79418730446251
4.841898854522534
0.4710196743257063
2.385051669842732
1.8363441540787333
2.2813862617363823
-0.5601343300122335
-0.5003224017542666
2.126169909773674
5.913298877351141
3.581592574706261
3.9267698834341362
2.240801782371024
4.0456600940447425
0.895849535661116
1.8600637614301712
1.5585964943179764
2.437503430789133
1.983712049696003
4.132664016546308
6.709363699546731
0.5568273700977151
0.5874795057462957
5.047832214767466
1.4430893276821097
-0.9258280604073494
-0.9636583240456346
-0.694924542400305
6.013667776105091
5.449322696466506
7.251327339761366
2.3930864947323816
-0.04630965628310402
4.468090276464633
4.546946584764757
0.30355705092963137
4.851372866778787
2.188802938568724
2.9093898894441255
3.260976382573644
1.503151184283566
1.673192017757586
6.085535171325221
-0.8622274798205161
-0.6071193174307961
4.005273311840098
2.5198714764386247
2.80192495930413
-0.9167233175014174
2.396432152221047
-0.16032345806634463
3.1130614414277145
1.8188918330342334
0.7764753615801563
0.1966849017754786
3.8492293611976973
0.9922894728894651
1.9761003173841323
3.5035131465877645
2.270912787739352
0.9326800537446849
6.197233607825824
0.6671880423564026
7.050336439234853
2.817819914756465
-1.0697683010196988
3.795504979779164
1.0261427728043333
0.9271647952774257
1.8099340346911854
2.733409628167119
1.760731967710071
0.703816047785309
2.32000666110788
2.576306491818798
0.8190552341750232
6.357117636563842
3.7089663501174774
4.445353542768826
2.882645565020602
1.9417523574384945
3.040349147395029
3.953831972072826
3.1111584286737344
2.561529555865376
2.6443479650955957
1.5511733457139032
1.3882198581960672
4.528798871946416
3.6974568053294923
1.9035024170803125
0.8011429057463403
1.090105803605014
3.0137946657973975
-0.7576787760428739
1.0609119243191745
0.6630765772610896
3.017600260412493
2.1958878471817913
6.932000557289971
1.4264499883956596
2.8350186025903126
2.3139396017768536
2.0853076491398936
4.577184257095704
1.6000649477740603
0.6398555995554152
2.4189096134164974
1.2003857457775062
2.428517045530369
0.9625636039438878
0.4104569845631707
0.34059538158507774
0.9473800864960937
3.1038674023966553
2.449278123428969
2.862227970051126
4.9090462243971515
2.317037670475285
0.07615050366067264
1.2840350883417928
3.275354003542582
1.4179983640059575
2.2037403086786047
0.3330164827213429
0.9845862904366558
2.9600681535055076
-0.22209504685820236
1.0251046342182475
0.10765185669343058
0.96339811492772
1.1701888580749336
0.721268788847172
-0.9962819824306175
1.8563999037279695
0.6149106978908356
0.939478688380129
0.9729921074528434
0.9111822558290421
0.5228346614603392
4.363281164343153
1.270215526136141
4.907505550948489
5.833564928078573
2.765490540666737
2.9964237309990245
4.91040739323974
0.48459390379718675
0.4631462365775431
1.2059545285047975
5.940741595146607
3.4452484019586858
1.231095597599703
5.624360574188553
0.5338426503954958
6.9233856800246425
2.9143669388999207
3.5746533782446797
0.2390195918630294
-1.2675973054956304
1.0881150094637193
-1.6000665578136508
-1.5729571062731393
-1.4326889179752076
3.1160015211473144
9.271370703462134
2.435337946499495
1.7405011203434124
6.2804617975708625
0.5152528726190919
1.3790709842572293
6.298703477585728
2.095599279657749
3.275043795388292
3.3024497609688646
4.321935867350876
0.18002261309604506
3.4527466736886194
0.03109758805699531
6.08148998085498
2.608117127730995
6.498166004088469
5.020633929917583
2.8490169253135282
1.1032500553464155
1.9839090158848796
2.0262506705679506
4.635338075247105
2.5405116070034635
0.976206670773155
-0.8794409385608881
1.9913114477729377
1.8410824472466216
5.986275896273961
3.3668719197961137
0.659145370716537
0.40665472069114444
8.193460132315808
0.09485185399077245
2.4311355013412284
3.8445911491866918
2.158759084113799
1.948716097615085
-1.2557240500382547
0.4402852334785645
3.1983752032387454
5.497950797560986
3.7496492984902856
4.900111909529316
0.7446577555021953
0.3439044559406842
2.3554768331555205
5.266885835818879
1.3558022555303362
-1.2384017619330123
0.26463640247076536
-0.21172034475112536
-0.8039630012394174
-0.5451774212640315
0.9446010802373164
-0.6813779785349741
3.2400209155996387
2.5563589119216705
0.9115533332033384
-0.31719525453704056
2.7281934177197282
3.3122233445695852
3.081973684070805
2.874422519445608
0.3672368205521529
2.624759796487993
1.9717718826756685
2.7237261973591624
-1.0577922614647095
2.401714440355774
2.8387937441132878
-1.0369211152960054
-0.7030008317014176
2.774699909599576
0.037029752533382365
3.008984054343639
0.8637256224870709
1.9334863213200961
3.5678524173258843
0.7769290686356578
0.1007061083171491
-0.1594639735723824
5.900306780020128
1.5765029169438731
0.9097386472520367
0.9200411140887622
0.8511059841617115
4.491837621913442
1.2652543860913208
3.6374380476881645
-0.10549844090165583
0.5828512862060415
0.5654666173422013
1.9614127948156848
1.252532229041325
-0.4519200565383767
1.4929562443326827
1.92050277435592
2.086383173784751
1.5936240716682928
1.7327303764165864
1.8531208981859777
2.6909637892028453
0.9755782240092823
1.4337955678479455
6.370790765818512
3.9013796435500545
1.1816188070456846
0.785108751552666
2.366369835855582
-1.2177198067247466
3.7976197255169923
5.599423814914864
0.16995498349717086
-0.19106990115392908
5.155295087072753
1.8629946993476838
2.7834421062786
3.03427304915646
1.502494949750464
3.408605501763555
2.8183966381009027
3.775726274005703
1.1854775915664533
7.768293033915642
0.8798498434957988
5.062888803305232
2.0421949143928373
4.054099968131224
0.4517527549145991
3.9754172373672008
0.7225651701968284
-0.15443389352154613
1.3943705494124354
2.8593680196794793
2.6375388288240686
2.7702952980958946
2.30390746729262
3.735650158959273
3.1828053899655973
-0.14563969158968962
5.8682064011924755
7.934430560033555
-0.34510782337962376
1.9189310669110076
3.5131369306910467
2.2038153291183225
1.9411374149979546
3.7392748794862536
-0.36230435635575486
1.1529535814245224
6.2257654807571505
4.072420185385965
1.2763773728563237
1.090781085463011
-0.8386190418662709
-1.1504707622876666
1.8147851453950699
0.21833324686395306
-0.19494190263982303
1.5243357069792955
0.8230365719600301
-0.01836396913871563
2.8757971022231934
1.8389630469042062
-1.6510173673893669
0.9336080439128572
0.13636661004448225
1.0750619893929123
-0.4813536663297692
-0.9385261616977993
3.799000139053899
7.169510559849509
-0.644366634160776
3.7626422417790844
0.28877728411575865
2.9736457977537096
7.59266824736799
2.2223996405253548
-0.6424667620414239
0.8764351146880925
1.9322313917865186
4.764175307649703
7.500081201376987
-0.025999856458911508
2.5610881773831893
2.456201707465598
-1.3614397668428855
0.005767867104668145
0.4161009250469114
1.492712443535552
4.422898286257637
3.2251077327829507
2.699241613089958
1.8794890949788927
1.299220736422257
0.9744660919083153
1.1832663807501709
0.6267876124495053
8.134733504253441
0.3952190122065584
5.337242002166854
0.000858844147523713
0.420526939986381
2.3195139996936245
-0.9212856032556067
-0.43031721411006546
0.10300950442949591
1.426135447206636
2.8320506095967826
-1.0767440707211426
6.034599955387881
3.994444683643114
2.172129306775929
0.45797673326815747
-0.5497894002685695
1.3898192350677898
0.2489751130772443
-0.9726393495012766
4.444177398219301
3.059118729281293
1.2660981831295997
9.36015079119504
-0.2557619158631859
2.6935363843419067
1.3319740723986655
-0.09854937638341771
-0.5197436601979465
3.709412736521585
1.722285263468137
5.382220482603362
-0.4692767038699192
3.926875940276883
1.224525613482975
-0.7996003663059208
0.3618163510663346
8.476264355016593
3.3280923964397333
5.2416401495652005
2.5407134678285677
0.8735434564747179
-0.43954025762447013
3.2322819181938924
-0.5706921343306474
5.187568071641117
3.8338365818685647
1.1171555701563434
2.7825152600102663
0.4859442527079182
0.5112338320311186
2.999684394502263
2.6706915759201344
0.5750136159694084
0.12376003626039947
2.77783777066841
3.626799375497857
3.905184897779727
1.771113183716853
0.5800392489602015
0.16231599171241884
1.8418558306154076
3.5006650014526093
1.9674109400865043
4.054359861351778
6.566559095205555
1.017341595188661
3.8055130772414434
1.4516380694539572
3.764902979148362
7.782645243065943
2.589392210206515
2.807201966808183
-0.6241935171835611
2.506362885880991
4.678121516225702
0.718462707735112
0.3028688098304486
3.421206244235735
3.080743916407992
0.5652738670740854
3.667766458141754
1.5998541988917279
0.2446345796514539
3.6824081473972177
-0.27638957687698623
3.1370612301761827
2.7019983703156734
5.003827894796625
1.1612873599487377
2.227059997930729
1.9641366120360408
3.5196495383516226
4.376165448946902
7.803066009812822
4.553556287264966
3.528333862053186
2.5882611622569787
2.013139753505823
0.7787944109481808
3.413555425526294
4.003919519948836
3.630321097675786
1.8537630357450618
4.299838580962449
1.9111039574672501
3.0459362230349285
1.2527527571418298
5.97626312342193
-0.6950885924035648
3.544989374922401
1.8771454151396005
5.5705390191752775
2.0794195538882754
2.778170809234632
3.801532709609245
0.8552101509763035
4.3257162585855
2.375047911319905
2.477208979548174
-1.5441802823541289
7.007371703249343
0.8267341094831778
2.6323435861493545
0.49479419974108607
0.12644422376186526
1.5464116202082658
-0.9994581473233507
1.3085122280804793
3.4696067213742587
1.7643970083096696
0.476712855260515
1.5313011548278024
0.024676686195007402
5.189186858661585
4.524158687705091
-0.06522891793230201
2.9704248880256054
0.8448863136569438
-0.6913325197122577
3.7675013147702736
1.0381220599137746
4.064484482344394
0.39372987307434554
3.492269454484098
3.6421444484208063
-0.14723673872374343
-0.46889707574579775
1.6131370562801688
2.615722747697434
1.2368792311943695
3.122545204084624
2.852488416629709
1.137012772334094
0.7927595763546899
1.459894806023123
0.6016480940653899
5.259460123643203
0.05642473732325942
3.726766393407526
3.489354022426263
1.3910880559340701
-0.7587049111008072
0.12212825389167103
2.2102666055243985
-1.162446277021811
4.468309886470855
-0.005743086168309652
-0.17391813118348948
1.9817184858050767
8.065793319449869
3.334433123804307
8.06122889236028
6.24228745942767
0.47546107506595786
3.6934050021266818
8.213345256986303
2.5041026519219285
5.641650838819902
4.823562642236416
4.201799885997946
3.951557219524299
3.1287317545345847
1.506393064397737
2.8383569760486833
2.151867422058514
3.46668711859689
8.957344303162502
0.019726587036516793
4.107882218941409
1.4091154144108984
2.9626454083700815
3.7799157584276424
0.9852212468607673
2.9588705991700164
2.443052960324552
1.8502525348380052
1.785707729131263
0.6815776894566508
1.6754174486737992
2.546423077434348
7.424481229355713
1.1877696695567277
2.374842786797813
1.5700844688696847
1.8356327164280777
1.0401982419642575
2.0649539238451955
0.6904972185623064
0.5212927905844524
0.3457863003344286
4.789616667555234
2.653916377937789
1.1958159942366247
3.61705150719784
6.922103529898258
1.7827787451464383
0.5614636319100994
1.5860286639097518
0.918903068815762
4.1598717009845405
0.2960533813680517
3.4044077327133957
-0.174073553096107
6.165002003804837
0.7089093217724565
-0.2194028049735559
6.390310961393894
2.4218475441398315
2.0717232136241384
0.6843720631348083
3.732576326283071
3.6852894172603654
5.336904691107126
3.441374112032578
5.759874279246153
3.148967912651195
3.485646493571304
2.0266366624558945
0.5002895377106877
0.2425417966535296
0.8998072327590678
1.4180688757336735
6.0170777864338705
2.2941465341244873
-0.24218187455044551
-0.8638479741696136
3.4256823624138173
3.574716165632748
3.235532096586131
1.0104425519329463
-0.292947530202602
4.344962772270442
3.109925828936331
2.158722791863708
4.646618032321057
5.145331224945537
2.0336034282622175
0.2168330325300421
0.29590533696846016
1.2361353471554106
4.715039730274312
1.0822786513246052
2.745837820893035
7.086859203297607
6.160100078684581
2.7653534455584956
3.606931593061848
1.287085665704905
-0.6927062881417918
-0.312725729810311
-0.26096935214741157
0.3633961929794904
1.3088895219462588
0.10810982972028016
2.8073885182298026
1.105155860976844
3.439632667606118
1.3493790176179465
3.992859269757892
4.435490497651924
1.958983039234798
2.4426016097714918
2.0405222475153337
7.670757562992906
4.2379137955699795
0.06748878756449438
0.4096682991265477
1.351213304323383
1.609360160370995
0.17536196905370172
3.374778826435073
1.744862656150373
0.28036715126194645
-0.8357986270835416
0.25530996665621186
5.621469061703786
1.3121877186062156
6.134469519111078
0.5785261393746068
3.0744117859851263
-0.022657422252018722
4.2357770160315615
0.9304594387944164
1.1416403437987315
-1.1185475769990472
0.6495929074802425
2.96464846280106
7.007667441256392
2.536145646185437
1.3034597130856875
5.143556698073388
-1.2707644146405985
-0.877042142547424
2.824315683386513
2.8857152381313895
0.5781035534346541
3.7413199614047232
3.7779990187445986
3.074286125466274
1.7563574760365208
2.141655378814557
0.08525607070535812
3.2264468203789582
2.9934369967203778
1.44239077294577
2.0646621703203807
6.698218280445376
3.5500237754866335
3.9582252649129983
2.7186859614551793
1.2844787998094065
-0.19732344625414666
0.05445573055766478
1.3449692262279997
-0.43975567648806335
1.465053239139134
2.2318632575286896
5.231130325960388
1.151677355186161
2.55514949484179
1.407768762773487
2.0012132811073204
3.4290251785952575
3.827567787431321
6.132170212565921
-0.5750676563646514
1.5234526464746327
0.3104945753134135
5.872154912133757
0.3000344183632827
2.207307739549928
2.5962322840460716
0.8397089733811008
-0.38983770811368706
-0.8056421637757163
3.3065370836722647
1.874966005324826
4.708373262778533
1.064373638853967
0.7132190082163634
2.6272475224343514
1.5385108225910495
4.112282614688638
3.5547401955023936
0.47193075180355665
1.6488126266918943
1.6580744191286363
1.4483765383182348
7.080297255960885
1.729254484886002
2.061091774657495
0.38074327200011937
0.4589592993695732
0.29994247455536815
2.2691666785555746
1.2360694079820378
0.8280844379973872
1.7375245638176766
-0.6982550484973891
0.25576859484114817
4.774396797426169
0.8019537707063136
2.2497128869112117
1.9635777936146113
1.0257620954128268
1.2950535837401276
0.8200321581955159
2.3442554184394235
0.6550934148791341
0.2554674336449776
-0.6463295817135546
1.1425108602941727
1.1402647162540855
1.0197774123485184
2.1141663193002174
4.769008309707085
-0.23417100729528828
-0.25139113573016214
6.571494230991405
5.576696787758172
2.8292985953805836
0.9842098181926945
3.8827324842961413
1.2560560154300813
3.7067198797813674
5.659738408954766
5.908510698188539
3.5375366862940396
0.8570111274868017
5.442166944677074
3.8143776533776483
1.548863019448118
1.8396138158472657
-0.04220426604650401
0.2472392879667431
3.5631217712988934
1.5647297068008388
0.8983790881104684
3.4398016968912177
0.8008957617023394
4.366159508389608
0.987927267739542
3.6608688053834704
2.2006646309341726
2.3481354983744276
4.620115472308844
0.01040198446086621
-1.3871663188972172
1.541608423259561
3.663877099555427
3.984097621081599
5.716112586132447
2.775015755960432
6.402114804266122
0.829802221057741
3.9940466021127503
1.127046621587624
5.449811933085057
2.6977947323494083
0.8255058028561937
2.2475542412225344
3.136320418582421
1.8304492624593138
1.0570265936120335
-0.7515048567538525
1.1183003329788939
0.5185498800754256
2.3239179187030565
0.2565966484046214
1.4048992606875832
2.8970387267605977
1.3147431014349489
0.08759333594994267
1.8240107272357289
1.4988220377185237
2.746795955979722
3.532221647927265
4.123209011173434
4.024747514326265
0.11938432965738438
0.743652500101506
6.282178332604034
1.913255216083848
4.47054083181438
2.853776006211016
2.016656604829065
2.9949395763316424
5.921571079591084
3.1586614472595045
1.2111266348406957
-0.8805924829246891
4.079147048378714
0.9324773160522849
0.05163901586209521
3.22180034024788
1.1792643010395856
4.149421027474323
1.6306011666178823
2.748883861937533
2.845562160355808
3.647267861646011
2.4407855741440385
0.558464439692044
1.6577876787668435
2.9687418115475213
1.8644445272311758
1.6064751985918588
1.7164450306043455
-1.0503842166631563
2.0567793245760946
4.052747470520005
0.5192366030534292
3.3497463884828695
5.626753539687682
2.8871731252851074
0.23718160630930285
1.7245759935183194
2.786753052866218
-0.5889665570682764
3.6772072564203264
2.6884483686816774
0.13112268450078934
3.16924898335354
0.87851154567622
-0.3643911620034113
2.3754956170803987
3.3244701479784666
0.5153841747828526
1.046454988849136
5.924431009853986
0.22228333959111107
-0.7844192490869951
0.23300004225279858
4.472276746972853
6.196912512981691
2.5714057378738917
3.1545402408937555
1.8068664376318033
6.541092345981006
1.057709521195315
0.8185102952790029
1.4564105126514688
0.2324601383121448
-0.7586966700950203
3.490520893466578
0.08502504779994868
-0.24452611250492484
2.292413456515536
-1.0934535210777965
4.221986067940405
3.551650879399709
0.4935025082579594
0.027294230438672795
2.4092816038457965
1.336288359286419
2.9812361720412555
5.12061019420276
4.414587698050558
4.178974130883271
-0.019553048909702664
-1.7879085277434488
1.1470211704378435
1.3353331761703755
0.8221344330585938
-1.1977332888362993
-1.3350926326438555
2.0741319629221175
-0.24629284477711705
-0.33532535296536004
0.8486365882970252
-0.41718036304160355
4.6635090539326445
1.136154632689213
3.840543763827739
3.507619975620646
2.9832807350199335
-1.1518462464508232
5.011505323098085
1.9402152979235439
1.2010769550198688
2.350144766096484
6.109335948226347
1.4006447880742596
2.4933078033272973
2.257230178833721
1.1618874019007506
2.9752453024914427
-1.4980484545093744
3.4044136790272193
1.031907983258431
3.1425281273031924
3.57767154533701
1.9697227924628466
-0.61690431144457
1.5867272842292102
1.2354841698592058
1.9027430410119555
2.267926830588222
6.783026344789111
1.4069085155102603
-0.5832834415615041
0.9030233873031724
1.8658896989751756
1.3202722513570404
0.7003010871656792
3.7605588865961685
0.8853783765696709
-0.5361436193320464
-0.30142289347813395
1.5929105838229682
4.6027674789242745
2.528030558135185
2.7257628004215197
-1.0512268750628158
0.8731439848754474
1.1761498744119996
1.9735449216130083
3.8962441969829715
0.29977590655359276
0.536965282419665
2.965779693659688
6.545015421423924
0.26550918759060066
0.34342630914090416
4.745069965956728
2.196013930301153
1.3470373886543987
1.3426452578649872
3.6850222918252187
0.7513513932841889
2.963173557565133
-1.235936696328446
5.145031161044106
4.8234000083393225
2.8006007309291303
4.883443673947307
-0.3089856133080209
2.5112617534673496
2.8882850266540174
3.6061108088843485
0.6734575764041688
3.483853022084562
1.9923367171342607
2.0135559145215067
3.9183102816331346
5.35897049352903
5.330611212195826
5.485795634911323
1.7128590506186365
0.4815582439092674
1.0465999468396627
0.046153585313266354
2.5466680978826206
5.002718338067319
-0.6593395134142265
0.9402843080976594
1.6523697862490452
5.057538551518653
1.3524366126818994
1.3307700773439417
0.6608313412005642
0.08591173036834343
0.6273290592744369
-0.8249143717240447
2.0811955520617453
2.2250493426584974
2.7924077033305736
-0.3360713239986973
4.540891333375281
9.802835509463753
1.539699536379612
2.9154125598193144
-0.13532467334899922
0.5508506411739336
-0.7172105735080961
0.05662330458672704
-0.5289063622109473
-0.8810564416686895
-0.4783614668703733
-0.19941569699512804
6.86378353717994
0.21009528433112218
8.02457367824243
2.4635072698095946
4.2316610265924846
0.13611155555546908
1.9841817531296553
7.075090807094465
4.593855337231507
5.292982853830384
3.379855432034722
5.226469963148975
1.5096023084340051
0.7155850190645763
3.7921389388104747
1.0099926230713263
-0.8327707781467709
5.4323251140911815
0.978967638114879
4.165589406473565
1.267804458714087
1.9719491864561731
1.697425861522693
-0.5977611580917827
2.3987388840390964
7.880799060319834
2.515568905258648
4.193322101639967
0.542754657886013
0.6201013359210367
1.7581981006883174
0.6436550097916784
3.8001598013547966
2.3455909612018617
1.5225870627560785
-0.6815054923588061
2.3270844614534694
0.9274146309880908
0.3418928936656629
-0.9886655606546805
-0.4955925345098027
1.2701017674678134
-0.9227880266902468
2.554907066012512
3.121622811254761
1.7532005846852408
0.8488542803016865
2.026392692233413
1.1370961271348554
4.319200570435754
2.081859442661516
2.0550266172317135
2.5650416259240307
-0.8771534936066927
3.123772298720448
2.6588086979710654
5.693796574640518
2.9493838293003107
1.671131931682662
4.952927093672891
5.432172736771816
1.8945489427795275
1.1473922082567038
0.618098624131518
0.9977591786882927
3.817872198675005
-0.2517388706636291
1.8972742278939716
-0.5020502963187563
0.8353981483647822
2.3103658440116623
1.6983935702389679
1.7528216395449467
-0.00013967080183172054
4.357959976276845
-0.5543248573942651
2.0700547106658793
0.09868732340013742
8.710543711809004
1.6971337429294593
2.1532283461318693
9.607248786986863
0.2263143525306345
-0.23713451649917613
3.0370394962560843
0.347734924563416
4.119832354278283
-0.8479143783766968
1.9097298862180505
2.230812330164106
-1.1278733528755311
