-22.401555532322384
-15.349928204802346
-14.23035342543951
-26.431718094324722
-24.376707668757433
-29.107098454334945
-28.131891649022993
-25.915414358660293
-28.088513159932194
-24.82781092408061
-20.82003471567952
-24.635395993667437
-18.096174090596676
-28.419070373341587
-30.254015449228966
-25.76792996931367
-20.91261772878699
-23.907279858703795
-18.598342523350553
-25.239945562550183
-12.048057314609434
-20.837981019718555
-26.910276497292678
-20.690438781228156
-23.73664463983263
-38.872694769558905
-25.129473675596756
-14.666990241375622
-15.75415463931602
-31.8093132981484
-20.80071748867938
-26.81601771342941
-21.66633929414857
-29.761956946901158
-31.02996377611264
-38.84874058203957
-22.959398314408496
-25.286916763782603
-25.767204342281953
-21.45881463811616
-28.827584710743913
-30.312229469988306
-21.381659888247867
-33.564799303155674
-11.902734757064874
-22.61534052221191
-19.52387009159351
-24.659507683307012
-39.392980496715296
-33.50063753484994
-18.862092860498677
-34.87760359026939
-13.037821657561171
-23.506899960412824
-18.263813064522004
-39.57730325586744
-28.432453949745177
-22.62051578987034
-33.80768537620837
-23.908839765750706
-28.6079368858056
-19.541998951724814
-15.64013398336331
-16.467342102963475
-20.18448633380178
-18.30088324847018
-20.368541495770813
-12.490513919531367
-29.347157505405097
-31.558121264353108
-33.398429298367084
-14.444027610246152
-23.765784313935903
-35.94956063763657
-28.252921028612928
-30.494755712467633
-19.49471039469492
-16.065255813162878
-19.870336281083084
-25.519905511579566
-29.57726744560256
-30.26561052459075
-31.975858180507167
-30.182404161388128
-30.33607219729946
-24.31222310284211
-31.12171263691007
-21.799964400245564
-17.38927878642975
-20.669503600909295
-15.79888265375872
-18.8615853652322
-34.52068993656371
-21.338455318847835
-31.75890742009807
-16.833921817558647
-20.666515600566363
-14.499136436537942
-31.293247447744935
-18.82779283094645
-17.763176724774013
-25.33031854865534
-29.867482898665877
-21.053361234573053
-21.072720665281878
-22.23676789771728
-24.324818172191684
-28.563093395828076
-28.528572317379123
-38.44278901719609
-31.72956700816797
-32.00885182455819
-26.078753991651407
-31.078991010048725
-23.654066137898873
-20.60086058435254
-23.04117161468923
-25.499306320973872
-21.24057535830811
-20.76805046001418
-18.476504636864995
-23.196132115187673
-25.80134451786023
-20.836570468629034
-20.393091246103076
-16.96658506354762
-33.85173491338212
-23.11080933147398
-20.270340406748943
-20.089799143822226
-17.192901550697883
-23.511956545866823
-11.36697414787959
-26.08188817965992
-20.80447463757841
-13.59479497809954
-30.71108186662284
-26.91498521217965
-16.919838050969233
-19.12013273556701
-17.50203775447152
-23.743078196561477
-13.289359407469952
-15.65563697477684
-29.618475271097147
-24.816643374257875
-18.485158473979382
-21.137501702890987
-15.62169945918314
-26.701996362190336
-29.648994847163046
-18.723706528657324
-18.885093612748697
-16.14844726107686
-16.719130386322412
-26.43282753917473
-24.943653666849563
-29.098661580067393
-20.659896241544836
-18.97389459505534
-19.886425833534382
-27.048434098575882
-14.98475342150715
-23.956023869369375
-18.697649415148078
-20.717148401435104
-15.76344421822099
-23.122930632661287
-6.250179373302586
-15.691423606614933
-29.755680464085344
-21.331566757218823
-19.201130901968376
-19.66564243715399
-31.55584251208552
-22.087732173365403
-27.133106978364992
-19.552434583823448
-22.86396043841065
-16.542028779939358
-25.324619368564377
-7.421126574569698
-25.385047201844216
-24.029774619704106
-12.191208809600056
-15.664961599026661
-23.93021765216703
-26.22122326233753
-15.34719742763361
-29.51533285618534
-24.12154715000831
-27.237031090266058
-13.90569073229203
-19.373146052495937
-12.320356731711183
-39.58689457688425
-28.153176130790577
-21.807460345401566
-31.722895439666082
-22.83958065032718
-13.516618361218008
-14.807924442970183
-20.081589959789376
-22.352642268170705
-22.82817165188085
-20.03916870602763
-32.065718360858185
-22.44282188174354
-25.768213275503015
-27.68603173144573
-30.472050030968447
-16.846039071150052
-29.44877280651062
-25.587572655144612
-25.57252901580005
-17.758360797032182
-24.59824423160326
-30.699243078485864
-18.087321822447528
-29.42286815613862
-20.459252668520776
-9.711520843510002
-22.389830121079022
-32.9539383851438
-24.608520832795563
-21.077582683352638
-21.73170444610961
-19.95337095480853
-24.05312179513168
-21.527068027434147
-15.328084039853989
-25.94144524980218
-22.100768926249266
-26.853446855687977
-25.68699599770872
-8.706691617387236
-24.821120336824226
-35.226391243278854
-28.454461403940307
-17.893960790182838
-16.501218359416576
-30.69598803447785
-14.50640068217347
-20.268300041823863
-24.357528988279007
-15.580370923151847
-32.09356144893258
-29.23852508283965
-31.27779092969402
-18.463882072010644
-20.414829196243787
-16.99213248803099
-17.554928223206332
-20.856864094069678
-20.847611195722813
-6.159568161604032
-9.753295002542956
-22.008452271879083
-15.442273766132338
-33.29227953959453
-34.31388579582515
-34.34298365591283
-20.677749625786355
-21.279807529107305
-25.331129570551866
-19.820465190810722
-6.185834221527951
-32.324080421285984
-29.123745060066824
-20.74396103278395
-19.930377023742686
-18.68775927925027
-26.084196371481408
-27.190908394468828
-25.796885984344808
-22.730157266155146
-23.012081577152124
-14.954618003560363
-17.553573024965466
-16.069229730156014
-17.74394652272411
-21.022283606167292
-22.14824133511261
-24.51451112434591
-25.576190982576144
-26.711944449712043
-29.395631155242455
-14.883736557653386
-16.640049302199458
-14.198339128216137
-24.238987923685574
-25.403674887079454
-34.849056275216
-26.32498326343022
-18.38427970332134
-20.11035572578556
-20.43998746667834
-21.864653766625217
-22.09535829861283
-23.23184733930355
-16.255698803735456
-21.59894402407864
-28.984854864816658
-29.229909343268304
-16.74978418356912
-32.31168781887804
-32.22161853896445
-29.215153673991857
-26.03997420399481
-18.066068784676588
-16.923227882047314
-21.140372826980443
-19.496395497143737
-25.618867187290164
-24.167715062060342
-25.972796022442296
-33.55451934391333
-32.56071304833763
-27.609882162474687
-30.745297137722144
-16.58663695359064
-24.789211124325597
-29.98695968107507
-30.25965730886886
-15.668222169739234
-42.363597816067454
-39.24236989263641
-36.3157145167324
-31.43636872808765
-9.043782860757773
-20.6835051807728
-25.613025947239453
-31.940668048639935
-27.832574721282292
-24.350668333186256
-10.153925571201697
-29.722098164218643
-26.318483878925576
-36.254214148466325
-23.499154180488915
-29.139305802767197
-29.110181285396948
-27.211392233422984
-30.739839403498046
-29.856719351798745
-18.523244480592965
-14.821310596793104
-20.439276786863125
-14.58512636390904
-29.443814869673425
-24.050940580890405
-29.33717092749032
-24.49781615057031
-24.51344886656517
-19.198972546765475
-27.326536574242603
-26.130011133955037
-26.16478940672643
-25.040971061404534
-34.382411430915276
-39.290265249539644
-29.342788455098834
-17.29718832484972
-18.997999547578424
-22.53237305037124
-33.50687385230732
-30.087438174242095
-26.33195798813432
-21.833064065239753
-28.131151004515477
-31.766288432830713
-19.252821388834676
-32.29783720379738
-13.55534224146649
-15.874546489421611
-25.891656819259634
-13.897121272413488
-20.105857658712694
-24.20322128112576
-22.276893297079727
-23.246159871692395
-15.137192229418734
-14.051338426398328
-17.291063447511956
-16.32309049486812
-25.817282626455714
-14.717448761628226
-8.13244219919504
-23.244690526042255
-30.47207452452495
-35.047513411103765
-30.581035363966954
-24.687726241249113
-35.48495447007063
-16.769293000323728
-18.354540332025255
-15.182888472976174
-14.673269952805045
-22.703841484894028
-26.298365595001705
-16.329430924688353
-18.278906533864042
-15.766690314091193
-24.50118947748285
-16.152821959886825
-23.19601223701478
-25.50174012063058
-26.771317305765596
-35.28531852362757
-19.71308680026238
-12.048688139047634
-30.685380575669928
-19.804475586569986
-33.67670506374629
-34.432789575347535
-30.75497220411218
-21.57248219414847
-29.576044050784596
-27.102199976568542
-33.955265783310416
-25.93662828283374
-33.680164676817974
-15.916482812746246
-21.925766939242763
-16.43367601667985
-22.577366399741734
-26.001589748199947
-23.457324825378087
-23.92597801002421
-17.52102511515264
-12.971470158430613
-19.816602218550578
-18.936983382430597
-19.04869668703899
-16.180688365774145
-16.785622578169214
-26.122135670202695
-17.762387833758893
-16.51947157413082
-16.42891238017891
-26.910824255551674
-18.912476423765128
-21.564084727144717
-10.062119029602112
-33.865345330341746
-19.843619769331617
-43.89851757085147
-28.118845309022646
-43.218967497609526
-36.78605018557549
-25.13150885982609
-36.61012380191787
-21.46285855569497
-19.140194743320464
-33.460616110924576
-25.417110921029575
-22.31836837944772
-28.348307714558032
-27.10741281463484
-26.174005945761742
-15.45037190333796
-32.90356587665267
-28.31297718767329
-31.493442832077214
-31.828855160171436
-32.63751818193643
-23.65928654162696
-29.751041995765966
-18.25769855599907
-23.096750580459442
-23.116392172309745
-26.200853582193634
-20.83396085118796
-27.771473616093584
-20.690996624868532
-27.470871797879365
-10.904248337982835
-22.09748308071613
-30.095991293053018
-27.248461615732044
-23.80619379219744
-24.5253111431685
-21.698001196150422
-22.849347714049323
-12.268357764956882
-25.610240430810492
-21.26666043479854
-19.824630904991785
-18.482805907759456
-20.173731825155855
-21.207845190003255
-6.891157406305432
-14.378331828684253
-16.294263956018845
-14.581807962292977
-20.45936313023096
-21.72893681826831
-12.159521970159446
-14.50477820709699
-21.92429482376101
-17.823769800164243
-19.529920821948465
-13.922706764039155
-16.826035765522214
-22.29657667885374
-30.17670952313111
-29.677716961461698
-31.652257868180996
-27.80105789456224
-27.75998573073352
-31.44499264870864
-25.049442971857417
-10.747173532493939
-23.51346851737985
-31.9638303954956
-14.132450374875958
-14.531200256254728
-26.444936314507387
-33.8964599570544
-27.272871376565064
-35.58363339346436
-29.50321526267245
-23.970246847023645
-31.040680301304402
-19.47885127280765
-18.172218672906553
-16.839882140462475
-24.401205110950343
-19.787187365554487
-10.585249939033467
-24.763469189395515
-27.13006637784939
-36.552337407237665
-31.0044571616004
-13.275894319850837
-10.45607639451817
-36.9143537339999
-29.25151145073113
-27.135570239217877
-34.785217759317554
-27.95343561923115
-20.843733761857358
-15.733571399510083
-19.46284827222594
-21.34921343954268
-31.61504098876828
-16.58979963090023
-17.991334746615664
-19.87757240812619
-15.360628164962762
-22.9442541881575
-24.16679558866533
-17.351212485389752
-22.153387129465344
-15.59440539494954
-24.825848633759435
-20.506708883950466
-29.549933161303684
-25.231019767576463
-14.327548555464531
-20.629044174626287
-33.01698273958162
-27.907705276282236
-20.7798327235351
-21.9949666998102
-19.322459363445688
-17.422883081018362
-21.129624536663613
-30.28473522082703
-23.10653296896399
-21.20645028322769
-26.78226752669226
-19.900168322703976
-10.591500325353131
-29.93258013175098
-31.879362485569402
-27.009533213099516
-13.570743727291557
-26.393200931153984
-27.595270432666965
-11.968466186363003
-12.681187174506254
-19.94672192166835
-27.43042575122029
-12.904283887965946
-31.65327782330965
-24.108647487263188
-18.92736095216305
-31.859345465880274
-25.22370912174795
-23.213837582420283
-13.33163575116454
-19.910137049151057
-16.106095395015885
-11.740676726445326
-22.547051015255654
-14.465458630596729
-24.66223377432316
-33.387920271254956
-16.253179108903744
-18.015682339513802
-18.203394630454312
-14.752737214589665
-24.4401908984223
-25.49003041110646
-25.136514424684066
-18.476957706972556
-28.86574549254499
-23.642805451632196
-17.55169992398067
-33.78335327718826
-17.747352999966612
-29.471363527651604
-39.293715535059675
-24.129632874639537
-18.629322420099538
-17.41739194455405
-26.162037885670777
-22.18541502173145
-22.08790152262394
-27.19351215417221
-33.07837511132985
-18.088206938637114
-16.608544506309425
-24.462325317422895
-18.94589115347687
-17.81130957922843
-22.2758909011606
-27.67829722485677
-26.109863511343153
-34.44059419845693
-26.979971950174072
-23.267655544396977
-20.91833727604927
-22.443188311070294
-22.34072989428432
-20.484100824266783
-18.137852838899043
-19.119870242420177
-34.5504984439975
-31.47363396775389
-18.0936670525562
-26.40652114056249
-31.92128384433792
-30.466410498063276
-21.343817419305246
-25.220519258509263
-32.78486147686517
-19.134332497573844
-31.209955584893642
-25.162249497784913
-11.435235627021818
-21.680070570653243
-17.436657654646602
-28.663967881764208
-24.411853046399912
-18.759099254531222
-20.802373463295595
-22.733930303278946
-15.507464129767964
-7.400493098470854
-19.52329409426012
-28.45811485095182
-13.725820465303784
-26.803415660431988
-31.423050231246748
-20.446701035955428
-20.211490885103117
-26.64228271703936
-4.81340826111585
-24.72863695233483
-23.65556736896192
-21.781495634100388
-30.733055360250646
-30.100913670420105
-24.622624673779185
-26.174364469310554
-37.29056230149283
-26.135632816953898
-35.13558535685034
-28.397576064139898
-29.28287128137729
-28.05784822836165
-25.91733735564551
-17.30437051535363
-16.891341518961056
-20.23370906548796
-24.597926522135687
-14.641192465473996
-19.59948215937304
-20.70638054168935
-29.978786172263952
-30.015395837708738
-23.725834151756104
-33.72863134649943
-30.69215867933847
-27.383992744955755
-27.35719405168056
-27.426288569222123
-29.607963297213686
-28.989691567571278
-15.62422997655421
-16.98837399556242
-22.373753358442073
-21.648372529784773
-13.340758106824708
-29.324743191112468
-23.914325187151938
-27.409329957242555
-20.117111306891935
-19.414000913415748
-31.63900605961964
-27.97693191828653
-22.18527259616303
-22.336972368396623
-11.087521181831946
-9.951217836841643
-28.89908503911612
-21.519241272255005
-19.034771636054902
-30.496952728724068
-29.21169987691153
-29.005882661406602
-26.78657693103291
-27.205053680816505
-33.083517622139475
-34.908949766846874
-19.096251221617813
-32.891206072683666
-23.95273937185611
-23.1914382135206
-13.582701823250176
-25.25909900835333
-21.343618035144594
-26.038081613730107
-24.154188226334327
-17.836244894697757
-34.884698580461546
-20.992020050638228
-14.19130515858506
-20.13212146883822
-12.464507012022928
-17.385826791097887
-20.802235610019636
-32.834590883503516
-36.55554131308291
-36.02496121389976
-34.14937041545083
-26.631590810487545
-28.0479780339927
-39.09616707849236
-35.17918777845699
-24.640571564226796
-37.241209860609665
-37.06318351950701
-16.508754579728176
-14.260192422498058
-22.599114612534606
-19.02317172159634
-24.455929293294197
-21.566969122431487
-26.557701510061413
-29.732339723370536
-25.720779017182373
-32.30715176276086
-32.64099332062577
-26.096118308879987
-20.0208484798828
-26.560476631778563
-25.24688570604914
-24.814660952037634
-25.853587732223048
-20.754917286515713
-15.27352828244581
-28.224055507546232
-18.085018928806445
-18.340598566272746
-22.09150124147633
-35.979999434888555
-22.029146720681148
-31.666227414523114
-23.857194344928402
-31.056804892211733
-22.72318728713841
-22.440217583812586
-22.785499147140175
-20.91839874382871
-27.221106982169434
-31.69424852785351
-28.908624356269648
-30.80572468621574
-33.16501401469718
-32.76530698479013
-21.076019711978287
-28.562552694357468
-24.27961087463244
-26.894101634562116
-21.618154729186717
-17.501207636522327
-35.15415411390377
-31.595675255939597
-30.778998925225608
-24.673459348400307
-20.416576930690123
-24.18589871702956
-35.905559393774986
-29.013464018289973
-33.84476866101106
-31.592495524713428
-38.75072100399481
-26.740618331848694
-27.759669138685183
-27.48914872224563
-16.568051583932114
-20.91493769850504
-24.635892789441048
-19.692300030708203
-28.577851983104303
-21.575521998679566
-11.754211517223041
-18.006874861197133
-22.459513696243597
-10.964843884843148
-19.147499191236907
-26.90717889125623
-19.75645757594313
-24.088016402741058
-15.008088873461887
-25.518671765441358
-27.099394002844136
-23.862220240030645
-21.133080527191158
-20.257551518377092
-31.589530056435496
-32.360383241966375
-33.560528627446814
-32.6329987700569
-32.50237606294646
-32.01576850333929
-23.747179247498813
-24.66047087682486
-18.302835778423386
-18.020287389128853
-20.90960587841375
-19.64948289671942
-17.551716882594
-21.414410368405775
-32.623436830056235
-15.569180533309684
-26.84328155172495
-34.002188177448694
-32.802149995714075
-24.772790517562857
-21.144717826172425
-21.263030972920422
-13.81036021517355
-28.222061682482384
-21.998638603956387
-27.080124279482483
-22.868935431302795
-29.062188900665447
-24.141430772903988
-17.150460816400255
-35.90109331458355
-24.487465895295554
-25.57496613490278
-30.96842452386283
-28.72931841159202
-21.58143814902767
-19.444821137937474
-31.392595620049455
-27.86410151281052
-21.685195453465383
-26.31444104191833
-37.619537044343105
-15.084979889281726
-27.6815937688781
-25.166446425061725
-18.60315728213236
-21.948992663837647
-32.93801263043832
-25.93930780458466
-15.350315233383899
-20.343322843124326
-34.570818186654314
-29.02899469789027
-24.301723362629915
-20.771821939656164
-13.844667588237868
-28.62923108658488
-25.718310913578556
-24.080529472715142
-13.89554537261936
-28.590551899523973
-29.283106597773177
-18.70634412090874
-31.877165806116842
-32.0547519776754
-38.06984870881118
-31.45268701803723
-21.946459822423243
-23.792073929532393
-19.483623715417288
-22.017243532559405
-14.525585038902598
-17.49721152505061
-32.76999199307926
-21.981399629345198
-30.907794785773106
-21.39617751711593
-26.877635538772147
-28.476811281443794
-19.886187111293744
-21.953615232828582
-24.37994239664917
-15.305779648648432
-21.380584828522295
-13.721768071901153
-24.22164503644928
-26.067941687253764
-6.465465264935865
-24.64676085518481
-18.292253970799862
-25.85629645189336
-21.39736361026832
-28.814630853616123
-28.228510508981277
-35.77922765084523
-25.000664478546188
-24.19471714380003
-24.44811813214526
-18.56993436058444
-17.183017443404147
-25.031174562570463
-9.303233699596955
-23.833869963853296
-25.097838410655477
-13.791960255324032
-19.28303576469726
-23.51315094524302
-24.054312609457256
-23.45896131204865
-23.456942841367578
-34.17135597108697
-10.670637592323885
-28.626589467837405
-38.20995617784944
-32.11765896522854
-25.861707367216333
-28.86146067453032
-18.89594303673666
-42.10620480521758
-21.11114641963477
-19.407839309083478
-22.709841157407062
-19.68852316450183
-25.117846956248343
-23.69045547005898
-27.118632593848126
-31.782159010745566
-23.897779298346244
-30.897882492658212
-21.263040183936567
-32.26759788406998
-33.62168987174028
-17.084420349622278
-28.373340298972867
-20.73670377176592
-28.63938617394794
-18.33778816754274
-30.203776238067746
-21.50664681921858
-12.33956937074878
-33.42953158872549
-21.410822673061716
-19.156456732163136
-15.376376659802052
-18.31897409116049
-18.980118967578072
-23.46967450647482
-29.348518533595325
-33.825815602986296
-28.53099817364655
-26.1674976132216
-26.656606329288223
-23.24112342009142
-17.40494677039434
-19.86947782401015
-31.990734980243275
-15.666822348064109
-26.781845269682133
-19.47994056481379
-28.558100102287717
-18.144517597027985
-24.695701937862715
-25.888534786234075
-22.34759289591029
-28.069893670609474
-19.640937125851963
-16.91583405283049
-24.30727918448708
-27.13672213967884
-27.939973068749254
-27.42946516112196
-31.264122773882374
-34.889301697486005
-21.697361679017526
-10.861355258048427
-20.140849724185404
-22.11471678820617
-27.34900569553449
-31.495586798817982
-16.626153243946415
-16.08469040757336
-21.547753468268343
-12.374056350532236
-19.319133621227287
-34.46811850900515
-31.262160162569877
-22.41445217329327
-23.228268303689788
-34.587322850579184
-15.226486059109575
-29.011519523748568
-26.371459824315288
-15.20817422969241
-25.35700489253725
-18.048511168198928
-16.704409943472726
-22.2359047726217
-33.183889280304655
-33.92750777185821
-33.06764224328377
-29.4156207967485
-23.94873466947637
-24.415258344878147
-35.75330676443559
-24.15083308073769
-30.621254294212527
-21.58260355888799
-18.711921179693952
-30.999956257266632
-18.507567559261982
-15.990186830153274
-22.077254637536335
-34.31444621808086
-19.930918795823413
-18.016972908933575
-26.13207756420509
-18.859682787190795
-19.362030025212626
-34.93071803462088
-22.279382400619035
-22.82233362939234
-22.571906057910574
-19.31632006398513
-22.4040555046271
-17.256943358408527
-31.830186034502244
-33.2636702390038
-32.371642131303744
-20.264926641637757
-19.73545126033335
-18.262172128511505
-15.893717062315197
-34.30754574904375
-23.02488469619619
-30.895579988300316
-19.25710995018177
-24.28189992423078
-13.745350441011723
-14.86288638023521
-19.781773587142705
-33.62281602014443
-13.500943340710746
-20.93478723591741
-13.743943699186017
-25.604997201931123
-7.325852246144805
-31.312412094330867
-20.334830103282297
-21.252841887321644
-30.58078529067265
-26.698279209746058
-33.667170285424355
-29.65374331824755
-24.704014909166848
-15.699396384779032
-23.784167791388
-23.350615328669164
-21.70192306006178
-21.94863302417489
-17.246051715092285
-17.714852377357346
-23.65393643767645
-24.15310073574996
-21.667576416776896
-24.08528122149398
-24.602458880384503
-25.520410705605613
-27.211896214484796
-18.038680626201334
-33.126981075627135
-22.365852125029363
-33.65202956721839
-13.601713919402702
-20.722102820489567
-23.189874814967318
-25.64123693915223
-22.91039611431929
-21.664651404046005
-15.583330736768652
-25.6603808070179
-18.01799125447702
-23.347820511860682
-24.664071375321033
-28.822783697776664
-17.269794151966856
-28.450579609897353
-32.268992570553706
-27.064726294232827
-33.647307212537676
-29.439888171412242
-29.657506470955017
-24.462706078799435
-21.586788996691666
-27.93901761233419
-41.34213300938818
-26.542486084384812
-31.037943030632555
-14.799754518695735
-21.980485635511158
-30.329213053049365
-22.540278095165625
-34.91054313140578
-37.03480814397293
-27.091503537642154
-42.876115704357915
-23.985222138664334
-19.238366409774898
-20.199231309000496
-30.620783912126875
-8.036091979820046
-23.58743166865186
-25.228128915165826
-28.342319653421647
-18.971615208697642
-27.69557305086554
-26.423500510083475
-22.681569155954513
-17.62201429023819
-26.273874062700006
-27.697885824391264
-21.105160579383757
-24.361026719275742
-17.320467558151172
-14.491168253313319
-13.319520101877806
-8.989368075268342
-15.684060449569403
-13.383606830389459
-21.630898151481432
-25.523124739704507
-34.70195882510215
-19.055137799644967
-23.51909066646118
-18.466789161165515
-29.217394173290117
-19.736713023053085
-27.867127472907484
-29.08499740127317
-18.592927707728848
-14.180752416626596
-28.860272259201913
-23.38618177667734
-34.26469662881928
-17.38799094999151
-30.937264625908398
-17.3366087341603
-14.943164009835108
-13.962169505025443
-29.21813086069863
-13.465724794423522
-24.01322300024588
-25.059613950345625
-28.55072367820596
-27.826066206336947
-26.765206791959628
-31.83788313928706
-27.366260381042082
-23.89639124829715
-19.303481491969258
-20.62857806389993
-24.733699403334633
-17.13922669046015
-24.13357566424882
-20.046155551463603
-22.452501081143815
-16.632152297215807
-16.233558995730228
-27.583049775564888
-22.824183125268938
-21.561644698850053
-29.05652401075714
-22.469912420640874
-28.8855240586649
-32.42371314125665
-25.157177789216295
-22.724759099967848
-22.179377953463998
-22.409272196812978
-27.348224201410886
-24.113969555173004
-25.66595080295256
-15.001371340159682
-25.858445292565214
-20.68111044963439
-28.52133634747961
-28.67243646124986
-22.711566663767808
-23.75430304078084
-21.320483636154602
-16.119937589752297
-18.163048958890013
-20.436890089147642
-32.05796146566614
-14.15351872752267
-12.677770150818901
-27.27333493814347
-22.539824961034874
-20.507331403955252
-26.396393826604893
-25.4002019643839
-36.14447496174896
-31.60793849612434
-23.005140863078378
-22.31985021286138
-12.10400219591802
-20.796190386256967
-22.536443790171308
-23.255054087116456
-23.974531375971836
-23.63461101591518
-13.560386285701853
-8.963826605170404
-25.471381088362243
-4.005924534936426
-24.929999801852112
-23.232328212315416
-21.352424398469118
-24.09301391613494
-24.264210809081113
-36.78388010433085
-22.5735821160209
-25.650948631160396
-22.417824748726936
-37.60905782479541
-29.685471780460695
-24.832809159647585
-7.883625835134154
-16.02355521135615
-20.518264148473122
-24.83862962659874
-18.360882667952502
-10.029606555531338
-30.928875707220676
-22.833200778690674
-24.80300051314401
-28.870679946155047
-40.38314390069611
-34.0649610997722
-14.656826064590888
-36.045485563184
-33.44212283150498
-26.196976697614822
-32.023741404111526
-28.309185758310356
-38.81383940404279
-29.752612424670637
-39.11431309483717
-42.84892172625523
-39.67214701300067
-36.827376316535094
-28.87897230162509
-28.337550819640967
-31.213290410741664
-21.46456300148246
-24.844176731466185
-26.191028069980497
-37.059417486135985
-23.457149938268508
-30.41146994697126
-21.254371177228357
-30.860543789689032
-27.78188555992289
-15.95046376754086
-16.039133211844707
-30.518786185335223
-28.26273606019599
-19.108438578188938
-30.369702155639416
-28.481122925959383
-17.100907917175334
-23.823095518709046
-25.574548749440133
-18.689101570938426
-33.136071372446715
-23.481738092120665
-22.154259393125308
-24.10258552511212
-20.56816391718744
-24.665993201081122
-22.214114467688646
-15.97048065364919
-14.631631739884241
-20.595935716177713
-32.49584022763958
-22.726468850247898
-34.42775972630752
-13.722959910460343
-25.92786823739282
-29.986800879843027
-34.54650101438763
-35.21909601234034
-26.63528419278435
-29.565070473352435
-25.052245424587475
-19.96192616960858
-18.988377275710103
-21.882633776078556
-28.905486852805982
-28.85379963209755
-25.00546682368004
-20.818901721881275
-25.203819076207044
-20.940324215459032
-21.309977693698542
-21.6886950024781
-29.57477198999021
-21.377594031834896
-20.618182283123762
-12.599866933361014
-23.08693799824686
-23.029742556719835
-25.824100871386282
-24.199239839558768
-20.66457100333391
-22.02217198244547
-29.7980169346489
-24.640764930279488
-30.494988796016344
-24.797089967948672
-23.532463178709627
-27.56541011759179
-15.75018312158118
-24.788317120652003
-24.007318398725232
-24.889529976292295
-31.4958199453741
-24.17453195339325
-14.546553333357416
-17.544205122257473
-24.292359412745817
-27.575693182377197
-29.608927364428588
-22.227577726401368
-33.699208615017454
-32.61636459160502
-33.58701707169929
-29.356977977376154
-23.54829537215917
-26.985313234369286
-22.641027730915088
-29.518624122819766
-21.8534743490862
-24.663263826537005
-21.89783027039156
-25.031708923136264
-24.442496681370294
-34.248223366926624
-21.21004411142426
-20.465087736243973
-32.47988073587597
-23.616618530974726
-23.60755079846252
-23.764692310287757
-27.527481728140344
-16.932497333614855
-25.832103789302558
-22.639258988553003
-23.70893545905291
-20.682183122396104
-25.61363822418759
-27.142424056656196
-18.99144371843552
-24.43485723976069
-27.402827615404533
-12.617326438529886
-20.555138508607087
-19.960064813235753
-25.35706430639857
-21.47006503643663
-23.438290468771996
-26.150698899814557
-34.334042871433994
-29.54750576576931
-41.451050486316205
-21.740622372296947
-15.731094286788682
-34.24875795354404
-22.478636048081526
-25.11077817122353
-27.338395425225286
-19.361913888207077
-27.127626766533176
-24.68844418057109
-22.15760729109308
-24.947643400977455
-19.39267837797084
-35.516151893987924
-27.164902590323805
-33.65069136743483
-29.723325992363833
-30.3996044081277
-32.77251011680528
-27.031064636545686
-17.515003002409927
-32.53578136299119
-15.867576364600708
-23.28967445203856
-12.120737472085981
-27.99420906483239
-23.840045827292315
-22.62431533590749
-18.025212950757577
-25.07067436568057
-24.480278270528906
-30.223402466656964
-25.837769568189298
-25.722041713305444
-20.86388002846067
-20.74341979097393
-17.797664331185658
-25.38772083396423
-29.249025848905085
-25.35330339753687
-22.224064738401474
-18.551177374539996
-29.77663882615369
-20.737674806165767
-36.107579321197804
-40.120104865813424
-18.079975403099063
-32.66264171559929
-26.126156404491482
-25.757351363914395
-23.72839679935357
-18.960240891100533
-13.214871630512945
-18.53637313796875
-18.181486129829548
-22.44293631621281
-20.29729000428909
-26.888336023228966
-22.63881939907281
-24.494426674289215
-28.85930591546598
-28.900257019941307
-25.000397425733006
-24.35634774502016
-21.833584938494205
-16.273183380673174
-19.32274844055897
-14.15837760798491
-20.823519086076004
-20.41455359287761
-21.693548549176796
-29.59133269851612
-25.299388407141265
-29.960698093770446
-5.396660739988404
-20.245188101353428
-33.02484921344378
-28.605725690911576
-26.741293034859254
-21.376973052347388
-28.223131760293313
-21.897344235476105
-22.142392773494905
-9.869108099760638
-9.00270132162477
-12.100767072393888
-30.158797308328477
-24.13305019401384
-19.11278867963555
-20.052905797116267
-27.254174465369083
-20.299323581268858
-20.17521579498652
-14.044695117224492
-22.84636198063339
-22.630651203072354
-26.44183141974719
-25.34567374475585
-15.814936204425805
-28.08411166261587
-20.9345693105222
-26.179949174627264
-32.074905557462785
-24.893462943185188
-23.80518841935969
-29.14447934915285
-31.636857148113698
-32.74413616924611
-23.872610780784765
-24.63452135690696
-25.73475816621643
-14.950310932925383
-23.239394280431934
-14.300006588887836
-26.715390541043796
-13.024829721098353
-18.22176668943654
-10.285248558604854
-12.227862143557275
-29.25290050035471
-32.253715303609376
-18.204771542182286
-22.660942350976
-22.506030561085346
-22.33116659128207
-19.052309838629917
-28.349106638475362
-28.298557046359477
-24.481046362643383
-29.949943863768823
-32.979146495438364
-25.127532406715545
-24.812087079230317
-21.33680326062774
-18.473612350252743
-26.008487286211476
-23.6360410563315
-17.543590595335328
-22.13086445227759
-26.465691854484476
-21.867130818647922
-11.100398177435107
-20.799126603371278
-20.36012603884197
-17.120386072957437
-27.896092507818963
-27.356142740059305
-32.97718091273392
-31.605473709940412
-34.25747086013601
-34.18853698711044
-37.582087697320176
-23.895020986729904
-17.46376688105616
-19.452297227871863
-13.583074658407785
-27.312769351032813
-20.527107108103706
-28.93988207393916
-24.29762422428103
-13.476649900455783
-30.21639506996257
-24.308647181609835
-23.067298795947906
-29.998585240976162
-24.482100417961234
-21.802809640256797
-28.85854979420437
-18.31707277010255
-29.899270392481654
-26.085920351668292
-17.85341053416206
-11.604580395255692
-15.515286194255857
-14.161185835055646
-18.506532651376716
-26.441969263894393
-22.665327414701306
-25.778795052081215
-30.736460484356165
-24.184654777974615
-25.210979969753005
-28.113227717141918
-22.72471616308102
-25.609675662551545
-31.90150385026648
-18.69890744652335
-15.654885893518424
-15.164320782677892
-24.26660718977222
-21.811230414783324
-28.397201257411904
-19.19403307686266
-25.223051646398318
-27.687628844006888
-22.072843346373062
-18.81782864084914
-16.08874923527698
-9.760761253903205
-14.143106687504691
-24.24323502489487
-20.59899603467899
-20.541025352656145
-28.097533979808485
-13.378412505845656
-23.71349359994344
-22.42616612017822
-17.09070808440795
-20.297624501043565
-21.86389626856043
-32.28726259723345
-23.684689531291227
-28.65271829524403
-25.349413326861693
-23.886608407827627
-7.169837651574959
-22.154482014360525
-20.63788459885246
-18.159159657765947
-10.878368621782911
-12.839663709256293
-15.766360455904156
-29.32905795646599
-11.337518963544492
-17.049627463420997
-13.97656279933976
-26.841747186352585
-11.267498112038503
-21.111088775125076
-25.988801945686582
-15.327061888792358
-23.484243689810256
-16.323298995828935
-18.966973630851445
-14.777061761737606
-32.3369226331155
-41.18882773103564
-13.212625653546475
-30.39984658998874
-20.95066537987607
-31.60838631123588
-23.789594274472606
-15.97851503773584
-31.925821458742156
-40.07237956661777
-15.693797765867298
-14.035584576253846
-19.219082694100205
-23.32261351507421
-26.958437449509514
-26.455748802316737
-26.359104844281568
-18.410343323131496
-21.6020046182053
-25.344901272335196
-17.729940129526746
-26.175287490983415
-19.002120140381976
-22.3871650298601
-22.313361054066696
-29.492582330744426
-19.905239022977064
-23.10863676990084
-18.96230389753577
-25.452922380497014
-28.263089369846682
-17.25522267718096
-22.862268742794996
-18.668793667962397
-25.1575675767118
-13.103808819160427
-30.90838872472083
-34.18009040565983
-21.02494857231921
-25.558403194472028
-30.425110292604174
-25.484891680598174
-23.797860641361765
-27.12688899285616
-21.18298552792649
-19.48934103461243
-30.719882921503718
-33.460563587564494
-26.374621180180903
-30.106388747632124
-17.11489658970519
-26.63438239670186
-32.066184977361495
-31.035250748063106
-30.47188086366029
-17.67044888501863
-24.201867329422058
-26.76005967602203
-27.942799892935852
-30.067870185169966
-12.529668607311912
-17.012404668751277
-18.63867935112183
-28.815915964176824
-23.685902536589026
-21.53192527332037
-23.373615076249955
-24.723700384886655
-26.394741296110553
-33.41936956597948
-14.447673120244659
-22.764985546656135
-12.104160031869082
-22.976227556215953
-20.5941475750937
-29.192795929807424
-17.588968190545643
-14.090247583051323
-20.572240487059823
-30.8721695670768
-21.131329471814844
-30.430974660625612
-33.471110254939745
-33.83565439664712
-19.719932333857074
-19.13710394851847
-22.614453421225036
-21.46174220270246
-32.339290260293254
-21.11393031151033
-29.093620221636954
-25.86504695082143
-31.17872416357705
-36.81128256615495
-30.161905005015985
-20.033947869984594
-17.669634317582286
-19.70769501630094
-18.655265704359884
-23.42155635589499
-28.030345023039377
-19.73631644811497
-10.69823642167947
-13.644712370222521
-20.71405929717581
-15.506649669921602
-15.448363305818102
-26.88328454274211
-30.228694514283543
-21.26649919285191
-26.463527196796164
-22.0856186426062
-26.135640259662203
-23.50084092162782
-24.134332240851514
-24.476349787138894
-31.86456212723195
-20.262684724979547
-20.249504825205733
-23.556974242390908
-20.557092234405957
-21.737906766603253
-36.62410604104826
-20.556574584396913
-18.710145582188936
-35.13448879877903
-18.66819011330967
-20.53003383502398
-18.90417886700844
-17.031810551664986
-6.647896314719684
-16.78523695347223
-35.7878288176997
-20.764022936280526
-25.23150448084501
-21.167135770790594
-30.055212600637027
-19.615809161073
-18.825162401827285
-27.131277134610677
-19.375246269125196
-30.934793370298273
-25.744781282250493
-26.382662613152064
-31.188026775681514
-29.80973200038653
-30.635489219072227
-29.666822854659856
-13.14445547827906
-24.105346459483936
-17.054742388007618
-16.776961120443453
-24.234402386166238
-19.98447056958029
-19.930783939040253
-29.777982275543394
-26.76193029669131
-26.661674300190512
-30.604198453300107
-30.326042875747824
-20.80812839571692
-26.84228149037872
-28.96970879268521
-28.45152052731285
-23.50720871697384
-26.555604855362212
-18.927552633422987
-16.187446307421077
-26.99422103265745
-30.495808429623835
-27.108685282120682
-29.049493354850306
-33.82103707283066
-21.601577560767318
-28.785713234600216
-17.738343257296904
-17.40233201326641
-23.342238556554477
-23.531463862708982
-15.679991265789162
-18.823774217895817
-21.55137365227013
-25.374310188899962
-29.01925093484281
-16.61473474603617
-34.069300124287196
-33.29502476104016
-18.528153476469065
-14.560826970693943
-15.623725651443188
-13.615827773706844
-25.88762799988924
-22.944975777264112
-28.555690531377486
-17.551111753660916
-22.961938612041312
-31.392396303270388
-26.54084077842444
-19.130568283092618
-30.728130813579085
-38.57528679635847
-24.486210795959025
-28.684705698602023
-16.401849946204145
-30.025645418857543
-20.12635153454567
-12.810020776079725
-22.47506890320416
-19.58870474231983
-21.30131547938502
-23.696893726196816
-26.64202623803758
-22.674916566560682
-30.329845785942375
-23.037692538456213
-23.74287979142507
-19.609868398821085
-17.086576000333803
-12.732663369278779
-16.764616338624567
-28.267318655831843
-29.869671093470068
-11.414463496191818
-23.632106711748726
-22.25408959887398
-25.92620605424392
-30.941705782513093
-27.547035556872203
-24.859871025961382
-22.53692340401621
-18.326619360788932
-31.242099629017673
-30.017077094734645
-21.61580440380778
-20.1273594489833
-18.629815119507555
-26.429259464377623
-27.98003525366574
-33.608791344926914
-23.076610945329023
-18.095304457593997
-24.552389402950602
-29.394263956519254
-19.506656505749927
-24.024942900952777
-8.887511574646307
-25.40741384862398
-22.860495194736295
-23.27779897468133
-29.262847505518145
-29.729114424069024
-13.381823760968345
-21.867655517074375
-22.69491835491104
-23.154530902641092
-18.901550609256304
-29.873457532304528
-23.328457449665727
-23.48325417502779
-23.518442892166433
-22.153634837485345
-24.668999573920992
-13.847888782981263
-7.777722520615145
-26.37520256589328
-27.518645092023867
-21.927523359221937
-19.609707783799266
-16.568181749805127
-16.07787200336999
-26.951844743415926
-16.615226219031896
-17.384563008601397
-22.40843637978893
-25.66380762464852
-23.158509948263045
-20.146511834279718
-17.1426877884332
-24.606784309730365
-14.432718863586555
-28.26146746396248
-28.394084389638166
-28.757768175520006
-25.08065438669111
-20.92622613527938
-32.786758131249556
-19.661822863164396
-11.380191839048297
-4.4584690146003005
-19.12197332236968
-16.035755047545464
-13.966376641093369
-23.856304219878453
-33.36503993944207
-31.585107339673446
-29.82820891445371
-38.99833211133391
-23.053412437554385
-29.24577134086868
-20.48558502829857
-15.126881223717021
-30.371414480583347
-26.72871312312585
-21.343327588440808
-32.84394711180172
-32.58398031755874
-34.085645933333524
-36.9570784140902
-20.507379322273096
-26.751664231843204
-24.27488353288955
-13.87731219423253
-15.958038789608427
-8.989781398755731
-19.989415979543637
-24.839033384613487
-21.58732273320865
-10.433739850914744
-16.72789603804562
-37.15219441847247
-41.47662480513802
-31.21911171634095
-36.70674856219193
-29.237437436940297
-25.482442136798774
-18.114249650726926
-18.877965681423227
-21.00172731822058
-28.37406891820907
-24.67638147210767
-21.14021427595391
-31.268748219598876
-25.14702271972681
-23.030890935995217
-33.3686605018935
-32.690769171102964
-35.7954759077338
-16.184126720745688
-37.7368783334411
-24.8393208223926
-30.497407794001063
-13.14488329322836
-23.36684137565784
-16.148934969240884
-31.54215510724069
-17.71971312972049
-12.839071011513365
-13.81801885944898
-9.402080944676674
-17.705458545984992
-21.2316856238512
-32.945181712316725
-33.389911831073675
-22.910058344082827
-26.093523148579074
-29.426921549046
-29.692873884986838
-35.85554185802855
-22.158392848667624
-21.93736938157238
-25.32974717730025
-18.20629216078843
-22.063398275858788
-20.741807551546636
-28.37029685330546
-33.1032967660297
-24.419544661606317
-21.76144531098035
-30.767310130462263
-16.71708841425818
-16.333927783364118
-15.767313918149028
-14.862743111110031
-17.107742978618944
-31.686164889598523
-17.074078945658933
-34.09588006484581
-33.70835710932794
-31.988139474061278
-19.573217471902645
-22.04239699162735
-26.70399868594894
-19.290677588946274
-12.992469916026003
-14.42721200884931
-11.889529526472792
-9.676273761826785
-14.302515863034294
-15.604553866500993
-23.84513488244238
-15.968812497206038
-21.247627500604494
-22.93995734195191
-25.406903136156487
-29.267520561863897
-23.24929208156285
-17.984600605980376
-30.25569254862819
-31.7392331113888
-22.18619649785319
-29.150788611547956
-16.19540858602302
-29.026119372563794
-25.49646759344217
-20.12007600210855
-27.564906489070488
-28.745914608944684
-25.44576894473643
-31.573719566704074
-30.855325663297396
-26.46673405097531
-36.91275439302247
-37.721620169030395
-30.904537295290375
-34.89688195275839
-34.949966512517506
-27.03553133147224
-36.92947447054208
-17.476300656746773
-30.112110567474602
-34.84821759193915
-13.868916308454896
-15.236734916264481
-32.05707683997798
-25.78611166741193
-25.731159814340202
-25.991137541356395
-16.568081151821005
-21.001503020598552
-25.3467207518691
-16.96478367457913
-21.50107116517819
-28.638036695713627
-27.849112060106116
-31.41585383891283
-14.985588833067311
-29.33618520973753
-14.469437376078389
-23.385547089466336
-12.114342226349322
-25.893295623444615
-16.16336523331824
-37.30561381394136
-24.367319656917786
-30.2744292681718
-26.109766740213225
-37.649052605209185
-8.82764102443917
-29.466899485172135
-21.599402525492515
-20.70167952209158
-26.804904718322923
-22.901136408242966
-15.23261325763427
-18.79802465236522
-14.170982802246101
-32.398881245795714
-26.69872633827366
-32.46507606110098
-20.002306234666687
-17.385889225953
-13.00301117629295
-19.619014153018405
-14.437584084449995
-22.94230221830736
-25.062910940272722
-26.276180226115983
-16.076749431556046
-17.97291886627943
-26.57386194720945
-27.235041726040052
-20.63966810329204
-24.204211145224512
-23.365018352351576
-31.962124865564263
-15.275337839956798
-30.681640491578435
-26.28085133875188
-21.095510890514852
-29.27981403483502
-20.20240230443642
-16.80905854441098
-30.44181328303149
-17.35485741872842
-14.689371735368816
-14.929541811287137
-29.089215503699414
-25.686507136801183
-22.63768602073603
-27.330597212364808
-32.95139633654926
-27.60018030358497
-23.237537737673357
-15.194989192921263
-30.21967111194794
-18.528286663253244
-25.339793977082962
-28.978533999464126
-20.305089598147866
-14.3178739649616
-30.45767298242488
-25.826315852794217
-23.57103558965514
-20.142328936038886
-36.08160687151078
-29.434367205516452
-30.17634643538944
-26.531200848392565
-28.453823595795008
-30.313696013966215
-19.678518184082403
-31.319625204555244
-13.32391187435767
-37.12950954954679
-32.48470217162702
-21.22813087480501
-16.295260466966404
-20.208096783684027
-23.648995627506523
-23.96729828201584
-30.04347040460331
-26.714252819999217
-18.374084250299735
-28.293995844583975
-20.019579469004153
-23.364418744662476
-26.85985270452031
-29.84318383386503
-14.408062733897623
-37.74187952838822
-14.797641155404067
-23.142708087424992
-11.469309035362947
-27.75436256505676
-26.761397851349543
-19.495415550643887
-19.580147727875087
-13.86570939184896
-20.341423461210795
-22.433912511485374
-21.367777825998026
-23.60494524660722
-19.801453029994118
-33.17465709326052
-18.086777073781228
-24.861354045519388
-23.85796896861647
-22.178766825300972
-21.42445604612546
-10.570921200224852
-22.82108892115484
-31.352024004308824
-32.14011572600852
-33.544562597963804
-31.654770397970672
-19.359761812798446
-18.17900419455505
-20.038694365596033
-25.56661851139725
-19.786421259881486
-21.277963232727497
-18.466685093536423
-16.220170608973884
-13.887259082656726
-9.783264027505115
-29.823608212880895
-24.71309647969035
-18.360307422064608
-15.511427095681011
-24.972851922015018
-20.68411217881161
-16.3862783889115
-28.682674688841047
-35.98022016479113
-21.776971037892906
-16.297632661166077
-19.893457138062438
-7.907022214451761
-29.173190032227332
-17.85493659845042
-22.300849003422815
-20.092145723643647
-17.72968046378265
-30.531715326282523
-16.838114839628815
-30.089446129042443
-10.320927416982578
-21.63346686828458
-10.141381707404648
-16.685340192016454
-4.929084890000702
-19.52578971089632
-18.196831002647286
-34.6322146831837
-19.407110145247742
-16.572146046071566
-28.739462712091534
-42.72716076484345
-23.02007728636442
-14.73001460008702
-29.614958219105148
-16.139717947891924
-20.88831334919111
-23.857595528831787
-22.349401971094977
-27.72377444611145
-22.024963809606447
-29.554326348973678
-26.250854210168555
-23.401969923156983
-15.404522555401734
-26.181799833248974
-14.109874873944271
-7.734798901658436
-21.73857883154819
-19.957790498458216
-21.176939161497096
-28.908806613963193
-21.769366097348666
-32.086956040829364
-26.07071895097885
-29.359310551878373
-30.519859716669124
-35.26031538839414
-28.138309302771354
-35.88988297238949
-35.569135456038005
-20.005144678128516
-22.877350795788843
-27.07656878308653
-26.872844945741484
-30.186714070280864
-30.191843193212442
-17.506941507126264
-21.59205249934115
-32.033518326899475
-13.699339840445816
-14.478864235904702
-21.613125434040995
-32.68503310924853
-21.697201342078582
-21.064485005956257
-20.830650905835768
-31.162629232159723
-33.277853245428034
-25.14983596203099
-26.438068327022403
-20.696066103936527
-29.286006236998468
-27.276872079399716
-35.66624070453002
-22.847440631942458
-34.90347930014496
-29.095488310559094
-15.90933771506053
-33.360824333694
-16.011256781888278
-28.547138942725972
-15.55029227126569
-11.259690936792559
-29.280611440857104
-21.36194953910156
-16.13053470472355
-22.30371115909999
-21.708765741590533
-19.623662200850262
-36.302916464399985
-35.92385829636372
-25.385514526335232
-19.705175285352944
-16.62632167653131
-24.171793392968805
-18.00661298729305
-27.40647752759613
-20.126289848233622
-24.27253023674825
-30.64555822152672
-31.393188907482738
-41.65142837224722
-35.69618918926079
-30.878109969231712
-20.428300520028372
-21.149088043335933
-23.05926899335367
-27.915911584529468
-26.987652550410054
-14.003427915487897
-20.800832548579905
-19.58263447533418
-21.059044186724442
-19.03186765021892
-28.88351432951105
-29.48036409705636
-30.86105339945209
-17.672987589906366
-22.171918779031376
-32.09532429286921
-24.420727376395615
-23.405598249175746
-22.866484854353303
-22.456700957958
-21.180289828683158
-26.550581856135345
-24.705947119764296
-19.475712994511746
-38.22883099821842
-31.54759106468785
-23.754343244678545
-20.535810654024992
-31.314037500526048
-18.17898118827832
-24.384849030305137
-20.91165213559391
-31.879966706590615
-25.605268456750203
-17.710019158887544
-30.18782545955256
-21.397996367182472
-28.2403182321491
-18.811316511037205
-12.967611792233015
-27.107100547475085
-25.805494099569742
-27.232969818460425
-31.83298046591802
-36.21803170813866
-31.360932889316913
-21.436197934648668
-22.79544080895556
-19.118449745511434
-11.505432971156509
-30.427615738974403
-22.325976854089944
-32.737425324005955
-11.056445436394966
-20.98066351415293
-8.964118493148618
-19.351347945486943
-18.139199745843527
-35.38253793452928
-27.86411593321362
-23.12055429112778
-20.578056747748015
-24.637356577692984
-22.826692481455467
-28.945214503152336
-39.5809701342663
-27.423485955670877
-38.26307984850863
-25.835104785788715
-43.26174763430835
-12.564794346135706
-22.63767780328098
-26.9428107136508
-25.40284887671492
-19.23320501023487
-29.357413737611004
-33.2423710807252
-20.498918179728953
-28.368361689352266
-24.371582801070275
-24.837351035656496
-25.961353346665387
-32.81409729361397
-29.794485889686015
-14.988497106153687
-23.53722085661738
-10.88050309847047
-18.765388300932244
-17.475884937831587
-27.938700409628233
-18.75106376366945
-18.231642634015497
-20.89691032944701
-16.53633703760919
-17.057769162237246
-16.689347482711433
-32.94486167935779
-28.57854604463526
-19.302146920653847
-20.74963845304149
-28.79796705122555
-20.339246533363657
-19.575976243624865
-21.111077150559368
-25.80701075606042
-22.444714840409915
-23.66626255033782
-6.992653027810036
-16.006086505905966
-27.250576424477657
-27.25383435112292
-30.476553229411834
-23.620698366302392
-27.905097975035588
-22.368573941001266
-20.57986088500205
-32.97049303827167
-29.048949655689256
-26.01617409593829
-28.81230797213631
-30.179941101831545
-22.99396883080323
-32.55593447318881
-31.63541253620489
-20.507898283634084
-18.917317927299834
-21.31240343800425
-21.318156369192934
-19.107315070907685
-22.064820154348723
-28.74671472945183
-17.70745158519955
-24.44786054326987
-19.981403340276614
-17.404629378157523
-24.31245422871583
-23.435809785096886
-26.095864832726107
-18.23277956826591
-33.524914177911334
-20.867862410305577
-23.320680843156495
-31.659516037035253
-31.292158083412154
-23.317573032575837
-26.882032490715964
-14.607650502851499
-12.897399522460205
-11.30053481293347
-24.92203159444818
-18.243208606043527
-21.62072746339124
-24.055766306210437
-32.75388059518301
-31.249580356211375
-28.672864688303157
-28.056660494043612
-14.855651399537166
-23.097379670933165
-26.428211446997743
-32.709063248720675
-20.478319053984166
-27.560598588418408
-17.801475433697824
-25.398592525517365
-28.036700312969383
-36.17702754400368
-30.287488324357035
-32.27200800962002
-20.48861797580446
-21.219467931258034
-24.127281349780475
-18.864132868871483
-15.55670675770131
-18.136117999484476
-31.615607190425585
-25.55771423445854
-19.59368352850148
-22.226484655046228
-18.851181944644416
-21.299240208868877
-19.95405230922261
-18.51551997673171
-12.609586101056397
-33.235549878812094
-28.73374104587965
-21.78030926294879
-24.34184399989177
-28.132796205425233
-26.80987887628761
-26.345974079105716
-25.591883279477518
-23.154714223083275
-19.185083748494222
-16.80830616631264
-26.34028609463312
-22.087900754022574
-24.23492466028722
-24.180546627604897
-32.06756890049844
-32.682036535357476
-20.58002552827662
-22.314089143417128
-20.81528103022989
-18.39823774289369
-27.618123619245107
-20.278325539348927
-25.2818930435604
-31.031415794765884
-26.199504709049204
-28.22359342124307
-33.08237618107391
-16.544654077833037
-21.501309562699497
-17.88197898280513
-19.303617064527067
-24.68892116243967
-21.99787228366761
-27.40999049053743
-18.11548753269114
-16.016328678956484
-24.902880439972748
-19.17091556046168
-24.94501862141495
-31.899227178227758
-28.021760770771657
-20.763862497624896
-31.87831914139577
-24.421348344474612
-21.747488861247525
-19.171319011742483
-20.256651267269294
-18.95600515509052
-19.98820743117593
-22.56808866106463
-15.614051792346864
-14.81324931795102
-33.48753233471109
-13.064358649451435
-30.6727039399628
-39.632117840103064
-19.099731913406643
-28.71099104137447
-22.370526382410507
-29.514206961732203
-24.048633228902673
-21.831696134567764
-24.387389019254808
-30.519642443033433
-16.267364630233818
-27.177068798469787
-20.856640185480373
-18.784529568144976
-21.688321694374434
-26.835827225174064
-29.074450279690538
-14.881148170015017
-29.188625683318698
-31.771617788592394
-29.83119037706646
-16.58791396338281
-19.0308099606849
-26.64146374280879
-27.416268299715274
-20.903721112383078
-26.3328551036455
-13.721191636526399
-31.664550941384153
-24.6162328500345
-18.717742620245385
-22.013588497177516
-19.08203044953136
-24.891394855571864
-15.595030290302553
-24.996669104400347
-20.668692656811736
-33.467369269561004
-23.231364119451534
-17.20848121159552
-30.851426510855323
-11.746648236597608
-23.251962575359588
-22.974325239084425
-28.61701831581022
-25.80881422285595
-26.435507612567974
-28.224327113938667
-20.81309204968381
-16.364973276934165
-24.260700608635883
-30.963323518468286
-23.38641498200296
-33.677263669217226
-23.388414538167048
-28.471133651012888
-29.444686573356545
-33.299621420025424
-27.061847541698253
-16.734142335937356
-33.805966709109015
-19.292880405185443
-33.174750146578646
-28.75742741162287
-35.22205812204904
-36.58245924768398
-20.200536494836626
-24.52955399525665
-19.094715663122408
-13.925816653954605
-25.172723484757903
-10.34093957643882
-18.022146663712206
-27.316533233362314
-21.912998407426443
-35.28942646404625
-30.516039943440376
-27.237754218024513
-30.527987245343652
-29.268652749330307
-31.340714531765983
-27.449092380290736
-25.18694635439971
-33.50811012322342
-10.646404283307625
-22.19704571211871
-22.856687097628544
-18.49199705875494
-8.109096738022998
-36.4525628733318
-39.39470914315801
-30.600197810203962
-31.445925532069783
-21.863522333269486
-32.01446997924714
-28.912386757915105
-19.276679679430934
-30.37650003455116
-15.15944571481404
-29.68078439525008
-23.63365446746752
-24.773544308835177
-24.4216075728199
-24.75626816118552
-27.21608012500774
-22.226254601514075
-26.323838758560804
-22.850085637250462
-23.084953665321905
-1.39274318212248
-20.239307039487024
-13.010748328676858
-20.434649914292265
-21.76449102629595
-8.567047796598143
-21.399416471786314
-18.519526855670097
-18.37880454349783
-25.67891318735068
-22.83091739303699
-33.31676005183181
-24.34055252857678
-23.399429909243544
-26.737991553935437
-27.896668987520407
-26.556619778857502
-14.464506709980189
-17.05614788276405
-16.602601623577826
-14.879515456008203
-23.724436758119186
-32.95159258689171
-12.077690846539554
-22.69623960073403
-15.669972988124414
-18.753847910878733
-10.356336624170137
-10.816179090169832
-16.3627267702837
-24.92860201780394
-24.428039862249804
-22.501932060924254
-25.659811135526446
-15.094814744371739
-26.725276192136164
-33.68299924576949
-28.72027747792044
-35.40132864085646
-26.869927541935922
-17.4347389982235
-27.519713259594738
-27.515952017460705
-24.86644064390064
-27.154699949239383
-24.988425367478044
-18.086570548799422
-12.896851430435895
-23.963821222993186
-18.918355231962003
-15.615926929972872
-23.8477367341806
-25.121267902377404
-14.469393575696458
-12.48266388920623
-20.483512361868065
-21.978600187638484
-15.366903265085156
-28.86231051794357
-25.185044268065823
-24.89741914563811
-23.343214491872814
-20.82872639106106
-23.345245599539695
-20.555830505914088
-28.371223461649173
-21.66067864299015
-22.652237452057427
-22.670741957085184
-20.832083885107018
-16.19502423612351
-22.630846039747993
-17.24502485702144
-18.43865301570523
-26.344748035250625
-15.55557107407499
-20.755540320337936
-10.154866324030749
-27.887166503126053
-10.635582142950987
-11.255247014226093
-11.634830329446025
-18.463817718037227
-16.95212747192992
-18.065309442341363
-22.969457980586697
-19.23151488092624
-25.689627694065344
-20.62175409436002
-20.94280181297454
-39.42324494128766
-22.30283034249051
-6.667629150944986
-29.6811993245322
-22.6756383573929
-32.297108638802584
-23.324336388233426
-22.925537030640697
-22.819855451654856
-14.281904292314799
-13.025792164237565
-18.89329886906087
-24.509135246106254
-24.679178138383
-26.507001895555767
-19.24203467878952
-27.186188926902588
-22.617010110349526
-18.694050794256256
-17.73027038736683
-20.062651257539336
-17.174142658913848
-24.422534791130747
-29.06464898813939
-28.570665677415832
-17.03249970919815
-23.7618506447936
-28.19076140271811
-32.142535490616886
-28.611744728148672
-26.61586592135037
-33.95314369980464
-21.12765246562661
-25.413819760386396
-36.278439909447656
-37.055572936273755
-39.8604027757656
-40.202814651596576
-24.76312736956148
-21.664887958381946
-21.925725223112014
-18.953682308611636
-22.899239769557717
-10.392249947601272
-28.71677030671905
-17.424835189243346
-34.197228704217345
-28.315830258954175
-34.85313880769969
-28.456461040899892
-27.133323535554734
-29.408865914704055
-23.550885500593793
-27.66221281204026
-16.011646817739322
-28.207407544191938
-20.831314872593644
-30.884168976730706
-26.063333711148683
-27.71265978906966
-36.73421869574922
-13.732067088531801
-33.08975030361794
-29.98457336929858
-19.223023938705275
-23.90276957492985
-13.220890684248069
-22.57859115543746
-18.475631261123226
-22.898700157569934
-17.86470587745343
-19.497725037499634
-20.76356678936917
-22.357225155044375
-23.198550515516047
-28.735250886642852
-19.069482216636384
-18.978148505090438
-28.541299089931627
-21.540762324872492
-19.222020902588106
-25.157966371063853
-30.323233613648746
-19.875756586095704
-20.582119451498073
-22.59486346488381
-27.996756052752023
-24.202282381358927
-14.244739830791936
-24.11166389465814
-17.19263925149035
-20.922236537850203
-22.587425533054223
-28.381455799824437
-27.213325500087322
-20.83609833392481
-22.702736564669074
-20.773308071744875
-25.891426170214977
-30.204397998308693
-21.56092542132712
-16.558086848537663
-28.8425952467491
-22.391544962338244
-39.65928253280619
-35.84336667871142
-24.78008685832326
-39.697290745534346
-22.364522321976608
-20.01581644891899
-20.484878529355854
-16.088646050572784
-17.192234077430896
-25.402457106681567
-30.621001938099738
-32.18591245223801
-23.077558238883938
-15.82851369124181
-15.481887093961738
-25.85750868512683
-5.800279106772237
-20.545797845304186
-19.4476695906693
-27.462629143238857
-20.903596727454563
-20.365298014072124
-23.25155672412652
-25.119752996953657
-26.337302751070446
-19.144012820131643
-26.241701871569816
-16.099221883478364
-21.711502623015996
-19.076990683821695
-21.042643355150098
-20.996995934691377
-17.385723744754184
-24.43820258752227
-22.90907888206349
-30.977378317316287
-33.64647522394085
-24.413102619684544
-25.034872401318616
-28.478711797018313
-26.63479044024386
-28.36299245727831
-19.935941585682833
-25.265382002850842
-25.917801023990727
-21.036800187886833
-20.278088711050554
-19.86359340273443
-24.644816818479107
-27.66884253870502
-43.41185689608737
-27.922799978960832
-18.756930256973785
-24.612722321910745
-19.949496042415653
-14.481149198295427
-11.522966069599129
-20.71676836646069
-24.804879681834826
-28.73382223406874
-23.71713417963243
-24.77879299288398
-22.147945129746255
-27.029939903595462
-19.91183882527109
-30.69626560936505
-25.758311138567908
-24.062990751918676
-24.63366509057767
-33.975965699119904
-31.494441342177645
-33.715176260813436
-25.783953113174874
-21.822428776694053
-24.125903227978682
-24.650871194997297
-17.31918081307127
-37.976722796367035
-31.94865027620093
-31.042063755958054
-31.303944241275964
-30.0669348645012
-31.324831332376725
-19.675531461980036
-18.1502215329907
-27.79185150860881
-17.921193321084708
-24.38997304594337
-23.746074123315438
-23.637269187745304
-33.67013700152652
-31.351925797795772
-27.81225333874935
-24.00761255780538
-27.454486180145217
-19.0297358276851
-26.519019547978857
-29.888819088771925
-31.119635682597654
-22.440564579480927
-26.482960835291443
-25.95355873678639
-32.13156306790783
-16.822027344940395
-28.729661215251205
-20.694218522958472
-24.121932297608353
-13.416742515434379
-27.224761699344548
-39.67811709009676
-32.528182835509696
-36.38845656593407
-27.828108996776017
-27.561217940708623
-17.779265610557346
-16.747236704104857
-30.158233926599337
-25.632191269257625
-21.654519986188994
-16.144047930695834
-32.071272515166115
-37.14186660700265
-17.510113570102114
-18.273916514475772
-22.13663719308051
-26.18110889686234
-22.204608842482955
-22.060769488680492
-21.21001123187515
-21.33794727478389
-11.016412529406914
-21.66814334754976
-30.762254969291988
-21.793944023181577
-22.158062449858154
-22.893190636956547
-28.992880609639634
-21.945385010262683
-15.27177936841651
-19.46511976651867
-14.388547700355652
-13.266890904708461
-15.761803933778431
-27.11481264124795
-10.211367420661347
-20.581651285164966
-23.226920930514883
-26.61405112775412
-31.024845441139334
-24.83158469803989
-30.782700439519296
-22.893005652865725
-14.240488979553788
-10.264330570955856
-14.19510617387905
-16.037226952336496
-25.99779978114153
-12.858566386345345
-19.421691449996743
-34.12024348052098
-39.1675260859041
-21.666771523385528
-14.842131427412937
-32.166307981093446
-10.587854521770709
-22.250240972757894
-20.12136890829391
-29.282970575061952
-21.915928672512354
-12.334979087177288
-17.18275285272379
-35.12949891088482
-31.66908830140321
-27.608876560486998
-27.79166793622878
-23.791678904588892
-34.46335344893848
-22.80341813749782
-27.189271582717254
-18.909568356348245
-30.609936794749867
-20.205983367247565
-21.69731296324416
-25.394386512198224
-25.295632984076356
-11.674555977045593
-31.105184893424372
-19.283328996570447
-26.36493150093237
-25.03013343577169
-20.663154495437205
-17.082420121960766
-21.56650224340555
-22.42097080640132
-26.982874919720764
-16.06328760667253
-19.890861397098547
-18.3800266091242
-23.25024315363924
-30.23795383070766
-25.940370094158475
-33.81206490587453
-24.776800046151436
-14.249740408615246
-24.285901265148695
-14.420519720814234
-25.443953685206694
-25.10115724381695
-23.13974791777987
-22.94057492649057
-32.87213865051364
-23.565126266077236
-24.876889994367858
-24.13877104063787
-22.97169936582047
-23.228076325147043
-27.26914485448969
-16.008316142360385
-22.744170390414972
-28.968898086962128
-17.477471158874252
-36.1850373982431
-10.617013220842066
-21.86631562573674
-24.28936355509417
-21.16521527336492
-26.432028056404235
-24.649921123972923
-28.777807428249794
-34.056378753089376
-14.052803219990029
-35.67696493110134
-14.997905224374001
-15.230798733639638
-32.434177302195266
-28.561473956428102
-27.212180856394475
-26.181056794660464
-19.462263874289143
-19.364690416521427
-14.289527345005894
-31.49292804897739
-38.04400530399643
-24.674657112144423
-27.13147590869486
-22.824850700187625
-30.20731063995399
-12.339720524828294
-31.974314340778328
-10.394787247181945
-16.50178137579495
-18.778283926404676
-17.25434759573822
-23.530833334153357
-22.268238903587168
-22.231319296355878
-11.940268146723483
-23.369410056690043
-20.82446838443664
-13.242186187210596
-27.499028737191466
-33.710144550705856
-15.103004978374493
-16.947746428897176
-20.766939543242067
-41.96830395408804
-30.593192787204597
-43.72237864440906
-32.56940803236511
-14.875371523923096
-27.969682963960487
-25.933091773371622
-29.037132815087705
-23.33772599926688
-14.700204394151832
-21.805303032238896
-12.04413243934868
-13.799918159188074
-26.996244542903064
-22.649776574881983
-29.67251630536677
-27.106526097788333
-26.86591430380833
-35.47756252511995
-28.6305879758019
-19.18057619092457
-21.291197171534243
-31.409249445971632
-24.64437749032523
-18.747296721732774
-18.523866539181295
-16.900234350475664
-36.099823192282415
-23.920654819241648
-20.935312076080283
-24.31198433323759
-17.339258973965524
-14.629878181254956
-22.11464380273499
-14.706884885621513
-25.139418391870777
-19.62217809870453
-26.695682994944796
-22.502856351500032
-12.403752254927483
-14.990768241150853
-16.400320755457955
-20.955435265386257
-17.528439681082915
-23.51583662693887
-23.797971316532347
-22.20853589790992
-29.6534724073777
-20.037793367617397
-27.681932593979177
-29.326964532542533
-24.684972087259347
-24.258243044550156
-32.78494214056523
-16.286974287477435
-14.917181137831719
-16.446036760766624
-19.47943669121417
-20.373124566188835
-45.46748601484486
-27.283482227370843
-26.735419394322157
-25.796533889527698
-20.257317024504744
-22.972323125698175
-25.789293616795067
-24.180367111144413
-16.86298314973579
-21.543702792901435
-21.04250727065207
-26.859052145137085
-16.670464686188282
-28.858653759912343
-18.96606629813566
-18.998541320828974
-17.96931670223855
-20.03206449859145
-9.43055079631349
-15.807713053328285
-27.607810815497167
-20.317493677111564
-23.348355830390332
-21.70390754833601
-22.390270941534617
-12.134244371056191
-24.64126542673751
-30.99977864609737
-26.8775776058774
-32.95055109694125
-33.06553105616244
-33.8923014054326
-28.301592696877176
-27.702476492922756
-17.99880899416167
-24.615457776558245
-25.37887513949075
-19.337614536379103
-20.062213586491154
-22.260131533709867
-13.72326809553126
-20.061317227609237
-17.57119805700912
-13.29576576761616
-10.665201531269823
-21.107226486790715
-20.43358907683953
-24.349445091279925
-26.48402685827012
-20.52093891817575
-29.09110869918452
-7.841160244351439
-15.987404378636583
-16.93099721217811
-23.654042569389848
-18.31825786420445
-18.011131700071825
-20.883177938368952
-20.42619140960093
-20.424598950356675
-23.737927965993094
-24.041939452345197
-21.98149698669033
-24.390873712758385
-38.01576107670402
-36.28010489807493
-19.151316116143065
-26.34291721787774
-16.362238094965782
-16.323520137811105
-27.594418413930285
-27.3009606121903
-12.253402850957748
-19.915850136252065
-20.893585028702212
-29.44997524945449
-17.757309074848305
-22.58523231685625
-26.895583322779526
-19.16112300524292
-5.044560191374977
-22.32337664646006
-24.722383244196337
-19.629092394721933
-26.882099096772116
-13.36023605110989
-28.810495067243902
-32.30265275527818
-27.555146555922185
-26.32671925906219
-19.377247001046456
-35.2894530423874
-22.31187185447253
-25.597866657630906
-20.484033645191495
-27.2445442034209
-22.54737546836646
-27.681802999176476
-15.087792457370064
-26.382751942295897
-13.08515078850192
-25.447399578606856
-16.45599442422221
-30.807481766783468
-21.561918402094392
-11.015987410150045
-21.373864793735613
-21.28972411420454
-29.030589089843048
-15.328052880386508
-19.773171033226248
-26.746899642584125
-27.109889330157632
-28.848223646761372
-16.785510633809977
-15.809361574967639
-16.669995729535433
-35.36952004939662
-17.432771088415734
-19.41997264541054
-17.956485258114824
-23.948070055759594
-15.421528816542065
-17.22526600325738
-14.31744056304909
-21.620679783457277
-30.088374340730425
-24.888805066294847
-34.46827814755204
-26.985215238766244
-28.90933779615598
-21.51584307144476
-31.35534380600969
-30.733968423245052
-20.572614824838816
-33.797283488790434
-20.244148697515804
-33.205051354342146
-35.6158135986888
-28.054394001239697
-12.88883978666481
-19.69263054412142
-35.508687192850175
-29.60459725052145
-16.659174837873785
-20.005081359638538
-18.817967257688395
-20.080526272210193
-28.437426315379234
-38.887508571779854
-15.677368554827034
-38.42331649667159
-27.68618756323914
-29.073316617594468
-16.12058091506396
-29.70467319320604
-15.804649400170078
-18.752991632676462
-25.3189042360679
-32.212682071322455
-13.991582059725282
-33.064831147524366
-18.32162723042933
-27.017903434130226
-31.38917118241308
-30.66399708952114
-29.780590671081498
-22.491711293746455
-27.859826651661145
-14.765917348847509
-22.16731923916889
-35.98518189841802
-32.61103488777281
-31.495235763000498
-22.318535835285026
-18.842210474312864
-23.612000503974535
-28.392594777325343
-18.426348818768133
-30.887207440690453
-28.473785896790115
-19.2466140333431
-12.147214344028725
-15.5592145919291
-20.268662498087707
-21.338318970675388
-16.94039195146614
-14.812606852856838
-24.348686912265844
-20.300287797665916
-23.234560457482438
-32.19660752646709
-20.705635480997117
-19.29211014123836
-31.315612266736544
-33.070845659812846
-26.727334676565214
-10.36395762787918
-27.119483391143905
-24.4916657240584
-10.606716257652728
-30.434307507164277
-16.4248463762239
-18.060042820641
-23.970804940546973
-24.710819756888768
-28.93337298287399
-26.132967120264297
-24.125210753114715
-20.76019050025289
-19.55958281188657
-15.145045678566682
-33.6525675435432
-31.234003370958256
-15.14306784055104
-25.90472792211083
-23.791360834121683
