1.8576849975469814
1.0920703701736816
-1.763984870080829
8.263174901883247
-0.19060488859163277
3.4679958709392107
6.274380679988593
0.5032988535304103
-0.13887361603294585
3.5677682556702486
1.0744552653675092
3.088347678776318
0.8591405510573964
-1.5298377796582499
-0.1762269015447376
5.156628022177344
5.653806822508358
-1.3665209655585717
6.217844091430496
0.005019671684046156
0.30866007897094305
-0.5371206213591231
1.3037703520011625
1.1428529977158854
6.443378253332916
3.978784949082766
1.155134864481854
8.742516245801538
5.954576743162636
4.789931769782467
-0.8053737331865163
3.685995295978459
3.3232335129789954
4.835980337312289
0.3371661847450501
-1.273395903409253
0.30105911438984223
0.5025223797181102
-1.3335536825803014
-0.0318143294488359
5.088422960822155
0.9084714030862446
-1.0069489593597767
-0.6786517490544081
1.8573616383812208
2.365207783781128
1.3569193446791097
0.47850644796797237
0.4934083552495797
-0.5732892587700935
-0.3038997627324316
2.0092101842680674
0.23270566855855535
0.9043586603870206
1.0998300357405872
4.202577652125223
-0.17582517925868102
0.3669765181812932
2.6102942756566003
4.4550597502453835
0.6011073033866396
1.5288118262239838
0.7512338181308481
0.7543157777200812
3.5008533555483554
0.6450217696374797
2.5690573019180145
0.6811687979659213
1.1923180758588545
4.682416624949177
3.31051930129114
4.20717397310359
0.3125633694830704
0.8018696600282629
7.995763961935241
1.1603379412325123
1.363746272756977
-0.7199161064905331
5.831730989124223
2.444111045940026
1.802297238946777
-0.26643795121873903
4.1950250788610814
0.4136763662136667
0.10119463278846426
2.496974180351848
1.2669064339173273
-0.1306346389088761
1.2563594146702395
2.8836262908066246
0.9584951921792666
1.4943176809634533
3.1476015939606454
2.2248433417374254
1.2871562238392873
1.6002761042478693
2.3767165472643286
-1.010920194571084
0.7896074461302613
3.3483598558815766
4.411755405219207
3.2193376451736206
-1.7295798989737807
-1.14692052952937
3.76926229621774
1.0062717796062086
2.8944250675937795
5.881402404916807
0.30434465732120874
1.9922695652894131
0.7579690267168615
0.6522077996390003
3.428139654900103
1.2545571132313527
6.111263326779819
6.747303463861388
2.0607058324721517
2.593150958969054
2.592033405045315
3.6283503858475235
2.7794608909594234
2.206229296811243
1.5875002294292386
6.204128937915441
2.2634300760956054
5.3693328421426365
0.3462973687462964
5.059029403730908
0.9895674778705168
6.624023163374917
-0.004028029743932245
4.250667552363367
0.5398062050983572
2.378226622362918
3.260014685782449
-0.6188656524222935
-0.48513039805129254
5.240381743817258
-1.487796973428508
4.604376264956269
0.2873938941691407
2.6247884353932673
3.8507488969060404
3.142365611577694
7.2355479562237255
5.37552909267087
0.3743474399208076
-0.19335423679241667
2.598218364247749
-1.3063329451157832
4.233253283828412
4.832391272471046
3.852411323874366
6.670126382240918
-1.776083306721532
7.152983133306182
3.802916181982327
1.5892199140591243
4.13220752305077
8.996238111694984
2.33617200586759
0.6861091334520392
3.8358954828690286
3.9349433025343368
1.5883351354183697
0.6968098468983259
7.22200362584651
4.912630097090663
4.552421392807813
6.43561969778487
3.4068085188905606
2.7024840579696345
4.204064172238643
2.081733949149735
6.226116948249096
1.1582794395068272
0.8296197052279983
2.1139721558141122
4.0456714047322055
2.516505819637298
2.483335490582774
2.0594066291196937
-1.3360312331400332
2.2129885625834667
1.2318136661100814
1.5384185556251018
-0.24163736860232748
5.622128226870638
2.539282201460857
6.053747958050725
3.214727057958383
6.2953858435075665
0.6702720883671092
-0.6703947434554873
-0.1617272944407535
6.762062590264323
-0.16498707655525524
2.8405588592273547
4.02376900612039
1.9283489642311853
4.4333290630280136
4.935308790532759
5.425532883500577
7.48134396020702
-0.9196062689345975
1.255822450010835
2.016078160207593
4.526475592811994
3.5661010957642705
4.596450181062297
-0.11311267449902784
3.1252726514171583
7.242356963766436
0.2621882811349686
3.438197101112109
8.533279162564538
2.507766323509226
2.2288347279589984
4.905314258748531
1.7070108667435782
6.330434980978428
0.6579312974996124
3.857454015360607
2.975258668543093
0.5184182774945226
0.2120305497726473
-1.5449942188354617
-1.832938902483077
1.5453680777835879
2.0609618464254438
4.177606980355856
2.1541387205644806
1.9777582115954035
5.24883201483979
2.770353213846057
1.9732216854687108
1.270683438707014
-0.583403679750529
3.31737287089726
0.5504396231691715
2.38827192983584
4.020369923796248
7.427093339061154
1.9863793375543324
2.7646514634938493
1.674257698270657
6.725235335965018
1.8832852635895196
0.7681137858922542
3.008994981475705
2.2663620693627964
4.377085245018596
1.0522917883634522
3.427843409482632
3.1678704438687584
7.369446107294954
0.08437730324705162
1.546487787412864
1.4697150207419691
6.557857447489337
3.8069780821383006
5.558006229322872
-0.5990402788874739
1.3324685203537545
2.1956264672064023
5.079092140999072
-0.4758452548999146
2.9837124177773293
1.1915426239273685
0.8955486687675291
0.8924970357754014
1.5520385094337557
6.348898651826532
-2.0977147380040226
4.472834291149913
0.4119321602615643
-1.5235559109700685
6.945895006785806
-0.7425447515410211
0.023989765421698228
0.4252027930587654
4.147868456784939
2.343449618288597
1.7279151438987927
4.464076296615091
0.68644738218761
0.11159540826433428
6.137394047933545
-0.021731578634064497
1.844375257063179
-1.0600856533576406
4.258732376495602
0.01115412368184876
0.34558479236441647
0.6079238525717907
4.736230834829615
4.318955860637386
-0.6746617484467967
2.7261221618558285
4.6231107531360855
1.6782927415099382
3.525270155889674
-0.5578333674548706
1.074977131533871
5.0904240435979355
7.375604537187308
7.547440201548006
1.9687015922942694
3.6962539052338843
4.531380547335877
6.099296652314501
2.143740185631518
8.800763421783099
2.616809012020006
1.8841827062079821
2.2128039005750595
2.751379697368831
2.892450727049834
3.3084819579943754
0.06529403890095473
-0.4276305379072365
-0.07787436820387361
-0.19254204843249695
-0.751786368335815
3.7392615649675776
1.486889270628917
0.7172602051154754
1.773040693320424
2.1462757858371098
1.4459423699485938
0.20347600384630893
5.035888844460104
5.784164272052648
-0.6772239052172895
-1.437291606642087
1.2334847607515562
1.6794313937706278
5.065565353458753
-0.1861640155700097
2.1072333188163004
5.697086358535418
-0.406421740277198
3.6205677893650856
4.071620282670793
0.6518622401330669
-1.583384249133307
0.46923349589385466
7.806931714334022
3.6378694764797856
2.037266030656391
4.330412901776613
5.696259059198001
6.152753274141589
1.6666887255442067
4.43027715529727
2.437563025794
0.033948900201408394
4.171672741451409
5.001410299803204
0.9415605395291612
3.6969778471914188
0.26286705431911184
3.708607746454744
3.9144594537433344
-0.3690867086530935
-1.1198081636228423
6.486668534473488
5.966852577098014
8.171402284073293
-1.667908543140424
7.351862870567814
0.7262491781153804
2.918689368823346
5.763003557290167
3.6680173332314974
2.992196679189181
-0.9733467198257031
-2.674647388596793
1.9432158882485726
6.518351078895197
7.8604446887218895
-0.7073276069625998
3.0008242907990432
2.3589895321040215
2.0506264354366786
7.168656223178057
2.7890356360514774
4.99687804804737
-0.6879156486688565
5.182938113724556
2.1618332630189987
3.5983071227743375
3.9707083166825448
0.02121918232793374
3.7339421452400776
1.2242789211721181
-0.47276260448865565
2.774003068292861
4.260456985825679
-1.481165246324897
3.14661276547781
1.032638134679284
3.0943292933919277
0.49460338822738653
6.02600884299337
6.857592498027437
-0.484690115799284
1.7195458118240046
1.789198091695714
-1.1293967672229468
-0.9104384242169742
1.4667492617044087
1.1420813951989017
2.23460283873052
-0.8214357190798072
2.9897142764385713
2.4869028723049027
3.7760626324476667
1.8096250842494883
6.2356168381910235
3.2916238040073127
0.39834442222577
6.500713276001953
3.6930404286571847
2.842154808459356
2.595987407009753
2.1115519969124636
4.363020007682968
5.766426686860925
4.077859980511102
-0.8659452080512453
0.9718962348730863
5.916647623576806
1.5375214390458516
-1.5101650887407185
3.064719322849657
-1.510917438501613
3.8209573251574
-1.9492272183578845
0.7525482411863281
2.723326667444951
4.980039090750095
1.8664349573291799
1.1197103792152312
0.5118664310369412
1.3498679013447135
-0.5891779554516621
-1.964324810341924
1.9694567672522607
0.23606010201180966
4.3491985633380885
3.09554132116896
0.10437499007668438
1.2349755187298814
-1.4514885321846085
-0.24985830619736113
4.973724444407206
2.218429051223557
1.0513185398925613
1.5300841792005366
-0.17179070560721363
2.5514099127041674
2.2440152784692042
-0.02156059607001981
2.4086634382931496
5.031108764095673
-2.034819984558123
-0.13920654036157054
5.399105700750971
0.09659744157548633
-1.2751999082993017
-2.3292401288729847
-0.30974659842680263
0.43124315736106467
7.067565705154554
1.5275153083292694
1.477333084006545
-0.904005657251143
1.868710320440567
-0.45108997638196235
3.9426207486538196
2.3923493139767302
-0.022502785993546853
5.129542839643162
0.8585737202260256
1.8557586668691346
1.5789631877169
3.8246344469704994
3.9549462251740515
2.35908220423765
3.1688878509093215
2.6563064231819786
1.1929402063636507
-1.4029387225896457
5.464034850564937
0.6714602999395051
2.606551858578842
4.620498703974751
-1.596595923386352
4.355770408328468
5.841203583299169
4.291087447745278
5.559894083684414
10.337186178080902
3.25627835306731
0.6578668041338441
1.781187274835771
-0.09031844031089653
0.19798964664759722
2.494214466573626
-0.4012870248466152
0.5688773475692344
1.5353862203253539
6.093973013722964
-2.3473861026336476
3.6445770287325994
-0.671307442172838
1.9393968741349785
6.618091069434111
0.7781196233018738
1.5822390081765731
5.614076034534052
-0.6794568509840422
8.004187817219862
5.060900058789738
1.3455205841016087
1.6930133165929953
7.77927034307103
-1.2177205204975838
0.8471534469916602
-0.8300825572457677
0.9278274200841045
0.9427092072219976
2.1720903320032514
1.914244723729249
0.33686876366715834
-2.0901657034538466
1.728889877238631
5.450103246003637
-0.005992947182839492
0.648855407626554
4.866691169940413
2.0488425021896512
2.3608778108239967
4.729852921920077
2.5585610572742654
1.8421517548668112
7.970070107648951
6.245175738014731
-1.6323005105211335
-0.29260420956815386
2.1371267963805876
7.8092308077434005
5.340739447347896
1.581973525389201
5.528257942644982
-1.3416429362782591
-2.1080285247294057
2.0388971488961265
1.0551468513964355
1.900165554515788
1.9674466090911038
1.7564650149993897
1.3034345159230294
0.7016066066839965
0.2557781707248709
2.5207881955662703
2.3173480839753755
-0.14291548506109308
7.716077259046195
0.8256089883974754
0.8271269611133891
4.231509039760174
1.8246997369268092
2.0101062966566587
2.797520778456235
3.6104023231808173
1.8991748332324345
-1.1640875423860098
0.18472934292789794
2.3703961194237473
1.8071964195674746
-0.23503231831185578
6.053933763336516
-1.0064295924265452
0.22292250189486212
0.7767008865273557
5.72649612760063
0.3906176728289131
-1.973064743942627
2.248924028279199
4.772204722450303
-0.5347205970524123
3.6201946851639257
3.3688783455711917
0.9457847387962889
2.682338587413985
1.135046162464894
2.409989068926655
2.336401849933409
0.6399608366275724
0.9947311667359049
2.6547824155925763
2.4107009757781412
0.49509561647035616
4.407567486122473
3.2583832713052536
1.1797201173424934
-1.9187366582167726
0.5407208434452857
3.345010735540515
2.5378123790099476
5.7045291011147246
1.6116690340931874
0.6491227994927848
0.3036218648801823
4.934110920748106
2.4048690752153457
0.32094068277418775
2.986983239601034
-1.0432841894561167
1.366503550066234
1.4979468151578468
2.6574150655417474
4.979124357141487
2.717127958520149
4.477740176975534
1.4576175534275202
1.2519751934080872
8.60144056754017
6.685331109664338
1.975258185919634
2.5314443846842245
-0.5537770628782723
1.168071711441858
9.70038381931285
3.6987123731636578
2.9695863808511898
1.4708641589646152
-1.578245378440998
1.0832171351549222
0.24971781367065815
2.993415547826728
2.382220164213859
1.629232378282149
-0.39396899352749826
0.11165649600312882
9.156905754115972
1.986161648434104
2.819074121037782
3.8871406744746975
8.34784805342912
0.6678019131896333
1.6942405458952243
2.629159102961434
0.003404355569738171
2.145781178399856
0.8412531693994323
1.1464913306545639
-1.5520347354959696
0.6614428248993143
8.75833345813226
-0.3024263446154965
3.2293568567856825
-1.383401819015488
3.156513629697641
1.1221382021297384
0.08597321224639215
-0.43345770101466397
1.7493775841328854
3.788845123823637
0.04814643193141688
0.3219172715085705
1.9262880920462317
0.34464661286493814
1.134142636096164
3.4822892633719613
1.2342941241372247
1.0673243439798936
4.0335860787116955
5.108975225359876
5.019801192389489
8.38168141528693
1.128623045779682
0.4425490968569621
1.6135374091984223
-0.9863775881153747
2.497406448343853
1.2655823518524123
1.9362955623844902
8.131035231172778
4.931497157076366
1.310045635890669
3.483205690418241
0.866528765494816
2.024919459532096
0.2542546566049382
0.5856043471695551
5.531285628699214
0.7368817582723022
5.818082496595121
2.8274332791518626
4.0100381159123675
-0.27371013592634585
3.571505179240094
0.46799971688304476
0.42136652933347385
0.6607152281083363
0.44084075533068784
4.716402884974306
1.2951228092955969
3.5180561276672595
5.677927252610907
1.74509278578852
1.0332224799779377
5.22988501546204
-0.6089802634595478
2.3956459277987743
0.47966654388182955
-0.020989933759896738
1.1656954592528028
1.5379629868116362
3.845366423468891
5.777471669898216
4.509198872361713
-0.8511749585604105
5.1942658207297185
-1.3017517080507823
3.2332972346673174
4.340349312600388
-1.7484074220133747
0.8210684094931442
6.380349579039498
5.1297833980342045
-1.8529486759540628
2.38844997778044
0.7648604766791233
2.2785593404955673
1.7467678700422733
1.280527710372447
2.158741799941741
10.289084010293346
1.5203632996682517
5.856587616387055
2.4217429010234497
3.4069181258091454
7.4792091555150435
-1.6919013755525745
0.025507386168758472
7.900716304982928
3.6437546872941646
2.4674747568489623
4.796017556251894
4.490299270372936
-0.7070652660780931
3.9660050588368447
1.0025636409383465
6.963497987857574
3.008388630271508
4.65951746911733
2.947099273550624
4.452075674532203
-0.6969678330115027
6.389609862069232
4.737899308554844
0.5234833408446607
-0.22078127608488746
4.882752144608457
3.968896201437145
4.408541832559672
0.895849047453297
0.8735259964990887
3.186563299158611
2.374210779410461
5.639874337286072
-0.9669572900351542
4.506686159306389
1.4369183933766694
-0.7338819502194369
4.981225445261272
6.081951573746437
1.9868963527431456
1.526968300247309
3.3802369591890025
1.4268981991684075
-0.6635683198414936
-0.5331851153324254
0.61841780869799
1.1468015348060931
3.75954232277974
1.847208343940177
-0.9518133384689497
0.3176225844487033
3.631804574719774
2.4550131016216383
2.652933439164078
7.160529882039757
3.200703649941639
5.177175933974164
-0.5215105278523495
2.258361796129085
1.9500196302306125
3.708400686033768
4.053273229996771
2.624382236824953
0.9690276564512279
1.7480906975888457
-2.235266960579561
-0.06872586973749928
3.389655176379619
0.27840918588584385
1.205483543211042
2.222541841843906
9.620578466291759
3.844842654240828
5.199972728410411
9.328502909071597
5.274162108290922
0.8637288553842991
0.48887500725354416
0.18224062714001787
0.09535373376189438
-0.9955516965289599
1.3275444078765153
-0.27244588297126626
2.497733488201698
1.7665913908507
-0.29884691521661033
1.5049079227255482
-0.4299763459048297
3.1330879030253675
4.252472771123917
0.2625617089314185
-0.6246039054762232
2.2630540315118055
4.106740416291471
0.7604121480921855
2.1353248294690346
4.861006064771387
2.361012573095048
2.2414749687381996
-0.2917915233080741
0.37226217463530303
5.066701084500622
0.89201374874712
-0.7066258475988915
-0.4396273146635048
3.8292560832238323
0.18441539086444558
0.07299395192613518
3.0977599219230934
0.052360386191526054
1.9289534353885385
-0.3182521788826714
4.150681543078895
4.146142010106621
3.2041535143349966
2.5818663397376858
8.939948963031872
2.8925828395759607
0.7325074251502661
0.10104568469996655
1.9561086388765458
9.856459319050098
3.4692299708765955
4.325458904989664
0.5323601645422034
4.352681270533358
0.6068096910784235
7.274490444953418
0.8899288069127373
6.445436671549096
-1.0516352602523744
3.7937058503347294
3.110297700812408
1.8476563763301872
2.285638567284336
4.12367377214021
0.633748632224263
3.8776998725154246
1.244692181126442
2.349733557491991
0.6256948320964786
0.028338326734558605
2.2216059658627656
3.1721203323752394
3.7426330281832705
2.177849045971379
2.138560877715618
1.3553057551413141
0.2644976571305979
0.949454699308458
1.109960688760018
1.2785303200463805
2.1710583898975733
0.5139005799638706
0.4953801197794776
0.6451062071513506
2.349307337853088
2.7937742745398313
2.1418807721612882
1.5202140715969719
3.1245481392259085
0.8082225185842745
1.1091710819205471
4.527729691681591
3.3751345363998837
3.1823465568426936
2.546739575778787
0.3864576347849382
-0.12134874451996733
1.8436571170784715
1.8747938796021943
0.13237004798905602
6.502540159390489
1.7136190353995906
3.384075080871306
1.0370218514817962
-0.26731916519724613
1.376254868891262
2.9100525730346716
0.24785497712899085
4.027447492724673
1.9145502350449561
-0.12544961647549346
2.6490990914955277
2.1136181628578488
1.3747872405736379
2.336965825593338
1.608117114255557
1.6628185342442654
-1.7963714304704268
9.660451878767413
3.7994379655003714
0.836666560750016
4.841521000617912
6.2375384579668856
0.12435442919794554
2.9076609436111878
4.442429519510736
0.101814885263243
5.262723589920152
3.3414226025263143
4.176180387420864
1.6556070315760065
-0.011099620703520496
0.7905874285688613
3.7468134182800883
0.7465845726002769
5.356726116296888
5.11380780592449
6.586840030100549
1.1286080347076073
1.7015668973326987
1.125579822948552
2.627883605422895
3.2631886014887166
2.959031783506023
7.91952147607656
8.00674517764883
-0.11001137246636095
-1.756720686940438
-0.029599407623866092
1.9581734072405927
2.9345182016451137
6.943195512448865
0.7091946347584623
3.486277466605898
4.473958530259479
2.5168022395991563
-0.5071121924097339
-1.7587246846429114
2.9771139881359576
-0.22637353299602292
0.14300376796419167
1.9467305407040998
3.8311235693225045
2.462223875687132
8.69051648772372
0.2218868435492303
2.3519030148613305
1.050431572914065
1.8319825308176187
1.7399813499364347
5.031680498576504
2.6956590412341113
-0.04501289609051767
3.421713297162257
-0.3651242365632923
0.9454946883699498
-1.2064067158556289
0.31127377148653457
-1.5897297926108969
4.822325530389504
-2.1181177491543317
-1.3374247490945672
-0.7261525200777137
2.120582675098362
1.7382120749447392
7.482470600303458
2.1120977624549266
1.6414938162441546
9.415112005871752
0.6706099725843606
2.8932233090237527
-0.941380320940506
0.5465322199530138
0.4183189663459209
1.7222644063842496
0.9604076921984823
3.0778277784019656
2.670313221623772
-0.23097222982329418
2.5541634560258464
6.309211277359507
2.148228878334959
-1.252304768381533
1.4982534720061793
1.6041108287145884
3.8824840415831123
3.839663821267819
0.31969869517719685
2.5071587047666135
1.0414834249159144
0.0253800663562487
2.47520690538594
1.907721205378728
7.001452630244425
2.992084366846818
5.091437693633771
0.8376891412230214
1.3771050605999018
4.786144174272995
2.4851302439923986
3.7918899134058957
-1.2370429115995565
-2.7289230694219837
2.812988487734743
-0.1547003266227652
1.7337099383315127
5.945384721361234
-0.16409943126031168
2.269399306179128
1.9000922779609573
1.714797095031813
-0.7724295467746967
4.247398383474987
-1.1952374153962806
5.53036888369641
-0.5161554025759233
6.990481327080351
2.8125962476074626
5.1197534851544395
2.120810487734764
1.63013146273177
4.1581103307262515
2.7274155591561806
0.245445650058691
2.6503406169575543
0.44957729049761586
2.937870684545979
5.619222649260981
1.1088303397896877
0.34072850498085894
2.508679627284328
2.0949184045537206
0.4679099743691277
2.245423273470922
1.067640395102524
0.2845946427394288
1.813222864305893
3.829396156244629
0.8826979090860468
0.1805257499066284
0.5768055094126796
1.7214836032703231
3.4802255177279386
0.05969573511972437
3.004590766410434
-1.2774937898690308
1.4567753371797043
7.586488632913566
4.8306180232985545
0.8361397882496595
9.844194077052904
3.521885126189139
4.765783586739809
1.2247532895126998
8.397560872764286
0.6503008401588184
3.4756626866584623
6.096728522477659
-1.0123599149224378
1.2021845685501822
5.102586978053014
1.1349287635268157
2.0334262063343265
5.1998624032399725
0.9626499301787451
2.9267885943896195
0.8977353390902261
1.6971362224962234
4.139440600385546
1.8481910223150875
3.0944298606126686
2.583893236977831
4.064423876440316
2.879148947931997
2.1373377772803464
0.7893453680228246
3.59724239703453
-0.16924831022074435
0.5009082956674676
0.5187637003137018
2.894017640533143
2.022964719578245
3.282980437549031
5.877133826882288
5.546248184329459
2.1799147056801633
-0.3647897868064313
0.6074251036944858
4.443086669088467
4.041224818091994
-1.7680730513070484
-1.0287108074872526
-0.8200103515608724
-1.6158055001581102
5.391103949604637
5.936483842748466
3.4245614982580683
3.0366676099044874
-0.3122020648081819
0.0919158850522446
2.000908883849502
-0.3277473616374421
0.1584748194123304
2.376397829587815
0.3288032735542651
1.8662338124050035
1.3822576226812873
6.899915770384583
2.0404585751082926
6.179322242397105
3.4126102246992347
1.8592432843551168
3.2144554101639398
0.034600616494903313
2.6159286786973555
2.1789034279917194
4.905883180876308
0.8356067436119538
4.272672069991774
8.148639720279743
2.2989212274640396
4.592902013007699
-1.0747823057647223
0.5333960115996507
1.7885091648421534
1.7423799061701037
2.5560076123138087
0.03572404199372457
-0.4291299341462414
1.0018461113721546
3.2480407627592953
0.5551848520027605
2.7568494948744307
4.806694421282006
1.7348810350241648
9.377767209514047
1.424288343295122
5.522050317286928
1.2895110243211438
8.562643588930474
0.5950003386322925
1.0582058375663677
0.8356709782734634
1.3836830527665733
4.812108735517381
6.537549131541411
2.3334432774543954
6.383821404953125
-0.1864840976061814
8.634470064630188
3.6805141830205006
0.7418374281757875
1.526062090203358
6.387305355550602
-0.3829714747242542
4.718072087927146
2.2271806283061237
3.9038374070772823
3.158600722721753
5.258403934880285
1.6507837555356095
1.9949314986761948
0.5863294746827221
3.99961705926353
-1.483714562267789
6.193405094918104
-1.0710467025446282
3.457332089743157
-0.2627242303087575
2.154016866641406
-0.24691921709181727
-0.19146004675729228
-2.2341343891927505
2.553763447807728
0.31812705679349385
0.46653103287189146
2.298767295159494
0.3635598804134292
0.23407889139180305
1.9522080774728274
0.8061549165214286
2.2004297770819434
0.8298073148117968
1.822226322348599
-0.43979832170641775
3.262153407153443
1.5085958898704308
0.04134960002329202
0.9320794171032687
1.7479556521192467
1.7851193430001575
4.268251336508496
0.7250613468711385
3.923093162833602
2.2171833794995504
2.7151068782285463
-1.0020356061469458
-0.18858969486534505
4.687107993019447
2.455270516687689
1.513036656065378
-1.7995971609222767
5.126944728250935
4.028635831386836
3.235794059128211
4.988127272283991
-0.17855059419004915
3.727452053648613
0.5219526125275589
-0.22695202229744493
0.9832696556446263
4.518571498195202
3.305735427650127
5.563455433883432
0.6591662112539778
3.2680707242605473
-0.031043318490018068
4.311002013170784
2.8867925454264785
4.283829980477047
6.030573930996118
4.257158944221988
2.989960838029803
-1.0599043329878284
2.82545560836131
6.978111564246138
3.6954653414014267
-0.7644728066880069
2.517592471631065
1.6255630914779453
5.486798341466072
2.596485002521285
-1.0952995278840327
2.2381135141317356
2.2794715814427993
-0.16811861187236038
0.8043329932141092
1.0011206430779764
2.4182840532038736
-1.276855812765663
5.174565332898665
5.055075863055208
2.371303359575299
6.182887455538823
3.017789871048204
2.604653866854747
5.109760056995011
0.014565860020165744
2.2078323394823998
0.3191107445453462
0.490834355934928
6.447361389376914
1.2930296310482279
1.2125991828413931
3.838309110091581
1.910686556327038
-0.5902145144052315
0.9904594338007708
6.355796468947148
0.4001966743344545
-0.44189105339149043
3.3525441141459753
4.666681525223461
2.7829515879943347
-0.4265664159873602
1.8963255710130036
3.6103882221751697
2.820586117911582
1.4978501292840356
2.7721775951805547
0.9143204392232565
4.7258784338893385
3.4323089721830513
12.286871496751635
3.1495273452223778
4.180512279391446
6.1165523123305565
0.8605923661941464
5.812559824192725
7.924130722373649
-0.40848420104324146
0.15617786514968712
8.261316329633503
3.357481913894368
6.740360807085155
0.2039215262006584
2.0488638572806863
5.108061817170412
-0.4495232864123996
13.380259459623106
3.324049774478094
1.8550925425258502
6.092710685393891
0.03898245356489324
-0.37058174094114726
-1.7935174624402064
2.2691700791613143
6.198180502266927
0.08072798061849695
2.533706341251849
3.0256475661317137
4.044659923032812
0.9476992869851765
3.0457107717476477
2.9629321721648343
0.07296569702833208
5.8657133796091925
6.008719629300465
-0.5747380321247025
-0.36201116287205093
0.3386317095835447
2.958240231656343
0.40253347113923693
0.2820852606614662
6.61421318532745
-0.868430493593189
2.9758896849418126
5.376464762911549
2.4137427659589785
5.598646949752242
1.1622783942685777
2.1249595842179376
0.08329386808463479
3.085884892523949
1.2191396159579655
2.12037109394155
-1.564618502721085
0.44108024454583084
0.8797216676473878
0.44866862266211804
-1.1666780819975757
0.01219135752124223
5.996969513822664
3.19444387139151
6.732452012778929
2.072891002384708
5.376489047763508
0.6464965111524325
2.3131821780924566
5.8167788276170596
0.7502172502087774
5.4586232118463895
9.163428175241254
4.222445585109872
-0.9134084233836597
0.1612871100422073
2.9263373768250327
0.8169484081299238
-0.5571022167951102
5.868380649884125
0.7794912902344375
4.947135003112072
3.658906627428512
4.316419346085205
2.058003642326995
0.5675008990164497
1.7345424497151187
-0.39364489740580766
1.9872863660803108
3.3853408344977165
5.263925530295374
2.485677608255944
2.4990703103550436
0.2676940372748815
3.5648825675000366
1.6488272493885612
3.5066256044833133
1.9415173977392832
-0.6629463807935733
0.8411802359383442
2.6017101663638136
4.7095334903354695
1.6253915490850228
-0.03686103413944375
2.345918484152829
1.8276314001214415
2.8349755446680907
6.619436083306967
2.7688746697443865
1.0783388462804913
5.314613464455514
-0.591657199837983
-0.5684886798087687
3.6676224613590387
4.091748815232439
4.222241719228225
-0.6431136612037683
4.403954299964356
1.558156051786287
9.35413081976018
2.1124952605954483
2.283136134683438
6.514466898408278
-0.17615147669108455
-0.5045570008411373
3.213464856830632
2.189445040181199
0.9641658006152944
1.2237499087822856
0.32461464731216727
5.346612596829947
3.9412154753734217
-0.1140863960161371
0.3351555722918522
-2.04167304103624
7.698059413332352
0.7731033142466182
3.0620240497141387
4.084407623237552
0.017925616992662152
-0.520505770356905
3.367478053372372
5.54764332824898
4.864031043378376
2.339183281147196
1.4617096479349139
0.46753341233815926
6.800032852697233
6.692927453680209
8.249703436517198
3.456317250670706
2.710125347097971
3.1705762640954065
6.348696044490166
5.326525437579049
-0.7418256611727699
5.018623514095935
4.398181828181256
1.7126641127362334
2.937106100727277
0.1653008153111355
4.4367818657639395
2.2620402184467814
2.1583760121449975
7.058314710490378
0.6570332479472352
2.6682401685394477
0.36338300911456745
-1.7399982901668156
1.7375483855028908
2.9443941257675963
1.741140412067189
-1.3055403660457676
2.1276369393798324
1.5311667812342942
9.174373650305785
0.25567005774970936
0.4225252263314561
-0.5775859156342141
4.708142585556276
5.16754629051779
0.18870522264767564
0.8291174867343689
-0.28373436086150083
0.39003977656305056
0.48502423926781013
2.583591250666909
0.4123192329454285
1.3809566287517396
4.165169832686473
2.7819491103338594
1.3011000212826753
1.932750370120436
1.4231783879984383
2.2556540248851036
3.1765418021727823
-0.042827644013135435
1.390464009398678
5.3878195228870585
4.818582757034127
2.445926140725442
0.8106310079211346
5.972974857629125
2.383633147105812
1.9020481759695238
1.729448466241461
-1.125111434810214
1.4040957591014727
3.9396558771911865
-1.2618543079101407
-1.5927378128400214
2.4950171562769827
4.67447843223432
-2.178114755797772
-0.49780932065093636
-0.15814331181644836
-0.5565021578376422
0.39363829013612683
-0.11674853864974799
0.15029824582315526
0.9002075474255701
1.9197048295424688
2.2561368077345128
-0.4618096800502558
5.222159137428689
1.215324579861035
0.47859911451233805
5.3235525751856665
0.831924053757094
2.8687134799760727
2.2166993047521704
3.6963941499114323
5.73081766146041
3.687568682723842
0.05875193522896682
5.070859829129742
2.492879783409312
2.60065398559212
3.76299563653246
3.776534580722897
1.0614392005342017
4.081121497434801
-0.3102012116967837
4.922520484442577
2.0940683993481484
2.8681957841079773
2.4644190492769296
5.2403586007351475
-0.37324045410756357
0.5576380498065585
1.621847189098764
0.8172599828495597
-0.523885947176458
8.707301548069282
-0.8497618233200626
6.641662480243914
2.7389839800902043
4.066522751225978
2.5339264575882963
2.822781062627125
0.42106712471084984
0.472032182275832
0.8770251863139699
0.6682246140428137
4.955813507267038
3.1675072058074822
7.4913623119678245
5.510781279145079
3.780913426354232
7.031135849958987
9.777298757344495
2.290337615263268
2.797166688950494
3.764332533025823
3.823237998955713
2.341286840199151
-0.18939227359355676
2.486489425929996
1.7564820690749288
1.6631394210159973
1.1788563897724247
2.6702325541325487
4.828459617026406
0.8400401541378709
5.7461093209925815
3.9553855925572705
0.5763502513880578
4.1908190819230775
0.21369970263496052
5.2244057649957725
0.9793725423878588
-0.07283190639083759
2.4557042442083397
-0.9140319374281685
1.2325792269491047
2.9450387773560793
-0.9991371945047117
3.0249886624457156
0.9665492541393941
4.1131491651916825
-0.9912150921731223
2.150324151595351
-1.066159878122849
-0.43488174418349973
2.7374944785275943
1.6127490144016465
-2.347964240396081
-1.6400603192983012
0.7270492528509184
-1.9266000612378025
3.4408897897740536
8.231308545164612
2.767525523877413
0.22496540203204454
5.20644596652933
0.6355434576432445
1.6706065992411165
4.077506359553497
0.5305718136206589
1.4647061830088282
2.7970321208973727
-1.4211525434896504
1.909391667350934
1.9599743222383397
5.767112670434765
-0.10531111325120568
-0.2702884743695333
0.333633340379017
3.3910435814845137
1.6957858788328188
-0.013824105431065027
3.6809097892190157
0.8760974615245457
0.7158447980461514
0.6606659196252189
1.6909244310899116
2.7286577334631685
-0.20478867606212897
1.9407765699635595
1.5391458270583618
0.3588648007874397
-0.6969792443151424
0.8070286646943237
1.1774105223647289
4.204840845587522
4.6278328163772215
5.57782157464939
3.938647886817078
-0.9409269950555167
0.11858234312789762
2.1709770675886615
0.8600302671436717
-0.3400916424131253
4.984249233025926
1.19465147580162
-0.22454125219631438
3.154577155255582
3.963104197736695
1.9081009267313422
3.4446990655472245
2.4638908246939417
1.3170540374946709
7.116458169646055
1.3000135980562413
0.6898239909540183
2.3285290336844255
1.6098059473794952
1.722630603397596
0.3324973700920991
-1.3785080951151663
2.71437380155194
4.615790228370359
1.657899176541644
2.930548813090874
6.061444482704481
1.3654441773416692
-0.29127236047621186
-0.13072909429186724
6.2972931938325045
5.732167256057582
1.299713449776226
6.272152173054886
2.8340348030400033
-1.0907092400950391
-0.2594988088083008
-0.08819234137593246
0.7127597304099791
-0.7978441508709013
-0.5005638959796934
3.941108037319953
10.998865078108583
1.0320555141979217
-0.07089088544083166
-1.4344514875785426
5.929004424461721
4.154032676477646
1.2440562899571062
-1.3445353631414791
2.3866041587720677
1.6893673506524025
3.7502982157418523
4.58709351960386
0.2200781141147783
3.036886725750328
1.005772187434328
1.653048452450392
1.6852847691088741
1.5505017145621518
0.7714327772833456
-0.07440103397990094
3.6583267124328835
1.524877941340192
3.8955315019224113
1.7675942664741373
3.806422097831221
1.043453961048582
4.8596754108351545
-0.08795114782771883
8.71886159554858
-0.48724913924568347
0.07287693852798038
2.3298020391165606
-0.20787114604569012
8.324267005449423
-0.03979990435605729
0.3006323107085125
1.547594701140727
-0.08362487150591164
-0.04078486946759127
4.5435265993309075
4.433595568940629
-0.588298879140367
1.8424767471667454
2.75654615392373
3.1223088165047
5.920207154178291
-0.9553776019628326
-0.39320782158311374
2.771267400954166
5.798637004063034
3.246069829278354
1.2400938783019557
4.640103899070375
1.936046060590521
1.9550497318323357
2.0424104288111984
1.7658033938317106
3.5204211148271454
2.5315292617432874
0.9999930247614458
1.5195072152210165
2.9513533679764055
2.45647905927742
2.0046449722597997
1.183627058834789
0.06811603363419072
0.45979949512179386
1.4331782900044288
0.7351447542030205
0.9152058968806103
2.1662067200856723
-0.6117927238203152
4.9880936484084675
-1.08080774194206
4.016194550172139
4.103905873976674
2.279079082737161
5.196301606023924
3.2218378533001464
5.615430358941604
6.168488765443533
6.921698859345533
1.1416514921066347
9.417014266596414
3.321463097658601
0.17952215612006206
-0.4166489663985395
6.224728621345282
2.4225084994563906
0.9773697710608613
0.5458450989702807
3.576376220479901
-0.26715272213051766
0.14648650173973704
2.434609881688081
0.054450830866157984
2.2891236409984432
1.1624073544480833
2.9565937105209277
2.810889595814694
-0.1452786474161636
-1.3865279440121476
2.521073809856683
5.360832730559641
3.334357377487402
4.2656563580120475
-0.3876322149248933
5.895760459985999
3.777058407160058
0.5927210059121868
0.32558290252431327
3.766942362726786
5.31645593483467
3.2452389601063913
3.512884409951384
0.37298700716448446
-1.914021983676371
5.224188292572759
2.6507837948252506
0.12389907148599821
2.6971507092848652
-0.4609054507906102
3.5670000692503496
3.507730270855369
1.3698602902385264
2.9258755602796933
5.314561439782799
0.1576825171164415
3.8340627590234053
2.36632175699091
3.1372011502538615
-0.18476591809171575
3.001121182928224
-0.6346490507822591
4.2487289194018825
0.5049518950519377
-0.06991002496736964
3.545860361496954
4.359406525007355
5.196716902491058
1.176298375970216
-2.4596650364887003
3.018964550178892
0.2781441124906608
1.445474245335272
2.8423441896041304
0.5944854464347784
5.861812303078673
-0.013880241334855659
1.745503596753557
2.4977571634884908
0.5156087042516356
1.179799933065158
3.801951167853928
5.413960080410381
2.7841100960135496
2.927636406575563
3.7264761621979057
-0.2875640644837089
2.5848223711516085
-1.933397753828598
0.8031426256606664
0.5143215942959585
0.09051631967848317
7.40332401997482
-0.22154968283842108
-0.6825549497908604
-1.5358945001971458
1.2931974536809059
-2.521412626525925
5.10587870784358
0.9651930615824821
0.6227174406415927
1.1645490304824675
4.5301823088554904
5.076986007823505
1.6130981039849062
2.5920979096633023
1.9574491704305452
2.2411493645607745
3.2953177512329983
0.5154113437131803
-1.7671416347695514
8.29367760318131
1.4456216771315824
3.201043600694271
0.3079623293996995
6.428838933687665
-0.4011920727168921
3.459870001684783
0.4995623147973998
1.0415676036813217
-0.24335501139088012
3.2475904428935647
-1.2127943258633476
-0.1997422697576046
8.607817317977922
1.8185756120368395
0.430737894774794
5.128098524553282
2.437963326109775
3.3226178914668076
-0.4889113257567589
6.487532190436509
2.36180683399159
8.987427309113215
-0.6518573433825532
1.1659686030454848
-0.5832159541753951
2.2500290681285864
1.9623996686052345
0.9452714335105208
2.124089222825371
2.8745846730364133
-1.7344681843510532
-0.16261029738580357
1.750993748870377
4.494813888687274
0.5161890786878445
-0.7503163338862263
2.614972210092321
-0.5787366996692942
1.9434447166655544
-0.4054037887655573
1.8291316105801643
5.862035242520776
0.4549545185204228
3.8737691632445896
4.08936743020338
0.3430565652657721
3.9483744252084554
6.379198298202339
2.1395419707883523
0.2707901833238391
-1.6037084147357983
-0.062395469984780655
6.557842394775722
0.07442592281754784
-0.6942697747236669
-1.2275788103400027
2.816549340060636
7.363821274821729
1.0854859034733844
2.8230233702522876
0.4785778966816272
0.43775677550166536
-0.29897924952204086
0.4160746749158932
3.676464403778862
1.7072618292821433
3.0051268583029547
2.3880391955081404
3.1413383384609883
2.819457774446364
-1.4745369347343886
0.7223650452799941
1.907515793421405
7.1076009987446644
3.6064249323065005
1.1214195566010015
4.180397394681237
2.459568082519861
3.984174185111377
4.014946542872869
9.488748654876325
2.1068434818433226
8.667467085812142
5.384290808534983
0.495537163725121
-0.38567610301403477
7.6344066378175715
1.317998343493013
3.3251953221116417
2.877390374444351
3.378387196228007
4.0509206955542645
1.7010510369342442
4.075406384587986
3.395473064036413
4.279074936397489
1.6583745890662864
2.832363829609696
1.9624948785373637
-0.37297127139250646
1.4445523806255391
3.5890050208081967
0.9261759078229571
0.47380332606294356
4.03253978073826
-0.22858574712394886
-0.46887653547549135
0.3461241412242555
3.1839032744088898
-0.19230319166125054
2.463903165725357
-0.7305108260315369
1.4193279174200912
1.3014147197535673
3.197487243689211
-0.6762650148650518
1.3840164367982848
2.975747618673628
-1.3344325668361459
-0.3626846378169035
6.6352660703703785
7.007123055312142
1.8886232351927674
5.141015945400456
2.1496886395973953
4.9843449139566545
4.0776857105430535
7.1227557616185395
2.3619363335554446
3.185977181770836
-0.5524748596957165
0.9607508370174872
2.44675145423387
-0.2215484501570909
2.5509809840500006
1.0536351722518753
4.364060070060024
4.647416410843237
0.3631619284195995
0.31572878411636274
0.16443399508858075
2.045136861077423
2.1339789436288235
6.545923691073772
1.1373293074821023
6.558424500099187
3.7802824477545234
-1.8500388374532568
2.747287652854946
-0.14304609198587998
3.4770533940805173
1.1746260259748138
2.004644802569374
4.492281899533658
1.8660357515513524
1.3988822235499156
5.133860077896798
-0.6746597829035063
2.1349676680389686
3.1810802195448193
0.7612227213322359
10.508234876261845
1.5332896832012595
2.9519089574217525
3.9154914009910105
3.3199863520904125
0.19310713210515476
3.713748091486049
5.372432208799015
1.8857120669155623
-0.14849567074959152
2.179563430985027
-0.6162952818916186
3.411380295666918
0.6350730477459834
4.59669574655779
2.8333053439106726
-0.22573072698993552
2.8587533706570465
-0.624917786341928
-1.1751504208944659
3.937157325268842
2.8192301677101015
1.8674070439917092
2.1951631044133757
5.108910657713885
2.344159539628394
12.149914107990643
3.022139509451458
-1.623016851109869
4.358485297285535
0.6736092767432669
6.4821020066325055
-0.05893592583606688
2.0323130619347864
9.29179039792797
-1.1613733423681452
4.1520442137280975
3.290403688516725
4.560276797934888
-1.370578103299112
-0.0774330012594138
-1.0877156231807916
-0.47875802361740716
4.037684856997011
3.367183558924416
2.180943116365456
0.02231343920494011
1.4330145455112642
0.11864243492902604
1.1023159348473601
-0.0067530730968159425
-0.29610424732849855
0.735525311797198
1.7893798201566309
0.1105450839308203
-1.07801634657004
-1.0520550282904106
0.5242362152468379
3.049426963832767
3.8710095547138006
3.720416261855024
-0.3426683606727899
3.595152537126401
0.4346612663101014
1.031075153143937
9.639994891170172
1.6636388041356316
0.6123561336480814
0.28511130701249243
1.0438925042312919
3.6012217159959237
4.759634540796817
8.320329171173528
2.34339783826246
0.1608899641471877
1.4659245231111817
4.375518922445206
3.7831523712196673
3.418319809171563
6.123733245000261
1.3404423002610082
0.10183791554928479
5.308987920769769
1.2680161489277821
3.7955303827712927
1.0414057223755835
-0.7506850520391247
1.2592133054531658
3.4847952452757407
3.0668574332682415
6.072867702282462
3.896170101411326
7.473878295857829
3.609238716140535
3.0392497374762626
2.2717141963173075
2.0788529998655996
0.5969947236961226
-0.21205989455375818
1.5530279220886802
4.030954311548448
0.6574897279117792
1.8456781831596412
5.102619006323804
2.946916031872457
-0.504457702593934
1.5344115249507018
3.036166972866601
3.648034156500501
1.3658558026325602
2.420315189943258
-0.2896012410688077
1.5068194233606536
1.025286678382045
0.44009069421316604
0.5570036464616209
3.3734514780040494
0.7488748105266976
1.478563363554985
3.9412962824966726
3.4032289544269156
0.7980366408529086
3.6950079752025857
7.054165275078974
4.549935513907454
5.766674143306104
3.4849162015799076
6.170612383136566
-1.0132568759511136
8.152101038422131
3.850430081216827
8.240638816551204
9.391061904691409
0.695203104466206
3.2183868460807843
2.3995141162185294
3.0654853498555754
2.247660090956103
1.4557872914664138
1.5393009643961495
1.1044788674054447
6.322383923189778
-0.4074944412429824
4.944129583157227
2.839590522390086
1.797799498117744
4.307258393650905
3.9236059802149925
2.158701992971679
2.6073942416986675
1.5210548328569868
1.943656025391464
0.7593710126912241
3.310776457257706
1.6262476884582286
2.468620075846982
3.819500254332854
6.717191755151626
1.4268096051109347
-0.36472551985632595
-0.5279727683776029
1.8133126390200602
1.2172087009501145
2.132871282329144
2.8764850270548625
1.9845152348187605
-1.5533647564535984
0.9076791644002914
2.2836608844715296
1.241107498439171
4.6199550944358805
1.270518388972866
0.9154125055755734
2.3059292929787256
0.1567210211109874
5.0891627641275825
2.507038757347024
1.8573309379143499
4.660117188633956
2.9664010765562
5.0170829175030605
-0.11223186388040451
0.66793719926192
2.6574361948130245
4.371801193645863
2.0408542185271648
5.551914634503237
8.119694239387897
4.155711399140657
3.844798034194738
3.5666617334826585
0.20278857122811575
3.6257499981247068
0.7823641654830678
2.9874731162887778
1.1662101114111147
2.681653872988682
2.097913384980989
1.0730665267847053
5.058387983149251
3.302295943206946
-1.084091596443558
1.0656524975585193
2.731772658361094
-0.14996302238711695
2.7153158588662354
7.361687009307359
1.758618388983448
5.2483759379306685
-2.1909774360549394
8.795337679158031
1.5907178592382767
3.932377293370558
1.112969954562455
1.7586107298596205
4.380225708557575
1.3615512224628303
4.278488369790563
0.24431683972704865
0.35212558158840446
3.0814709689818702
0.8389732375725909
-0.3904617952456666
4.656039715912378
2.8556458987258253
0.06009596406289042
6.7234668924146
6.155506857185101
2.2675960398451442
0.5750074447739502
2.649446283811909
4.93758635958995
-0.0050443556613382345
2.7395409974392386
5.651186574287168
3.7085843923754833
1.6343551266251901
-0.3288825175546116
0.6384783195774095
-0.7818966089038994
2.659180315912735
2.60459872251349
2.515862436842072
1.3840083112012886
4.975620483946289
2.2499238142916638
1.2120134105346096
2.0114495419249425
-1.3439955444538942
0.6693796832777913
0.9182251942151732
2.7588773856104547
3.906786734049615
3.0074840437858086
-0.40816127408973424
10.343657523349865
2.0909424370037706
0.3397392526308875
5.307995420186974
1.7667015673662163
2.3087895252276622
2.463402580298633
-0.13107288478131296
0.01858023195786028
1.3805446716586993
0.07228695296054388
1.3635142411890127
-0.7686033310404996
0.31550400654322475
-0.14982244336156525
-0.18177473177145964
4.230756559409367
4.222475906199835
1.1737996621215894
0.9558178441710079
8.435679528277065
2.2353760581553974
4.225916326765784
4.472049509651858
8.42830454480343
5.410768963201781
6.780105815759189
3.1290516477768837
2.3955457081485187
3.6202255605730382
3.7761940182041775
2.2318008561702047
1.4799765286489257
3.2868030504141506
2.4245508912967138
3.4437383918810047
0.7292142768487657
2.4865273233484038
3.7909652597320713
0.17145084833429486
-0.7236237407985433
2.074133797217393
2.811277926398992
1.4579509791367822
3.4910131332829777
0.17670995159074204
1.2648214886353275
3.25311846565306
0.12604230557237267
-0.8064445228660855
-0.6446906866444232
5.769854725477693
3.6727880231759373
1.5202534771324
4.342388853929781
-0.6651990149682314
3.3571427929241726
4.035979238796133
6.899461970438558
5.162055894880961
4.590718199467592
4.768771014891401
7.314575243311475
5.475286473684543
2.0246851296781885
4.305963838550303
5.040176882307316
5.303847137353898
7.163122466417871
3.7420135111204913
3.5895611917273045
2.447795489694629
2.0576344838666176
-0.9373799749125562
3.8054347582033112
2.957988327905831
1.8216064567944512
-0.27396172822434
2.863136800862536
2.5513652626299725
-1.1847887295209392
0.07992896288527773
6.267690066961238
2.624535546493294
6.2105484943311575
2.5231405585670306
6.829269618460996
3.7734450209903927
1.246499436534072
-0.5385079493859468
1.318085380176223
4.307398091268035
1.3913660437414148
0.18490109345032146
6.707341830130227
2.392274995516719
3.9937192448795047
1.1712994429275114
1.9859754818849713
8.654191589919277
0.2914044914574553
0.26212427428030494
3.6833718081856195
1.0271734950852238
1.7256833247732666
5.090577416544062
1.9087557317794315
1.77316177372852
-0.38305291237872796
3.819954418475335
-0.9108780392781033
4.390250705827779
-0.7955017318838359
6.728251657688302
0.6670308660227746
1.497548620366726
-0.12235475506989502
5.3737815776342694
2.785340336560745
3.599039856582804
8.475318517975957
0.7352093258380983
1.2856499766928375
2.9128428811972054
-1.162861498770552
2.024303728562455
4.995031303684014
3.216380432669309
1.4061260456276747
3.285318112243143
6.214239681393515
2.889547654591786
-1.692593123321826
0.6192769510905424
2.712645767295637
3.718222205005509
9.290039895206048
5.923759014932491
3.4050827116128657
2.624545866702214
3.9258437878700576
6.365529608264687
3.8494056154700154
1.2382235164341904
-0.0043269826384161325
2.256340512034019
1.4940610442939999
1.7641149134643523
-2.7552498285069476
-0.16523291184072808
3.674620001535586
5.757721201434497
4.336790952332757
2.273076064332295
3.1629283502662577
2.127615267583453
-1.8459147374137603
4.564608208782808
7.794632653522138
5.624246299644918
0.8483257473874715
4.884145180667225
1.3836196365200515
6.281517805167934
2.3745829833029912
1.4951972242252336
4.449445104528255
3.1533248971915686
2.4514220896742556
3.472986621603133
-0.5482614108015896
1.950050725094452
1.3330520028045274
0.2179792015437011
4.95814042542253
1.314975188952382
1.604360135852464
0.4031867714473698
-0.22675224403975242
0.12320827243822846
0.7090420738964083
1.857201854696226
1.1904911620926626
4.1229886580791275
2.409178511157378
1.9387104826794381
1.2820624135581191
5.099264887366566
2.377207529783201
2.626064854972564
4.978702743631249
0.5746952962058027
1.6950890731084995
1.6545482496570179
2.7092727897582165
3.452404147924586
4.992705634900612
3.7086186914399017
1.8764421192540506
1.2850017967544214
1.944134445742586
2.9131026310747488
0.921472189631575
3.2330261414223123
7.877670784176574
-1.224186213115891
0.8784648929695887
1.3969873660775995
4.816367331690597
0.15629316994002984
0.47106371002309766
1.5057045019185176
0.39194226262517984
3.9774303803949014
0.8844740152222541
-0.6345555118197824
1.5854250954995444
-0.7713997859740647
2.5764262171257117
0.3104946887874216
4.059699871073075
0.3811347844979741
2.0141572411212763
2.3295025076669473
0.09723133074028056
5.159095962923868
3.6844821099953444
7.491956358926785
-0.34986909598503857
-0.8622185361147952
1.6346406555070772
2.0953850146534254
0.8770717872904199
4.370103819486988
4.924764691308704
1.3847727997393076
1.7944138328831851
2.882217023459724
5.216978491134934
1.0157249017897572
0.07388834587787158
0.548327413058012
-2.0260971926664872
-1.9819449685199986
-0.7337291597810109
-1.981547689221279
3.128868742501428
1.0594743021093362
1.0790684546842615
5.451765751528512
3.0837535654271653
0.5301221100133856
0.5051046500996543
0.9715374852163101
1.2105019834772064
2.113901817755787
2.3854849497216906
3.1286367374866857
9.137007620989925
6.199943913234665
-1.8718589469693394
1.7900921983944735
4.775266048117426
4.969690739377493
-1.726432860116438
0.18466112955506342
4.213692899566169
1.959027969365534
0.4362084294981904
3.6137880220026237
8.663826804519266
2.0920440521339625
1.486184870011673
1.6129177918889688
2.1251723982974275
6.123694451099952
1.1676669774171051
0.3330425295199779
-1.5510302104010483
0.7156887754180481
0.4441929561651208
0.5319187453937846
1.2660796088525204
-0.5745536232771031
-0.5612263307399765
0.9018459547420346
0.18991696409725467
-1.714216283473565
2.1993715359848682
4.582843217109473
1.1674429263333919
5.65109963836958
-0.7951432447227287
8.487165588626205
3.5048162367416027
0.8277420014661678
0.9930759717262236
6.921714281571895
0.31188544848987143
3.2093596698145257
-1.4164377459766755
-0.7652571984722718
1.8420640637880297
2.610831783114905
-1.714566897966945
0.06307815644093695
3.509058449078224
-0.09264365235570238
-0.3473395543185001
1.8609721084495108
5.422953979102967
4.451107486379923
2.3721498415584215
2.988694380292567
1.5080221999210874
3.66904609645346
0.8422461368578883
9.19296030855341
3.3389705589904946
1.9866564595402334
6.929455045751107
3.6300441583354233
2.571294251640891
1.7282443791175754
2.117430546263279
6.075458013846415
5.917701904981304
1.2034838630088447
2.717559526310076
-1.8011730155274708
-0.1919070713411064
2.0540785892761075
1.3567200292231794
5.2870973157872
6.753196303073912
0.2612115839938242
6.864489188451715
1.1450899498953884
3.7413061489902315
1.4453451169706018
1.5609234117179203
5.49827895696851
1.5338910181835765
1.4782494393195393
0.26735628354327123
0.45342243790510806
3.978705699534938
4.357715206911304
1.5585225531007512
0.48786013171397824
-0.3825560742223444
-1.3637981743412915
0.7171500107515064
-0.2825618278022033
-1.5346147248362625
2.96693462031688
9.940325404772153
2.63178711867197
-0.26752375952837726
8.2585275864902
0.1566039884064408
2.1892678563621337
1.64376320308008
2.97614199107667
4.446251998709105
3.9330670870213287
0.9391396569356537
-0.43256359998271826
0.6386986143629839
0.24908439880967548
-0.02182771606202727
2.530337610381924
2.6427362025753163
2.033393624881329
6.101801040348363
-0.8515522597703373
1.7112994883357096
3.2192792518922024
2.3581464802298178
0.8158064867343038
3.6749449370843954
1.5653386851739575
1.3019648296768644
0.2885658231362087
0.9989789306908398
3.2979423581971217
4.070042090985654
2.22080899992031
-1.609326592763597
3.2106897109295285
4.88430852387459
0.7511494084832808
0.5651973225135588
4.252958760299233
4.59727102755282
0.44950951208484535
-0.7890539117074803
6.5150907840163015
3.730657999663629
4.853874985544876
1.8032516427274417
1.3921585475485927
0.2622422677015923
1.7481624309493433
2.8223980843041745
-0.05551851898166965
4.5737504668092654
5.657202943229741
0.7888642622014576
3.7389762038283596
1.6833998829346495
1.4767912739675038
0.5269612182950631
0.39830834452244407
2.2980236416794684
2.6776338173491765
5.154063494216413
4.685608799599843
2.9596527962252255
3.582619946207572
1.0243849748408025
1.829453595886271
5.672891573693236
3.4618651039775665
-0.9750766440063956
2.2348660828657034
3.1735851748616057
5.248346180872179
2.276886209683883
3.2507541131832305
7.907132109165627
3.194639309901206
6.467739772639785
1.6948391813021622
-1.2500283915627743
1.7408300556732537
-1.3350900697751644
5.666142227603591
2.9935318690697494
8.161628483344035
-1.4075804287047977
-0.9804375427318422
1.0257924234543205
2.6057681241100754
5.113905192905413
1.4263518524151708
6.107990147684117
0.3791080956344665
0.09260193478621684
2.2230711430390224
-0.9222631164609353
7.5391194731647895
-0.4798976621074686
1.9095944675882062
-0.1862308078768669
3.6267666920100248
4.904550010492566
2.247881615046372
1.6871997995893602
7.585280476727561
1.9912790559932607
3.9935824501476818
7.135748624851415
1.7419999919296163
3.497208928064048
4.12261282384982
4.705198507514316
2.204975505922425
3.7154190467453265
-0.16486585040311053
2.3458357754540895
8.271275485689912
0.9057911029335274
3.216573544895753
-1.3633603301009896
-1.3771031122378081
7.06001107221405
3.341357989622651
1.4750155536812075
2.4703754185732336
2.8924969300314602
2.271418705871654
1.413464254931244
1.8835031188279783
2.804152751737576
1.1777437406079965
2.4548968791667054
0.5778877160585235
-0.7990432404984751
0.19373487000228415
7.423956278298428
7.027132830164813
0.6934603623933453
7.018786747191175
-0.98788223713998
-0.41901619185955596
-0.33298385776744155
-0.8136185937105329
-0.8528229822624331
-0.8438387436654354
1.8327856121734043
1.343479804638403
0.5492454759507603
2.0374231809535495
5.63901877817565
0.11073361828000006
1.5157826078463452
0.6928087695110796
1.5954527117387538
0.12428604416116579
3.811310817454683
3.8270989267445716
5.950111322507043
-0.9929058112154869
2.5835683994617717
0.5643611339789038
0.11110619285899892
-0.044085639406351684
0.3274215916448333
0.8544236671868806
3.401235350056477
5.403791248819648
3.3491954851467254
-0.40078082118900826
3.4358748815900966
2.355938420901377
1.79662313123274
4.787917801429946
3.0472312737276663
2.2328945919829213
2.8587780843949417
-0.7655151380861213
-1.2466456609379737
4.089290309863783
11.01939343506924
3.272605562463351
1.482405167057263
3.87070846969898
2.716998165145867
0.14514975762051863
0.7116109897821756
2.646383818690616
2.457373879412911
2.4371781478680505
2.6791075603443355
1.3045078468546965
2.2828033639017358
1.9458035622008993
0.5519557555415917
1.7649701000444518
2.335311740836093
5.635769984840581
3.0488984450106704
5.298086124587244
2.1455990165107286
0.8028679184523461
0.32562066742693
-0.17657581379042941
1.5188296169622304
3.3562358405724986
7.023670096137444
3.096309064595821
4.14029319543198
2.4710772383636823
0.0448640383459426
2.79524809809027
1.645512646534657
1.9319254443984963
4.95457254290443
3.0257282104385004
0.07207355589363862
1.3666279603242704
1.8555455151901457
-0.2896642535828837
0.9922294963396243
7.112043826433485
6.381136209086472
1.449342036594495
3.639828273204877
0.050347787279212075
0.6524001434777023
5.652215781763584
4.9905972551371285
0.8088923955478654
6.972420093276685
1.2362504113619388
-0.012915807102005905
5.814206405564138
3.942900814625056
4.28565660842279
3.99970304815678
-0.45588780606095053
2.0760918764697163
4.534471416920077
1.0312484280363061
0.9030506185417655
0.4839565195939342
3.7376422164702636
1.3419561000846008
0.7908212530756237
2.183227857653308
1.1814945488336122
1.6111470136659276
0.9519837185537645
2.151425958027642
-0.12145469051623847
2.3088096302052143
2.488496617475419
2.6632547634515538
2.4463428329423524
7.056416111129429
3.3494462510748697
2.2688106658595206
1.7448304001180486
4.311907899062623
1.8104118968855158
3.5675373959462955
-0.517855663213874
0.13860582388426662
2.2412791035316113
2.342753803371683
3.1605297944655613
1.7813473434383134
1.3586114533795226
2.1847358378508472
0.876235859738498
3.057356914082615
0.4945271873338818
5.2048071302434264
1.2228571745278818
2.1081782026610383
0.6091978216459148
3.543193397658473
8.62609133045017
3.621149241922124
4.723017838045599
-0.7920221448026981
1.7160119709580366
3.1486061244098984
2.048502503698288
-0.05522249094457526
0.96570089224371
2.2941117964915287
2.207499263513285
1.580506957615776
1.3021289434153864
2.538754701423342
0.20135911914861926
-0.6361930282916909
4.259835867592579
-1.5990314727310668
5.604613617057518
2.678295268789361
4.005851023330155
5.399542165422938
1.0463339476634037
-0.21102406925277684
0.8949724153999689
2.2969577905343996
3.1002231648471392
3.6470453119174735
0.9123012200754745
7.094008690443221
8.425542300669505
2.1945522035051814
0.25663391454430917
2.904067023319915
-0.7559088627816047
2.2413654960799554
2.4212116406202444
3.0820393237638846
3.6264212398733964
0.20294802283126356
4.041301187351154
5.164177759235544
2.1735553788986257
3.1027457852450135
3.8198905394514586
5.86500791493481
0.48265867305976196
0.8522386197557125
1.691249753413024
-0.3624626992568587
2.6625655637721812
4.315859123572604
-1.3631944815325352
2.8185179564611773
5.126979888245758
1.4467580296075533
0.5331773369064704
2.062295495361997
0.15507083392784315
3.2882025145267457
2.221514043439462
6.120417411026868
1.9815847399305055
3.5976068115343196
0.21545632327949063
1.9010324380009473
5.071530898902355
0.5261117327321204
0.26677821233656357
0.717297780999388
0.7416535953567582
-0.09928954609555207
6.9675770966588
0.8717025066304992
-1.1761091414207567
1.1813728720180745
-0.2995701523529988
7.380252275545461
3.281950846607459
1.181863350180455
2.5361799777417104
2.6372277474274366
2.4423186071282776
2.116828582652727
-0.09134002224171497
4.740528791957017
0.8855741213011896
2.288974649509645
5.492865088358574
2.208665855181135
3.4566620538122885
0.1177413030548499
1.2455191408768564
1.2273156104914005
1.7118282739324444
1.3690050923568136
-1.0607389079303928
0.6764678845695251
0.6495049870175802
-1.617479919595879
0.9337654568827645
2.6768439879599972
3.811673351158136
1.9964496538609573
-0.11685212254842567
0.5958797330341897
4.11923554493041
2.3330879771360324
8.766829341776756
6.976750746869793
10.128600668883632
3.964725585266748
0.8970610692358075
0.7166325065624733
0.2283982624276817
2.5001027159149105
1.2913268406188583
-0.40982652822381216
3.0347841478420117
1.0207008587466315
-0.9642708578310228
8.003984157845872
4.619371007070845
1.1857698626073538
0.2530746878271424
3.254724200920237
2.269887351802771
5.861641577891503
2.538468081512068
3.0694694685064974
1.5451478420418574
4.969348783277228
0.6273910740231256
8.75838830143964
6.506860126655287
1.2656373327300356
-0.6183186335305063
2.828827471532643
6.3649854538838255
1.65654049096891
6.206672696921725
-0.7961064468568588
2.214468405818102
-0.26338802815397866
2.130100026700303
0.03210611622697018
0.8316536344934924
4.292206780999507
1.4190249356918438
3.2060931094538487
-1.6622773791288392
-0.7556531858120925
7.180686269204248
4.335603399633726
5.351757301227067
3.000328650152526
-0.09358721535447767
4.795934524392626
0.32011778381824874
2.575150191635337
-1.166143230437609
0.8726415242503018
1.1103091713474176
-0.9166543878792751
9.565440680838062
-0.587258840119496
2.332601917255292
0.7183386573350539
-1.6592783289506885
6.517141939421726
1.214603810956815
0.1898585942792762
0.31413548855980356
1.2502102455524842
2.901387073431323
1.9441594776769588
1.8764345844537034
1.036630767750869
-0.3097414880810323
2.9373287287758405
3.738347332214852
3.8046518873441055
0.5039166499090343
-0.5970490177070686
-0.48259106380330996
4.226500675997847
2.3264065449610993
1.3723337271730172
0.034395969030211915
3.4417340865663415
4.468208486928689
0.42804511491471786
1.877138181696626
0.2584245320652537
-0.8560944772302751
3.8162394170842524
1.7440926812254909
2.2615126105386167
6.380237117306935
-0.06349583969614803
0.9107366433775846
7.004496203587948
4.081527269361059
2.4523508806705134
1.348017403154349
5.890345352449851
-1.0575763284789912
2.1754675132027517
2.3427976072362853
3.3060171957469415
4.379048533612125
3.133359758515298
4.4379262200170135
5.966912236287134
3.330167736116917
1.934394191735159
6.941556199472671
0.36182392909812927
0.3404879089529128
0.8438371402608442
6.572581244715093
1.7557920854883347
4.421094746714023
1.1117751050866072
-0.10345144237683512
4.760445544898656
1.404715619535927
2.8142777260093164
0.9997029860998388
1.7421851341893646
2.1346802678180294
2.0747498895223244
2.1805760915882733
-0.6648525754276313
1.8865635512600352
2.4087438074279377
2.495821968186428
4.6688313599552975
0.37590426563757295
3.9213179918348953
0.33708373947913983
-0.9046958478881184
4.416386610924913
-1.510116716826426
5.305461714110332
1.6196384336453216
5.404689734343303
1.9253003606977985
-0.7937645984531714
-0.21818002360187783
-1.213930701809253
5.198949227324814
0.9293269012799252
7.908640789213212
0.34764849345477405
4.041513451048029
3.8632154563977545
5.09373947613885
0.5895829682526204
3.9252890479622797
5.261384763383048
1.3512498199657528
2.5275108967019753
0.8930067237405956
1.755442269014753
4.780918197742549
-0.29609278523967253
0.5364334747033974
-1.4620881152316283
1.5570938191987804
3.8292800760767123
1.6031875917073022
7.534322822246669
3.5513475015691474
5.72738802157553
7.10668606987757
3.7759004918078514
3.115771149294429
1.2693485552862174
1.8149597305789988
-0.8347923953458026
1.0471524675056147
2.9855430991553167
2.4095255674862397
2.0284199626501014
6.580920417116968
1.5110695377918335
