-11.960461114084445
-8.624074354522827
-10.837510052522388
-6.468722941221179
-12.94264445351929
-11.084752175979288
-10.602641400292388
-3.327823291692986
-3.60091212925853
-2.78455671702814
-11.220984726429435
-9.848602751053336
-8.063721914360574
-12.943913373352684
-9.055828624951594
-14.388549950954182
-14.987556372400785
-15.566345659652786
-10.330773642108458
-11.586284404179617
-9.643272675904724
-13.026426244102465
-13.796599226777614
-12.960104685425685
-11.666376296728941
-7.223938596457805
-6.969378323051094
-10.145956107192
-10.087057892584761
-12.438499152642253
-12.132533481023485
-12.836444678264924
-13.963181795821745
-13.04552873138513
-11.320871316790003
-3.6871395531651805
-9.418486138053977
-10.29720173704584
-9.172271617377332
-10.9387793761623
-12.6139359043848
-11.5829695015146
-6.377641923676816
-8.644649339512503
-11.14850548846363
-11.169493293194218
-9.929400751383263
-10.098641446493207
-8.879250873955542
-11.836052661397739
-8.37927896838397
-1.538021134886007
-10.39223071083565
-11.608394705371774
-7.215692975427794
-5.5040929035173844
-8.81436435536403
-6.737959682775314
-9.836412437691754
-9.73578437434876
-9.509879772774205
-12.934212509559734
-9.923960572640357
-9.580701806271165
-13.607400392114394
-10.469219583888233
-10.779042520646927
-2.7748857639353806
-3.115063885430748
-4.795168952616523
-12.020148786660354
-11.40430121020013
-7.322794601381696
-2.7247443692198874
-10.410544846232277
-7.96436482856326
-8.256194454898152
-9.440484218975676
-10.458665806553036
-8.77500052576103
-5.825350439874046
-6.506417988186944
-5.340839155465731
-7.15609504392021
-6.397449326507605
-6.351194558980621
-7.237138054202678
-5.180755828943206
-6.3834112399313945
-3.115130680202272
-5.390170000937562
-6.416452692317627
-6.9612069099193095
-5.143621010143745
-8.798738104616865
-7.886653388209577
-5.081650266109588
-7.969062683636301
-7.030255341553051
-4.767514566037375
-4.066660999571867
-5.210189985071432
-6.02592809420189
-5.998860602031987
-7.756214439430054
-3.281803652159155
-12.50955101976765
-11.830848854098473
-12.568482308186777
-13.684793975227954
-12.537615877597585
-11.459305321917585
-11.104798032400685
-6.700272408279596
-6.221000887453293
-5.278692675928682
-4.355898510028856
-5.627198160315272
-7.831574906095432
-6.523802622010237
-6.035538431586121
-12.515414969932081
-12.412461603231645
-12.265432279136286
-7.973066424624252
-3.939298666995855
-5.400488306815998
-12.72013890105228
-13.03052763973741
-11.853944087583544
-10.77085646884888
-11.878182176199111
-12.057061347567789
-11.441764270839606
-12.694328362885406
-13.035668250125294
-8.970668007941802
-10.137745176414501
-10.523310381040039
-6.513648774527557
-11.375745726556987
-10.245263636317699
-12.697739946861908
-6.221050746177232
-6.96748114134256
-8.404117935402502
-11.369526029656633
-12.290438278461602
-14.398284550113445
-11.03709681338972
-13.535747297223832
-2.4457555355240057
0.3516310304098993
-9.454147427329207
0.37080685477808206
1.9757301706117605
-7.135151330523484
-11.182063957800246
-13.96535285423949
-12.56782908922939
-12.453989851059884
-11.782060236214368
-12.24661020629852
-12.879447069048037
-12.609002715352196
-7.453367812525512
-12.034425368237823
-7.619157072433963
-8.36700717593386
-7.81560987920332
-7.818417159538877
-6.764738270233672
-7.117757563569544
-4.486466372259544
-8.42210377894036
0.3306224015918797
-7.474659330953218
-7.551799995331429
-6.089173171584925
-12.458063740465617
-13.771380385180418
-14.79138908811569
-12.446724794874795
-14.248672479244565
-12.822142130969132
-9.67720697184705
-10.02110066510906
-12.963208790500268
-8.201557621770508
-12.369044536308094
-13.00183288092964
-12.29286715949436
-13.329046546240527
-11.736410090828775
-9.298340952689204
-8.53364730724547
-8.437536532970931
-7.143374856685643
-6.874805074087151
-9.330225529069631
-9.948500016779747
-12.1191794150248
-11.233056322407164
-12.083586342900565
-8.389610628415765
-8.961977714671594
-13.030963756202244
-3.9035321238596796
-12.128318545732473
-11.661749587141925
-14.889570261959882
-14.923925008097646
-14.156752443352145
-14.68597628679845
-14.200789685323915
-7.991266441205284
-6.906319038814232
-8.048700110758475
-14.828439050920657
-13.198684111569374
-13.31312084165807
-12.063068940212384
-10.72839332340182
-12.372575584725528
-8.743830886696214
-13.831523653457687
-10.653297420168222
-10.404601512336555
-5.5960855619519245
-8.044630004496929
-7.486473022028955
-6.999525573395033
-12.398891736202819
-12.60352000411833
-12.014662767788824
-9.470726862468096
-14.32943423604797
-13.517171531447477
-11.46547994293961
-9.594224523929082
-12.389957443988209
-10.259337786057682
-7.903119402864556
-8.003260709990478
-8.82263120854322
-8.163346657282728
-9.769887283153848
-11.658639724526603
-13.33649015165357
-13.416642783503415
-13.65708172835205
-7.980153251037889
-12.240903232174437
-11.104238240827128
-8.7428558062663
-12.726511171151373
-10.844669562417131
-12.65831616718832
-13.629822921533336
-10.898531916933365
-11.051711902762818
-10.953624543646326
-8.751638359817557
-9.236845172110076
-9.285815793985659
-9.254006002243212
-9.345357261195932
-6.060277567911353
-11.048645777759933
-4.912225541177311
-7.882547094342547
-6.246360867025709
-13.265684712614187
-10.683847317234571
-8.669194688835175
-9.315167362859238
-9.736793892047734
-6.6749787851525655
-10.267752882071717
-13.221256701096369
-12.03639752068865
-13.911936695710214
-12.893913343377857
-8.713767536209378
-8.346315794923353
-8.989037243759286
-9.306078174071434
-11.032221239063947
-11.025078597324887
-12.690071983921204
-11.156997337846661
-5.79920160408701
-6.407852539214604
-7.624450014303103
-5.52904998349132
-8.350333633865972
-12.78667891414228
-7.708965867439375
-14.132119258973173
-10.404993402908081
-12.942578907415102
-15.224104177945055
-11.762528312341825
-13.273820113350036
-12.520535012987883
-8.48326018691206
-9.513915503582705
-8.179829302432724
-7.074572097270256
-7.185838343984544
-7.220943771195814
-4.859285556472612
-7.896185598562964
-7.283195223286668
-7.677470181708218
-7.304609543311526
-5.709762260392832
-6.47849844458742
-6.557220799347335
-5.6785454625169685
-8.310142055777286
-8.236427311219026
-9.966376024868406
-14.06608067898253
-9.917991687076224
-11.20228663004364
-6.148808660389561
-8.589768607816463
-7.763928661778316
-9.908657288189046
-8.715424510013738
-6.143876831754152
-5.778076079938085
-4.714201934778475
-11.045342622836344
-11.074883020263375
-12.383046038969251
-13.313975959330818
-12.921408574153771
-12.344244677985344
-14.918830661267803
-13.71820427328644
-13.880010528819042
-13.259594667206589
-4.730411182700161
-5.8060424703480225
-6.623763736168004
-5.490959217838487
-6.992965115623792
-7.068476450137617
-3.3458006987983646
-6.818354846687897
-12.087007793217262
-3.95384919197107
-10.313740173298573
-6.719025059032186
-13.624839036652064
-11.608317591148602
-8.389880241564052
-7.289096142632786
-8.468761457350968
-6.553197449723737
-8.606137473035755
-5.880676984997926
-12.742215471139684
-7.640458044340219
-8.54313561847201
-9.732944818363556
-8.700400098538175
-10.244495700500757
-13.479575145183565
-8.208023558836
-6.738411783970865
-12.304519470998757
-6.9032003089112965
-10.098436088869644
-11.58847191393267
-13.64086303440354
-10.745781795433377
-6.048993043097748
-3.216897339913458
-9.705691160948547
-13.661751594528571
-11.40579598242095
-13.284335065813027
-9.534657126175558
-6.654545305790893
-7.194426605240218
-7.921320456719113
-13.140550554665117
-8.342134877186162
-13.471209986528104
-6.8012978118085785
-12.212197395598242
-7.198337630799633
-13.332341478842652
-10.827458052630982
-14.333843234088093
-9.512793543937814
-12.948910414700515
-2.497321444576594
-8.052204313029115
-5.205510311789797
-11.918797592405836
-12.009838500916809
-9.464240176674817
-12.415877517785141
-7.667984779733585
-8.038372976970818
-9.639057018678653
-10.253458389794263
-5.77289093066026
-5.840489791940362
-9.63729254995859
-13.87040431809496
-13.87378811900347
-14.38796223358384
-12.159589825289082
-9.836824990849442
-13.762926082286965
-13.405036598020121
-10.95068917512587
-8.818377015454681
-7.2981172372948295
-5.757313365769972
-9.060724533833474
-2.1273598580802515
-9.130717708623804
-8.166426188303879
-11.11242046114893
-13.542649130639818
-9.751302187024741
-10.203765962597089
-9.314598659235257
-7.551194745133205
-11.877208818322238
-11.784759256713045
-9.754085062385387
-12.227968552222036
-8.441742364950025
-13.240221828267103
-10.53825291781547
-8.687651323186115
-8.437923370506246
-14.099770175376529
-12.749465866664153
-6.823282615905866
-7.280464666189595
-7.664807710595412
-7.015068936019898
-8.542657503302557
-10.64144185111982
-11.895203185620725
-5.428804183899594
-8.31937799676684
-10.961349866171023
-11.213804528288629
-11.442205515129265
-15.505729356059298
-11.232835607475037
-5.572445318748907
-11.223118865896575
-2.3780305012694374
-5.881271157944713
-1.9003309100667354
-5.3577783525890235
-4.118051619272668
-6.794881148992742
-13.417453132845601
-10.05377675421815
-5.850341541616369
-3.898875099403205
-12.201306926373936
-10.55257480913434
-12.248640671692637
-12.814306187456381
-10.865348275798956
-13.501985661632462
-12.329245455809968
-13.01952394874424
-13.27349172662314
-12.59193025421921
-13.821271871224543
-8.504603185763614
-6.358507620470257
-7.842928928396278
-8.187216682833762
-8.136035515314868
-6.779778430542681
-11.709159406888833
-6.425111406228681
-9.264969743236412
-9.275409537471981
-4.3660332120108505
-6.861511960255386
-6.490912754475095
-5.6795740111456166
-7.247638766034237
-5.762540504562308
-6.677269708162073
-11.592320432594562
-14.287658357462211
-10.126740830027959
-11.795597081208498
-12.174670033112426
-3.944868792337011
-9.287089773261552
-9.811948918614705
-13.114549297477126
-9.60572945408084
-13.060366370452414
-10.620967860372138
-8.757440901293476
-10.288621977977508
-10.637938513994083
-6.258262830407092
-6.515700595001817
-9.790626227367053
-5.363031653765893
-6.104818537187693
-11.7805832304464
-11.768719654063073
-7.270896552371644
-7.932921649699372
-7.209913853110975
-12.211864086410584
-13.119601736998545
-8.91279911830693
-7.674268458024081
-11.879691584384574
-10.341947198386485
-13.883500915468716
-13.509108908303492
-14.316238965298357
-12.858633026655301
-5.868698778874613
-3.8548962004253164
-6.434704466558929
-12.751007939968375
-5.822997743463963
-8.217811965663081
-10.15452234334148
-13.146123102682768
-12.843067931830173
-11.816591887857243
-8.034083211844324
-5.43359945515323
-6.448399088267735
-5.487005875720211
-5.686663588392129
-3.290636534265326
-5.833986245988393
-3.4448286873002583
-2.2349922934407767
-7.4119259637761115
-10.699809623094634
-5.833838509060541
-4.923610702895457
-0.26177049226755855
-4.347644565974177
-14.370043422662922
-15.139722859584323
-11.016767740563925
-6.444482916145864
-7.21623905220947
-13.815794837251087
-2.6675974859621085
-5.085809706125835
-7.619775140145991
-0.16011273307132806
-3.4064911240068043
-7.526520540480935
-13.466935758543528
-13.885130534938478
-11.9583601184743
-10.68171864220668
-13.01503625168858
-11.20765554885704
-9.810864525506773
-8.738069801950896
-9.687551475018722
-6.959365013987254
-6.919456708921208
-5.473248322689065
-6.79983368449283
-11.718277368714023
-13.57070943108965
-11.245661417612958
-7.570760938537115
-6.516787706256883
-7.942316262554819
-7.625064518939389
-4.67355562360159
-9.653827006717409
-7.830113318479728
-7.456859964349569
-6.6967653413158335
-13.604653759374155
-9.081400338992756
-12.666834555681293
-7.401345739167537
-8.823797761624602
-7.101982320190746
-9.60343251253326
-11.71843201699317
-10.893305292517443
-6.709250489659323
-7.330173900566184
-14.145382580210823
-8.653161503846382
-9.608014195220054
-11.430255122834565
-9.246046813509468
-13.669079311907966
-5.599797456502291
-13.201462448292657
-10.071782235991865
-13.826920607967208
-7.286332518602396
-11.945901056557148
-7.275623953296555
-9.762823801406167
-8.474757194268118
-11.247224448139074
-7.510414722972499
-10.405716217027088
-13.832722512561773
-12.445635659115295
-7.752463734867833
-7.727572789082493
-7.436164611840455
-6.113172292580543
-6.941533983246635
-7.683512978629633
-10.496839157665368
-8.853890459451225
-9.95536642534923
-9.28979660508927
-8.777509185483389
-7.470154448110193
-13.223361438781485
-14.501883748560207
-10.962292492922703
-10.454858066350972
-12.543451247147509
-12.34162438202476
-10.516134452269355
-13.216538983203138
-5.844328358173254
-14.177967320782248
-9.921318237221598
-10.484469637746553
-9.493882337348362
-6.803289393241619
-10.99050023897987
-10.360123496013935
-10.690293973583518
-7.9478719608184125
-8.113828267612599
-5.564216983669785
-2.508545188098134
-9.236891984690144
-5.608817774774874
-7.988803016221742
-4.334330096901725
-6.906882108164487
-5.510496896324056
-7.283631065920311
-4.374074639455363
-6.453038503004649
-15.081404597733103
-11.006932276956872
-8.562345848967773
-12.07477177012397
-13.426752935856692
-12.97465980834037
-4.057968296832604
-12.776984487351507
-4.306294002647972
-13.002218596795899
-11.207964821587362
-13.205676095944213
-6.4121670530432855
-5.878802790342633
-10.34973841259101
-5.461520873100601
-7.735393579010502
-7.0495241345593564
-8.015813587713616
-8.161066854455452
-7.597658057170671
-12.331525487922836
-11.08301129690145
-8.632093249953282
-8.800309920925262
-5.286600016358723
-8.37605541031082
-9.08147841387148
-7.556749047134595
-8.003954564268096
-14.757990712227942
-8.850701186905146
-8.428277860866592
-7.425381351142064
-7.069223951837696
-9.24680206629419
-7.8323856488673655
-11.578480292539888
-10.561107257402686
-4.035599800805795
-10.9512783596469
-8.77752421743632
-12.660525957329543
-12.778460169532847
-13.143113900103401
-9.270444379878063
-10.272454316649297
-4.8842755407694005
-8.889259323862095
-6.7952143894426476
-6.733561985369338
-13.587880924184347
-12.890221021833918
-10.057941321437406
-13.126761876860598
-13.168850771332831
-8.59868470077921
-13.47006632371994
-12.342033967148415
-9.593129173263636
-11.953022967931469
-8.374610369296454
-13.14244921106779
-12.645920650798093
-7.28251505791
-6.177084643998669
-7.621278974147541
-6.544652650287906
-10.178788457855896
-12.938288965259858
-13.775386043412045
-11.01969383955393
-11.704992723514536
-7.5080532194047995
-6.787949063049021
-7.165393371055962
-6.474033785040662
-4.268064905567233
-5.049390410074982
-6.737973778223147
-10.696539897038416
-5.291381173333322
-8.358103139968472
-8.423727414991127
-12.270785510548933
-13.535272942287108
-11.703339264759135
-11.902948084241714
-9.739227252629831
-10.091557413151284
-12.556611289144213
-6.310275321921365
-9.745154127757157
-8.152068022933028
-7.695061098453127
-8.904374325353352
-6.692037107859451
-8.533887366999398
-10.811707694535025
-10.297944103574768
-13.827063244871686
-13.084301542139945
-13.928165942317994
-12.10572907135258
-11.877256742958778
-9.203178026318316
-8.379375235059777
-9.519720346624998
-5.7792862215959495
-12.778026580410456
-6.506315343547968
-6.209278937760829
-9.007550877022938
-9.363749764770121
-14.102014847505009
-9.940298373603369
-10.460471407618343
-7.822007745088724
-8.324712069889019
-5.605792018274097
-9.800561896228798
-3.902255337792521
-14.636458059858334
-7.900638313420728
-8.190053530877737
-13.532267198524856
-8.824561552328378
-7.351250507781305
-7.395100000788508
-6.450987573382625
-6.760522268820959
-7.037433811217137
-5.500418595744369
-12.540196258017335
0.29812770387265886
-10.205233419836754
-11.237235282016025
-5.934571855672612
-11.395219671572853
-8.035048554261815
-10.868979759469067
-6.785183412277006
-10.979359387773185
-3.273373059808476
-8.346015784364193
-8.595348574387453
-11.215888967889743
-14.194371849676493
-8.812802659105083
-12.359484730121881
-12.83818649381029
-9.81777226842505
-9.250886230673236
-7.345907475997904
-5.502021044455305
-7.752460966222022
-9.406483106918717
-10.956775473173826
-11.842450817064647
-12.168262576099632
-10.790062973415818
-11.56220660016175
-8.333765129583577
-6.084946856033845
-5.596168103163097
-8.834158263526032
-8.689183873289192
-6.889795194845409
-7.687871439397094
-6.681393475515743
-7.3934082364421485
-12.411477594895477
-10.186429833214728
-11.34773509394046
-14.063878944510762
-10.200177523274403
-11.346388521109102
-10.502298102141829
-9.970548135494592
-3.1841471757383304
-11.380568618618664
-5.250446268972541
-12.372276082967272
-9.318513685284586
-11.875746559073974
-11.725024791691709
-5.9851479351646875
-3.8803800642025132
-5.506050290752653
-3.255620841811915
-8.659508643481434
-11.976335063477034
-13.393484042052378
-13.733960371463372
-9.110632663190456
-8.879080280861396
-13.633608602191078
-13.011509532977989
-13.201330159019024
-9.354630474423109
-2.4040809459737496
-9.841253658538
-9.124581084828291
-12.810955507671064
-1.0665371869062146
-8.785495530279132
-13.29391483089435
-12.161063055320529
-8.15095932112789
-8.987531921074934
-7.814639392883231
-8.430522581267429
-10.873833402645952
-12.55433726032487
-10.354694795151232
-6.485964305689778
-6.265195693345151
-8.034382228707479
-6.406951455816109
-7.975715987800507
-9.910190406724569
-14.732817105860251
-12.384805881199185
-11.754793456795982
-6.656293066475801
-8.83765881435269
-11.068971429004248
-12.365509047331802
-11.477002853611996
-10.214915781827642
-12.69651398093875
-11.601579893280764
-13.064347350430083
-13.041574559424118
-5.8967048946448815
-9.585711044834206
-10.74280815179489
-10.668639523821398
-10.824021717336434
-9.503550100970005
-10.638958133974691
-7.289296232174099
-9.866241624631138
-7.855504739565013
-5.445329255558281
-2.2230217839782993
-6.303292643440505
-7.459371156150842
-9.245320224881823
-8.306704502856086
-10.967075545351628
-10.962709069367204
-7.070759348257923
-0.12408157735777015
-11.840994950137858
-14.74453625835932
-8.537146211456687
-11.64354828375705
-10.594860540517521
-9.86927820446165
-6.023436307987903
-13.193569713554135
-11.619257073308528
-6.866388197886611
-5.346972342677063
-9.101179052721811
-12.016693207780548
-7.346201311514609
-10.11014574844793
-7.557618248114723
-5.943966895557896
-3.751896139652322
-10.180823276802258
-6.98008104769815
-3.9866192920481707
-12.637897268925041
-4.727969325964384
-6.983157550581025
-1.6567651843348155
-9.464277951854067
-5.033666455338576
-7.214888041835234
-6.802436049975298
-8.351005957086421
-6.295299308237643
-0.5723630554545089
-7.862557913523929
-14.046025569745238
-3.0803794298358262
-7.290483850199281
-5.8235314562083165
-9.64905460819798
-4.856772688619092
-9.645445337819975
-1.3836668040851827
-12.472557511366968
-9.42102558583042
-12.488556898744738
-11.52112035712792
-7.092489879593096
-12.384752207843393
-12.151180439129272
-9.047429518471091
-6.565717656860408
-7.61621979959277
-6.493124899487382
-9.783261461153009
-14.64344914585784
-4.730330572426435
-3.6993915084585915
-3.2495826045798037
-11.039970094651771
-11.43337237960595
-14.65631577242994
-14.288819340110553
-13.560787676444471
-9.541962429808368
-7.8555398383185375
-3.711107590016775
-13.016786794640943
-8.136001372748977
-4.859838186745183
-7.043241857703337
-5.942686535161901
-5.949900123504497
-7.50895224908892
-10.504536860001098
-7.760721966062295
-6.026226998106413
-13.98614969352366
-8.498186501591503
-13.817786921779636
-5.785231634507162
-6.644561606209234
-7.238386061061738
-7.868389772614408
-8.758904221734271
-11.407922967477544
-8.63145435164467
-7.964013670228627
-10.42131390773712
-8.249648756607384
-8.979843362206692
-8.402897256526009
-5.77102373381322
-7.106372804605083
-7.572556941418108
-12.472801723712239
-11.038374458679614
-10.748722967168037
-12.646489977801092
-13.31246567440459
-11.888285080740745
-15.50603553622376
-9.718171622351262
-12.976218224845361
-12.622544615567353
-7.711693107629823
-9.658000063123021
-6.372519803694783
-9.59704056369097
-8.279136828738583
-13.664798817284334
-11.350055702296288
-12.627008367387646
-11.441262588883799
-11.939618465837484
-9.670192710599036
-6.573908908203145
-4.485068219196634
-6.552692331466019
-6.996974493037083
-6.583383980886387
-3.0700456129525158
-8.019289385339457
-3.2841677185532623
-6.7260540969295555
-11.505440778424934
-7.698381981136139
-12.590643155504447
-12.87710339954525
-11.875889289957666
-11.083713153473777
-7.808925954788476
-12.672582538766395
-11.497162261371841
-6.933768399334698
-8.304759281840479
-9.403446898457764
-10.089082306871719
-13.987006991297013
-9.530402137012736
-9.027495888148094
-10.050142960889634
-13.08767973320416
-8.488144919033331
-14.14828845942675
-12.967224112294213
-13.375606341984064
-8.052969759617907
-7.969962009015361
-6.217060954843863
-11.819480450702466
-13.278820014489849
-12.3358870527968
-14.783597738859623
-12.583393732991999
-12.301951919110738
-6.5058742008546915
-10.627440053664364
-10.624139254818898
-11.086520712439215
-7.212996522594311
-7.734204216035762
-4.8670891926636095
-11.571870317784807
-8.724145801095545
-10.64842093898963
-7.854048262363151
-12.717106206798324
-12.541795357089798
-8.986391169013398
-6.258874030210508
-8.029420290829462
-7.455961510540093
-8.633940129780225
-14.382340821306833
-12.619248396357253
-14.28742888066355
-10.359447373531392
-13.68225968516212
-14.124681671507737
-13.83253303896101
-14.387052458374448
-13.7034177457817
-10.296975738700153
-5.95328433530141
-11.56967027134715
-6.769628472204131
-8.006752757362197
-7.669492176923594
-6.20759947632417
-4.198862922101482
-4.061935174523268
-5.854986492653725
-10.276780702493133
-7.780209471037289
-7.406487530204847
2.8304534122861336
-10.242599012960689
-13.234277966291888
-14.400795910547203
-11.371214500560102
-13.050372114931621
-4.542980445884274
-5.996822862515249
-5.373337233056741
-5.450850958338348
-7.655726983993342
-9.126433340744434
-8.043658040580587
-7.3558945527685005
-3.483489116011853
-8.448634718585511
-6.829879847877388
-7.13578076764266
-7.41709824778679
-3.2882924712181976
-6.469239666683067
-10.076958997963766
-13.260396680675814
-10.723096867372645
-13.237594039063193
-14.28043221213563
-9.730680248918638
-7.740559588101867
-9.192760203116803
-4.627711209275935
-12.547977319040239
-12.240518228839191
-12.802043611221487
-11.766148022147595
-5.536357758586349
-6.031755099159645
-7.759404754356678
-11.919560702554742
-6.186003865661138
-8.679315778138248
-7.162474035790384
-7.866159146905469
-7.6151744399759504
-10.025907534728807
-10.937234372158851
-12.953566192168129
-10.860311238456934
-8.775374017366278
-11.669724424949342
-7.125428338494867
-10.170437504201551
-7.431834962255204
-6.717864618667287
-9.887992469520848
-12.785268290147979
-12.994701334869617
-13.89744915567197
-8.549042193916149
-13.513711555620995
-9.992524689924258
-14.356570362138891
-11.854534035832275
-9.06214262605624
-15.254198548981446
-14.866378464702294
-12.8834496515085
-13.516847063616806
-12.341552848881552
-15.061840616297385
-14.87065271489791
-6.850927745194909
-7.529766112054158
-3.4771944672949893
-7.242889148415016
-7.280071413257053
-8.699575223098762
-7.5107467284408225
-6.369810604576402
-11.670579114220665
-7.882011701747377
-7.278530516269504
-11.00075828596468
-12.47989564768176
-13.068384517198485
-14.07955294409753
-12.243837508483459
-12.548530191949313
-9.685072767414608
-8.339506478959757
-8.217426603910111
-9.040800474040914
-7.734515654828756
-7.694871165276034
-9.251293704699453
-5.506024558036007
-9.009997260031042
-7.664099394463658
-7.106417318429237
-6.869186851703496
-8.411267572136843
-9.060478198403368
-7.71353816303565
-9.389658078209136
-7.926670133316536
-4.903273305339685
-4.83533889754703
-8.03666760389352
-6.636815002658344
-7.43850939443282
-8.942037490946607
-13.102649400274208
-6.88448067554041
-6.843441556066761
-5.350153502115809
-6.996639337315751
-11.592490194974872
-11.533023542171302
-14.602567731298855
-14.126458099091467
-12.101873514340715
-12.729097115100341
-8.095929679392867
-5.803861922614027
-8.331187697760022
-6.175181463869503
-10.081675147984534
-7.004909345166532
-2.952788998983702
-3.9701509064078624
-8.107999691986231
-8.136927235791417
-6.911234723272085
-8.301821860401642
-8.476712131711892
-5.628813090739907
-8.874843537058652
-8.522409914476038
-7.565433051481657
-9.53002104063693
-5.856198816408393
-11.859163032382346
-14.259767685246084
-13.338907717000222
-10.405382141748284
-13.972034223337262
-13.154226558352752
-13.438180829110113
-14.289844891557589
-12.425041445248263
-5.828488494943675
-7.078153356555422
-13.261354442252953
-12.119263568800795
-11.06427972790138
-6.839761577069448
-7.059968408687425
-10.100149019722373
-5.946616525780364
-14.739776261185591
-11.697431399602982
-12.850824890756678
-11.9652189304938
-11.590198981955782
-13.59717680321244
-8.048829923936925
-11.331790352266763
-11.017194764980555
-4.93636697752677
-6.992038239509482
-6.849612585915157
-6.842225699287167
-6.2846700033128915
-8.297221334605975
-8.692885939316776
-5.537320995311338
-8.271021537020635
-8.180083180236158
-9.018648984818261
-9.216377917132839
-7.647961023617053
-4.934022224404098
-10.088125787838845
-9.284450907585141
-7.589159967071319
-8.609711825621064
-3.9019406400247454
-13.905745953880961
-14.904247235657408
-11.52122400706605
-11.787402905024559
-7.295181119147201
-7.37041487515174
-11.512551888943579
-11.883831277203743
-13.158966457500824
-12.781851861117964
-15.081422329086221
-12.780405995069977
-10.845601345595718
-5.5431555009041045
-10.155140934159366
-6.566143249279357
-12.93116883058773
-11.223846156915275
-9.077265253888932
-7.879723083800198
-8.526788726663233
-8.421373054624327
-13.100375805331888
-13.596426752323342
-11.331192055292806
-14.69603440828567
-14.331899778467363
-10.891506829239683
-10.246520514757504
-9.923149837437908
-9.764130374938405
-7.680299036184238
-11.286600743025849
-10.774808484831965
-9.442884269425749
-13.026773428745601
-12.06736211119105
-8.272504747242088
-8.354408501682368
-8.424538560641802
-9.031534012892788
-13.407726447688505
-12.183671408011342
-7.909545434261939
-10.588553533782889
-13.134288578570738
-10.73724798870391
-7.149554252848215
-9.804010530949286
-11.414736895575334
-13.016646395367523
-12.287137361857944
-12.397053896670133
-14.084376006295624
-3.7991555963789434
-8.310663219181384
-12.341370115881737
-7.96963024079206
-8.974266254922373
-11.076320762776112
-8.870753833381011
-12.725854168529562
-9.454815528338257
-12.370943559697942
-13.852080839904879
-9.300316512156188
-11.401643730347327
-11.191013788150958
-9.106217388486481
-10.337725397572214
-14.908562634011252
-13.955601374497016
-11.08337701367481
-9.344648155486032
-11.624891850087812
-13.623967668570192
-13.844536303055653
-13.2852302657506
-9.456555862591143
-6.666157449254338
-7.059958196338913
-8.44252092627934
-6.501304628478473
-7.274326160858836
-10.786716094926195
-14.462333498206187
-12.134054118476953
-6.61580627196979
-10.481471331346675
-6.35421074433469
-9.033552644756181
-9.487344500194672
-12.993445652126372
-13.200407743806819
-12.299233705913538
-11.55161730988104
-13.276834965517057
-13.969220807148325
-13.121633186278675
-10.609043821083706
-12.829473696087945
-12.648004808292924
-7.682308841211544
-10.576494371333668
-13.231189931312144
-3.7697458793467433
-10.273387644533566
-8.874318736247044
-7.4914228194705
-11.784597976923267
-13.246459138222864
-8.169790125853924
-11.535870132773969
-10.69459425178958
-14.53828081130175
-12.238742639283423
-12.63234025963765
-13.80313498681775
-7.26643847220949
-12.638056727232646
-12.487030728186067
-6.071002152817729
-6.883295785527965
-10.10435515592445
-4.595762924265125
-7.368985521170302
-8.057178002658477
-11.743947643298391
-13.196500032382843
-12.675583185223397
-2.379256254785256
-6.958058931238759
-8.920130811621378
-7.971894214570042
-5.4967995907538105
-8.292611074426262
-10.478056561583454
-10.523902061201845
-8.063293505090492
-11.348592182409629
-10.124880564983368
-4.380080721162157
-13.218855892296398
-8.159287402769213
-5.225982192958305
-7.5238140620983
-6.811412126106475
-13.627541125268458
-9.248848002144738
-13.98277451629635
-13.599508635955097
-12.59523929579901
-13.21839172488488
-12.941502305705828
-9.505542007918589
-3.7819734338559443
-6.855164066016522
-12.897073072195123
-4.8724518574293425
0.44651303578686274
-10.536644384436833
-6.62850442187829
-7.90772348775241
-7.285198350854298
-8.260362705803592
-7.549990184402483
-13.861013457345331
-9.658381603808339
-11.652293819497977
-12.91742445922012
-7.198890175493682
-15.721253563673837
-13.133112579882074
-5.98936985643843
-6.472132168929112
-9.09937505669824
-9.27306274169468
-13.556916531201654
-6.846745831428362
-6.6333342363108665
-8.027223175415513
-8.109646571955082
-8.72662720184327
-6.535926480410344
-7.950096113269382
-7.806735608291255
-7.955003585407865
-8.977655021450238
-7.515770492003178
4.36180678021525
-3.3939873656012236
-10.34414002238573
-13.966881138170702
-12.805913817014343
-9.458922953700254
-7.96154246723917
-7.055221716542592
-10.781574916792827
-12.840146325786073
-9.702283288187266
-10.172627908715041
-11.322984071551767
-8.285997567718109
-9.226576774844384
-11.954850762840566
-11.428463729321878
-4.644575615971545
-9.642873786786685
-8.322804385575482
-7.770750510481834
-10.125378401447147
-8.491020685969312
-9.060708158696364
-7.631043589748404
-12.813524357642963
-13.303674772701655
-12.658659793311974
-12.973047807918034
-11.61200623769624
-7.144977212050527
-9.765664874120008
-11.855977903993045
-12.264245359196977
-13.657691825820626
-7.4283967008059975
-6.683858975402776
-8.233523640041284
-7.040052879356125
-6.9462283458868175
-8.373936191116375
-11.767033047906164
-11.71655579182722
-2.633410073208406
-5.7466523572025245
-6.252852977521815
-6.519273717120992
-3.875229237673142
1.6487010993249835
-6.040279850231712
-6.232396906030093
-5.358274622822039
-7.391606985182596
-6.586632678825457
-11.855307292266447
-12.341540280324166
-11.940399686810112
-4.980804181095847
-13.26210149405227
-10.972452954830663
-9.165285933416545
-6.694744342081961
-8.328773655288359
-9.644322785798597
-12.871686420105737
-8.640933560329184
-4.59945507445637
-5.126637331712497
-6.843629573855427
-6.616030287199618
-11.22721644725633
-13.192776966830186
-11.266102451096412
-13.175706595474237
-12.201683497415297
-8.745926210535854
-9.312027945716418
-8.183973279302041
-9.60778817871796
-7.8704137048165475
-6.744883736926896
-14.225001188922844
-11.157822617239686
-10.55981442099946
-11.04076593836325
-14.41260362075158
-13.981034355302704
-12.397134282363083
-11.583700146341505
-12.87214095624347
-13.434668839467447
-11.97482755298149
-12.687917509391964
-12.185939068512589
-13.520003532204742
-13.013915359277954
-9.153445994985583
-14.335935937966617
-13.956528845067309
-14.176188415234728
-13.993003860667308
-11.374014621822436
-9.641291200344034
-13.727886737158892
-13.847666820802305
-15.177667814282916
-8.234217939425433
-9.640253667160476
-14.368951962349376
-13.896199363116255
-11.151021907421093
-10.85748878007843
-12.54170956979181
-13.70707364683617
-13.463325168846898
-13.051928180479582
-15.142496264062732
-10.858793173059574
-12.912688550138958
-11.51737936366622
-12.455529621901498
-12.76928519305463
-6.375346636869557
-12.83216910572247
-5.012380968922352
-5.325417362272752
-9.67216014310106
-6.659667951966107
-13.60193136941794
-12.700084896930644
-13.669360307330125
-12.340138261254623
-14.153158359586884
-14.617950489474952
-13.495936283237056
-11.359454973803594
-14.295019637715372
-8.212859709179549
-9.70965943458326
-10.66714412569897
-2.4335510250681307
-8.010642129889536
-6.440804091386448
-6.730565923214494
-6.869608704561263
-8.110733613603971
-8.634230462627187
-6.635520950818819
-4.557101745462354
-6.983786883838425
-7.788551572864106
-7.332242892452016
-6.595408332601044
-9.425761544651285
-13.005333244445628
-11.596908133984048
-4.857196795846015
-7.305794217630637
-10.168350539675032
-6.040334463836501
-8.700629224362865
-12.813334812789487
-10.190876987552773
-12.154154350796569
-9.46025658826206
-7.200069941232727
-3.9219269564178503
-7.755743462301733
-8.651409005032274
-9.62840385346608
-8.613662519939863
-9.41365653919613
-8.970713335278228
-8.08421321969042
-7.930578442538214
-9.178294896570254
-10.349437139293794
-11.474608529134992
-12.327605484330688
-11.46120496836065
-14.425645281438833
-10.06142959695796
-6.841749550484926
-14.67638205335166
-12.736063428436879
-13.733031283133254
-8.47301400995185
-12.926403361507642
-14.74370357233534
-6.956241733314319
-8.532691565533485
-9.11610322634335
-6.286663306337019
-7.252691399266924
-11.03179501090462
-13.975559417951471
-13.052060160065858
-11.545713569290447
-11.578457153821265
-12.587957576123564
1.0070643516584945
-2.800726021214044
-4.903645536718811
-1.6377200121735387
-8.063219106855088
-8.116837839829888
-5.6783615492629345
-6.930752483170146
-6.1641635206889696
-3.7323750161344726
-7.2394409507905975
-6.6938762535761205
-6.666924717620272
-7.2235585113913405
-12.179714470816748
-6.793900569161009
-8.124993682073129
-8.498377084136042
-11.657834017879908
-9.821887030091489
-3.889641154377165
-4.8246412202932705
-8.69895878736339
-10.871115627767397
-9.431440718850014
-7.535955630377382
-9.161481943153623
-13.46231454411674
-15.069036659379284
-7.980636898131615
-7.051103119978254
-5.51360902275655
-6.858974638993277
-8.170841975064754
-6.377500709001896
-4.5538172296633626
-5.194922276047696
-8.702088929956142
-12.054894647698235
-12.603229028301524
-12.54062290056807
-10.414989767963016
-12.319975581744764
-10.751449930884949
-9.199005472662776
-13.392649669387648
-13.010288232549456
-11.064821818298231
-2.3276572863525407
-5.372348939067073
-10.078947258206163
-13.65435828888996
-12.404847939296392
-13.87222094856569
-12.259734997450673
-9.908396620415644
-3.727882001233712
-9.13282786899167
-14.014997204530761
-13.671292075824988
-12.50414750485657
-10.876636734416042
-12.669757482552814
-6.0700794259009925
-7.978866617881216
-10.648423243392998
-12.181614499548203
-6.734345680708642
-7.961269854422498
-9.419192646904776
-13.97266621926204
-14.965618360738288
-13.550823986928776
-12.788285451644455
-7.615646037193039
-7.070682662627886
-11.763654009393202
-10.056139250266092
-14.847939202368192
-4.424038869168659
-12.483815194765228
-8.976957118187757
-12.207360871297087
-13.18686209813499
-4.245784764785264
-10.570880221781803
-10.886905892268132
-11.35655477479128
-11.878314166064222
-13.728612865808836
-9.073052275649822
-13.026624382496776
-14.08164576756587
-12.638471052773045
-11.878904296696101
-12.07032842855521
-13.015015979019097
-10.856730649424492
-11.722993742295026
-8.94402610727905
-8.999952105936384
-7.8259447213362066
-6.940211040213983
-8.010879903927679
-8.931990722097034
-6.018458191322749
-4.763903701278332
-9.866083481324567
-9.509409169663286
-6.596611003068348
-8.043357861994034
-7.575296367041705
-5.946423863837136
-6.01144120232723
-8.372678536024965
-5.079788704998835
-11.864217508545849
-10.821085450017346
-11.658356573339217
-14.644515176625255
-12.87049582679371
-7.6085538872741525
-9.510886648819795
-13.401060351572625
-13.594215812296317
-12.76700923276394
-13.120634369828672
-10.003161413075603
-2.347767282534819
-12.059040687674047
-12.230601411115002
-10.49365915500277
-13.381776491201974
-7.267376545105651
-6.1470379637127
-6.959615259533947
-12.292659175175427
-7.664608410334977
-11.700426982364975
-12.138571307724591
-11.622201920228218
-11.98585223849925
-12.980991125410688
-13.472711850985027
-14.23059991618937
-6.372640296622786
-9.912013295261023
-13.007056772655101
-14.112999138995082
-7.7294015087671255
-13.698684320218256
-12.292981621115256
-14.061347103277088
-6.855642787659428
-10.465533219762396
-9.098483030547733
-9.571499321401282
-11.559615919602408
-11.736706818821926
-9.724400665574267
-11.502865392393392
-13.094212265620559
-7.823396376024486
-15.5055043197872
-7.983442383249528
-11.517457005164795
-6.227402089847975
-6.521633766320998
-11.388217983105646
-3.2829609040409427
-11.818428434707108
-8.323026357446901
-8.04341105583819
-10.85212989921773
-13.154325610014457
-12.526869314304783
-12.578188031145592
-11.588377140303864
-11.302935376156784
-13.613108208438067
-13.571097295318815
-10.141441344299952
-7.340360468009882
-7.4088175654579835
-7.589808973454629
-9.009369241406405
-7.661779799565971
-3.899380078842565
-7.81991753184065
-7.725028647644408
-13.937664298668313
0.5145041032978257
-11.120829791110836
-6.350642528549036
-10.304784543374936
-6.402658708764575
-3.8957407910230897
-13.04210464273377
-8.547751959291944
-11.281540871242886
-10.8544518661876
-12.44860335864364
-12.288370528773422
-10.53433455270522
-12.218698526965108
-12.138495463921748
-14.005399093138628
-12.272261827200614
-12.024706134920756
-8.168259628079745
-9.753087830834444
-4.948355924714194
-8.094383029961737
-7.52264787980775
-12.989642601452102
-10.966475741007539
-6.725572279142981
-12.779494742049579
-11.777427589856602
-12.886486096175698
-9.974284187131115
-7.235294815179939
-4.447305154275404
-9.736107945988184
-9.363069220012584
-5.982215303512901
-11.885090198148646
-12.621447246569707
-13.52972272040778
-13.356211900107416
-12.169472845373246
-8.890783015617817
-14.82586844609249
-11.605786503121353
-14.663127739899856
-11.534240904197986
-12.69338308871258
-4.920655838402087
-6.97352227906252
-6.58805895279888
-10.52838257079083
-5.75348705207161
-4.7669738323539095
-5.277249525152277
-7.779916930462246
-5.8484878526691695
-8.918102387960637
-12.221245427416871
-5.3004170781652125
-8.771536200930505
-10.884837763377712
-4.462279499086847
-11.434696616299814
-3.9172432890668203
-3.7206254066970934
-6.001832126485996
0.05567925209529334
-3.401221938198904
-11.644757900709623
-7.3055982908300585
-11.902181589180328
-8.534337996128064
-9.318154137836677
-11.080021268540662
-5.956705723491693
-10.282530543396314
-7.277381825359795
-7.465541257267062
-12.07799757825127
-3.9268680588089953
-1.8386617861579677
-6.0877872096188295
-7.424188188182015
-11.815018704150981
-10.973660464337044
-7.059572568253603
-5.241117676224247
-13.771995750416913
-6.651683417637763
-1.5896771246356576
-6.268251607299066
-11.292052952991208
-4.844497371093748
-9.992610193544353
-6.19936195700585
-7.848124750122884
-7.906882954542752
-11.960730476139169
-9.510167605602977
-11.625129458374298
-12.007063200438312
-9.683451454888543
-10.98049831020036
-8.96617482868663
-6.895640726441661
-9.700101496546155
-10.52885482067638
-10.876555557955623
-5.296214222239797
-5.880950120093523
-2.9876090082284956
-5.65472655313777
-7.133557937915279
-6.591847957672105
-4.99492072858739
-0.9626669380122435
-6.223825688145877
-11.18158650963883
-5.1863664625482535
-6.521938812508374
-9.200816647048388
-11.55633690332379
-5.889343841711397
-9.048727409201241
-8.23975657391322
-7.80933701321034
-5.4664974378736355
-11.688142385626595
-12.654618448143367
-6.873782831833101
-12.943357825722174
-6.605556121324915
-5.78956190259386
-3.290648256248774
-8.649436636124626
-10.269203247426816
-12.926819293319213
-9.18128177931496
-10.592009159099876
-7.915309303120602
-10.496730117023288
-12.202068221381724
-2.0101548422736064
-8.699056788447258
-10.614646540340402
-13.705597041872515
-10.360787225189585
-2.1916034798392907
-0.4937648640902317
-12.916764052718015
-5.621498126677497
-5.483050690621507
-13.511847625776568
-13.261447320712708
-10.553964897303324
-6.9739827122129325
-3.086639552102877
-12.154122633027274
-7.3054324080271575
-7.809018719971161
-5.719458193076214
-9.052581824266282
-9.444057705011762
-8.41018513771864
-5.357308480710596
-2.9309192703272426
-6.68214043182039
-7.408382679199867
-7.883011146553116
-7.5285742632504675
-9.524871284233726
-11.11867506161171
-10.424935821721052
-14.215562196827094
-8.866342829121574
-11.969034427958055
-8.92531662580851
-8.966918690400945
-9.899418637297037
-1.4725968306116188
-11.243631036497993
-11.393394145218696
-9.026153252618823
-12.848026398723068
-8.295414158293683
-14.142418354778373
-13.423704698635541
-13.474139240467903
-14.566249099580846
-11.537690859572093
-10.765975943431386
-4.604382388491917
-7.87926369976737
-8.593265056807741
-8.554385376771132
-7.817555274881807
-8.183948598215096
-7.271553569582603
-7.548970989393388
-8.565773520192675
-7.004968364906876
-13.859820789465108
-15.460637079387348
-11.476459024740784
-13.272669825369777
-8.642185294722257
-8.188003370028547
-8.268342890220065
-8.140453868447327
-12.474848165085005
-14.46531169725141
-6.08256030518013
-7.475332753368685
-6.881679068753111
-6.094501428405222
-12.045591195728832
-12.061440674063638
-8.358863946277388
-14.632474696095596
-13.37508420878638
-12.424923756592209
-12.084352951400232
-9.759314950567063
-12.89261684637448
-13.837803324690586
-3.7536244227712814
-6.420137535862222
-6.29703800530346
-2.881629152201331
-8.833237305460155
-5.797738523752725
-4.1002947213358185
-5.797192263235316
-14.463827890494441
-7.537871226126646
-8.759308886743971
-12.870924477372252
-8.832151470221401
-12.171238733315288
-8.740566478750123
-11.872072154040145
-6.9454577490539835
-13.316491159454282
-13.241409108725705
-10.757073526056576
-13.046813021342121
-7.331301258816914
-7.417071167813958
-6.173608296560116
-5.919276238757553
-7.762971211235229
-7.441175034163898
-9.655667234681136
-8.464787758275369
-8.951364846259866
-9.096989782563004
-8.68188445682172
-9.383957301733194
-8.114681130750855
-4.232045165906396
-13.680613639021185
-11.919978663937231
-14.28117004011355
-13.94365172280624
-11.768679286095502
-13.23439769563082
-8.718669085619764
-12.558248755114157
-14.094163163643286
-12.7581328805028
-13.543923187442767
-7.012304003336157
-9.40293345543429
-9.429834999361088
-8.301343727455626
-14.585321450925514
-8.406330315753415
-13.449077425414442
-13.107432732306416
-13.226486337880894
-13.987635686317297
-7.036839018352373
-6.846172756985208
-7.965761060788703
-7.405612361148035
-6.658166232205998
-4.724186354278749
-14.977789536948249
-9.047343974814243
-8.363015984965024
-7.72955131237962
-7.627219548799519
-12.200151014137695
-12.476068800580663
-9.190486082237719
-14.698132416276001
-10.177828615770913
-10.259700652930295
-3.070204319834266
-13.029557947084054
-10.361460374102213
-7.965533072467529
-8.579340623783851
-10.007238001532649
-13.379787975691002
-11.19630590325641
-13.24636656231589
-10.12313758540306
-14.131958391449373
-11.34991299997048
-13.042511526076062
-13.22960878423546
-12.418261685573444
-5.345766073089721
-0.02387584993030567
-12.307476509802282
-10.685743167749376
-9.734591765324915
1.476386910940378
-12.677213204994775
-7.503456350851485
-8.845869639855227
-13.215454924568654
-4.880392360465946
-5.620843789956314
-5.036556083963823
-8.56393379766958
-6.436307692382112
-11.885044620415757
-8.382678949923012
-10.283159814666522
-12.438319129770115
-9.640568544071417
-14.79122091410554
-6.717539905270337
-4.033701974830832
-5.8498214492393785
-7.795772641978349
-7.433280024927076
-7.803971401283946
-12.905451798978552
-12.349852080407999
-5.764671732584362
-5.932987674154988
-2.6194532859031465
-5.2475701245262565
-6.107623312678081
-9.513127299181932
-8.028194187856613
-12.21262942761916
-12.046915930311748
-11.258875720621493
-7.961385369932021
-6.6903668052961915
-8.70523169931838
-13.91585239884699
-6.198466508752727
-10.743485698643317
-9.530993433839642
-2.6801284309583773
-12.139035846728742
-10.293977589235068
-10.913386531363757
-10.461965467908072
-14.078906170084057
-12.360910632227924
-14.027037104471006
-15.76437523064106
-12.00690304892619
-6.769626301490771
-10.842897416956427
-6.025662272711461
-12.360735124927514
-6.547801228016842
-8.667868625792254
-7.6825421621703205
-8.203078432804704
-8.617942717395785
-8.785984133493939
-9.077561042650212
-10.23148416003824
-12.155668670670117
-9.306973613108624
-2.557285425081437
-12.062870671028234
-6.459785319144153
-12.055505313824098
-8.857761887143758
-6.186520918929656
-8.511065981614998
-7.58190737664223
-6.712930576044856
-9.429773623498098
-9.117753226041522
-6.9684114541739985
-8.753735542854601
-8.2056304621495
-6.730768015700286
-3.7404467061741893
-14.58076979028693
-6.913045306868145
-12.468003280468112
-14.328542482554006
-4.068056453501854
-8.16048993624751
-12.830450683200976
-11.292761195545175
-10.734366919256138
-12.514976678453161
-11.9378014342875
-14.482194683807586
-12.735588862907132
-1.344210927325102
-8.010267823836921
-10.700821953651936
-10.568743137582816
-7.479552509887761
-6.967509472772093
-10.449070231304377
-11.906060406590074
-12.125510140463986
-6.834334958406593
-7.843039404607999
-4.579710148641339
-7.055701489254636
-7.997771400960083
-6.66853341820304
-5.463378267330955
-7.246387947374401
-7.647267744179726
-7.500231708800508
-8.218938731867373
-12.847360592511032
-12.107522263466937
-5.7732605118140174
-5.576878562987532
-9.27459085696072
-12.548355782033976
-9.228734894123582
-9.975763529488257
-13.436084611828896
-13.691644426449253
-7.845897309687191
-5.8166721459834925
-6.6581146531035715
-7.634854007297959
-5.99987500240623
-13.507250029174882
-14.549606033158476
-8.900472587244213
-8.310993053018436
-13.39393663182734
-7.167614202799385
-13.094058875931134
-6.696789174587459
-11.535574948095356
-10.225747767966526
-14.92959244125159
-13.039117843303503
-12.1978968127201
-12.475427599154731
-13.440518455334772
-13.423378628546548
-9.312057649090079
-4.559505305951175
-6.656819294773652
-12.71698468903599
-5.459746780979885
-8.90253156131006
-7.175756537226843
-6.714916121840027
-6.811105863541966
-12.260979170210906
-13.02138841486433
-10.340655756468689
-4.952475841335967
-7.846983167000525
-8.643012982720954
-14.03174746292698
-11.134028306950068
-11.758183995551333
-11.501623186581682
-13.519754560953219
-7.286988078738219
-6.570522027453858
2.133560100336049
-8.716472416354728
-7.248043662536712
-14.680996339366525
-12.288428989979625
-10.290666762852274
-12.590911948577913
-11.632247458763516
-12.209516915112294
-11.944267246106651
-7.748851341827502
-13.64667474079683
-6.127007177162091
-13.216942782258746
-6.578317162220935
-6.321831364091894
-4.897932594555214
-7.699139179135568
-8.702217910815632
-8.42395622509479
-10.829138298875781
-5.254561702710981
-6.911985779498914
-7.381445397027663
-10.016664716257266
-7.56114529988079
-14.627105696584126
-14.519966698005444
-12.69383899635552
-7.524655319601322
-7.714345980231436
-4.178661395356951
-8.507438400955657
-9.722522047545931
-12.330666830634401
-9.637946662404541
-15.3819894986482
-12.445295107006876
-13.871862510404359
-12.847198487461686
-7.673383933969871
-7.5867278852523485
-7.867904846767545
-8.957959594829667
-7.170918698624307
-8.745110519669755
-8.533805978041794
-6.15317799640482
-8.009588152576969
-8.925472560583444
-13.197122955945565
-12.98289592591329
-13.669084947480366
-11.943387768498614
-9.899398203416022
-6.317324030366207
-10.28098147821515
-11.674923608685823
-13.430019154130363
-12.426170711708078
-11.663977724275762
-13.07732013774791
-10.941935771704589
-10.861316467827791
-9.9340045019549
-7.8578630554277975
-7.9011575273910895
-13.461389083714915
-5.8724076255673445
-7.052378563972014
-7.685781709415341
-8.976929196376304
-7.41019230052194
-5.074501464394187
-7.164173290395177
-6.961651732627015
-4.45637381043406
-9.851087319018633
-5.604185421668677
-6.520145230682913
-13.771934267479804
-12.99549603866567
-5.7276856465173855
-7.643347649724039
-13.0645786393189
-13.994525693999503
-7.5566783469516485
-6.13826896871482
-5.857709728456522
-8.13046629835232
-7.326679220375271
-7.232978885959384
-6.022709885206516
-5.768160083496426
-9.31652223961064
-7.592109352829827
-7.493628128001371
-8.948840846488663
-5.322164384701501
-5.218633778416017
-3.9103893972350456
-6.991522282722334
-6.438755428206779
-4.850959458004432
-12.700815492616963
-11.652856736793396
-14.831751122131768
-7.252034453459363
-10.496355601789523
-14.180022254475709
-12.308152478995286
-9.008528937240127
-3.694861510320951
-7.034155541918473
-7.778482806846112
-11.390590252013657
-12.429255605024347
-11.773809017784098
-3.935668349931304
-8.540712580777903
-10.557986999808598
-12.02028372131868
-4.129839068217771
-9.580923860321388
-10.951850824438846
-10.152602279815506
-8.173054087464811
-11.370535615707183
-12.43462706379056
-7.474272982315429
-10.152645885625516
-5.798186251338487
-12.25255811164133
-6.692072054898086
-5.36772145430692
-14.494478504463157
-8.667362660462869
-9.720460209670152
-6.8235961986292875
-13.873451383403086
-10.739214563482555
-12.296933974095499
-11.495839171135119
-11.677414201474528
-11.120744468128873
-13.417941684266166
-9.763568643774894
-4.740953927428255
-12.111814727156899
-7.904813049549533
-5.926744116448975
-8.875070723562942
-7.2712423635185335
-5.097205152339628
-6.584738871509158
-9.069286597356895
-7.220521519376106
-2.414023817508882
-8.81948144883681
-7.183416872000361
-8.374044729868771
-8.274783299083895
-8.055339346480674
-7.76772170433058
-12.609184145539208
-15.251511712032903
-12.610212032407853
-11.010379410677162
-8.084443823296727
-12.936261669606113
-7.841756880631487
-12.794051379975574
-9.065432876143868
-9.247667839424834
-13.202853110170508
-11.682382724424473
-12.311353956354035
-12.089296218212075
-9.9657072199252
-12.35148024711702
-13.4285636766551
-12.686503890937608
-11.072049315121127
-13.284253353411279
-8.232963893564097
-10.567020666363245
-13.410801788140407
-12.829015330990899
-12.497318321178145
-13.784722972082708
-9.541362287453959
-13.146095920745816
-7.968074835856647
-7.888236740290404
-13.855640982818466
-11.171392191775663
-13.361257959160836
-14.236784221843205
-13.665966620852593
-12.076153129824052
-6.916611857413489
-11.471241645223868
-10.500439068842802
1.1723418707558777
-5.104435393323449
-6.178255996391653
-9.877951066859115
-13.378187549299112
-10.638151816533187
-12.024001299149873
-9.10120499599887
-8.676931222738668
-6.3685037668471765
-7.273159203081538
-6.289385230532929
-3.7310528104581513
-9.751011519293057
-8.108465159732408
-11.868166633938383
-11.708082438377618
-13.634572327572634
-6.263642772002131
-4.4348713257217875
-6.283517518571515
-12.322210881320915
-10.022242848812711
-13.019937350477733
-8.723683838716113
-5.375653325253735
-6.6662080333164635
-14.400198386926865
-11.011992723010026
-7.000757987299666
-7.926405431296156
-6.995265433818278
-6.1554478645007125
-4.491609751381312
-6.469001839771851
-13.11138960912734
-5.673150770789742
-6.340115487180855
-6.213744156796154
-7.725152295618563
-8.040976527013594
-3.184137871577325
-6.220395847488268
-5.735642829286328
-5.110083384386898
-6.242508327848132
-1.820824613069862
-3.2389728924995693
-7.704251679225122
-12.68964884814695
-13.23198748479616
-10.338718285302717
-13.835678885725574
-13.800475608901177
-13.589005323903994
-12.859863494524507
-8.19223496619216
-5.093377813626715
-8.709193710307346
-6.86455268790922
-7.136033922673434
-7.020580121649576
-7.666192139868845
-7.740572710473293
-12.411633606300319
-3.289418164316263
-6.567558791040323
-8.604097580741893
-13.43691025316085
-8.747458967810989
-14.402431706806617
-12.330671404452943
-13.753256067815826
-13.210404463567947
-9.94735671528072
-14.371275017589419
-7.329896690158924
-3.8682743153035446
-7.116970865387172
-7.515284342107166
-13.931934854396465
-8.730172705208613
-11.412926601285779
1.5678094522087411
-5.91843583385569
-3.530474326125959
-12.57054857911195
-5.474853046831291
-12.124888823974677
-8.723558947763555
-8.671724907694946
-7.679067403971326
-6.6907677972022075
-7.406022453327091
-8.920592257751046
-10.831885287051707
-9.058430442307642
-9.182570171578478
-12.608427621442942
-8.907072972811127
-11.168068169469922
-11.465676164350507
-12.825743421373174
-11.449329714045827
-6.867063773485479
-10.745493225905026
-13.263465916649109
-13.943851520019024
-13.478362993921099
-10.393970877106973
-7.970111334969708
-11.290084295333065
-11.628402207954524
-11.620979933172924
-13.273316057448113
-10.821907740931396
-9.010279894574783
-7.759708742811774
-12.548858815159276
-11.02678443962737
-12.268077280369024
-12.515092167720141
-0.40092735836631027
-12.149889681491333
-7.9411975745263526
-13.313917951993224
-12.948402269191169
-10.25499042704663
-6.452371004063849
-6.581152984695731
-5.674171903070127
-12.806351957131897
-6.537167904151616
-12.299227518261599
-8.717481431043648
-5.759457725983925
-3.944933717307869
-7.029381096987065
-6.264084191800674
-5.5130326535165075
-9.267781137299083
-10.63267439601458
-10.160742257938361
-14.215551813934166
-12.601989352483313
-10.595046103618222
-13.844479979946136
-12.886486929381034
-13.556935956864175
-10.403363188636721
-12.704773766312497
-12.172194502106146
-10.057467715489011
-7.564052801613406
-6.081423938971187
-13.726976894623311
1.2309072261513196
-8.096824144225172
-7.754504695909201
-13.516355538012476
-9.474088905017284
-13.515986865113794
-13.576869774006097
-8.664822354548855
-12.767682238435084
-14.06286974960185
-13.439296292487489
-11.43503634676178
-8.288224425800843
-10.949978723437379
-8.07610043681087
-8.871492388059004
-8.10441247028872
-8.965528204027448
-11.53130225278927
-7.246496147427005
-9.229718052636198
-6.336752808530289
-6.069697321029844
-13.54525672830033
-13.272813497930397
-13.545689436192063
-9.27765955709144
-6.785050860708804
-7.490059056761117
-7.756786683988795
-8.137992988191014
-7.080224773776715
-7.565286645718254
-11.275742599224637
-9.024420852847124
-6.596017206939501
-5.7955946555213504
-5.842204721460697
-10.583448444518105
-12.299260112998192
-10.48678681881866
-8.319527757703325
-10.163738604394092
-8.686232711751568
-9.493477519968025
-6.066607380592014
-13.368883243675686
-13.811005192973697
-12.42397303011314
-13.580235019386913
-13.148849201390448
-5.754199315398929
-11.475687797384476
-13.365285536829475
-5.654365880464149
-5.341015392209444
-3.7773494187539045
-9.315408221735135
-7.436257442682175
-5.327610580741794
-7.568139924976893
-8.42748471279996
-14.560612823406881
-10.771877574533027
-10.338156418618974
-14.186999053787863
-12.954000454520186
-8.124778351730123
-6.563409421961041
-11.12656351677415
-10.353461035394286
-11.73081988270238
-9.320984055349115
-5.7230435040696275
-5.374050428729484
-8.185705587418106
-3.78217726917154
-12.170263891835644
-11.853734052216044
-10.489616891148504
-12.827554732242206
-12.01364991723278
-11.808745438081578
-14.266162289969412
-4.094557700169971
-7.947899592019933
-12.92130641562516
-12.626775942407988
-14.05627780233818
-13.329522885261916
-7.2783406744963575
-7.433955543319513
-3.251624008553385
-12.89465336213375
-11.861863331662054
-12.441121720315373
-13.473459216902006
-14.352581352022874
-13.541840239806103
-8.087692242622317
-11.584805987655875
-8.97757764709651
-5.27390541686682
-5.94879636743518
-5.838181504854329
-6.408319032260854
-8.627728906646917
-6.752966988235818
-7.664564888107078
-4.256607464391367
-9.917670948979882
-8.055580966142749
-9.257560326069687
-6.842054533508784
-7.437195030357048
-2.461152868298078
-4.577195593979834
-10.239157501231507
-7.145704139830921
-7.351721644861982
-5.413287291924158
-5.921043020293568
-7.659542850237942
-5.988052108548341
-5.277350293699982
-4.329930589906054
-5.6759588891886
-7.121674679962184
-8.472897972518414
-10.710512409925702
-13.289733141198573
-14.54712964837765
-7.8781778310787285
-10.064857026987717
-8.704544043937435
-12.406868085687451
-13.224623033675808
-11.842916232037629
-12.54473634473694
-11.381799418930239
-12.122319649014692
-14.689724451480553
-7.568130265280257
-11.063784047004836
-10.727209487812383
-9.39484710536055
-14.677292623411345
-9.506817923084546
-14.699068582317874
-14.506136971773353
-6.3423887065673465
-11.340216119330986
-14.695752304595649
-13.61797216474999
-8.139574049664498
-7.980501510302309
-6.845490991825254
-7.139246527067381
-7.411020266595927
-8.725497706835856
-8.713485730005726
-7.306216471666625
-8.385255539357042
-9.37302473054183
-8.501795152839469
-11.042379550786432
-8.613504872035474
-6.392840027212566
-7.027908503570021
-9.527758487759629
-10.616675397239376
-12.9048744876794
-10.810553142308745
-8.589627664851447
-10.80026368127539
-14.280925274784618
-13.818835158005268
-12.381582199011692
-10.064141848547983
-13.964838896544201
-13.944504432283814
-12.34947865114399
-5.530606948033989
-10.98749606207506
-8.592915455434955
-9.786129945601163
-4.376478103110831
-10.891034184527546
-13.339789690640796
-14.206655327009845
-12.552912428746223
-11.94436524898451
-7.907872912651347
-7.473757378143945
-13.383177798482246
-7.314808462000023
-4.781350625150961
-2.35342164250728
-6.601360493538468
-7.3036183023836045
-6.693702680045502
-8.743774083887239
-6.0074615348646585
-8.313887241314621
-7.352623811468373
-12.507863144180325
-12.089230224087386
-12.291351505962497
-14.00166466195657
-14.202683390445255
-12.937773240341643
-11.36778398097531
-14.575645773462414
-11.503431761293667
-9.351626684360259
-7.8324802989408635
-6.387256548021047
-8.221104634964714
-9.17884689522026
-13.205232646006746
-13.40402841415058
-12.4749384163492
-10.312905215084875
-11.029675835363289
-10.235513949686318
-10.805932083047503
-8.75155732509438
-7.735501281674331
-12.609515653547904
-11.042661043178624
-12.25941792426021
-4.998192607195805
-8.972473309388189
-7.271076423482125
-4.616189175747911
-9.069328596814284
-7.703212480779419
-7.206566857776043
-8.03498927486365
-6.876469513164857
-8.634449429496879
-8.783118769964805
-11.767757924610912
-15.234315687921882
-7.08830584369235
-6.9804292954187455
-8.416355801396321
-8.056491619791984
-7.457702963064159
-11.462562074694176
-4.650270013280716
-5.2665367002177454
-7.796617268836277
-6.518171298171481
-11.930283815562827
-12.86179227534388
-7.591632757762487
-8.845195356253406
-7.406040313937511
-7.416471313146566
-10.135184510823157
-2.4438677128131108
-8.64336908142884
-9.042021333739681
-6.2030197877471736
-6.782131258645084
-11.396015971639223
-11.054990926978787
-5.007055270500167
-12.8257799239289
-12.877832875972766
-12.659289185796643
-13.976237371207985
-11.768399680781478
-13.799165606302601
-13.145139403378105
-12.81069032727086
-12.41410104073439
-10.122611047051048
-4.494044552916473
-6.514749912734838
-5.248053149574763
-6.852803273703187
-14.406674844461957
-8.741279819263067
-11.421159020387776
-11.659526743367916
-14.62799305896441
-8.300851641094074
-8.257848821253344
-10.910418578878861
-9.303106729554003
-11.125865059864523
-8.41535763722263
-11.180063951513729
-7.559764157240746
-9.88641540173684
-12.24178850108446
-8.401923103437719
-11.040000632101982
-7.9054492598392745
-8.161179639530504
-5.7427501404576295
-6.311447792775354
-7.562996972010502
-5.89699365280848
-6.746312672962429
-11.685545066200477
-7.3602062090677975
-7.183818641962683
-7.184545981069929
-8.283232575298113
-10.051917870864465
-4.2613670816492695
-11.539538975176173
-11.656820702953766
-11.680988209522809
-9.179783790977277
-8.578903452090104
-7.263636410306889
-5.776180387684977
-7.368133479473215
-10.181315036585815
-10.205215604375049
-10.709717187423717
-12.799962566770855
-12.992929396479477
-10.195676844734717
-14.033392337591586
-13.103780469400169
-14.530300834889566
-7.818232723796125
-10.676647140515383
-8.397772780566958
-11.954329271059098
-9.349992312072649
-6.893988687414658
-6.850737189961744
-8.115444659648164
-7.34284898392892
-6.159144318568453
-8.762406995227652
-9.127256700328436
-10.02498798502477
-2.645233680490911
-6.506698055988343
-8.115374118709543
-6.6580606201330745
-12.665437631014793
-11.920368335616526
-15.45026760610667
-12.408341698085929
-14.814408076791137
-12.55496162149212
-8.966670444687734
-7.612263409381033
-13.364317454210031
-12.910816287189487
-13.696812283753797
-14.060183734478546
-11.611266320748816
-14.16058654256624
-14.09727556606415
-12.11202794433837
-14.202199885292327
-14.898137528703133
-10.955395054493769
-9.430808068679399
-10.46844443794744
-14.985192550637116
-12.35997287495864
-12.292308886002093
-12.532838960914702
-12.741491106296541
-13.164023557797503
-9.164067155237936
-4.444808260702948
-7.55922537472572
-6.8590518502238105
-14.809246141261477
-12.10594926520616
-11.632566449063056
-14.157066368839462
-13.630692830544744
-11.61948555198934
-11.666696832680959
-15.261202820708938
-14.704533161119425
-13.403603326060471
-13.67456521724286
-14.017613148479995
-10.288637391157296
-14.4102735081742
-3.0055734083114647
-11.875408952665039
-13.017211368712971
-11.722155606406892
-6.805236720731287
-9.291783885078273
-10.489865635463346
-8.430797142866828
-10.107990608969589
-13.774477957669523
-7.096750274671992
-8.528286142878585
-13.37517689138771
-7.01922899984798
-8.983573187678683
-7.909534899154908
-1.9720218789146222
-10.448471212413715
-13.668160904407905
-11.62727585520248
-13.208531218142811
-7.369169674728166
-5.723659552376795
-7.427002694152259
-5.2101069760448215
-3.94301691777635
-6.577135194414559
-7.134491080901636
-7.717054220701226
-10.466385567035909
-15.445466197422652
-14.796766368639032
-14.662052837278129
-12.937991361391731
-12.563900785414907
-13.169037704756775
-14.888551945124128
-10.388218089656075
-11.111481968162916
-13.69580527591093
-11.613698008879107
-13.260972321483768
-12.669913120957876
-12.256484204342943
-12.577379932799658
-8.012626769486143
-11.97946021400478
-14.411850115118257
-12.26130861351966
-11.260179944915116
-10.251335174351507
-13.405664673807658
-11.338156354189614
-12.698895319755218
-13.649821248145079
-8.03231155210115
-6.277874613548868
-9.421978163230971
-8.637600312963565
-6.6299469951093695
-6.864103791684245
-7.994009510301391
-7.458584015804989
-8.149329006255464
-7.916857585637505
-14.319574952037524
-10.495444133808032
-12.635445328252045
-11.247776561998137
-12.902808908667264
-11.403785119041853
-4.755667133591498
-7.884292632472326
-11.28871273536188
-7.283741681107156
-12.526371912798933
-14.16669948707341
-13.966596606647869
-10.535007929364097
-8.024553445663177
-8.927584678368994
-7.122596766210815
-4.20657861817303
-7.920977883453778
-8.70179993288037
-12.581468318335524
-8.853410539542539
-13.337014076839019
-6.858417075233827
-5.810111539863624
-7.559152225942253
-7.59204692103109
-6.092225401143743
-6.549853242480806
-6.741535692623241
-8.258055065027202
-8.130669404316452
-12.433430616351536
-5.699280444083893
-14.566185883675608
-10.3701977600748
-8.270149756945713
-8.489182995398497
-6.006091222593941
-9.043624358826113
-8.140975994739458
-10.980575975576263
-9.839056014568873
-7.75997636102342
-5.5054376620045025
-8.690217952130965
-14.15401097034764
-11.92621432912168
-10.500684785358208
-12.64718545818867
-7.583199674475059
-5.836380135358441
-6.344021492173527
-6.872647264989506
-4.677411069249167
-6.390755072091173
-11.904191046958186
-11.316585261773001
-11.576325483019163
-11.006417429599464
-13.980688675656522
-7.646157249336034
-5.9510486613159905
-6.912509977581604
-11.700105825499632
-8.327337987207219
-8.195781633597516
-13.010651905753393
-13.119740347022208
-11.852795342380734
-13.37919463297757
-10.07610492634819
-7.896452992215895
-6.1404964230004575
-6.247617935624096
-4.696749252638138
-6.27225230985309
-13.219788524166416
-11.509651003013218
-5.899719827353774
-5.829151560904483
-5.756827226304158
-6.431098529605583
-13.31907456647728
-12.888527404817074
-4.959918353743943
-13.592601237683631
-14.313759650963338
-12.091290355444068
-13.18162998370659
-5.402560327325169
-5.684790742157862
-5.4078778906529665
-10.804985587047547
-13.234857489224156
-12.60208743958478
-8.733150220210415
-13.104840400367367
-10.428319375625462
-11.140841085887253
-11.548194948567975
-3.0694174325947126
-9.827349451964611
-8.152879550759351
-11.723821777443119
-4.402309981668049
-12.806403342999428
-11.957708017911346
-5.113868747458513
-8.677569647780922
-8.37162194149168
-4.698062893351976
-6.221696711949394
-4.810778448820931
-13.16800626503312
-1.770839119309288
-11.49120655829818
-11.657829532299887
-8.882621435646634
-6.948469420975569
-8.071380934881057
-6.594305031799605
-6.6602791130887375
-6.046930345485354
-7.023320869344193
-12.206058015018204
-10.829501428284585
-8.74927657362609
-1.1807649511458216
-12.051504454053251
-8.284761809175794
-11.496477876783807
-8.990705971144505
-11.898671966244418
-13.568947588454996
-12.697507683507029
-12.736674750602042
-12.727738913958305
-13.366696764109053
-13.56001682752936
-12.831910383467902
-10.907755818991316
-14.079124871230848
-10.713579229798487
-15.129868027232005
-2.83954176482216
-13.507635463323135
-11.498220807624552
-11.37603677814754
-14.785074004982764
-11.089918335652653
-8.73817950309163
-12.25910102393334
-10.348947265705062
-8.712079508209204
-11.466466379036246
-6.804866411541133
-12.616071110676026
-7.7979252214198835
-6.927143950136187
-12.409467923987977
-12.306821118778515
-6.723475232221061
-8.600801765476906
-6.178764849351894
-4.888243382062949
-7.069173635271553
-12.255456989395912
-12.669269624615739
-8.55628168414815
-13.202919547914325
-7.0515596973854695
-3.310563130463722
-8.021859671184712
-6.503166290680067
-10.72224645619741
-9.739136458359937
-7.437683967573485
-10.50156836961153
-8.300397227155797
-14.236544705917849
-5.71731844887389
-6.768195738930279
-7.551497957555298
-5.302660097511131
-6.421660573700676
-10.009672758321646
-10.997664326628971
-13.37270528252266
-13.578499423962231
-10.597747822701082
-12.168967214220956
-12.60440920911856
-12.77573669289603
-10.747890749918323
-10.965419030428547
-6.18789185870193
-12.592412105224502
-13.457185822334534
-8.18528077848683
-4.009045117928307
-12.687934464557188
-11.38496568794328
-13.404626023355497
-12.287675734360455
-13.065102724386401
-12.90115158483308
-13.35196112556948
-8.273372710704013
-14.847702619052054
-14.13311459138436
-12.755604958850032
-12.935975066424847
-13.150524665086952
-13.247629500479453
-13.952345771984726
-12.061500714737242
-11.094476877976025
-8.073396461360927
-14.003660880874541
-12.79935150088836
-13.79215252158862
-13.081464779280967
-14.214549698362797
-13.152661222983134
-11.40017899882358
-10.146650658226132
-5.686156275259122
-12.274955686709319
-11.496567547691841
-10.366228110562302
-11.424452231147894
-5.168616087248691
-4.400079327074471
-10.518997945470428
-10.912787720990412
-7.724616087693905
-12.299962648522385
-10.778289462574381
-10.4825215790854
-10.653193153597275
-9.040133294545276
-10.108965264658705
-6.541282345454373
-8.503350643719642
-9.226917047670215
-8.716723255727892
-6.373047147071737
-10.62458995816526
-8.07284748633517
-7.214932161050384
-14.326260997682745
-7.74511416615864
-4.559050778935307
-6.611679186636713
-7.864763013714404
-10.060339187430479
-8.067562319186791
-7.898838777924108
-11.682486267906311
-6.0538078873046
-13.596823275535273
-11.661158813651213
-8.214609577730778
-7.037843210724352
-7.945454199690773
-9.257468366868231
-11.220525747776033
-9.56929101449202
-10.885387250137722
-13.34005223374969
-14.17837858579442
-8.126123606114504
-11.007135465884957
-11.559242408346282
-8.438392108688534
-8.052887433944786
-8.9860657425432
-12.354848051506103
-13.253174438652554
-9.431820054120417
-10.051213412476967
-11.55593939495855
-13.319882334993299
-13.66843864472779
-10.45549149137
-14.500806427250176
-14.215343675235161
-9.099114342101824
-13.108964045480397
-11.70768784196208
-13.056185183395854
-6.5524895608461335
-8.277454348976631
-7.184588899497761
-4.8067409778501675
-12.596822531458683
-11.567923391341035
-12.627363501997772
-4.719580144454008
-3.779720859517393
-12.947108206754677
-13.016941540352585
-5.697390535154911
-8.445666994074877
-11.78781904099964
-12.936537703866016
-12.253582113077353
-6.848557847065326
-9.39164876135628
-6.632015178020515
-4.678439601847957
-4.994519495164405
-13.131472953470599
-11.79815070801576
-13.565443226064922
-6.913148143180082
-13.95686056790445
-12.84109739483992
-14.800519044817017
-12.150749918280729
-8.321209626715104
-11.282634930229278
-11.489890501930006
-7.2080046323975955
-6.622396521366066
-9.881796658288955
-10.057705031650144
-9.070496297487617
-9.909481466588858
-6.75344599070768
-9.559087653580844
-9.863039052049517
-12.982695543677728
-7.126059691524057
-6.461854093225936
-6.9433288630270455
-6.909610698015669
-7.560117522805718
-8.24587557608181
-6.462630512876042
-6.227532627949724
-8.161771722215525
-3.194317199576844
-7.950456458220845
-8.049827518259994
-11.687450299218876
-8.77103800047718
-7.545420459061111
-7.384386436170017
-9.860174613749622
-8.298997201373718
-10.775417606303382
-7.940918167222249
-6.337904485113865
-8.578853966138757
-8.478247779024947
-7.732624405573198
-6.6561882393682446
-7.580415634876686
-9.314691210026714
-7.996801284327173
-6.56145508550974
-13.37972156987913
-13.013100846587133
-9.252667714420213
-8.997284412044767
-13.407538770989216
-12.579245676585325
-15.765816871415947
-12.915071607392003
-14.797780577575255
-5.674794407389429
-12.622414797579262
-13.592182379282004
-10.68176305412858
-13.676838097671476
-11.4396730225807
-14.733482167972825
-9.93084263378341
-12.722733060494123
-11.388773143752617
-14.477153673497813
-14.518949294748655
-12.484813562254
-10.90771212891092
-13.741534776869885
-11.904012230950054
-11.775965241818573
-13.679117248879422
-13.481395723430014
-12.946419348580697
-9.983542031622486
-10.502653772991277
-10.208659617847617
-7.057979461358792
-8.437696953012868
-5.634515223090981
-10.186735876711696
-9.49193546187235
-1.5987809912388657
-7.649856308941765
-11.965186008735582
-14.085825009417656
-11.955560959378513
-9.261889515984869
-8.368461226846863
-13.657940813211887
-12.873342797245487
-13.793929985316383
-14.53518322262922
-12.47735194688545
-7.068373279610998
-5.773946085764302
-14.619583855458798
-4.007388726682394
-6.3602509586734906
-5.754959026794155
-14.11395064155188
-13.029490023137164
-4.894453535294643
-5.155092415759153
-4.148571580039678
-7.38145527862118
-5.7784232970518605
-3.7595242612683064
-3.456296058425589
-9.972424817112161
-13.866000559034811
-6.674142979087884
-6.532315478136182
-4.843496520391284
-7.655564297112559
-5.8244259610813405
-7.42194022411972
-6.463375223513247
-6.036427192001029
-13.950685944672017
-6.976910211417521
-6.395340859688998
-9.480433003706056
-8.846916536828397
-11.911946564877193
-12.217715102197957
-13.798817227604077
-6.853274757679062
-6.902539225594756
-7.7409615136477
-7.540249454617393
-5.41098229681603
-7.10878427817784
-8.804623669652962
-7.746186669499572
-6.689389521453524
-6.40444905213207
-6.640043386982415
-7.37778462856857
-7.34505052899168
-6.814080104968325
-9.488088558469668
-9.23036668009705
-7.204905282966962
-4.773438102869068
-6.622839424430333
-8.036882624086347
-8.32622700628348
-11.523481647081303
-13.748805005311949
-12.507384399689847
-8.189845083937287
-7.2711349658157785
-9.746985267971787
-12.19032621443634
-8.867851724153885
-8.685547755446683
-12.317170857470371
-11.903360090524647
-14.282195724969256
-7.428310957741618
-10.142126439409205
-6.811454611866921
-6.534500437407669
-5.3894762268163
-9.471558269072837
-10.998173834335406
-5.746759815726502
-7.039163722560629
-13.719651386292588
-14.343080491547703
-10.459498416329104
-6.629364636177804
-13.479277482600585
-9.712272042796274
-10.523898620606404
-11.996683218146899
-13.719693495061318
-12.078792207044867
-5.572303059462464
-4.898200944603964
0.5019299619165978
-5.5113365758803745
-9.5464122312264
-10.394434567141465
-10.342459644560845
-5.257556493309593
-6.455315027852297
-4.193303690514889
-8.070454670402622
-9.35863240939692
-6.889160694121131
-8.145873017044543
-13.991778360327231
-12.078351129323815
-14.495873472738577
-11.627054570211072
-13.395845798128406
-13.008892867404805
-14.324298716629082
-14.623637875679423
-11.546021367985034
-11.71826960872908
-9.108849337016713
-9.373893411533874
-10.469772203745617
-1.6907668104418527
-3.1386196856046142
0.2502109752069117
-12.586913897036146
-6.779897758146668
-13.296215306661042
-11.171595018345663
-7.9918739323804475
-9.472327597661451
-11.605248556188856
-12.493801051135447
-14.332598805377163
-5.73592686862862
-6.23745970499258
-3.5017428429222837
-7.561744813650892
-12.431953997115578
-9.904250132523462
-12.637504754735474
-6.498900461660644
-12.816287462034902
-13.14820626215338
-11.45053470429955
-13.192851427447835
-13.09120243398637
-13.392644142016994
-11.802389608796002
-13.40885502452908
-12.463622093720268
-13.984027117063295
-12.11787725890218
-15.070731625861107
-14.398525856840898
-13.150161273116804
-13.98155792182475
-14.314025826821789
-10.851694464521856
-8.454781037510285
-12.971698699055095
-5.623032385329779
-10.587485549706486
-5.394569562550178
-12.853987361672607
-8.542601151663806
-6.02346351096846
-8.61750219513361
-6.9153400863569106
-11.165701476926634
-10.736309062460009
-6.645351085837703
-13.356619559351383
-8.473172173646988
-12.493330515665548
0.7069271222414062
-6.097543111219645
-12.602319492152487
-11.124608533800313
-12.478567723664032
-11.755968844229235
-12.092857629408268
-12.649504901110866
-14.843597631561375
-12.875448860971186
-8.373701305841932
-8.953189614704142
-8.673033384553099
-5.089519962272844
-5.323881501541725
-6.280846521403651
-5.970450345670008
-11.924568296500087
-12.225707214971386
-10.29358866338765
-6.320031635599327
-14.417403470409962
-12.948092991152116
-11.777925905549477
-11.13337181758649
-10.031565061654945
-13.939624529379905
-5.468971282041168
-12.456744272032987
-10.92276053797493
-14.048060761493092
-7.805564803111735
-7.258146515377064
-3.701388044837545
-12.969877793931333
-8.898293759436367
-7.560438569719769
-11.995496444225198
-12.91898976091172
-11.288503620750042
-13.90172545712303
-10.290919517738585
-5.792953257266776
-3.6169664461306548
-8.030137671507202
-7.558547475976515
-7.2072349948165355
-8.04538993129016
-12.895878363364542
-13.348169328389599
-12.518957565184309
-13.064646708334699
-8.551418858008592
-8.12858181001652
-5.619848801036999
-7.08811849373078
-6.0253230366333925
-13.356563374761095
-7.13295304820747
-7.206200613708094
-5.783821142366774
-8.394664192682841
-6.7129635398268315
-5.243943662459505
-1.8130893873152072
-7.219893932537943
-7.867854251257949
-1.5844533374495329
0.2645869542607553
-12.116245269704184
-7.867443726306936
-9.4124014109749
-7.3735226566226295
-9.865588159974125
-9.126545657849588
-13.874494706834604
-11.257460063952939
-13.986304963249747
-6.788932198698806
-7.535631535979882
-9.554198766067259
-10.828872399902291
-6.045361243235105
-6.972692938274299
-13.312257678600151
-12.34319972754961
-4.196964743183882
-3.994503562523419
-6.007351516118878
-5.099317554923014
-6.016777664157272
-6.944883410923888
-6.3739164857925195
-7.846827950329583
-8.645825452947202
-11.816464460712126
-12.770020630682637
-13.386270162553192
-14.656651735266603
-5.868639511506126
-8.056083037379077
-9.057585941730114
-8.913008330656865
-3.9464010112674983
-7.7170082346093105
-7.181628880111189
-8.390410790874565
-12.764468897881086
-13.853650109771166
-13.0990396622882
-12.289907288569822
-14.700147173787027
-13.883530858054623
-11.97653758122756
-10.231327040514277
-13.393485385375582
-14.007547163192378
-12.406016409607941
-13.66894559435445
-14.29200186130224
-9.785957420832524
-13.23763344688073
-14.929012436054355
-13.660958007782197
-8.313006644168384
-8.499490903105297
-11.95199111716877
-11.100899734297856
-8.720255478407058
-7.335119502972213
-7.991372175632645
-8.313617484277447
-9.474472819908126
-8.50499333837811
-8.944561362071564
-8.077203055662324
-14.12772273924488
-13.756684916683387
-13.742879229709892
-6.715403570011265
-14.222576877570944
-10.348196353211089
-10.11550836051676
-13.758502583593005
-11.222463884859376
-14.230576290928985
-12.715304719880324
-7.82642621745997
-4.65711111161135
-9.628102655911558
-8.325550388973806
-7.960255614902081
-6.834599422533088
-8.778323794557037
-7.975399305673847
-6.120340567043448
-7.621292031810633
-7.3788505657066334
-5.805750548096264
-4.576097754023675
-6.346491518640521
-5.755136912079129
-6.863773330255416
-4.219348581240409
-7.361958572530514
-4.9385652317472175
-7.406967872411808
-6.907031934549138
-12.442344369081868
-8.781298047282412
-7.475023801866835
-7.699693645330642
-6.9602457064664405
-8.761462972811113
-9.345292714178578
-6.7416892226021625
-6.64017489911394
-12.937430652951893
-13.933855206931455
-8.31214279428832
-5.077746650785329
-11.570148200266889
-14.340188414820044
-13.98071552695213
-9.421150821541506
-7.220717301048221
-6.943480714759053
-14.78690363412958
-9.07917549326303
-5.516580123510683
-6.1546549720098245
-8.81045971921392
-8.015774828491988
-8.780736963530801
-6.997001083909371
-14.667341174966456
-7.712620034543856
-9.563224183804799
-12.672415560293652
-13.784471864266237
-6.076786802703221
-15.372441725537012
-12.062850568623507
-14.824064910752162
-14.177347679820574
-4.224611730892179
-9.506079151474516
-9.33846273543295
-8.589098437919443
-9.190454898737368
-7.208775843591361
-7.713999539184818
-13.800086328963486
-13.93549069675273
-7.7389723743543435
-13.04928223690577
-7.871130882665827
-6.615937792836213
-7.86595969577587
-13.90568411594537
-6.897761959106709
-12.88477902362833
-10.578625046813727
-8.330789606521261
-4.29063787217644
-12.154599398589292
-6.580677098236105
-7.811162037744495
-5.109680232345086
-7.29001964892925
-8.460082769048709
-10.712899158842776
-9.377781490605601
-13.783419654079179
-11.00023436607262
-12.653159246765645
-9.638064290430234
-3.17546759731683
-13.474735624641898
-12.87093864845776
-4.693456629966487
-3.9841977212719457
-6.715424220307506
-9.056949828942301
-8.108285182257811
-8.09165805837056
-8.971939848299364
-7.998582311857703
-6.600861252185031
-6.693901234761262
-4.523666544557749
-5.92996279494702
-6.917576501392978
-7.252022979290328
-14.275648470405217
-12.597048209068792
-11.41751855800293
-9.186542103072993
-6.883653196313444
-6.007857456694952
-7.71568433539342
-9.387747811916217
-8.021810750650099
-11.281087245008548
-9.869389945980851
-7.5267765947489735
-9.813088527693807
-7.941561151413003
-8.0869025921749
-7.155130577460603
-2.138961684716125
-9.481760707382383
-9.51175220534066
-8.842691298677222
-5.999066740716128
-8.702416285133618
-7.9216326122401055
-8.464568136377528
-8.986383645278105
-9.55978795092689
-13.625628656300389
-11.417912891262224
-12.418300587931576
-13.89193541956358
-12.908573923661828
-10.833416222318004
-14.521274391141965
-14.697736232757618
-13.217119810470036
-11.073082504251838
-9.592880517966591
-13.832870315997479
-15.108678204895744
-11.903303474069153
-12.087992420830806
-9.702657491558156
-7.604534558615549
-7.263354991799421
-8.584761068911867
-7.148995474292633
-13.688364837548175
-13.779520176690955
-14.549382225225763
-11.702562277484674
-3.5809609679210417
-5.273912243445927
-9.093980405478893
-14.915621833802813
-6.781778660932596
-12.147675888201276
-12.775852180380046
-13.994378939829936
-11.7605754352516
-14.669617864706149
-13.482323812809398
-12.442714717010556
-10.547962354060466
-8.766156491120723
-5.402542620478376
-7.262568320101375
-8.262317309673827
-8.177150300479449
-9.6587491161463
-11.530705186469001
-9.905035227187911
-13.115003256102899
-4.741785908652035
-8.943836448767382
-8.188102940318853
-6.663893387796609
-6.682994679741608
-13.45900131798426
-9.745335733355926
-13.617888101351246
-15.837468182928296
-11.958956411523907
-13.938782791480342
-8.422239215494155
-13.54273874273193
-10.45538536461894
-5.716710854654351
-5.297752871798048
-7.481037133336841
-11.05788432657648
-9.36772143364242
-14.683023530078893
-13.910534183784074
-12.807979114542562
-13.056118692167288
-5.622936565642101
-13.197260279253
-8.432773360355537
-5.508468450728706
-7.468837695330786
-13.52983778933643
-14.112197232724341
-9.433618747771346
-5.087662491920878
-9.565011228277472
-9.86080261002339
-6.008445129056674
-6.154547056715424
-8.578357274997172
-9.30372915715968
-6.754504389738331
-10.453028151540812
-13.797324938290899
-12.799049784612127
-10.39408433648496
-12.657928233331514
-7.49112749235552
-11.251004771558588
-9.601743897483548
-8.8710460634742
-9.276273034945218
-10.569441971823254
-13.997319389734002
-0.7952530428915703
-9.325030251936218
-12.46037352201419
-12.109152581879762
-3.731360997057604
-12.336621844381732
-12.006130664306056
-8.161729512757766
-7.036869285471243
-6.2485924838985
-7.072897924882673
-9.041532297704801
-1.7367835067640442
-6.5011926102225575
-10.51584453846911
-11.995317846927428
-14.627701910477708
-12.306984704791715
-13.455194589705687
-15.069199778813815
-8.023663001762666
-5.06839307466992
-15.63276144036858
-10.87307538623536
-13.627615099247013
-5.382158453820124
-12.215210290399371
-6.175581235232417
-3.877970890096674
-6.879479221365865
-11.305300602284726
-6.78590523607908
-6.645311946675189
-10.987101910746404
-5.9395663862948815
-11.981925339757415
-10.668451219772177
-13.149303715599528
-8.958155678735523
-8.444997272367557
0.4033179348301519
-8.741068018490035
-8.635239583629417
-7.925552813451431
-8.209492343642612
-5.482353398886305
-8.225519399720003
-7.7138642798876464
-9.550346862460916
-10.423808935807227
-12.602308170559134
-6.754785937727426
-8.160851870085981
-7.2408600162402
-11.71620168077493
-11.382789270257456
-0.726616426804615
-6.994192502693079
-10.157466047314797
-8.70059190195636
-5.384086235642972
-3.734010822190642
-6.030624306200596
-5.761352132818008
-6.97949458006155
-7.573232635943101
-10.541835004361603
-13.062758581303065
-12.456504388025312
-9.061441711490003
-14.529914321157634
-11.711826221493862
-9.426349603769145
-10.307491673713187
-11.535573017346703
-13.838709885958243
-11.813210686007984
-12.20806680635621
-8.02241541339148
-9.00875861794444
-7.092888979278615
-13.005826756923145
-12.243212119927211
-7.770464877978644
-12.961723139824322
-7.214929882548629
-7.768952976217868
-12.180733786477527
-12.905579628473342
-12.78943919273555
-10.809718124312003
-9.688797957056874
-12.040778650889191
-12.674769967279186
-12.156783394614445
-11.190420187870588
-14.25658678752471
-13.662780533436464
-14.066748012998731
-10.694051644909802
-11.102729631181216
-3.266289485142946
-7.5605467052344535
-7.570878134138081
-7.321950975416815
-5.9698539990152595
-5.768092266034559
-8.433610493286618
-5.944909368110874
-8.083480782081756
-11.493470214108276
-7.015383416040284
-7.024722265207244
-6.773434016612573
-6.422484569786527
-9.099167312674306
-5.721442291038891
-7.226195124953048
-5.451632241208614
-9.13460648823152
-4.391832953500887
-7.547297650688607
-8.70673033569233
-13.572148360032315
-11.335837519418643
-11.388797530146771
-12.55310248818163
-13.042149780988733
-14.008885542252614
-9.961799685135642
-7.384172405900378
-13.800215996218324
-7.682261209875193
-9.737176760075508
-10.00950430829635
-5.9199321100667515
-4.331611570189019
-6.660135448544153
-11.95769737610325
-6.8586300968165865
-7.35806431891662
-6.015932092677734
-1.770071847057534
-6.037123051817845
-7.915540796038551
-9.11194773740219
-10.943495549353717
-11.295144895465885
-12.144833714563228
-7.099703072803456
-8.320276481192087
-5.723524547689523
-8.453484355144552
-11.818412366249007
-7.879648753679939
-7.947099570524633
-12.285005227746272
-11.342568420900063
-7.734812689265857
-6.12170845790077
-7.288938509458512
-8.39478736442879
-6.701859521908213
-6.140589969524421
-15.01661445103673
-14.564177463382231
-13.547906459951468
-8.7289471143675
-11.918027440307448
-10.819412384061025
-13.061436496827765
-10.804917153729527
-5.34402974561932
-5.743355123336718
-5.023026256484325
-10.844896245441417
-6.819981134710104
-14.889671758944562
-12.175499928803951
-10.590793137518878
-6.6685962935449865
-12.92444398352217
-8.051909077747714
-9.839357509708304
-10.422944648582277
-11.848959951102977
-8.02859925592185
-9.312364098196532
-7.570648819849295
-11.652647569526566
-14.204256893810857
-13.462396136180043
-14.163337101764943
-14.522414370498973
-12.663192266013278
-11.194424412570765
-13.339133880581265
-9.356672853544719
-13.96371705039711
-10.277737283874572
-11.427026022450661
-12.550656213043988
-13.46952166205866
-13.661902880420973
-6.583902209948306
-12.660439557563272
-12.650923686020572
-12.975887218835828
-9.057361555217845
-7.799550517731271
-11.025255257724869
-6.255414969870858
-4.720815708529919
0.7127839254951606
-2.4686107235313863
-11.486177063624735
-9.864689376212198
-12.334151657029725
-12.429178319160982
-8.133540217805907
-7.021718023645024
-6.249398444009959
-7.4007082553377455
-11.542918161139054
-14.27138542060835
-12.364335514950572
-14.269146716124327
-10.177575310325746
-13.460954867397424
-11.575551209256503
-12.93369333875285
-7.764036764733684
-14.733941643567494
-14.635955044674821
-12.830449022856527
-14.244308889278651
-5.10935047280522
-9.823349168278888
-9.115263760092562
-11.087303010113493
-8.817509377325504
-5.178090812746236
-9.873772904733228
-8.270676217653161
-5.007331992525824
-7.796366998005638
-10.080683562766954
-13.691991974630978
-11.546867806864256
-11.201321724232688
-15.27826161109716
-11.094133691863501
-11.852094047917234
-14.034315600985
-12.810666477769965
-6.259985335334206
-1.753623708498068
-12.499142904513356
-10.5951656805899
-14.884899628845268
-10.15010236623347
-12.754886869748358
-13.788954312333175
-13.432235645458485
-11.161692094339767
-8.33280217071715
-9.913177524513072
-10.371881445856392
