6.778144002883401
3.806419748401086
3.9813097581620776
-0.05694793234276185
-0.6904355677327632
6.909235662123381
1.1558284981323395
8.00944785069754
2.2928463902116594
4.602975769236161
3.159475967509855
3.730389655206705
1.5836818007305637
5.181641969475051
6.276137751472116
6.302730451738889
2.3359046992319166
4.912410776498849
0.7182974412307223
11.444981508292843
2.342619376597936
3.569696387674782
9.077297726235434
3.172866567932747
1.7241986423530038
6.428236461156046
2.1008560733148713
-0.37068795740814053
5.040584082100511
5.411013017206704
2.8810526312293403
3.824221321898686
2.6466577228820247
3.1919377511057094
2.09524320637331
1.0467828275668456
0.7174587657398752
1.3526383317342126
3.5360439056695574
5.727891381867179
1.804659187249806
2.737373656937672
2.567435879667071
1.4545882581452574
8.537582149494842
1.5768003351828832
3.5088636322374462
4.162470452445472
3.605244208603176
1.731534562303875
2.7267445540328623
3.2400638376838535
4.865490081321559
6.353392612886099
0.5967683836212212
1.4075245937104377
3.0943546406094997
6.358136790896446
1.7934329899749641
4.59562654822828
6.895034678028824
6.821870153782631
7.36721353640416
2.226830170360769
7.611178561123982
6.458185133656516
1.4002558938138294
2.61442936412932
3.766198485071273
2.550517950499522
4.906398008910652
1.9488666329967035
1.8451501955368894
-0.12302774781429571
9.140330207824846
1.5556913150105072
5.1574533068918536
12.899523883408182
7.473122613424408
4.237016149225375
4.122812279589207
4.220257625257566
3.399261590677045
-0.017037041099181166
3.1987245191181213
2.704130758498877
2.2367725605876436
6.79256487007463
3.6149602392360265
4.217683041040644
1.1095013345728955
1.0219476563484522
9.354898315114678
8.613420026072387
0.6980150149424897
1.02343189924271
5.1287688061630705
3.9414715197101318
6.937507257109034
7.899589431811415
3.8020831072345667
1.4248852940305725
0.3129334481041255
-0.05697871164515312
5.804130462797846
-0.30419039894704925
5.573263090525027
2.3735783479743904
2.089715345489389
0.41683304332959725
-0.04991905597666142
1.9136754897007986
4.4686737017375115
3.913972320486528
5.259317146126953
1.2562946739940333
1.8538995680686243
-0.5213639527611174
3.2909817054635098
8.9641677465365
0.6879180471716567
4.901723226071352
6.253197487896953
3.899474174586172
7.802916895942412
4.092615480046572
7.649192473785324
3.098246644354491
9.250361395227866
2.2255318128962984
4.695318991977554
5.175109213642381
2.704620638871577
6.418928425078781
4.656684770618262
3.0185522691262285
3.129828160236368
0.3997675307875953
0.21168582778859224
-0.037391175746713974
1.9864456228357656
0.4868541843457427
3.5791803006053127
1.7093487517442867
3.1691483486480223
0.9137128204641632
-0.5031958579450876
8.453656757204065
4.729861964930784
1.6285896566687403
2.590655986206954
3.31547143177216
3.8712826177250577
1.527200727353424
4.979443802729981
1.1841271652852747
5.882995585192552
3.141046796759886
6.1989545337416265
1.2822459589424633
8.31532894565842
5.386994712797739
6.490111240532509
4.9437095445125285
4.365985727135338
5.798495360100107
6.039371883072107
8.28272719265952
1.4030969685929795
4.997364710920458
2.8597967525056887
3.5006176142212464
1.7809388382457834
5.075151399795587
1.1254707035702585
4.481332108061646
2.7492208963799194
3.7395402484516933
1.094725718206393
7.281789936083253
4.951550698318175
1.4232467971651583
0.9355149385397218
-0.6930410633970175
2.0225816410132587
3.222931963617828
3.79689160791789
4.656589145664091
3.5567087068766896
6.079378252693145
11.111403352157122
6.240354874433963
1.5641075183273292
5.487396120757682
5.412369763935187
3.9363686552032497
4.932224105635243
2.7723776328669825
7.254432694606537
1.3028434512131937
5.2250446056962785
6.798565099100789
3.124199609576092
4.643305150015866
4.894625339330838
6.868140406114213
1.8144899429917645
4.6529496539907855
5.39409843866401
7.94399247158156
1.093525251723428
8.763757465278127
2.8742017519561784
0.6720385718822679
6.828582778064124
2.113979770246688
5.7840690686053495
0.6436205702612943
9.993012281785811
3.0203002052794163
1.9536736747251187
5.045199008212087
10.663833340276252
6.163988913581993
1.5487128208051437
6.249876162929531
0.8943454625554469
0.6351252624179706
7.751612379341136
9.934193754453792
6.813572995189607
4.998993150999931
1.9352180098911436
3.8615146038871764
3.863297989211609
7.646696980982098
3.2196486758439122
1.4994400514426438
0.07163854542439374
3.9914913045072615
2.5075042707105597
1.2201827455682026
2.6274299971144544
0.07082748711487452
3.6708294099805063
2.160104230750082
7.1769089285468235
9.198026019675595
3.987338128280691
7.407301492739746
4.47128965083691
3.5764262701924494
1.0219197236150364
1.0997921542426683
0.24580228125939407
3.0813746809040152
1.5942413949790564
3.648237425239514
1.2961695103627322
3.092615638028654
8.754678036785604
10.996882611331202
1.7613201119390804
3.2981910053081895
7.365573621588033
4.726013798718373
7.561998621999858
0.8859279097889616
6.064326896170524
0.2263731713203758
7.161138406749719
1.4415091934823476
6.631907953726726
2.326822161246293
4.8152528331258875
8.752676533003186
3.2274495294916283
3.557668298847692
3.2916306780601907
3.5562917144820188
3.153366562619106
-0.4804135127011891
8.532894838038148
-0.6549174653916207
3.8427325466728206
5.875473814570951
0.5576149550397075
1.3570106234327648
1.1860243629707514
3.6257149222443874
3.61592364870889
7.282444057260733
1.270846638614298
2.7866193232265095
5.06601587900389
5.39768056039287
5.942668425920195
5.061131298674948
5.320872692099991
2.3978379428782075
2.916825574115225
6.075286848572201
2.5844328235802885
4.0270804925369035
2.6456257854318963
11.045842678096808
9.549779984150094
2.0444277297786013
5.407276465324625
5.121362731433381
9.76982681722845
8.002038124684866
0.5107139326340852
2.799077147833557
4.6782921545045495
3.455925212749564
0.5820589122668207
2.728541988456394
-0.26455262208035285
3.097491330968726
6.517526259661378
6.930923979979436
5.272573613338073
7.772882465140993
7.0257597832664676
7.241971438359921
11.795763663197254
1.7113342221354715
5.531335145389752
4.619231640450391
5.433831749426954
1.396215114701939
-0.1953998089917895
5.9491948153729854
3.064780922969926
-0.36064126140616326
1.8821923758129373
8.813965326002494
4.28332564017329
1.8011676225280155
4.630959751768218
0.483296601987159
4.153346003089301
4.939012355925516
7.559368149259123
4.655978734944416
4.2279373820279025
5.5980264733637215
8.566916550668118
4.932870291526595
1.2560414443272248
3.4092054718550404
4.9460341412131115
4.657142621528287
4.43911199473985
3.9668349586731377
0.8208171309117582
1.874029600688457
3.7896922413064122
1.0046480082258558
8.262136536552203
11.262268825381966
9.8311803873792
2.9233658924060464
4.220869716675814
4.861144383923652
2.0488526008706685
6.057476234882884
10.80174121729915
-0.43535025983337866
0.6520011857082697
0.14962282217410494
2.0825559363420707
6.5418672741403965
0.3390302332735472
4.053336539889979
5.486358661289149
5.1048753800076145
7.524001333993765
3.3106267982309614
4.576247457057468
8.294309250946359
5.928013642393375
4.1732049517999386
4.335243904170365
2.1355737654469857
4.186988883350628
2.1448452717649196
3.4546817128898417
2.0022240707225167
8.493841962748299
6.8319391010217885
1.0011183517482058
0.3690687823879797
4.378606228003066
4.880445129856719
4.363868282303653
5.601327765237308
5.114757013674591
5.803802547879332
1.6396621478588573
-0.12087381021167876
1.786694003619872
5.980785623377856
0.931235006314697
4.466159128186726
7.131719283252723
0.4474698923560516
5.0858854349241565
3.8001790936199904
3.78511952535146
4.3508256946306565
5.259212530816518
6.213757938054452
4.552630855878187
3.8629864585655467
2.7385214655012273
6.374293587149569
2.645470945580832
5.830056406730292
1.7283896268114065
0.1197517283252045
3.972687740681278
2.8456255874881555
1.8205554770376435
5.469910926651048
5.827878631797467
6.283624633427517
1.7843908642941169
2.9930397049071162
3.0292029619922674
11.150012551899529
7.826211115582212
7.626537659575344
4.103829597672904
6.0019218554319975
2.661456422859197
2.397472198678179
2.806298003405472
1.8168590274888443
4.201404834891054
1.148700458551243
2.1456388220899076
3.6381220302683586
2.628328149400053
-0.07196622902980265
3.432554821217555
5.188608492770151
6.754834945017963
0.6373651182558359
6.565310404018145
0.9923539641289782
0.44949299144345856
5.814641780280148
1.3489050840253183
1.9447335567038422
0.9481287700654284
4.319217231487612
3.996991103204544
4.1731410857849385
0.2756047300305215
3.5749518771330475
2.715632147423588
4.800329551970291
15.629186113313457
1.4172008274660777
2.3241861189329565
1.3234478860075547
5.256945174208824
5.286261621200654
3.604518819952649
5.266302678261884
4.929433288890405
4.030448300756685
0.6137006597112389
2.172412751358715
3.4753435143341505
6.2296049163307075
6.8658030746187615
7.408008798935956
4.741482967801929
7.972213939225479
11.139177037542263
1.870557203157246
7.100624037751702
2.9539046508005447
0.9987884957906785
3.6141051439934504
2.1665509206272624
3.366477886971866
5.528962703644348
7.739261835668408
2.869290138641809
6.613948169399088
3.4806688388412814
3.7718594028531456
8.938533256242254
1.8283737138134306
12.227469276069936
6.484420369423393
3.105174841519115
3.171829762143031
3.8098549328014473
7.45456804851011
10.280356371320277
2.388447122480698
2.0500618345518333
1.5465030172729546
-0.4384730360069031
3.3526245202787957
1.8340248352424284
6.4868092702466065
10.573051088461332
1.2771777280403196
5.077558963287906
0.164869035426029
1.6285204675424694
5.8282570130431495
6.216446954847699
7.373096454286894
5.920904267151351
5.099765458076214
1.8066991189983406
6.879179725024135
0.19923146829741545
-0.592860316743657
1.2092208520389995
8.166095144007144
3.02306221825451
8.98676080057225
8.606968007172865
2.473662317842633
2.8781686985497403
3.0967541959553575
3.008250536288709
1.6469302318227217
4.840411192659465
5.23783664938024
13.575678792667997
1.0348366463206358
2.812926270195331
3.5801994394041223
2.349567407404002
3.1321069070235703
0.524387417392728
6.511352543694849
-0.20751222543106862
5.084947688660713
0.8377875307834478
-0.08045725835100451
2.063091451320232
0.2918383570568014
-0.5970554713489902
5.054819831695408
6.827286659121879
2.0307237879277436
-0.18930408323912473
4.931375563978564
-0.04774282915719796
0.31788269061856583
4.206215448218488
3.7384587416248056
4.836652239945851
3.327771814786976
2.2775637157494852
1.9189234135380664
2.3461475171746184
3.6935984270732716
1.9339047975926715
4.59559793048473
3.3580317836106603
4.949242844390786
3.5814247395631247
5.3576672281316995
6.331948886236091
4.792440034035226
8.59504792568724
2.2921704675423533
4.101474180771614
0.8119042574502966
0.22100379797996103
5.765253197001294
2.472912094501416
3.9940243087254856
5.011661783014256
6.445664348442242
2.087683916602746
8.263279343201212
3.161888405695169
3.334071900266379
2.772350636628139
5.949450532862942
1.7571553719684048
0.5034340202807183
4.678615533823673
1.6908444846451756
8.612357324069045
8.801034472760785
0.6079732489471535
2.7376252653077913
0.6425402036659068
6.361689985785312
3.939809422315629
6.197414417216958
8.032260474740527
3.1663510990321
0.4256383527841451
3.5665899100616887
3.2640635074636486
3.9667204752261718
3.4301063421798874
-0.4249060484795748
5.631921112849637
5.6241687071273905
0.7272947101163931
2.2486775803869365
1.7216321655840297
4.359680947554051
6.048434984823765
4.536980726565892
8.300535012916184
1.3179577664835447
5.097098833232369
1.2990450637906614
5.6734780063871
2.8362769212454357
-0.25286166627549395
3.1098371798631854
5.885453167460464
3.8292074496086963
7.598302975054658
7.897991022935758
4.374526156699291
2.730522431225065
2.8745509412389163
1.6538977716263352
0.8992343186047728
4.4054885655494145
5.04776483694811
1.196808878956854
3.002036977640403
6.25580127600517
4.653363451742876
10.672709788001082
3.1691873027859065
-0.21444592037648724
1.3527067636410868
5.595554246711922
3.028490266461404
4.091162678210475
3.684905973082432
3.2101509480967074
3.830304880519805
-0.4055310521091471
8.830288993566137
9.857706047107973
8.732731848706603
2.938796762689733
3.1973485374339896
-0.10885704548166758
1.7835293390123543
2.9854982621643984
3.1366460991249268
1.072348805313303
0.24350274841039687
7.6840916682639175
2.808162470552401
7.1548655918326745
2.6017465450733526
4.859247560123834
1.9585542159370688
7.778697271119377
3.823307495203814
5.389782532253141
1.923354127175519
2.351010821910378
3.1813234970572504
7.707701966650433
3.2591783774946643
4.945344995663667
6.541426339159993
5.184082169611551
7.122628813246825
4.696069094130063
2.2377680512114164
1.6613721157684345
4.446227647737805
1.3509598063810953
0.09280113860241165
3.9084768632623197
3.6879020582952595
5.994839168001933
2.557956529021909
11.771250529611548
5.958000393376759
6.587610828309532
5.255849462188963
0.7594037905865265
6.468074773619125
1.9641585010349307
6.691954059693394
2.7229942855800395
2.0522685206331666
8.504036815261662
4.024663111854006
5.971368205030414
6.778420122523276
4.2160178260154595
5.566971927328324
5.644881477415401
1.0273775936835357
2.9540072760382863
4.464442018335376
-0.3906983939470431
1.7727753169359974
3.9240628750646254
4.767497864478688
1.157308250175391
3.198699731751845
2.3364526512723938
6.4151641759406575
2.1253450534973273
3.043390455801992
0.7506760483935515
4.2136717936072525
9.348689843590156
6.401028551232196
1.778639689047721
0.8002611801608412
1.6873725071880101
2.2701707294667597
8.825395454051773
4.33999367200215
4.382336574714918
-1.2043659862923917
4.242031300560684
1.5191228039624134
2.1294079031079156
0.5823057455098987
6.216140167143754
-0.2651107013912881
4.328594394297161
2.7792307890754677
8.235584210950895
3.8296888816941954
0.06806506544053129
11.255318049871414
3.988893765330919
3.209174653409305
2.637166068591612
7.849799221516412
2.4035678718995097
3.11986743089781
2.2463633902608393
4.271929183990153
2.3417527898998336
2.561395716087276
5.244241602279183
1.519016321998683
2.7032391372064257
3.496834696829431
0.422318462118748
7.2018500951464475
2.325110373762863
2.6332505706875913
1.4902822279810735
0.683315074716545
6.794549440272407
14.457805510241744
3.1043880299373394
5.635130057703472
2.8654796313049298
1.7899451167844445
4.321181026693312
4.802246431355534
6.15375069962
7.078731620696637
0.37029394313041886
1.0988515836334423
0.6026103963300704
1.6448413342339203
3.167248558217178
4.471631380063347
4.6415010732579685
2.644019488294185
8.313581461195803
3.7365795800709343
3.9703865009349038
9.037163090796493
6.811921352472206
8.28500756655665
3.3246511449847516
3.798168833759501
4.381318141229059
3.971406791944557
5.513560589764066
4.716640953951827
3.7346721124941844
3.9524484861310705
1.5114188527973553
3.5172799316425114
4.7003160878750565
2.9954600821275834
6.3149844290530535
4.322743170771177
0.9652277954230644
9.34780479540324
3.745313197898499
7.832369068428784
4.709773837811736
1.3456874594433959
0.2791831334005648
3.0070946916785575
5.2230115584819465
3.441954339193226
3.636074099040534
3.9419215734926523
-0.02065203425933146
3.0960847348937093
6.740121105777086
8.778635898325561
4.839986587773575
3.8156372890162404
11.076793716158363
2.5576287775953
4.083126750409204
2.1929512208781285
3.9798172705383186
0.8311775298729621
7.96681642599606
0.29657360437461583
2.445463641733495
6.055402756720843
0.4370367535065882
7.871206326129796
2.8411524693236836
2.265544560409107
7.065231140190303
2.819828171206695
6.466873554233606
1.3484997714281222
2.135027900663009
5.0779336613601105
4.510590407589384
7.838572265414488
0.4175255255212765
3.8658847932024947
6.3835339945372125
-0.1629642368001534
1.3776775150538154
2.714199263940316
2.8679892179746025
2.0184584132497747
10.69013747943702
3.246597748348336
2.7726724176412567
3.409442810522417
3.615384777086538
2.637107690769493
2.9323226738934203
4.078957611328588
1.249060122827284
2.213363976053638
4.544174843239597
6.511694526101332
3.0415474293058486
9.658361169679825
4.8574970730387905
1.0867770695188144
3.048138519728441
4.61457399993363
1.9699981651486613
7.993486396260809
2.476982615404541
4.881949805945802
1.7685975907649418
3.362941554153856
8.401612988497579
5.836556539703631
7.943765557879127
5.003238995902903
5.447479331271825
2.831002196770572
2.8164614852601098
4.094608688426747
4.749609909209033
2.460897658679476
6.448238884237913
2.754020090038849
0.5002977919073398
0.438126683152201
3.9463641775878355
1.6127495447318037
2.687168295483323
3.5820181532786637
7.462387450600367
10.016637502899687
2.593297291443734
5.596312585048379
5.608223111380519
5.52868552716839
0.31879037550608497
4.74988794152071
3.8846665616801976
3.6046915651270894
8.318136938082436
1.984886349718897
6.474759835969212
2.672806108628402
4.338168693727838
2.5334285871211693
1.4986549287019022
8.028401107891199
6.661309847140602
2.682784575463143
5.5072567475506915
10.886469515607228
4.980527502535265
6.561503321188384
8.767060382431414
5.010400592395676
3.9170254844289163
6.097643304275785
1.61692691769968
2.4818506591278533
0.7708704495022581
1.4078049501913348
9.332270963962754
0.7186624753365962
1.8720302693484645
5.588862368560262
5.225728108125034
3.390361018505704
3.566152770265183
2.536840213044721
2.8831204634223324
4.830633615983486
3.7324286735253627
-1.0697628531959977
2.5518749862174563
8.02009519155754
3.9492958420745596
3.1289853583621188
3.210046075073985
10.043604377815669
1.3257663748988295
1.5637629685340124
3.7922749778519993
3.6888982485421464
2.267908145077821
0.1182193116818383
-0.887398576755503
1.6964198725555926
3.3958731186525255
7.997678537559805
1.2795815459634254
3.862738573160357
5.34905464907408
1.2342455743026899
8.813807198068199
3.7271606718168524
9.983717037973847
2.7145499170040095
5.19986649770464
4.461414115847276
2.6924890665277093
6.505957381745599
3.2639284570803735
3.3831314857365724
8.505360876752711
3.960846258064392
10.701067791641865
5.842965697709976
3.1709394886885085
4.405813465005352
7.421927854885396
2.0167323027205772
3.158245529517103
11.225074576574755
5.765228328477711
3.9801035612816245
4.069428158360999
7.678652328040457
0.03170897678845208
4.634265964457267
8.222999738881644
1.0857133813554847
-0.5171871550281979
5.5477778621290295
0.7348581884408543
2.815092294330297
3.4170538227823
7.055336691986226
2.6002348259626107
1.2099330920793263
5.451230597907243
6.25172959137733
1.6144188091388354
3.9317152263962956
7.035658479611466
2.8277420360809984
1.3503672475405475
-0.030937859083872227
4.753388684554685
3.968291240748441
1.2970889985980587
6.285933267442379
6.615041826718339
2.472726356913549
1.6448464841244885
7.895605000284397
1.8168595054898196
6.119547528220502
6.326065009165549
6.729189535313071
0.6446746734259241
0.46855987221435025
2.741164990501206
2.5088738436262936
3.3223894859311285
-1.2256612221362801
6.4065521442014655
6.359346193436229
3.2760747292393466
2.54462318711012
5.399645125292805
4.748203240601097
4.147037466630957
2.891165531020264
1.1536491828796578
3.7217968359756393
5.8631085745169
1.2204975712211068
3.424520452455206
8.258734677323908
0.5882648733680849
2.4012641087039954
3.5040285115930336
3.741165112500813
1.4847521724342851
1.970658057248897
4.821352599927344
1.8319999480495475
0.3220157721986198
4.300221121884977
4.245610701466882
8.07731374717088
2.7939927949705985
8.884697987348554
4.6624319588640315
3.081652441769052
-0.7699891508627009
4.398372045501855
1.3973865417851548
2.4510103419629132
2.291411048369956
2.5263524531994297
1.5561898172029678
4.7237001949852955
2.656866230499328
4.504313057614658
4.07712105788166
3.7124470288822664
11.585303769496273
9.07875436266496
2.7461349885884636
2.770479925817635
2.5593345473641227
3.514520694351719
1.926649248408336
1.2415633133310555
3.2139448758080142
5.109069748452548
3.6431889506936854
3.6826532257033873
7.815026729408098
3.1316617730999647
2.766557695503507
4.354639563078627
3.457544392565651
2.217207700414497
6.161899262639443
0.5757295347518231
4.799329473041981
2.4790165440752325
3.205497248986327
0.9771164656092558
3.3403605724151655
3.1035607686074997
7.249673942775395
6.181710532143344
1.9015468529985673
-0.5209209490842728
5.0274232399104335
2.615767063406187
2.038532418148357
0.10714890541054589
1.4667540735475275
5.661203626039994
0.7479798749587451
3.124321568957878
7.581258564797718
5.043870309757513
0.8051207509008835
5.578490620626661
1.8354803595028482
4.615350724090952
6.766434666436792
1.177329449909579
7.58137966021144
4.0384155243112705
1.4023016294057515
10.161670289778867
1.987921590038098
4.397347617523617
3.987210194541041
4.37626095248974
10.05954526461235
4.022669263908469
5.157515462185005
7.430102111062155
1.5517365762543707
-0.21422638418016982
1.413868811578686
0.9704290379316484
-0.5406162155281686
3.7532774047074113
-1.582581401156399
1.5533715147465565
8.050054452953212
4.413031754520318
3.9918806290500846
3.1332062228195596
0.4157037948446467
3.644332660685118
1.750232115195198
0.6754716368132275
4.579425208377665
-0.7140285373595179
9.180824050963759
1.9890589231497025
1.036173547843912
7.29052958395932
1.5439026858220446
0.6567710212019725
7.350066792596797
0.2595764214651656
2.9391788185370906
2.553492963976652
3.6921385359791628
3.215405192359571
2.3734528525612557
7.387726616005217
1.7371243433671029
1.0955331296832536
4.945499276132784
2.488878896937272
3.6436599274292782
3.552952335971055
6.84810810684123
12.690924274895469
1.4807087749737429
8.65470054068032
5.549157869747184
8.132928726791455
5.809571739467965
0.3747592101799647
6.913912087698875
-0.5074881171982345
1.7385146866357934
3.3793382887946395
3.5900391684841004
3.8890059157771972
5.9240541825405435
0.7778844490324722
8.160816355488988
5.37864582499923
6.734442173575996
1.978397508405791
4.58621664260078
3.2073556805419448
1.326196391836249
4.917482272447013
4.403058336225944
4.821790309743478
1.3335920659864173
2.531637900343399
7.1168682671316175
6.633973471336797
4.018277978010986
4.702048284517358
9.207605145481645
8.404067756622464
12.29550883271231
8.302320795038046
2.3559268167652814
4.682387995362671
-0.013113952638723059
8.220832694496378
3.2231179983394376
5.076120567540684
1.4098972294044048
2.3035274529443868
4.030364395095901
4.636933517620307
0.7583112135319252
8.44135725746166
4.934666208429651
5.44020952643954
6.947826542023208
0.9827947947063536
2.6287718994109643
3.284696217371248
6.3958396815865015
2.5836772294932433
4.883511144209519
0.5596197665050873
3.9956482024899826
3.2049356953447776
0.21567837765677403
4.049823153944697
2.981762486695404
5.717437517932542
4.823950020729501
3.601633394497539
1.298735756929682
6.0129450057085885
5.012406423807711
6.206141993618334
1.1689335659314275
0.503313093116234
8.625692838139514
2.5749069531877606
7.010680737728771
11.017412325936993
4.629495910670099
2.526793895375092
1.3762292894710637
3.071157360930693
7.896656870248223
5.167354546766665
1.069672891202733
1.9084795861357269
0.33933135782274404
1.9006512803213216
0.5313691169666217
4.095766200870384
0.1311189875773705
6.697915615067883
5.372447811897956
5.802941093630885
2.632897536554422
4.4229337937492526
1.1081591729096372
2.9893403193894184
3.3581640831781936
2.269612034403296
6.596390267063295
7.114608316740784
1.7223685953741659
2.404692321409305
2.6240697049116672
2.392340157505439
5.755985718897402
2.456712176908268
3.0913117220916506
6.245587894219154
2.386608162822624
4.6039111275519105
5.453369329056275
2.773536353404779
3.0498434920302993
6.996218604379489
4.057703668775873
-0.23108341611879557
6.648369036152794
3.5495021769267723
-0.5870845025453375
2.312190467140158
5.159276924210085
4.602791149935346
3.967186729098355
1.9063016469450518
5.57500191286857
3.8858403638840184
4.495756941869784
3.4524382564783123
5.7151569323710305
9.536403583654117
4.9606820278073736
6.369202073271229
5.131920502286178
3.3602265762123427
7.8728247609412305
8.663708044486317
3.7825141910731936
2.6225895253598273
9.305514191399658
5.814854073951799
1.5758932544273403
5.276038703296387
3.8157748594123704
1.7142823912978256
9.155700394837798
2.6271873315672
1.347774208881018
8.129745231766478
3.537674294434959
6.733525454471149
2.8856936385718215
3.863451006722744
1.3966222333982237
7.1002997915252815
3.263797969217789
6.211244011764094
4.024600339492517
7.972358859729782
7.904355265579892
2.445607203125085
2.4424558097321665
5.797373255233583
7.459680802019928
3.951593858954202
5.191802894621324
8.02098932154229
8.57974927737201
5.813170326964546
3.4819503055515963
3.64430577642634
4.489927752067347
1.173702804983224
2.7161869352577814
2.713041286099611
3.307001597879141
0.05779583258328966
3.251146367680293
3.635964442489188
9.150430607378807
1.1872229939906922
6.288782213238486
3.066139193070539
4.564833988743379
0.6948495690291852
3.416608762899913
7.650525355635641
1.5785125080810603
2.3098531977274983
2.658966241589085
2.925899388407098
9.23757582959731
0.905411594744189
3.2791309350342313
5.2426115946865375
2.8212811065133128
0.5076221066726494
3.019374544916248
13.64622806612592
2.638734854814982
0.9233186522217963
4.757782721701766
6.24904679827133
3.0829844304434078
8.653347827083273
4.634504016052268
3.876583379032748
2.046002667746104
2.614062040488633
2.691924617327983
1.6305796616059192
11.56024835333215
5.245848153980631
-0.05181942281690899
3.6556503726681355
1.735809341517026
2.962703457071081
6.481968732396971
5.75168273037138
2.7375368785274197
9.194279622614667
2.9725311372723304
2.565848185979978
2.8659604843333684
5.136440450793699
6.992010802206974
3.5217791157223584
4.24229535777979
0.8373736171615455
-0.1928783609607569
2.4592909961389315
-0.8794904688404401
1.8627353036336418
5.938060373349535
0.6435295600455568
4.254546431501247
7.664215180691987
2.741648629252703
0.2772252627245032
4.231131811860322
2.3354624120539187
7.775656961709241
4.351269379297914
4.403197682003274
4.852497007768873
1.267237947897353
8.669237620171378
9.811485549935158
4.408799177291731
1.007496990356576
6.866280883385246
3.4138550110285517
4.7621486502982435
4.856423028602095
2.1669260883599897
2.718271641966313
3.071343604624619
4.66348267383972
4.3151716367405495
1.8500159471807553
0.287308145372672
2.6124286907337884
4.057848770435118
3.5232062992800848
5.484750765174334
6.436631638510209
5.644744959608849
-0.4093050841248968
4.718989557611019
3.745579201886698
2.975182054509567
4.960233574610708
10.840470998884637
7.737398659032939
6.067919469485825
6.277819729584644
0.6323515963217413
1.3729660860014434
0.22151795961077417
0.043048728158044364
3.2330420655842342
0.9573520300396198
4.873712114124899
2.4119705740477357
8.533283898362523
1.530125579453365
5.158707813372764
10.191097330954353
5.5577584845301695
3.6995022378766627
2.1507142143575217
3.912146720802708
1.7540969117591103
2.6256628236056256
5.206164060335077
0.5116593908926296
0.20134213717541016
3.3501104216996045
3.9014523442787663
4.839908862542672
4.50985834804131
1.0034995559466076
5.709384555111549
2.996019030949041
10.001835750231926
3.477054415274063
4.81477258447139
3.6681324697664537
2.419969619812404
3.003119536169015
7.406304265745067
8.28321870017283
4.618776559213232
0.7403994209160286
6.336038097917422
2.8397596787952226
4.0633093151671815
6.048065761348942
3.4745916871993145
0.7916298813822291
6.249191664305785
1.452117969787335
6.296762130745282
4.2306393013476375
13.065537629921277
12.939071707476527
3.714941200802493
4.997700264926636
3.3870825831758857
0.7073911392841956
3.7213100710291536
1.9423629487727392
0.4611261367606374
4.74320394939517
8.849239845496067
1.8880705818360612
6.899103354542344
2.8882612738382383
5.511898089848617
3.609514384693007
5.889647726873465
2.236765037607673
4.773711170912361
3.475552824099534
2.975657421290058
5.288903507924862
3.2951377530313506
5.213891252227752
6.914414968109327
8.058273959237601
1.1861477479686313
3.459587894074436
4.343565693217129
4.348948688947722
-0.41097141094308975
8.295357594067315
9.45560134317158
6.540654322805585
1.4070292401605504
4.685636764977343
8.32720708581835
3.2882554064335623
2.525084795855752
7.560194037805205
12.298391531311669
12.120327249487193
5.521429967270102
5.880064885860628
4.607648161380659
1.0972163236923638
2.4253573816600413
1.1776151602854865
1.8466809791016587
1.6604766246506462
9.834578325429218
0.5836887637285209
0.2505026650124577
5.185712285738616
0.6552723399547278
1.979785559957804
8.974484217923118
-0.44267262874679425
8.632502105636766
2.7078507474202
5.014417839688922
1.0649940056575868
0.9368645233680822
1.5637213365113034
2.0881528569826817
1.8287360716599765
3.569534449123823
1.9135558488953166
3.6331535479604598
3.4668066463964133
1.2497777167369322
2.1810770404666755
10.18092805200831
-0.737928851213038
4.4375091639471345
4.948746302797779
6.56970789420914
4.459928825805532
2.051476735658206
5.563920339738329
1.4471409847076155
2.0475680393129996
4.106554148192771
4.989644594557154
1.2497466814193274
4.0487518849243305
7.255409527610863
0.9009913692934652
-0.2808349160056687
3.469091909183418
12.22588538080522
3.8023520048813886
2.3508496487983646
7.151401818345473
1.7816774166219442
6.464301265977347
5.898566676864114
6.626906988770678
3.089984782147079
3.5552140988692766
6.156546435377704
6.871299131664388
2.4718039900681994
7.43763256890843
4.295446677906843
2.762628238137652
7.311545605805103
-0.930478251068278
6.166257075443727
5.37280968551931
4.7807040777106184
1.7974022043314044
13.888938434025615
9.286058032123345
1.9380844071481356
6.13157013890651
-0.38551235256381405
1.9578389161655334
-0.20633039810227094
1.7320883069661515
6.019421307927504
1.763990059947649
3.5048804799066633
3.2736854280937218
4.465564932925212
4.3321870333551855
3.431908487228372
7.352070983261401
10.382334732839931
2.6393885480273096
3.2247388215348654
7.139186797075298
4.486092333152836
5.522365844636523
-0.39839301750298184
2.108404774628912
1.9040161999438727
2.3515978439522978
0.26295337480105707
2.1696232600816994
-0.6741793060953453
0.0821625200238851
4.235874591821107
1.9838146223099535
2.013868283299623
4.914656359115236
4.27772250507997
2.9572469213465498
4.248050995608038
4.959446487667375
2.5040770454326076
6.580330593728329
3.676319286279547
6.660016546475152
2.9061652254466255
2.4568826390711287
3.040606107168038
3.9145918929124086
9.825551177922058
4.74560363012123
2.676161405013426
6.046635677635118
0.620831149881926
6.4024341702389265
5.520516853591844
1.0689731610924418
2.054066164988977
7.301517197141117
6.058436671348734
6.527541724417302
9.792383233408795
7.980818145962553
1.070682999636644
3.3916083812832913
3.097430695833845
3.3385694973164894
2.4494730468266495
4.44888877724258
4.779971298496888
2.5625442870225568
1.0230016946437652
0.10086941024923278
5.528644327520866
2.7779964116306184
8.738010336378425
2.1581013402158207
1.3318950834958576
2.3769829610774638
-1.2136317088866886
5.195737824853861
1.8780187429884587
2.2908823242646577
6.171699885335904
11.868223651215445
3.510585883954141
4.305327306230167
-0.4090230994684573
-0.9069179979976765
9.167976044596324
3.9938786136705113
3.3287616512900207
3.9345049796968086
5.39653730334999
1.9906346629921643
0.013949761979400788
3.182990616826818
2.1618446883530984
2.042943455919804
6.890579417935563
2.260668649979272
1.714971969851188
1.4752399380036079
1.8038068111889878
3.6324532489278116
1.1725365512544057
0.9137548413321738
4.405171121170671
-0.23824157602930135
6.7188535123910125
1.4291552870829412
1.4847239880615941
7.02237837734755
5.621741462618284
3.098205998525822
7.903845029258356
5.692677416224277
0.41146799958831953
1.7481044203279894
5.116189042353792
1.5238047502604384
1.7061766992983811
3.6015583470385204
4.831588840425038
1.4834311837611867
8.875993834159619
0.5015281499752267
-1.1235939398945964
8.182505809092198
4.850615430610995
2.5102246631627936
2.9375180433177936
2.5286739302917702
1.294315167721867
3.2000929268166596
7.135865329771609
7.314171930702425
3.708966043875746
5.88626009660385
5.506144797814036
8.407720604486535
2.2291312130772813
6.1840350057331435
0.13792235112567805
5.300904751409953
2.355121693355229
1.1494290590810743
2.194964134881622
9.75273787732858
0.5412774305371411
9.159568540599206
9.69501010183568
2.602177304008468
5.244774948096753
2.049156100245956
6.719442948165669
1.516456348073735
3.5767151170160334
12.774787525751265
5.91386684358386
3.1941086993938894
3.3476986574300946
2.043302515897083
3.622822082135355
3.9440986276761754
2.7573835864597065
2.620013194444205
4.619481270017514
3.7922707449564395
5.231357109393913
3.2537982056286765
1.0178602048074603
2.026749212343491
9.80054431038233
8.953236149036476
2.363158442269678
5.656805014087287
3.231273605330849
7.807337090056288
6.666838854171429
3.8231415875802437
5.485008678853813
-0.2887034608852078
0.9074826343437189
3.804715796254022
7.306690772921499
-0.19952249629416152
3.0249196913129976
5.3138949162291595
0.9028734210722245
3.8119135138709126
4.640957249872634
6.65183349309258
7.774997744843856
8.703953941599863
6.970226906659198
2.4757238746292956
11.653136124900719
7.1570371246759645
5.400831056121306
1.6372704508903086
1.2493927059869514
4.638839306710431
0.7387714982864377
8.316782766960152
1.9517386560227634
2.1547682226400706
4.233872822965385
3.894875725389846
1.9972803022143695
5.5647228983460915
5.612936451402793
4.691178800913592
4.191657216627288
6.156285500902999
6.532639695772725
2.580002717130361
3.777918367647377
4.918564308386992
-0.05179748357042102
3.0851081755205096
-1.0195325629295329
3.709893362730297
2.6324134832742985
5.106807023829793
1.2096133601997046
5.149336438048516
5.114799360481831
2.408165759965687
4.714567024896516
1.1684318244610445
2.990050665980654
1.919083356991728
3.708717352188136
1.6109326839729003
3.6176257064532082
3.9761720966301213
5.707397119408131
4.186331893622339
1.7066375229708575
1.6155660799461424
3.1471146372944037
2.7501716336727404
2.608634605844744
5.3332735926741295
2.0401721997203577
2.497823453143631
5.1683454910690125
2.731978818984135
5.842918001641063
2.9360449791160024
6.2727917971441896
5.665172044934156
-1.2436224429167668
5.191870026193461
1.0895773485872522
0.7259797171802832
3.0707745825768593
-0.07628856475171275
4.857008224947236
6.766266411922544
5.8104962530987585
3.3839119953136647
-0.006356992898201741
8.107186013078248
10.87802027449182
5.197612452487343
7.246915793393345
1.001795539045188
9.03045326289088
0.5458624916612566
9.656899746998562
6.684724574251486
0.27191369776345253
3.540677315684408
2.3099990574125586
2.8916441504843284
5.122809940387919
4.645542012896793
7.535169938006439
2.580420599314214
1.7731341502182527
5.483643462933239
3.6021580570860663
3.2863160825499107
4.090294622956615
8.422264183581392
3.869482453515916
7.280981390941066
2.8875510318210162
3.8545641536199615
2.282617126028328
5.579312784730235
2.31424305257489
5.180697072133092
3.62557485582963
7.259281444680483
5.6968058287147585
1.6234929731539933
7.061642749353084
0.15785550225760347
3.373372649149861
2.665988300159831
2.3009056578912386
7.611468714915343
0.8566289277880611
5.903534615930608
3.6001085432680378
6.811568488725906
9.541412457357804
4.024508864271145
1.1387605909113474
4.507215490582049
3.0140613547431903
4.4774587727919375
2.3827912515711684
9.10169504152316
2.3044058285800952
2.6083384637621974
1.4142434235285677
2.8126086534101913
7.456906817649213
0.1907041564985913
3.264611207163165
1.6123140036305925
1.9997416043533374
4.733591832351589
0.5859259998704694
0.17684459468842362
2.1463898025190096
2.409616725165419
6.155154448939713
4.528861804037904
4.872332442360058
0.632532393710018
4.188662715006648
3.5999887664673884
3.3976229373843885
-0.21361564575095038
1.0054744745339472
4.138608490919035
4.395361881881799
3.432405110612866
8.592858071990872
3.435783067908498
4.240306389117371
2.4207731979017924
-0.4698714534229942
0.8807214605847983
4.083288217501573
3.315325111235629
0.9961812927581245
11.574200340221203
4.343059269835514
1.5743297141119652
-0.3585155920459993
4.430596623613245
2.6519313141060064
1.3170672331050177
1.109770707761193
5.088590543545177
5.34453261108075
1.0560739460599857
1.4532467313306183
3.1323051609386448
-0.27130940224732025
-1.2955017493055732
4.768992226031078
5.789978193484085
4.499279169074767
0.16797596842111784
4.648711734026546
6.648188309046098
4.478329779807739
8.74894777933537
4.194722588136137
1.6463276619089293
4.987757502275804
5.846989688943936
0.1651816236402014
5.050079736341674
0.7385418145193076
4.90728593234994
6.83668881940423
10.8528757058443
7.814939433894709
2.5537504998963523
4.057611659037047
0.057994020187900897
3.091773885133087
1.7804655337783182
6.601150816933534
0.43182153456213934
5.434909810421878
5.465275305697267
-0.31485480542678834
4.094238646338064
0.1799595233273501
6.302476650639255
2.564237528985296
2.882101772549671
4.884879012689297
5.938683188813055
3.664251992183472
2.442745212578769
1.541681778923018
6.0242100200893836
6.135850845914483
10.955708980879836
7.30804520887265
2.195402777579712
6.844588820957151
0.9605362955287531
2.3466868389833935
2.8583036807695574
9.995299894240775
2.8176424179924497
9.61938833296509
0.7926353026016698
1.7278441726791998
1.4061227755899883
1.4755678377655075
11.791831321426624
4.4707416780307145
4.354393981686336
0.6575722551763744
1.3813244224525152
2.9431609304801594
5.760834601080511
4.2247358946798395
6.432575269162026
6.894716003917677
5.615053094310332
1.3446591355114568
3.981973511580036
-0.03157414379121781
13.899735481000219
6.973128686560069
0.6144302240872022
9.801996566889562
1.1471510895388972
0.8172439157436541
2.3799228227949323
1.2515450536737838
6.588926808670381
7.892880749341611
10.898110597914826
1.1523010846406754
5.638558953620359
3.771326617148745
5.870482365678768
6.536092043772268
6.647434860749089
0.8235869303736459
4.34056760971745
11.011200627164754
10.2405579965053
2.9076894342406794
3.7099606873206628
4.847333332159328
1.4074662836669725
5.667981579742274
3.3754738378955254
6.267723723552358
0.41934537838320607
7.5458850110374485
2.2259238340454925
2.408748320733018
7.751745115765241
1.3688938089195437
7.426192878888225
6.173102978780127
3.7372980224231074
3.870839933784827
1.120087781818292
1.887524210079899
-0.3069730043740476
2.489017189220973
16.04115540217846
3.1227672610070845
3.9071202173220776
5.10557188668586
6.2160639372876
3.9630110005483288
2.864013102304882
2.301855550873635
5.874633237976822
4.8066026758997875
3.3894797572070567
6.352836124858511
3.6197975661621102
3.821485786004977
1.2877950037255568
3.3437561622556804
2.9516218637743736
13.025870465204537
8.240062309932778
0.31310490189257
6.837327610433029
4.4176613095763075
3.42952900026144
6.208608003848768
2.2226655255465473
-0.05208247980619582
2.0757864109901063
2.8396698972217504
4.955102411228994
7.2973367401633205
2.4129679915448072
5.04177503680606
3.23535189874075
-0.15497241444066076
2.593550068300506
4.223390186733414
8.218864761229925
1.1433188796818738
2.2236542438190012
4.714001334705083
4.277784655619389
0.7572231334531416
5.576985262450914
5.190300752459898
5.635046531333561
0.9648279443576308
2.743796727214754
4.849070120756153
7.234441546332208
4.097848297231354
4.44998719174446
2.682595840724158
3.129789069036134
3.508358129010133
2.7208409499724344
2.845634660749975
3.424149505540201
2.037944154203683
2.4923592659596747
4.74382209348367
-0.11483649486120084
0.29125484487561426
1.8486028085575268
4.009721825005777
6.968711199622035
1.5860093547982559
3.0603633898165494
2.4689489892041956
2.534618865510742
2.789374988462436
7.141526946273281
7.817968022493722
4.9858181443735035
8.048979141658446
1.4001266109605839
1.8299972260392452
1.351105070794092
4.821534866557209
5.555031104854452
4.390724248993083
4.85834790667518
3.01803221284385
4.038192383376418
5.012659034656433
4.639258212729752
3.894456599759906
1.443964128971164
1.53684755906639
5.412601359120414
3.915978564043731
2.301008363772547
-0.041816263930592124
3.4593988375102955
9.542220031812152
5.655524206403899
1.624465197931559
5.556119349167579
4.120928406650634
6.174397884631687
1.253500586742423
5.368992455443107
6.296877096926321
4.6809547001393845
4.35111273373286
10.907920616209756
2.7084959192256144
8.08208079473271
4.539655729233505
6.2644754377112255
1.7251973143868948
0.9322114752400608
2.9435418589704176
2.6799508101125045
4.56264840003508
0.9426706538068769
3.9647875253354754
8.155898019936155
7.050463520614413
7.596597273559096
1.1745399929634217
7.918790497532542
4.942766358603152
1.6943100797284194
5.109393500628998
4.239411513824381
6.416407962309644
9.231277110280397
6.702990820322299
3.9701124908483205
11.05367531688309
4.376074053613865
6.509442796394538
9.637784797431816
4.304425012402486
0.7698933053220327
0.4155490067508154
2.761698998833692
0.8757459825870798
7.79132799077642
2.3851128121260725
2.786276396439006
2.153230310151816
0.9363760133285126
2.4007300868256287
1.241279801661842
1.4705635066278617
3.5646168668208813
2.4658345698306836
1.8097918100574673
6.842349701074212
2.4173923635667327
2.6191850032978667
3.662910560357162
4.577256966722989
7.702470363963907
2.9560927838308033
3.2195671779817574
6.442635787199476
1.8730999170464209
4.579906685330769
2.4468903756822407
3.9924505864939643
1.2830790217125985
-0.5133277487763107
1.300054795283938
-0.6191007444495058
1.081461501305144
4.781156332365843
0.742094250563663
14.377514848829023
2.7988227835062465
7.094091919980983
-0.10457949346732143
7.93935228676922
7.160955699310511
3.0751166730568618
2.843741256245152
1.5280179103774503
4.652489981676501
1.2727979070688722
4.466162389444908
3.248301274215846
4.5311173162248215
2.420573951353826
2.6969113495823
0.9805604667317561
2.508491650354832
0.7526732113772834
2.8756650370400183
2.5766171497973844
7.589609830347498
7.936352032407842
1.6527363826326815
5.511597005530218
5.103973288331332
1.740947061011046
1.0812873436554031
6.4474701991145915
4.7593092748150925
1.9057952302321186
2.665601687405837
1.2932129830083028
6.212425266799564
1.198398143701854
1.916865198916262
7.582619026562173
3.0092727617146418
3.4972000201614404
2.496649906926273
5.818815411989862
3.415171053033506
7.104133197611706
3.224523700736019
9.08453896651614
3.8279791635960985
4.755654735084745
3.364843397333102
3.9335612802037043
4.703875343540034
3.7165130340929764
1.1068636088374535
-1.1575553626845647
4.839977213282435
6.205974211771031
0.5736767505987157
4.690956345590509
5.356817145191853
-0.26652746529983196
2.9964362267380027
0.3617992838828883
5.924104867332945
0.21812886809077203
5.489525979865791
3.2189438867536966
4.8603398092319186
3.5769466375640557
4.666909595612028
7.973215046727322
2.0752710418170848
2.203966890536811
6.051930706136112
1.7651622304703272
0.6953361866522313
1.891467394066484
4.237847724760112
4.616071468705276
0.9478167454235678
5.696183496132765
4.613625960637336
2.2989318454975924
1.4918396608500488
2.2967564686940425
1.5702917352545538
6.647413634441618
3.070189005653699
0.2506624078295163
4.613107892965781
4.5506046867765795
2.91483732285882
-0.4058867135332986
5.600353641279606
10.842594522630248
6.683654172844365
3.7195490362358536
5.38492834869799
3.5726890691547766
6.955250692338513
1.2570355634565533
2.8623166065242827
1.1359354883438226
3.8065201203939294
6.5601618715104655
10.105567411770426
5.324061439476782
3.856829886680741
-0.3168954763051168
6.187802349266375
7.017397803384126
2.8457501067126545
5.260164425393061
5.010137342518032
6.245611230474422
3.728034317427468
6.8846309945414905
0.5145361257644271
2.9176086686753484
2.726006622269622
6.043893945179838
8.569385405589376
5.832458516492234
3.0765147544744162
1.7105667958400879
-0.8610137993967395
0.8327353036835529
1.6868347322332662
1.7682954155174733
0.5715637260327681
-1.1956115528761895
6.906539619064244
4.310476125958053
5.562958494191657
1.250641664600185
3.3484066700490787
6.367869555686122
4.785939244657439
5.824389683496148
6.44022699919039
2.4170287957878034
3.5930477080726497
5.363894034838259
-0.7749880697925777
3.152238961005316
0.41767787383250254
3.530673239062008
2.786938418383684
6.078908229294957
5.912808095121047
2.570377311184996
3.843768440816411
4.423842294476729
-0.23312607207973246
8.26051368956733
0.010311468994249506
1.6538576524057966
1.9567440480738538
3.4838539567513473
6.463441827527253
3.6764568373407225
1.078221800371458
3.514700349620205
0.7467710736771972
5.48616509620602
2.1810898168619763
2.177942050166142
6.064286771999249
3.9711073878388965
0.009482526672369873
3.9307362870624387
1.7603802058061349
4.36478127882533
7.381069955248935
6.997332274351183
3.775017816229325
3.1387188587448738
7.864504464146004
9.926535153618575
0.7982339869868975
7.690435096975038
9.221190933426222
6.927710338050124
11.883899066620517
1.444312870917925
9.821465240836858
1.7551930133041616
3.5671535227052895
4.436131980349447
4.8682482691247895
5.272071163476963
9.16419342784065
3.0018781954744904
5.550313868631694
5.21308964271867
10.301084708775784
0.7025002341452832
2.0039609155564975
3.763415034437944
3.581204813348587
5.271571314562279
-0.7939986300307168
2.8970613707270543
2.706443364069878
4.333313036227985
0.3373611237978997
0.46530098410736187
4.5341301680025365
-0.11784138910609082
3.0919687431839313
2.3296349212628136
4.353108454227848
5.146720236838129
4.767917655326341
3.4253446844146884
3.290533777522475
1.1108957504998753
9.40536359036629
2.3517473122377823
8.420248936308981
3.264455832804664
8.4405923411399
6.9402877886907115
2.368127868196332
2.9844972417056512
4.025154019892465
2.5254107645378747
4.437655880157095
3.23052485247471
4.238169991554848
1.6045356898615664
3.515971161767679
6.459480940406882
8.327943333348507
2.5071082593076452
3.1627425444495256
2.4698793232523015
2.895513071119736
1.2604884111898391
4.423296565282377
2.494734456604418
0.16102060831036058
4.182721815060419
5.794692097657133
6.51268458489505
3.735864908377054
2.8484719413292954
4.7665776878385815
9.208703326526253
2.565293646432711
4.8758318341519455
5.736983443593726
4.407753275319575
3.209469700776797
5.354899774079051
4.1416925138969685
2.5504040445931375
6.599854468016214
1.8834467884265322
5.874499463556216
6.609358768453801
4.0798222255076455
0.23467643271885424
9.581915134442111
8.434185861656987
6.0791235692436425
5.38940899448952
4.252171136018754
0.45484062694566185
7.561373070251994
7.3291169707305315
1.5351460144841589
4.633529766977377
6.191366921066294
4.735777348663099
8.070474444203002
8.942649214035347
4.708232185479522
1.6787395213098493
3.4834024309741576
1.3360751318556492
4.812439705257647
5.928644234000918
2.1568201129764857
5.041024359466929
9.111189350470129
6.821473552311132
2.9482391895061477
11.990740496501875
3.111806794473121
1.6140824171125447
2.415121101746808
1.9245485002350347
5.4934701370206795
1.4374983078780845
5.8001520387860825
-0.8228971850108546
4.060758886847024
6.632389634488209
2.436791081730235
8.290909908717923
6.157410021689568
0.47519561480259287
3.98867484519152
1.6502809472397506
3.355319595394608
2.9797873146334113
6.527235019058494
5.363407763282692
0.07284999502881401
11.6887446622355
5.3780325389076395
4.751017923612915
1.3612941768075681
5.202771368462857
2.4230573234372224
0.9877486499177538
5.809253962304781
4.009933391630703
7.442154704359448
-0.3769122150229782
1.9268259453525467
4.2682596814478435
2.366225350495449
4.542205570875775
4.306490410852909
2.023835329422549
8.815184851440087
-0.7855300247074581
3.2454019952203024
6.033015873063683
3.978224562716107
2.743414837546002
0.46195326517556984
3.92369172106273
3.8912794987587596
3.215780638117974
2.947317068091138
5.349528185564678
-0.13066133102329203
1.2627962368090664
3.9753259739029843
4.24376058619363
3.8612976915120845
2.514607956845538
5.8272248609205315
0.9293852810972236
6.114040157052404
0.5304381989731887
4.78809758775496
1.1574123480104248
-0.4438897559639416
2.893737314689031
4.376157737802152
5.313258714233043
1.9803903274631625
2.3837991298240797
2.258518150972578
4.1555021403721675
-0.015809044697271235
3.6390691508684045
4.968344751368357
3.345208724885886
4.9055775263173
1.8109732076234006
3.405804643882028
4.686823329686194
1.102539533354466
2.6227979221104754
3.480616792257988
2.1463566277128336
4.660850572192575
3.0702137172921673
2.179540603596764
6.962354102516759
3.178186528534363
5.3532705229375726
5.298013997084752
5.31356179657171
5.186207547549834
2.2156147316402186
1.3732593177025458
-0.4738364303080905
1.6251571777589997
6.689397099686465
6.26160107790661
4.448730547170402
0.45545944468606026
-0.04789111694397195
0.9759093274121432
2.2349652801084092
0.1324223114556936
4.102447607972017
8.431187018364934
7.175196736413986
0.8003663918044999
8.400589288377322
10.25014486460527
6.725793225053087
3.17728734913999
2.517003420231445
2.821672173865041
7.176596123041816
2.8358982221082
5.305453982851481
2.484701034504914
1.982049844183631
5.269661741437684
2.965711276788376
4.41920130259973
-0.6281199062384415
4.9516902511671645
2.225840496514282
5.089614602692599
3.104585110429541
0.8010843172707609
1.766144096766832
4.887793657039632
1.2470422834578825
3.48271647477584
7.564361895043753
11.966481978100928
3.290122827306163
2.6465510845623474
1.7696807142242759
9.367821826369022
1.513822598744973
2.461544427843097
2.1962914608400066
6.042199855671345
5.098680030327841
2.6984718050007186
0.9682004841212755
3.9288041010570756
4.7535633839438685
3.8672160089451264
-0.2974920028457029
11.770853314919068
2.3306584980694507
2.991414931031422
2.0574203833165177
3.5807729070538743
2.6520078202485826
-1.7373882888326353
2.875115114486643
3.41809398135845
2.682646657070424
5.022013698367801
1.6074211501260467
-0.03519887481471684
0.9721902432018801
5.576465757580778
1.637452657671807
4.832692591527494
3.7885980515427766
14.164790346680585
4.582563377188715
3.790516695926568
2.5489094740603515
1.7584992154880856
-0.8165064461865963
4.283688419387679
2.7437664305578746
2.4139011439626716
3.584921080635869
9.42977158844011
2.018925274276558
7.603940506896366
9.960824854163786
2.7232966684322832
0.8224486835057567
2.673423008581028
4.4136794271949995
4.8228928717348385
-1.3659857155104504
7.4257506092346555
3.3032257795029594
2.8876582866924965
3.14698664614206
4.188363625907501
12.834140342748857
-0.7782435333996787
3.40255404809416
0.7834919289844018
1.4905815646860257
2.0588997844082395
0.8389294094000553
1.8784330037415016
2.2615749416479667
4.961709415094636
2.576121035176245
8.518643226667683
6.627790307900013
2.4433920956160424
0.09457336918119624
-0.07089575869499076
5.780816885864997
3.8824711445916056
3.058384788551717
2.2514529374917447
1.7740171878416195
3.8643801463723824
3.6403304828966307
4.369103425293056
4.838855894392822
4.830601564471153
11.716439021544048
5.425103070704436
2.7044364394560727
4.692025031179329
0.5703999241664395
6.2438753459898235
2.831549330036332
1.6652947766962924
5.326727866227064
-0.2121951645436014
7.500167531987766
4.438569300453781
1.7184124111194379
1.585442371968778
2.685811041915354
1.5873891549529684
7.5606237473139135
7.481615345620386
6.055452323827781
4.297604160012914
7.5193269580655375
4.545494760935624
7.948286510982953
8.078354323351128
4.3769853791085644
1.5622124525423016
4.828761911495301
5.738889801577909
4.063606975177095
6.206840851475034
1.6623042179391985
3.6137933820758885
2.0610454226234447
3.210851000155367
2.4850485667088655
2.981984369476876
2.660320802681478
2.300315341004899
2.9447481781174645
0.5752703843659559
0.617949653463818
1.332784972111944
3.280649789277436
4.293533847190745
1.9311990696945247
1.082455227021477
2.043139732315631
-0.7925113502858001
4.680792619876417
5.910268800859285
1.5768647628227197
0.9117549986765883
0.714076841255538
2.5047217688379217
4.054707506604699
2.0344620997624996
1.7813736551597525
5.703532110723774
5.818092527857124
4.057841631159548
2.4473230191226665
4.214548615179463
6.369063319795451
4.651961208139831
5.944616606046451
0.8348948728595904
2.536876262680628
2.3024267608309352
0.2894741032612553
2.766842408373408
5.856902679846516
-0.14059916742888703
2.6802164733133056
1.4590217361027091
3.0747716642279395
2.970725417552465
4.205001100211611
7.338758229430372
2.46511496512103
6.0161592086391265
2.315162803642191
5.0967579739188515
1.9327394902227533
3.324853955910754
2.1304741326664294
2.4265617754699194
1.2423539734414992
6.510252694036589
3.179076385248665
2.9219731320645277
5.30137420840916
0.6389343737616072
7.341159977579368
4.518495762390859
6.928702759218052
3.5953958857530126
3.29129916873143
1.340608535411634
2.315968488648545
1.9585429910553442
0.7177473051753402
-0.401702788872785
1.0545048487388278
0.9445451011192274
3.656025528516554
1.0127152805504542
5.583388855875397
1.5834063070191289
3.1229902194509
4.798065466986458
5.008035196685128
6.207201082320262
4.459288149611208
2.6433442637450972
-0.98225548725671
6.361476301808365
2.6761140959303598
7.972267021211524
1.4547743621224303
0.9548429628970326
4.810588005707781
6.2126860503557895
13.313600547230848
1.13961563445153
1.5527174604599376
0.8902555807304129
4.453572388918337
-0.24326460702726388
1.4582540358942429
2.836246815990759
4.840039792630519
0.9280045863895313
6.780923286372605
5.544600792633634
1.4749797602844694
2.978347767472194
2.8079249015324517
3.885234241904342
13.202945845010515
5.951388089192261
4.117846432405726
3.8746828607890214
4.72447442475325
4.760802541449383
3.391357772519914
2.593717062466226
4.380874243331989
1.1117878855794603
2.5381806288039486
3.6497351524640496
2.8720420259092387
4.9915509682836845
1.743648451638069
1.2473286276848645
8.123318189105493
2.467716568881187
3.245660985596596
-0.8481361323701855
3.489736725034518
1.9304960648623566
0.1896676090370145
7.671325368205038
1.6990360878884685
2.9723286639973407
6.50954852830708
2.3559326216960446
-0.06913433148139345
5.855867677252436
2.2060930003413004
8.170476252406441
8.684246266161686
6.6497628304442165
7.4596420212215975
2.178790744738297
4.8343848108409615
2.239472668734635
3.8903595599848035
2.0125957088995228
5.3320198564470065
-0.45409048715152206
5.905707263793408
2.8213375879947136
2.30665956096479
14.465212885340707
3.423250371802219
1.9400108257130197
6.653681178282389
0.8073205484493635
0.4235239774077038
3.0145209976299863
4.397004316045864
3.1814175196458425
4.164779866204251
1.5751276090597468
8.435046218570156
1.992062612300005
1.7653793679914163
2.5290313670107722
1.0914025330736545
1.3170474286926401
1.2916849086377329
4.097891445824713
3.3837502382585707
6.798706762969456
1.524597697321715
4.199984573727688
4.694547097345806
2.228071082213679
7.861941153512839
2.9917289894068233
5.818615284288918
-0.44919873437049807
1.6134067113621924
1.8160421875075168
5.958669483493973
3.142673070874047
-1.5634499947392757
2.4623691306716893
0.1566395678675844
1.5082173663275245
2.0859246885710467
1.2528680981512699
7.9292313236087155
2.766666462644575
-0.45703632617255935
0.7899362138130819
1.3315223313858735
3.5049854899646133
2.856326993850135
1.7430164072758836
1.7309611174289032
2.9661248554714366
8.354672912379412
8.799743369646018
7.206013131276997
7.289377698894955
6.3851528927078025
5.574834282296679
6.284047623797271
5.539362027642436
2.5058459580157493
2.1032701271357634
5.369002024449637
4.5015134594676045
4.709671450289142
0.8797048535318452
0.7644054025588146
3.2422439719217953
6.046502890977211
3.1541115933550556
5.4689259332381015
7.121089513836022
2.2796177901415806
3.270330380427227
-0.4568204793600493
0.1438493054666411
11.817288064314758
3.6018851620765364
2.3746728339643846
6.741367153610212
4.298688621972036
1.6898436505335248
3.1990195852717687
0.6451938651951976
9.260607301352309
7.285122700651086
6.688964844432844
1.9408637502903598
0.13857627556886476
8.320942058031505
2.0583526712578974
1.2044354070814145
0.5638356929470099
-0.5486088318147424
4.811291485407217
0.7300274404118287
6.201373337775964
4.283498372865717
3.603818123378746
4.309640431120637
2.5039827562337638
0.1648392949191307
0.9908104647157544
2.991589747695065
4.3157072437954485
0.4822499689201144
2.312188600267361
9.109947909512131
9.327367140017484
3.709215637176962
3.861211998823889
6.6303005922076395
7.0511544006856095
3.517793809274703
0.07419736952702682
4.213832250313114
3.5541757300355217
4.167862638552435
1.4400669786012879
4.122451797584192
2.004216811994944
2.8972938453774706
3.2719253978106773
5.245499000617315
2.5156703068646555
2.5285968296962613
3.698517328190212
-0.3980204411830095
11.068401862308129
6.096148491708105
3.162331097784643
0.7703160280658236
3.6881842817302553
4.268271093902802
6.514696892151685
3.4279647386537615
3.9868400494451124
1.9311567522210866
4.466945043515265
