-2.2983503808245778
-1.7309198226772247
-1.9425870448976992
-1.9762181729590667
-1.8188257829265766
-2.2519177720787145
-2.2435348374409685
-1.3784802901512903
-1.8224588760163989
-1.988199311001919
-1.9348317714055652
-1.923250737679465
-1.6560365976802462
-2.012269214680272
-1.3671698499022218
-1.194869513176225
-1.8379588970598646
-1.7037825629026988
-1.8998619072456344
-1.658888899158914
-1.8532024614579736
-0.7470809389188992
-2.198624240628385
-2.070971956748947
-1.7114200743715113
-2.1011817307241354
-1.782131927932378
-1.1380000520350857
-2.0198119595115656
-1.0368654077675628
-1.7699849729814368
-1.0551225908200712
-2.0582655502453693
-1.9298679039377846
-1.3734730535340605
-1.3735108117393684
-0.897887739299718
-0.9478842043639373
-1.6223573818672579
-1.8596353487700772
-2.1596331687949872
-1.746637814877333
-1.8287055090864253
-1.8714909929965258
-2.073620075287572
-1.9728514669736086
-1.8224310912641362
-1.9623126615724744
-2.201144410137016
-1.446335783442647
-2.0303107654669756
-2.098686810782982
-2.208135941186507
-0.9578056690103329
-1.9261342913372332
-1.8309700526603092
-1.8547199279730293
-1.5051721374834928
-1.46455583556817
-1.758523124032683
-1.8835731183700726
-2.2357659583704885
-1.8829832319485056
-2.120566662838747
-2.0970071937725976
-1.9151703681202954
-1.9000672685677957
-1.4588247721515557
-1.550547194895757
-1.7191138538451474
-1.862510489295111
-1.60863357022654
-2.036968731002343
-1.915079748041415
-1.769372508148264
-2.205706426764345
-2.1186920224697072
-2.082905013791766
-1.8864199334016505
-1.8780825426836116
-1.19814352300633
-1.6589472951455477
-2.0682270718716858
-1.7421194744583057
-2.1778501821759066
-1.957703998874706
-1.968614411413197
-2.217914582452944
-1.970704823176168
-1.7930569363045812
-1.6691441132073537
-2.035630297966547
-1.2233017724121666
-0.4885447230217541
-0.7221898614890967
-1.5039675750137826
-1.7068508983142132
-2.208094640548265
-2.2085627634077656
-2.231381285740456
-1.8206187595566694
-1.9333892240605752
-1.6933339574667814
-2.135810616051731
-1.6860558648791857
-1.489273493759086
-2.274192050813516
-2.084330076953434
-1.51873682892421
-1.9195434023150253
-1.7955424820849775
-1.856241540266904
-2.0195283092539684
-1.6993792229803888
-1.6882362332135294
-1.7216673711523065
-2.170010616747213
-1.9680203094067972
-1.8826169002676296
-1.865922847778081
-1.4855592830672582
-1.6936102436849558
-1.6765233513820426
-1.5042975341859428
-1.579918866545959
-1.786798312031587
-1.4932021578165158
-1.7407953661332032
-1.6541403864311355
-2.115972636478375
-0.7145309056153942
-1.6928451374866578
-1.7565648746768399
-1.3467745355643315
-1.6957180635785807
-1.2025615723695617
-1.7781875534882454
-1.7292777490722029
-1.6465153683487799
-1.5008406666459302
-2.0769860929826827
-1.6165530393387944
-1.7755172823275815
-1.4309941106875985
-2.1745201125624676
-1.9181680666753134
-2.065113303704008
-1.7782766821278666
-1.8968087216845704
-1.023446815945019
-1.7358770963251802
-2.1958610029593113
-1.8007708168926428
-1.840134502671688
-1.2030345988584161
-2.2191879816396813
-1.5632042132267991
-1.9720438521091848
-1.4191397748032561
-1.7176485526206675
-1.9048157554301777
-1.4407298035457194
-1.5025461335294608
-1.7765094594491
-1.4240618842272155
-1.8494728682947599
-2.0610801144734108
-1.5267634523650004
-1.8688684213414273
-1.7299904181917902
-1.8732667566553376
-2.0712689650942315
-1.2123972404956687
-1.3232406736811964
-2.118166786107689
-1.7508756831525696
-1.7012325640121992
-1.875323287690685
-2.017125401948959
-1.9542838603766108
-2.084975113619762
-1.9734544933168898
-2.134731823847097
-1.9441115488299419
-1.9399211318047407
-1.8377327999972375
-1.043828312161745
-2.0428304999199236
-1.8045475987615849
-2.319884298351885
-1.7722733140205125
-1.7448343873502268
-1.566132759394058
-2.0440872278909032
-1.9423482479188385
-1.91262859376858
-1.9984707499803318
-2.193680938730209
-1.6319544075772445
-1.0868656593568933
-2.0459183643980032
-0.2295942498839137
-1.7832135001333678
-1.8077037828934786
-1.610039822786196
-2.1002507885452317
-0.7421475810696999
-1.6499983000673986
-1.5983215740377184
-1.8150905493367122
-1.7812635418417422
-2.0236285750173715
-1.6077164595374909
-1.514763552640906
-1.7929582465268106
-1.809752220913487
-1.7385856219666678
-1.6370446670543837
-0.7280272595800127
-1.842885941123294
-2.3449699351386055
-1.769700084964915
-2.1929255465425865
-1.6627501291143172
-2.100467719653195
-1.818027756467065
-1.9768025780834975
-2.253103415969808
-1.5300469020427272
-1.816329572191914
-1.1713841720235645
-1.9273460764430907
-2.096811577287014
-1.7365615521856241
-1.6699943162328001
-2.2610398733679657
-1.855079374633832
-1.8373396828085293
-2.203931993115672
-1.986085153839886
-1.7546274120605523
-1.79639213767609
-2.1620802672444386
-0.19071232902871119
-2.1212662637298836
-1.4985304303516849
-1.8340865747930135
-1.1436603830650922
-1.7901719822230284
-1.891108641197258
-1.7720413707663738
-2.0203719288898694
-1.9601477707336257
-1.8666561129112653
-1.5296262667229052
-1.9205897628397666
-1.9082100296570852
-1.6836134966286946
-1.70301902929338
-1.9263647009827636
-1.9201425041970872
-1.853653086688277
-1.8922609776089911
-1.697952579601198
-2.360548571594499
-2.069297658091492
-1.1370432820631775
-1.6532656298789312
-1.6445342171776876
-2.1365463731587555
-1.6988171524461135
-2.2011084558424
-1.567995424531566
-1.9001193374400744
-1.8410238855363699
-2.076872383533889
-1.3020783809132401
-2.334723496576382
-1.891919967605864
-2.138146527290545
-2.2772621109564333
-1.9392360735831435
-1.6872490268625162
-2.143237550765026
-2.3727733207918855
-2.0918522819050844
-1.860863765573027
-1.9825095958491168
-1.134605241910052
-2.312769553963068
-1.7736040277714304
-1.7109925043261907
-1.853427369663653
-1.4617149399404752
-1.9942236549126515
-1.9727938695666445
-1.6819316473099533
-1.6664881692265519
-1.9169518203072649
-2.046871115007812
-2.030618471854822
-1.1045333662445507
-1.8533233586991105
-1.9622181981352549
-0.6105385933605183
-1.3341321258671974
-1.757058522545111
-2.2722213471374673
-2.426341218069048
-2.0948968911242387
-1.503263577117961
-2.270572840094434
-0.8588759232975367
-1.3738812433794532
-2.0248058707677346
-1.4942950243603383
-1.9067076969773997
-1.6774988074872252
-2.0314991418245243
-1.6500742484809348
-1.8453643724682978
-2.1124372151825495
-1.3940982163796456
-2.037922054279081
-2.1597028156193154
-2.139970341217697
-1.8801238735008432
-1.8874512536335801
-1.650679638129354
-2.1555055171889754
-2.0553741310167446
-1.349143582888359
-1.9321937069816668
-1.5372154805848839
-2.0577574093757365
-2.014637215265408
-1.9604783229602754
-1.9088330338969168
-2.1595499560751272
-2.1954059070733334
-2.114970683184216
-1.6747349168974264
-1.8493909224400236
-2.1830394600655905
-2.1247475592842395
-1.971245018378911
-1.9828345396232392
-1.9012208376313002
-2.1762398000524574
-2.1738007128935095
-1.929809675960121
-1.7162671649073733
-1.9507878870489668
-1.6135911445838922
-2.248554234906956
-1.9522398320250989
-1.9867392467852019
-1.9316786242772304
-2.1537308309946055
0.15162427917572027
-2.1566548942228723
-2.1866215468014265
-1.8734403956527363
-1.2435727282663376
-2.0873105942470254
-2.0370237874318247
-2.067403172950591
-2.256729000137688
-1.8195416095786652
-2.075695816321735
-1.8147501322849315
-1.7113317869724394
-2.0868145296061735
-1.958521214360778
-1.9609982967150645
-1.8088249238411978
-1.9407599832357516
-1.9220348623140917
-2.073219105024386
-2.0358495327242196
-1.524734630588796
-1.9630476324824764
-1.4531805628014178
-0.19490912394385124
-1.6508215119662903
-2.053757228837539
-1.7358742054848861
-1.474998678386789
-1.979051565920286
-1.3721360406750773
-1.7758151515488358
-1.9509023147470008
-1.705210828963651
-1.8207812140685944
-1.9401019037214817
-1.90633278598187
-2.0682774062219993
-1.7859472018630342
-1.4760743910315524
-1.9443809754805985
-1.8087472763815169
-1.8395187117737808
-1.305409982192031
-2.09938828602309
-1.9535624399606792
-2.169107693122427
-2.445292185574596
-1.7069209553758415
-2.0801445863609875
-2.03808215069836
-2.0250207565727814
-2.195224507026269
-1.748952346104672
-2.1969821084447427
-1.2770030169005568
-1.8683541443287919
-2.2229396694936265
-1.572276018897685
-1.2965474964405799
-0.5774731471205358
-1.820456948231388
-1.5394083526914926
-1.0103347026829184
-2.068030233810728
-1.400466963822682
-1.9951422008271056
-2.1011165857245846
-1.8299128697062825
-1.8759242198568005
-1.7232793820626553
-2.180652414102061
-1.9495447046800862
-1.8873326499427447
-1.9652806093447783
-2.0875521180680963
-1.9773857325944728
-2.128153231147674
-2.1818507257703232
-1.8701377107990904
-1.944365727497786
-2.0941756916235335
-2.0433856857298633
-2.096028905613123
-1.8182707341647946
-1.961642376093578
-2.000626096030388
-1.8895971446084021
-1.8181909590153704
-1.6679092324419444
-1.7685830301046854
-1.6338563175535834
-1.9422995294270886
-1.5509321265588847
-2.044261569487798
-1.6469099044170366
-2.043623120201983
-1.3057318256332962
-1.627323356332769
-1.6105198477789866
-2.0140085632340408
-2.0497626721599
-1.754628277805402
-2.2192757218956585
-1.1897689521284058
-2.086185939394656
-1.581230282104659
-1.6373360155719294
-2.1320998525621753
-1.8817480580278656
-1.6440070122183132
-1.2048818712105582
-1.6422986240694468
-1.2518159635422061
-2.2292571683462516
-1.7144101767280582
-1.5250169377830831
-1.9015450561333598
-1.7546851027147905
-2.1305335395613167
-1.9903724094514907
-2.121954155802253
-1.848723691437702
-1.1846645714025525
-2.047591675009412
-2.1153675958286104
-1.7594532093534143
-1.884444376810751
-1.7286374792947616
-2.1478183493753207
-2.1998728485543624
-1.3547584698680013
-1.8985781056291653
-2.0258846746458636
-2.1102871191083867
-1.9521629964020983
-1.6296534248742796
-1.901622564231377
-2.116635281312454
-2.046622349473257
-1.7882706286243157
-1.615188638852812
-1.684884631293839
-2.3678722790063746
-2.314574015134217
-2.127870337577016
-2.1151149634528794
-2.255476609870445
-1.8554791634275252
-2.064777781194487
-2.055711258437503
-1.9555495470520594
-2.14974577931596
-2.0912171543487377
-2.2063488680149432
-2.2846288103362924
-1.8022804840953135
-2.0613310161955454
-2.2003060050461403
-1.8162692110730085
-1.7160746353672354
-1.9596632802425826
-1.8485277128059023
-2.06221420974338
-2.0693892254655903
-2.126812432938012
-1.8067109155766505
-1.3151938363192146
-2.2066966413427966
-1.9076817766142755
-1.6151360422777585
-1.6719037166098645
-2.1830167959858544
-1.4249716527006784
-1.6015204248792703
-2.1830519329828895
-1.1217769029043156
-1.6182140503544151
-1.2274580344838644
-1.934230038174993
-1.8234576517758991
-1.600667988925507
-2.050515919558526
-2.0025563149889773
-1.8555981537736415
-1.8614074067883526
-0.8614151151670135
-2.137403815069416
-2.1881782720691074
-1.9341568912260676
-1.232122360188711
-1.826768796146106
-1.8822886279159174
-2.191124213726182
-1.9392637737683012
-2.1476528186099513
-1.676571724476339
-1.524364455659071
-1.9815816962116422
-1.756407267534085
-1.895982863585372
-1.7597135753743638
-1.1359745797445817
-2.1120233838775984
-1.9772312152098592
-1.859968342262898
-1.935849449916203
-2.0825350029192773
-2.013091442242485
-1.1507443063692155
-1.1676872514148264
-2.2153349823430903
-1.7492106037134705
-1.6199443526689747
-1.4539928494399497
-1.7225069945097933
-1.9771946483336065
-1.3817818238525674
-0.6608366419513444
-1.7634016638252081
-1.7019460007137504
-1.489079174064672
-2.0620225640048973
-1.57448790746358
-1.5085129824957233
-2.2805258188217854
-1.8639246666549056
-1.837126141339435
-1.8072835757938446
-1.4982896308953388
-1.843774711662942
-1.973229344369212
-1.6285935970125385
-1.9379575013556682
-1.7913879437251587
-0.4361592013657723
-2.002031687560661
-1.825971024080203
-1.5425529032908203
-1.5874189583217102
-1.9576961158940576
-1.954634825258245
-1.8869385441395845
-2.1407319078061615
-2.0744235317637143
-2.1390766092017985
-1.5819169610373087
-1.9507818576220686
-1.6328296877662782
-1.7577363270882314
-2.2087365553200295
-1.8954676749644856
-1.9677477239222678
-1.8680489404699285
-2.0354450174481675
-1.6598488476666944
-2.1772446881886607
-1.7105008801830262
-1.5113171793697922
-1.8143142351617454
-2.2020398973826456
-1.4606188753964573
-2.1483328280363034
-2.15993677934989
-2.022637576133312
-1.5314880875996448
-2.0660334560233977
-2.0571998587822935
-1.720473007920257
-1.720600792026107
-1.9664369204073304
-2.352522964600171
-1.7668460192047755
-1.9016470324629486
-1.709016457081881
-1.9226236173863425
-1.9249503537060353
-1.5439277269972094
-2.1450566211367517
-2.214280925568279
-2.213654005727189
-1.9872466933643922
-1.9758891232219398
-1.6886903762180916
-1.7005471738714966
-2.4120381707923935
-2.445027598565099
0.16622440172822386
-1.6286200085947484
-2.2037317531081135
-2.1145753659366955
-2.220378558605329
-2.223585668429633
-2.1552565373466654
-2.0403803736808643
-1.978137372613667
-2.1427236797655906
-2.016255661127943
-2.3352616335087206
-1.2098472769024258
-1.919654556535686
-1.577397874002256
-2.0414358125081877
-1.7043960743741087
-1.6657857926725943
-1.727163355082398
-1.8352194574598681
-1.780203932849585
-1.9487061970952513
-1.7166020794379582
-1.7156049006458185
-1.6805201557082072
-2.2821013834700756
-2.1167103422507942
-1.645819130812254
-2.0952168741264474
-2.060419886545025
-2.1678085860235243
-1.415718445010029
-2.194449117956169
-2.2444668762806117
-1.894254741753595
-2.018824073442285
-1.9580661916583235
-2.1080075643647667
-2.0199912639058177
-1.9951042821921725
-1.6660597995414868
-1.7677623487264849
-2.079900849679309
-1.8706856240119254
-1.6589845930880776
-1.457722491944569
-1.9006043434098758
-1.9475509497642074
-1.971842672267526
-1.8053822358855747
-2.174947063564456
-1.5929632921166024
-1.7266417805032768
-1.9946088864777454
-1.489141769482413
-1.730855177571706
-2.2130398020625357
-1.7277383413157277
-2.1068743164934904
-2.074957758758147
-2.0690376897796887
-1.7591122791197593
-0.7336172592552415
-2.0062916619708258
-1.6293754708066763
-1.1091263855522056
-1.6364825795123707
-1.4450715798472724
-1.9618597084848106
-1.0954605492287768
-1.3014280732910712
-2.1175063484993157
-1.5277303847991497
-1.8332611005348332
-1.7795282317128396
-2.357913360951437
-1.8900713931111468
-1.7410143244071412
-1.6756864134916567
-1.8099531479155933
-1.9660734955203583
-1.5951306143273118
-1.608701395600265
-1.9800314164835404
-1.873166740600999
-1.7167816643198897
-1.4457577536327868
-1.8882020062258624
-0.4946431428852368
-1.3899462785377679
-1.3735556211390179
-1.9962140440516287
-1.5049459983000737
-1.9662933792988497
-1.2706333965198
-1.8863583272107185
-1.440686589251975
-1.8400605355822413
-2.0833094509338914
-1.9417440806305064
-1.879145754576824
-2.0281721653391367
-1.8082444151547374
-1.9601794686477374
-1.7832581401714844
0.09362923292377519
-1.818228730479823
-1.6093055215937122
-1.7022641489038695
-1.9681443846707245
-1.0335979753771476
-1.9393479244311935
-1.7199556807002074
-1.5792512586555914
-1.5111226208108681
-2.071036024181623
-1.3275770980391906
-1.9936686429957529
-2.2820405555414003
-1.4658165217387467
-2.148406314419319
-1.7391718052230118
-2.0531699885515744
-1.9455397140726554
-1.910582495805619
-0.9737127143827075
-1.9417225960622913
-1.8311372267974197
-1.3357990250076477
-1.698254887420211
-1.0811565100681895
-1.9528952049424328
-1.7646893459615074
-1.8713439542838752
-2.1701062018907424
-1.9344875274137583
-1.681617303660056
-1.1000276891717273
-2.0644556375228524
-1.929048554005732
-1.258362647089486
-1.7694150475078816
-2.1638958255542167
-1.5455173595601264
-2.1592400022091787
-1.4797486611832882
-1.6777631460266873
-1.659417915762451
-2.311591040936895
-2.0432415120129916
-1.7396881866459386
-1.9683535078992949
-2.1939298287319824
-1.0810627555622006
-1.8422538053874349
-1.8321503306380316
-1.7607026270324675
-1.909566613981877
-1.7281200587368646
-2.018886063208307
-1.957173814486116
-1.8889364925973966
-1.5830633892406152
-2.258754805546196
-1.9936694694677055
-1.7334335628910313
-1.4443537695209145
-1.3150143814114255
-1.7329749227283686
-1.719095254035399
-1.961261341596372
-1.9437125490365645
-1.819303279177725
-1.776448691629974
-1.2542630754655104
-2.0535901830076564
-1.2130358081828236
-2.0658867899859694
-0.8899526894021658
-1.813995532574861
-1.9493611562197213
-2.231012540776636
-2.1344210183585375
-1.6358232268930926
-1.869459998099304
-1.9257885011797204
-2.0548818654034364
-2.008561643734055
-1.6701258706189543
-1.8853696887671145
-2.0319340418645933
-1.6980509117576674
-1.9730784646190245
-2.304528253755465
-1.578714461448041
-1.5606205559329491
-2.081031098818574
-1.826938779835621
-1.8639804020053583
-2.3277711471821636
-2.108321070940617
-1.983461435859234
-2.0829013303330743
-1.860906711896202
-2.0501973125120525
-2.3144789242552624
-0.32044836939631655
-1.6208472721878577
-2.075969891035991
-2.1425413553376527
-1.5315758176514995
-2.0018751508719856
-1.6732392653493051
-1.7909406690684326
-1.8594335208702428
-0.9719644070354342
-2.0924483702180474
-1.945473113354104
-1.5411226690797009
-2.0626977464676575
-2.1958895172522177
-1.7091309269083956
-1.677661996941929
-1.669088156011261
-1.87049596487319
-2.1041646639534743
-1.4840752083179634
-1.9671290069410337
-1.7325984708038513
-1.9322609266885982
-1.9699964984807865
-1.6134979021556215
-2.188854311547109
-2.1919222047990266
-2.2218099871076964
-1.0719360374099505
-2.1232557246197903
-1.7827620615227329
-2.2039387904217262
-1.964834343018783
-1.358941807609973
-2.149435936783473
-2.0847024433949706
-2.1852368165140628
-2.06694103248079
-1.6365930616883306
-1.9730437267892822
-1.9570582816177453
-1.9771396755783837
-1.1423524671080842
-2.115537412147077
-1.6304983286965942
-0.6195822299230354
-2.027998643770685
-1.870733005078374
-1.9658925955233861
-0.6806563771279043
-2.0331348663436644
-2.142448147665371
-2.224727766791778
-1.4782164726626728
-1.697436308348503
-2.0842281168439283
-1.8857152233597503
-1.752838840965288
-2.146129416974008
-1.8028283410641728
-1.7010686192378486
-1.1925745386270916
-2.2100365151581784
-1.9352892499796606
-2.000691441031837
-1.8726321905426022
-1.9445703844652888
-0.46192288566682177
-1.549774904140082
-2.0599685604808275
-1.807060932086117
-2.0078697593641652
-2.1532706311456207
-1.8094745079031245
-1.277340293872162
-1.5572218183368682
-1.8714340477990097
-1.4401151915952095
-1.619702468206049
-1.6644508092286405
-2.2764287719491563
-2.1554798646876843
-1.9512661289789697
-2.2373435076233936
-2.149067807123241
-1.6537396680039913
-1.6403341672075513
-1.8694120078890404
-2.1503577458534475
-2.073327966764749
-2.0629853011782986
-2.416552434948204
-1.9694482069119406
-1.6657548766674442
-2.0223297690882305
-1.3869920317196012
-1.4449315391437962
-1.9907527688382955
-1.6920764879740249
-2.174306202860903
-1.9181387615612873
-1.1847531354509397
-1.0107309209335558
-1.0203291444958784
-1.917802689838736
-1.724029061806556
-1.5797903417681467
-1.9324878631313618
-1.4865754791443047
-2.0591465166641925
-1.3285537467387707
-1.8599169860891167
-1.315192536150064
-1.8000961641715856
-2.2324952979612873
-1.9947164084122353
-1.9049904748070956
-1.672207957021393
-2.00838466255098
-2.0070037917556567
-2.2358425211992414
-1.3065208323126576
-1.8634551225551126
-2.124802578289157
-2.2235965905164186
-1.5388613729717249
-1.6033117167863133
-1.8624414477916846
-1.7458369153051336
-1.940949757882062
-2.1616495237175184
-2.1906733653528296
-1.945254990298325
-1.7023577940966397
-1.9950098406298635
-1.3903245003073201
-1.8978472872160068
-1.401751550044063
-1.5616421038144275
-2.1016698692617184
-1.7937904129239843
-1.7724422943512108
-1.9955943311906619
-2.0680749386216886
-1.3410214232927449
-2.0995579624973555
-1.5791524409719513
-1.9345785438047873
-1.5818956286336967
-1.3699312044959064
-1.8360958259691749
-1.2987716524350315
-0.6830643651408812
-1.9265036785592426
-1.8465580303600626
-0.9511489297299695
-1.9074416279665156
-1.8865364839822352
-1.9378498208340655
-1.5816856717113366
-1.9726872130102178
-1.4919115049663085
-1.9707812195076184
-2.100370214357319
-2.182540819399064
-0.8744880307064513
-1.7240902589772777
-1.2292031327569057
-2.0755099703290205
-1.792237978099422
-1.4321131959426001
-2.1532651810173453
-1.318123921550872
-2.0103567922649126
-2.204184570625088
-1.4671703594803616
-1.7748187491762775
-1.7870182085629835
-1.2727589831577677
-2.025776716882315
-1.7953531736079382
-1.762443476610698
-1.5641218633906093
-1.7603697356972665
-1.9344311352445365
-1.9929065683870983
-2.048806269300775
-1.4087758040779161
-1.9297217660897794
-2.006849742274548
-1.6709059388803158
-1.9972674436912166
-1.880652176410776
-2.321279967707452
-2.0769914640199265
-2.1069756646294864
-2.0090081963895146
-2.0286414357072964
-1.7186262986227006
-1.3299178378542686
-1.7964521391203523
-1.8433590093638168
-1.2496266429507012
-2.011875114909989
-2.203541626675532
-1.8818934261131353
-2.0733885476329466
-1.7152284434481042
-1.8763942906747917
-2.2659601295590073
-1.7733667398336888
-2.166055613608616
-1.85934445686804
-1.9115536112164964
-2.0654522838249454
-2.0237519975225537
-1.9368639466267474
-1.6478815774270754
-1.5874788314640018
-1.6632135594358863
-1.9401509133794197
-1.1737449329855347
-2.3076696327807715
-1.3619023770343355
-2.1402607746168325
-1.642343822943295
-1.841689896760535
-1.9230595474709198
-2.096529925224395
-2.1023437365878412
-1.748486503427138
-2.267957698637018
-1.8498942668965643
-0.9976024535097431
-2.1131120471636144
-2.1582797334762183
-1.8797830671567541
-1.8834817366361936
-1.3466255031524481
-1.869691129754163
-0.6230341490389095
-1.7165931405631458
-1.9230839047328503
-2.0306770556758273
-1.452624730548772
-1.2784188723309666
-2.1595650369198474
-2.139588595316699
-1.8443648278139657
-1.903492192374498
-1.9275167251622587
-1.8320059951215741
-2.159884070536634
-2.2582646951535534
-1.4312097308098368
-1.8321803632000906
-2.0864355622055077
-2.0095361484458687
-0.5748203491420785
-1.804759616707056
-2.11258114402728
-2.100681576532733
-2.0277524406318865
-1.9724538098304718
-2.146202702000504
-0.8318601406423399
-1.7890547168373625
-1.5166864839219003
-1.7357626558583918
-2.1231229045397346
-1.8853691450642767
-1.8312029582749174
-1.6471341365530379
-2.06844134371374
-0.8882800943520579
-1.6798017918329355
-1.8196717226070769
-1.4716486846078574
-1.5842316116398365
-1.447603127693187
-1.7030195429316881
-1.7353780966957935
-1.6695477861605743
-2.0075383727544485
-1.7415394838507914
-1.784850861013607
-2.2200762012147637
-1.4844171884945547
-1.9038954481047758
-2.343521891884159
-1.6599618167760137
-0.47063378244361015
-2.0567416041953903
-2.0205774614921963
-1.8917142108489247
-1.2642212597014224
-1.5573713636186064
-1.4499156822995556
-1.897347780241403
-1.9900987382126112
-1.9613350722725118
-2.0757839382026915
-1.987952593935171
-1.9049725308028493
-2.1898005597411663
-2.2908288578752
-0.27782056268941696
-2.1180899650415204
-2.0399730931390465
-1.7983230526561746
-2.16477104942531
-2.1093372264495147
-2.0098928687524578
-1.539489129971849
-2.0907694775598618
-1.9619090101882908
-2.113055999084704
-1.9069267623607649
-2.0815841093387966
-1.0962941349791153
-2.1366854035436424
-1.8870886045768374
-1.8489431879064835
-1.9276815955227509
-1.765765952487235
-2.003542728618126
-1.600957994858323
-1.7195944192030967
-1.9900602878194171
0.9312372821591515
-2.286673495546458
-2.214933266674563
-2.096608191997668
-1.7477991257932195
-1.9951768893622392
-1.8764116696811908
-2.068520916105576
-1.8348917701617606
-2.171699938693006
-2.1210829806731333
-2.1557848250910765
-1.930867051644045
-1.6328943433315593
-2.074702719027759
-2.17332506807779
-1.8371339515192526
-2.185506269956947
-1.9444070438003531
-1.714283155613111
-1.747461142234045
-1.7742048323194275
-2.0426347609240136
-2.1093167058086304
-1.2369498631596951
-2.127399397340871
-2.0972917188616056
-1.7587097235629234
-1.8709939155913928
-2.1124585536349754
-1.7582861660480467
-1.9094127855940284
-1.5667102466644913
-1.5519838987178454
-2.0983307058369203
-2.2468759743829776
-2.0575470407146
-1.6101996029685919
-2.1029669708591245
-2.0874476032118507
-2.0977751604125747
-2.004281280146337
-2.011988119758322
-1.60086211741098
-1.8439668673126348
-1.728602616553497
-1.7992477962924798
-1.9027831857673119
-1.8576539145415716
-2.0794763959649414
-1.7395038833639644
-1.8319791804326275
-1.7623689759853256
-1.896164760677611
-1.631757721326643
-1.8429467977822513
-1.3862908833466343
-2.2770088769200427
-1.898612821668677
-2.350535387126529
-2.1428538922901894
-1.930137917481614
-1.9050157874791787
-2.151417083813737
-1.7412547057975734
-1.1245030822339037
-1.9525340050701585
-1.7888823873530042
-1.5280443932027052
-1.5861367307658254
-1.5981256288764145
-1.6914835392723055
-1.795512007036567
-2.310451435281368
-1.3667478882630515
-2.0848005155769456
-1.806146828490747
-2.16130027013157
-1.9004179900751779
-1.84549852199407
-0.9812712594852108
-1.9278555026560336
-1.8716470157029492
-2.0284926828227787
-2.0416095047188327
-1.5500910415444484
-2.1668374052075308
-1.7138201865487752
-1.9760853985856028
-0.439522393125093
-1.848158684527009
-2.040957420635096
-1.682773835617544
-2.0320059044703194
-2.0653373373402575
-1.2363342818294663
-1.7511211617996816
-1.894996532515259
-1.48308246305283
-2.2158909014293964
-2.1304734919412303
-2.1344764991965786
-2.0886890505693314
-1.8861028164213847
-2.063511226473428
-2.0930117467661655
-1.8065321283570872
-1.8880762410070817
-2.028458157367892
-1.4499929700941483
-1.7515408952830716
-1.8866474489664162
-1.9299172302626195
-1.645290284343619
-1.9972108562218478
-0.6149577520322359
-2.217501934610208
-2.146431213308004
-0.91557834756896
-2.150389801768047
-2.0377016422851786
-2.1878470089591695
-2.179885682747995
-2.2801420737895843
-1.6376516015575084
-1.746186215141064
-1.7282111992788662
-2.0927291506212553
-1.9583561396813087
-1.847482841011909
-1.8569072309161259
-1.9835360028228957
-1.8422108569041384
-1.6333911883054064
-2.1185506427657663
-2.232391458667584
-1.5454240001654125
-1.879068337532309
-1.9856692198823442
-1.2942773298683454
-1.8376185164162597
-2.3171237703495136
-2.224695897503943
-1.8060055570004625
-1.9003284318889262
-1.3765160996273145
-2.0594844373249073
-2.242993372125547
-2.1683422973642137
-1.9793981823418136
-1.9059752709336106
-1.4508673725857322
-1.3177385656010872
-2.1474193596108897
-2.1174962642947417
-2.0365349447528986
-2.041216682944193
-2.070896265609064
-1.8240783321389817
-1.9279415830556772
-2.0535945328028555
-1.809885525456548
-1.9936992124872452
-1.9933239520230324
-2.023686104399024
-1.8556417765875222
-1.9712007687515394
-2.2459702238203656
-1.4280731134530977
-2.2836320095052165
-1.9857957729686577
-1.6323896005735907
-1.9073075376155337
-1.7926821403637474
-2.4073734128105193
-2.201806572578099
-1.599135397359346
-1.5338138422349705
-1.6740347707789038
-1.9183291019867907
-2.2364671368860014
-2.112030743832153
-1.731094023343572
0.7003272447948019
-1.879947786979513
-2.215493857023003
-1.980857976914521
-2.0005141445746304
-0.8014012676666231
-1.8675104618003324
-2.0680417899862045
-1.9261732000211909
-1.6758712582833226
-2.2164759072419336
-1.9645833017721033
-1.9298111421180941
-2.2233308190757013
-1.7779648297574746
-1.2609281732421165
-1.4504554230498372
-1.8718261876237368
-1.8090733710635531
-1.9385583593888807
-1.5422054818311328
-1.7338927685510548
-1.8569660971949702
-1.5187403626012161
-1.528465863057057
-1.524653546472731
-1.6717481327737889
-2.132555993747801
-1.8825745484239498
-2.039223020266553
-2.3355970958912793
-2.332921920942907
-1.9810041523955768
-1.7278381308388007
-2.1701007272350012
-1.7546449026293849
-1.4745526329914505
-1.7575140708769847
-1.1775167393932604
-1.7763744603090115
-1.6196839723795997
-1.6109434198055943
-1.9947431617840947
-2.1655830973874224
-1.6770692115156713
-1.3595436396667884
-1.7964926172106992
-1.996878705225963
-1.701939671123773
-2.2982697237276604
-0.8629114194010952
-1.8543858522317112
-2.029996204603405
-2.087351937504524
-2.2104886323393087
-1.994607168786277
-1.7254630173134942
-1.5766817606640597
-1.902806283423675
-2.0756850252154204
-2.025270599182054
-2.270890401487783
-2.3410165103221243
-2.106345546516093
-2.1295493147419116
-2.1647548398914065
-1.5790051573707726
-1.77143178728083
-1.7842333015931209
-2.103950663594217
-1.5598960418326915
-1.7627348768839857
-1.4989173156690405
-2.0042277397674613
-2.121866061331909
-2.121619810941262
-0.9361419629055607
-1.8122744983401102
-2.237019189003293
-2.0909948756799834
-2.2677381725679226
-1.6918132870399922
-1.4131582950504178
-1.7526426755927558
-1.8058847546005496
-2.1873728425829904
-1.02790625412722
-2.1024830137263044
-2.019635976283126
-1.8321425316126783
-1.590639617827883
-2.369295106051597
-1.9202138104663904
-1.9687763423771754
-2.266663370487169
-2.163785287138074
-2.108262326962424
-2.198956796479994
-2.274097605229098
-1.9238571457015061
-2.2716560419049294
-2.262811221613903
-1.8917646994542352
-1.750214295459694
-1.9203493328815004
-1.9616158760327354
-1.6191439323529022
-1.4614349828157982
-1.315769321469792
-1.7779889682349823
-1.929948963471089
0.49399876748112453
-1.9078485504181768
-1.4133322395687935
-2.0042150455621126
-2.2551117777073557
-1.6930542498201733
-2.2316788656902804
-1.926932634077821
-1.2572184827622788
-1.8703432757570566
-1.9602590135446605
-2.0750593817024483
-1.9003064426271958
-1.7779523797874295
-1.351557519397079
-1.5029687393965177
-0.4855384251742382
-2.203817675009717
-2.3876206835697977
-2.132272850837005
-2.0321940573793333
-1.7873764394267664
-1.65664230664525
-1.7500667965877328
-1.875712032557344
-1.2533530070011611
-2.13732207787814
-1.9036645587478953
-1.5861376030029302
-1.194794167986233
-1.6868136355600645
-1.9840611999446671
-2.3379930801679616
-1.7314061286160176
-1.8721878573321082
-1.6592958169473508
-1.6769632108528063
-2.119121466248415
-2.4039900632286275
-2.322686480972273
-1.0181858441182419
-1.9610660427862876
-2.1079107658520986
-1.9744167410857676
-1.7023737782185173
-1.8316536279574764
-2.0775324669192186
-1.6061918933884272
-1.9513448765936727
-2.0930932853260686
-2.00859223145161
-2.0828897551816263
-1.8619915896955885
-1.978667223206335
-1.6847723484042612
-2.0847702472424894
-1.6954381513280543
-2.2280368621456565
-2.0439812635083165
-2.1655323609407247
-1.7564460766494383
-1.6715577457196964
-2.0534542687363695
-1.9929762833950997
-1.7491040496731056
-1.5830356985502818
-2.0724877488420788
-2.120500506415718
-2.192115224589309
-2.1242240273261093
-0.7461129731905668
-1.8240273707001655
-2.2962820469658136
-2.065523060352598
-1.8880639626404485
-2.048185963407199
-2.2016112967558685
-1.4023231861005676
-2.0547892129846126
-2.222956039496726
-1.7396053394369877
-1.77231180148193
-1.564918452079097
-2.078452445655097
-1.4301760699796717
-1.1812288639692092
-1.371926872729637
-1.4782543367745835
-1.807962619511548
-2.2110344711006396
-1.9837317948291935
-2.1738807405545373
-1.5595715612095546
-1.650365685391864
-1.887767889696261
-2.252245002047911
-0.9535907426481123
-1.8643166760097711
-1.026733020397968
-2.275727055636986
-1.5852901975954317
-1.2665825952440273
-1.9783505273564073
-0.8561366063828622
-2.335528152594845
-1.9315080764954708
-1.545393991527842
-2.2019628607425243
-1.541335753434576
-1.721272582656499
-1.8381945733658454
-1.7003287157984797
-1.9685671421432491
-1.8453180408635657
-1.998498784542968
-2.2636122938074363
-2.2839515807811375
-2.1639525929548573
-2.343630742756024
-1.6232933765830315
-1.8257491501968284
-1.79365406402387
-1.7130864533185224
-2.13142093896944
-1.0616994067327403
-2.1239450378046456
-1.7377748462778198
-1.9793504743709875
-2.0861677745497498
-2.025794180734013
-2.039562373682595
-2.2169859479860627
-1.7496808791384606
-1.9504696214290096
-1.4820908648976248
-0.9580608495593688
-1.855027807662774
0.44160724132969736
-0.8237833531408449
-1.409848422695988
-1.8690158114355597
-1.791030830734519
-1.7938941830452275
-1.6855265517818445
-1.7945362768009447
-2.1669596540547267
-2.34831071726755
-2.0739696269759595
-1.995516480297987
-1.8869576838288054
-2.144252187024414
-1.313175137163894
-1.9915398703173692
-1.583104215399177
-1.8174433442809197
-2.109077761068488
-1.7161893248928852
-1.960925726075259
-1.7010017707084806
-1.5015701291223464
-2.078097074233309
-2.165310485138397
-1.6749673162905632
-1.799463253448851
-1.8455177256256843
-1.769339859899009
-1.4135091516480727
-1.9679490770563157
-1.6194053329476976
-1.927576104153915
-2.1379314826036233
-1.0135435890920343
-1.8355962400866805
-1.5414885849041111
-1.4827881645056105
-1.1231065052095488
-1.4391949771094072
-1.9235137987496145
-1.580021491650979
-2.1103989802333665
-1.8980512034089303
-2.2267708939857545
-1.8348466498547886
-1.722950401649882
-1.9500688354642872
-1.879631261060389
-1.8602550803351772
-1.7710819154109123
-2.2604683954910487
0.07197814797221712
-1.9829154451424824
-2.0800873633629915
-1.718460698413689
-1.9911213290119878
-1.4696129716901922
-1.8099414690634097
-2.4385177818128754
-1.964278430191171
-1.8582533470916507
-1.8135693779955053
-1.9856818924833524
-0.992756138425371
-1.7957606785309341
-2.2809367820343214
-1.780173218253744
-1.7973248303287237
-1.90491751124097
-2.020287062272558
-1.7579880919147555
-1.899268664225103
-1.6753476899211757
-1.831570296235063
-1.9657533712150792
-1.654257721450302
-2.0571499795578263
-1.7317915771268597
-1.8428698199565283
-2.310403959276916
-1.4277935506106423
-1.9318986996721286
-1.7739719575175483
-2.1536572139148547
-1.9626331878779655
-1.4841765907174558
-1.6573745861650588
-1.4263248148055594
-1.9555082146764087
-0.14565329864198778
-1.876903366424354
-1.1176977547687335
-1.7781727960854565
-2.018894107817074
-2.1299612882838477
-2.082709400148104
-1.2095333719217818
-1.9528120162693026
-1.8981876988997526
-1.497023570817314
-2.007015518721718
-1.94518863634336
-2.202131683615011
-1.9383446325543294
-1.87008407836748
-2.2276780124455553
-1.9256987913568706
-1.1029070703606745
-2.220611314238668
-1.7542782907982715
-1.6531989399500993
-1.5308440969786092
-1.890704026596524
-1.803917734915456
-1.7091175662050517
-1.8580937188095954
-2.141338718451933
-1.794765010218168
-2.0594425278668274
-2.1586586937273697
-2.1308769313669216
-1.8849011833055513
-1.9588913059151034
-2.382423246023569
-1.4190246161409352
-1.1869278092063924
-1.3205205861546179
-2.344142212039101
-2.0006014798792537
-1.0188161252796801
-2.148467871391523
-1.8776364139155692
-2.0788394686189
-1.8309733034723525
-1.6222838588591146
-1.9662205341874035
-1.9747994782649878
-1.6021938215934044
-2.3263095169263046
-1.441720847332594
-1.872366935020057
-2.2205655475903745
-1.9775665550960948
-1.954297001267949
-2.2613114264458227
-1.710610786035174
-2.1520012956427927
-2.205513735511633
-2.125603952827003
-1.880471042532563
-2.138745706365946
-1.1226838454219317
-2.0737978829538957
-1.483680338043467
-2.1355429532658188
-0.9352863616503393
-2.066298973351902
-2.1006176413400697
-2.2513949431906313
-1.744049826960208
-2.0817831795086423
-2.1198590790653564
-1.8213293093603486
-1.44794574485984
-1.575694015378338
-1.6127227436860267
-2.208593863588559
-2.2533745853171765
-1.8125546055861255
-2.2095013801132217
-2.319112519657896
-2.211480786877582
-1.3735059752032572
-1.8695018597076596
-1.8568835769849583
-2.015996451248456
-1.525450117392121
-2.264642723984394
-1.9022837441337577
-2.0611909940331525
-2.0712476662695565
-1.7404969681691753
-1.7623661441099232
-2.1800737531956926
-2.137980775322641
-1.8298124888120095
-0.7910910726335849
-1.9912776597203787
-2.2661371593973496
-1.5907136270076947
-1.7149235578223359
-1.8844408100288341
-1.9288528252241228
-1.6134195911027345
-2.0843914822683907
-1.5055979502662142
-1.624309998869158
-2.151714703991262
-1.7369448749522935
-0.2085440704363816
-1.6498265673218464
-2.0758107607383267
-1.0672181416119595
-1.9296200094739826
-1.6888740451515727
-1.5000147983136516
-1.6415818222968606
-1.921821287546329
-1.9430847305878645
-1.9546676603320132
-2.105811547009754
-1.9639167557443562
-2.058164558612978
-1.9823422256868257
-1.5987317767718874
-1.6364345890022847
-2.1908249489653127
-1.9390326171334549
-1.8952874368658685
-1.6283995798590611
-1.099499716304729
-2.067575622914334
-1.4750692787593218
-1.4483553301566277
-1.6291172188578573
-1.7514921152271905
-1.7727563874526093
-2.18440338423589
-1.7979190921282746
-1.9014832200084073
-2.016557276101577
-2.0690299991109207
-2.2024670379981717
-1.9113426500206419
-1.9684122327386109
-1.7765325430937493
-2.2298530968810932
-1.725203072240399
-1.7439559955981117
-2.0196097236362407
-1.5870944460740652
-1.8747102019890398
-2.0451411076026007
-1.8335166415128468
-2.3030049876156733
-1.4709634587448064
-1.8934458886827106
-2.165030350543389
-2.063174864858306
-2.1000440704855605
-2.1878952928112394
-2.097820122911092
-1.2436991032667406
-1.941728268160488
-1.9448554092920756
-0.7568199886253476
-2.0439289023343954
-1.6622649012578106
-1.0218574520795238
-1.8842419593114146
-1.9587916154338592
-1.8350211306732016
-2.069506169143086
-1.9476769362939101
-2.1208347613993186
-0.4153299917673481
-1.45438063811771
-2.032034401846904
-0.5464380674876528
-1.9224274847043172
-2.173276174617814
-1.7416393394629883
-1.6250356833117434
-1.9374171108546345
-2.0656082818576538
-2.0037091991086777
-2.333939713181662
-2.132598833586698
-2.24923558601628
-2.077186118942109
-1.5027980101071283
-1.3679345227905513
-2.234681744538477
-2.0930074518981843
-1.6633135417984624
-1.7161980778050596
-1.6379735983478414
-2.19888241946148
-1.5314853514376725
-1.506046752485166
-1.6463246325645815
-1.9097594427745495
-0.8082598595915901
-1.908958047332021
-0.7219727026266066
-2.0744739423328764
-1.391076020458357
-2.242792829062589
-1.9694131936062744
-2.0653630675292916
-2.187133545312854
-1.780616907697994
-1.8885720859566133
-1.85439066336993
-1.7806141302410483
-2.0939690795392982
-2.309743114257492
-1.814387782411578
-1.4423194004328233
-2.0493616306676765
-2.0625685599138044
-2.1471900661608156
-2.193781173430299
-1.1490879250350658
-1.8809025865169289
-1.7540735342006823
-1.8801809752544199
-1.8224364551370118
-1.5049322118712418
-1.7819631534881106
-1.9823375197048496
-2.09239906815978
-1.189035182829576
-0.8624765405188208
-2.161055356190334
-1.8701185869432124
-2.260992684499366
-1.5668948948269277
-1.6232212133810844
-2.0498573099182544
-2.243741612268544
-2.155832848914229
-2.2403786328657174
-2.357621437011641
-1.4932178305783246
-2.1049545363096693
-2.1538690386732133
-2.19175413311563
-2.0439936130676806
-1.9121064615728982
-2.298122451610982
-1.7226520243886188
-1.6961600947618527
-1.8470846798291038
-1.7978743148436673
-2.2293581145089147
-1.8606124958039822
-2.0416408844185696
-1.970405444145542
-1.8893982451943718
-2.1155802429439334
-1.8891714733524942
-1.620578233470112
-1.7875888563696152
-1.2181906925177377
-1.0369795576872254
-2.124178589553419
-2.091240604327349
-1.7149111069794691
-1.8070790837358377
-1.5523847918574543
-2.1095130852887873
-1.1606518170048847
-1.985555810435751
-1.7700615370078332
-1.810165315302177
-1.8177839114634822
-2.2892604288745426
-1.6588452785918597
-1.197220617058475
-1.7997444030702068
-2.174729601102891
-1.9802059475614269
-2.3552102162909683
-1.9214757610704165
-1.2380403383782854
-2.364039247404998
-2.1363565259201467
-1.792880161746445
-1.8058568377014381
-1.8876588311437386
-2.1018421487652694
-1.94817469664153
-1.9614856410666395
-2.065536216376873
-2.0934262413835705
-2.1084247855068803
-1.6535408472557542
-1.4879626866457378
-1.889647737217906
-2.025525830064855
-2.2543433992979938
-2.1911720242976287
-1.6188303180118773
-1.609081395081571
-1.9051218189149888
-1.886511013494184
-1.319877920663323
-1.968118536495465
-1.5647435131185068
-0.8960190732596801
-1.8215130296807565
-2.093709176068808
-1.9030048344583388
-0.9026219471131064
-2.3406540936934035
-2.220579925680632
-2.2669122693671464
-2.13201148533087
-1.6074765515072165
-1.3019090233329178
-1.9660802314720787
-1.8507057750927898
-1.9208763888589493
-1.9475215965786863
-1.268127348905055
-1.624563676658177
-1.5421111651968686
-1.8854569419365004
-2.125729726331191
-2.002513922276201
-1.7282361391053518
-1.4800901602147296
-1.8796886854459767
-1.3041158313919272
-0.22219695313621593
-1.1927360252073296
-1.7239615730802853
-0.25096869622898604
-1.7786763137459787
-2.373117549265799
-2.2898473418211434
-1.9329360539648837
-2.0693088316471573
-2.131472848527262
-2.3797240317665795
0.893514597685663
-2.1711245460918196
-1.6970060439415395
-1.3831823672668837
-1.4700658474082873
-1.833814382726443
-1.905922885871499
-2.0575507249308576
-1.6922597604274958
-1.3351378842728598
-2.0668455183842904
-2.1360690677478216
-2.3918729281765025
-1.1044004025868865
-2.0763418902004034
-2.3147908916092983
-2.1033914734989114
-2.278252370903744
-2.1236864190743168
-2.0970446226240576
-2.014373670540377
-1.8730553639110277
-1.8523872637350467
-1.563319021192906
-1.0224683142541924
-1.627827448352215
-2.144604408833229
-2.1470178166720175
-0.7882053428780608
-1.5041243194075231
-1.997491123276488
-1.7084221158907638
-1.5554139303551926
-1.6430843149102716
-2.2300010388980493
-1.777098790324277
-1.7187625985296355
-1.5436365727537416
0.31524923442842057
-1.9279153126276705
-1.954585973333597
-2.3987150822166954
-1.7171168743568448
-1.922458365956314
-2.356203386534929
-1.207478564365872
-1.2258735512188335
-1.8749520693919417
-1.8044540012021082
-2.019806815338083
-1.7813590746452956
-2.0175470948554124
-1.6547542710284662
-1.624181360400426
-1.5472402613480811
-1.7420355383988477
-1.8651750802812765
-1.7701492821373535
-2.26051607652134
-2.0159961619504347
-2.2823019005589025
-1.753356817799863
-1.9149707547238635
-1.9748062627010048
-1.6046710688452206
-2.1506970947883373
-1.8506082829468238
-2.329126516853753
-1.6288513827308553
-2.20866628389518
-1.9368276894299925
-1.973578924598398
-2.3453729870066313
-1.7711799410004117
-1.1488503709277231
-1.656141025799475
-1.9177532674473827
-1.848946691507138
-1.5609516238102188
-2.027386963827079
-1.7744349694650656
-1.9053957479446286
-1.1963344507386944
-1.8882173828575863
-0.6096461256110167
-1.648736404742802
-1.9786546619622847
-1.3162018808544407
-1.7918581841889627
-1.940947766385315
-1.446152644718835
-1.989472093031865
-1.99945430117817
-1.925657338752728
-1.9321537712416708
-2.0614961681515926
-1.9812982787222007
-1.9693113286804518
-1.949055137658718
-1.833033105835312
-1.7861503362143623
-1.9328392243656394
-1.8359653647058647
-1.7241485004886132
-1.8743903333738652
-1.9037244818583792
-2.244352476793876
-0.7253538586455336
-1.8934148008643314
-1.7729824955659754
-1.832604272059695
-1.9805448861702668
-2.1611265460383065
-1.9988250469139395
-1.7265913032957219
-2.311688371115327
-1.5997884326039333
-1.279499106373382
-1.023308763784579
-1.5524753911472993
-1.6781671862591023
-1.765332261913661
-1.7563654837989542
-1.888869970869604
-1.4626623650044106
-1.6862027735423797
-1.8720313766235275
-1.8692212100022756
-2.3271272228146427
-0.8472214970056396
0.1456166131399429
-1.719840036748119
-1.9159511273264698
-2.1805775102827485
-1.4833540988268594
-1.8878591559894662
0.13573912043244354
-2.0919050478179764
-2.1053092746901076
-2.242689899447648
-1.7770946445312825
-2.2578210097849354
-1.5165450776987541
-2.0127450654840104
-2.025740164300846
-1.9834381694074807
-2.067652884285279
-2.0109283811730156
-1.8326262266233933
-1.5738304115982633
-1.5600076348091305
-2.033267292222101
-1.8564302115357345
-1.5388817109314763
-1.6892302929164846
-1.7671049367786815
-1.2420880662842626
-2.141122448150083
-2.0515739940222386
-2.217796068100583
-1.4916456914628837
-1.834385181362848
-1.4699203106296574
-1.8502446894492774
-1.9849716567212996
-1.1744246118592019
-1.9860128699117745
-1.5694063433743923
-0.865617149854647
-1.9748099623608806
-2.2360987922090683
-2.009072856919454
-1.8812870801395538
-1.6040567620825958
-2.0665087846922425
-1.9691032456696909
-1.877397752411655
-2.162055983465078
-2.199520185210152
-2.0920147301820045
-1.9144011268540044
-2.18200735211736
-1.9716594801497132
-1.6576252009636971
-2.0368991138475954
-2.2514299842415784
-1.8740515540925324
-1.5115937058650524
-1.7968348585450429
-2.0963570872797295
-1.8604761170869666
-2.0674994590028413
-2.3401334316649316
-2.1747795709809306
-1.7868577188867274
-1.8943665000390093
-1.8650014737360834
-2.135544333537601
-2.067526573225527
-1.58291567372017
-0.41580446923745135
-1.3969945637209729
-1.7051718188587646
-2.038682094975379
-2.139363196596625
-1.6112726393192778
-1.8958156662827124
-1.9557994330970512
-1.7148037741040243
-1.6573351296912109
-2.174538689240711
-1.819149953344786
-1.7454767874158832
-1.7058627475602832
-2.005548555893684
-0.9968494749777849
-2.374133914296575
-1.8403684226328008
-2.197380102264085
-1.322624848860598
-1.9838866882865278
-1.7949828298180608
-1.7109741436794441
-2.060833379453435
-1.6978342460052571
-1.3091980073132767
-1.7153598710295093
-1.5442377685172775
-2.1179315133492542
-1.397042546925031
-1.8991444449134849
-1.6027044171082263
-1.156483998082708
-2.0916811844606187
-1.9784034559702328
-0.19473470202260196
-1.7910278904860155
-1.528716705092068
-1.1659234085690222
-0.9463247407397307
-2.312329809532925
-1.800643787866543
-1.9061571772632524
-2.0772576452991744
-1.7520301507185616
-1.8486261405641458
-1.8312739499297128
-1.6189294642418997
-1.7225854999375239
-2.0120043642527943
-1.1272307541055593
-1.8682302520124587
-2.3583662944199486
-2.4130134083868877
-1.9814179411489514
-1.788656875481475
-1.2368485690063356
-1.8868153251340056
-2.23515072515458
-2.0678197117388835
-1.4405377145977847
-1.9530084860192616
-1.8107968125217486
-2.1366409108377584
-1.747422053533696
-2.0219544540557153
-1.591167103556041
-1.8943828867339165
-1.5411562807689143
-1.585599216495481
-2.0728286160486133
-2.1212290703884094
-1.9386812019986712
-1.6531834225754536
-1.9075611655906395
-1.7638805645384368
-2.05830299973917
-2.1354209635216663
-1.441331562200307
-1.9573336972703865
-1.7913057508454757
-1.9299914786242958
-2.1739210153683888
-1.9868414029815686
-2.1233543569254816
-2.100362355281018
-1.9934232541175334
-2.0700325688128562
-1.6683824511184524
-1.7957104704752125
-1.1448798799756212
-1.7071637473156045
-2.093348655744752
-1.9198164020875335
-2.1429297324391188
-2.269718290316724
-2.0670029806315577
-1.8808680539332943
-1.6769914419330743
-1.8656597072488297
-1.6261322814755732
-1.5917233041001426
-1.714430795775176
-2.064541870900869
-2.0253528226027053
-2.04194369577272
-1.8285705739682863
-2.1222741317531555
-2.0585304135745126
-1.3275391629196764
-1.2575408708068123
-1.927051980993299
-2.127639790279351
-1.6232357433453235
-2.1281921271765087
-1.748248495844716
-2.1789124249966005
-2.188599866771991
-2.3066733883289
-1.973398656054157
-2.3902306706858893
-2.240499928499809
-2.1106467463339635
-2.4203464039709797
-2.0822550862680234
-1.967590723089501
-1.8594146919061556
-2.1215656490271892
-2.2664516217985957
-1.6511857836955506
-0.1647102039155797
-1.6570490053463856
-1.9243386308006114
-1.6711907762825642
-1.7803894705113015
-2.133346803308127
-1.966220357718408
-1.9400990826302842
-2.000506888362697
-1.5509483020299812
-1.1455355493909576
-2.2337882942630154
-2.115977468921896
-2.228286754179368
-1.8835028834569287
-1.9843086595577246
-1.628129366082322
-1.8985095591592414
-1.879615832326671
-1.6609840724022422
-1.811102561585971
-1.7395849516822002
-1.698839198999859
-1.9859396391906599
-1.9008924616076954
-1.7894664054888583
-1.939149161542934
-1.6974565540509856
-1.8042701826830772
-1.3675303272146249
-1.9930401202428043
-1.8283088234581142
-1.963483004039087
-0.7579534403465313
-2.169150209856866
-1.9447764958142917
-1.547621329844514
-1.4412447655723208
-1.790703086449459
-2.0302450583493297
-2.192273843853784
-2.0133021373864626
-2.177015794167848
-1.7035853921292412
-1.291482852679068
-1.4562148483829187
-2.044151868085527
-2.1810808422870447
-1.3436945690402757
-1.8809093828028849
-1.901219560939665
-2.1854900717121577
-2.083637465032595
-1.7861736684416518
-2.018648439776471
-1.7224974938110111
-2.0289119895387953
-1.6168070677448876
-2.0359874390936437
-2.1465449028726775
-1.5745752674370594
-2.371474669825718
-1.272792598157782
-1.9475320335330708
-1.5658435126109145
-1.7158005361118056
-1.3797597876863026
-2.091203231105168
-1.832231747606613
-2.1262916054164025
-2.044281537091528
-0.42569258373825836
-2.0882675579984653
-2.0585200537865087
-1.8409405609078977
-1.9902405901757907
-1.7434146770617376
-1.9213432780398905
-1.9874455580245458
-2.1566467606452813
-1.83743848242037
-1.9504630704220496
-1.6784160126725418
-1.4880079964429143
-1.9624343378698914
-2.2772598262602464
-2.3054015365427003
-2.113198845815222
-1.9825470444099387
-1.7404324691764685
-2.113516678005161
-1.7862021455824268
-1.8200253822478598
-2.1643970803648584
-1.6028300538839306
-1.3566594820974835
-1.8830035954614983
-0.9004055325273101
-1.6770364948747583
-1.73272083894658
-2.207160085447731
-2.0220440379097595
-2.1326308249797195
-1.619372190512793
-2.2136608922836953
-1.5698982142315052
-2.195924187644647
-1.9834312729691759
-2.0006305156275412
-1.4632083537196914
-1.8833726177756749
-1.7497842063490563
-2.176960709783268
-0.8999785495741148
-1.5540980809297333
-1.0075360918401102
-2.0444736811208473
-1.880487600968464
-1.9372630849762336
-2.3479224042546956
-1.6825870082744763
-2.006520889415463
-1.8223378471708724
-1.9582320674299578
-2.0362422396113558
-1.8114635711994362
-1.6666432258996526
-1.8012311102743066
-2.105521581935504
-2.0428181988793574
-2.2357319098960335
-1.828184046767347
-1.4762492781920502
-1.9616263609299345
-1.6712948521163482
-1.7944425211493276
-1.6852319888776666
-1.3801042884434382
-1.6819742476245203
-2.1640935545107993
-1.8566746259568814
-0.7599698051380106
-2.248051652093297
-1.8098858744011996
-1.2090755683650705
-2.0304723855258295
-2.0646403988875095
-1.552900374061176
-1.4736548481611509
-1.7435489201467143
-1.301159744564449
-1.196618802884151
-2.162486289920157
-1.437902079430872
-1.1036443838290404
-1.9612302267576998
-2.206492451697113
-2.013621565694672
-2.203411782441068
-1.8729494952446684
-1.6636438334339985
-1.4638651867600099
-1.615480155325118
-1.983717541341268
-1.4836762981525238
-1.9531327704537678
-2.1469301237647254
-2.288546743233957
-2.1833305358320763
-1.8784515619351312
-2.190758877799843
-2.0333228898124944
-2.085016824012862
-1.89447446514277
-1.657414011806305
-2.2114573734798433
-1.9536512160003672
-2.3019938429747957
-2.011658706177928
-2.266365450934387
-2.026472210293022
-1.692513389574039
-1.972151973483323
-2.10486185715872
-1.2837587336708385
-1.9246430120415585
-1.8205628832251766
-1.9980173613978818
-2.030268272808488
-1.0413622844951353
-1.9473105435640998
-1.96665732699293
-2.031529712497811
-1.0067820022984315
-1.1214771324783583
-1.8937248543569276
-1.6173554529768857
-1.7631682939013293
-2.0509699104800623
-2.227499019601726
-1.689414167666321
-1.7164219431983037
-1.8658423651147547
-1.802728397675492
-1.727658318622565
-1.7574680895223806
-1.6757047020520952
-1.7407173576735655
-1.6641975151120714
-2.034618174607414
-1.8009206345783826
-1.5195716036782512
-1.9736033593494917
-0.8289765019986097
-1.9223031196281972
-1.1575678900330113
-2.1111678114697647
-2.282593288816276
-1.9160032354447067
-2.229362962360135
-1.8052753489935107
-1.5740614999802658
-1.7633630108298644
-1.8940245216823839
-1.528695597707917
-1.4598794391970913
-2.0227062619433664
-1.7121662666629454
-1.7650977640212664
-2.078195132990753
-1.7124949948339083
-1.9994935976691366
-1.963781991720816
-1.7339446535073564
-2.0414636239650243
-2.020908990966193
-2.0756218931001844
-1.8419916010615058
-1.2018504058255506
-2.167955275657977
-2.1748707781164742
-1.5593460916699797
-2.019414558108946
-1.8963498258374547
-1.9357576036085669
-1.9500475513666868
-1.7448186942795074
-2.1259842146459675
-1.4169104296678525
-1.8122174513094116
-1.6648061104857408
-2.047915452064026
-1.9433506460622512
-1.5487144063156941
-2.0148352180970384
-1.8906864425603647
-1.7152735796083454
-1.3128081535813678
-1.396312764958279
-1.7710526225426928
-1.9802495456086744
-1.8719378236306454
-1.9029574395093483
-1.9002593421865903
-1.2627385218644318
-2.025291111471902
-1.647998640758205
-2.0853440636629466
-1.921977529224256
-2.196332578879983
-1.4298906895004773
-1.7985674133133658
-2.163951863917849
-1.4821969717576111
-1.6434377392859005
-1.770889285966813
-2.106759293122209
-2.464128747873022
-1.9950981778186454
-1.9219203385166996
-1.8874421784029929
-2.336348897584052
-1.3645123443895695
-1.5794744400249277
-1.9518356884879313
-1.667782733035402
-2.1789771702757554
-1.822827546685148
-2.162754365444536
-1.5772992583917687
-1.6355474929061096
-1.759547956160896
-1.338818845470405
-0.4070002975841034
-1.9445995750059162
-2.053900905314986
-2.070157057237915
-1.9280568196768817
-1.7688274902124563
-2.002194610378191
-1.625617539894255
-1.8534540146094842
-1.4840096657772017
-1.9407282406983186
-2.1533112787990167
-2.0316041352656105
-2.1636457058794485
-2.0099796473523024
-2.0388960834895173
-1.469917295180364
-1.942051155882127
-2.033765858824505
-1.2798834632556575
-2.2178131207180365
-2.200837692621101
-1.899382099092958
-1.6071445246539995
-1.831544098382178
-1.4243737901095002
-2.3786643138142343
-1.9175799161673748
-1.6835109843119682
-2.2214557454414314
-2.0148835730208483
-2.1090572451702188
-2.068087366669736
-1.6595519444084799
-1.8614122966148505
-1.8233208961798504
-2.0775864626443545
-1.8623399502505453
-1.8646923406560136
-2.0764560241384884
-2.0172454766233785
-2.1586631330760357
-2.086412311357444
-1.7485274198870775
-1.9487988865187453
-0.7737131830536078
-1.9618416080526981
-1.0135742899002322
-2.0037905198109973
-1.6217443148027755
-1.8769604856593796
-2.078890373621807
-1.6648184948594598
-2.0135046175284033
-2.2370174568376813
-1.9725784991792386
-2.110339277265942
-2.2731647076635215
-1.64246076028424
-1.4145193836568215
-2.0109312247671456
-2.042794427835379
-1.9934245226753096
-0.9928945813882347
-2.1420674996498033
-1.9074197619004318
-1.8194172751394095
-2.2464365504920574
-1.4392983068675937
-1.874466050378489
-1.901967243815962
-1.028288462016427
-1.5820885340979192
-2.132134186596354
-1.9949978178708276
-1.5593738414928227
-2.0055777762215654
-1.3534880698209588
-1.3197986001674147
-1.9375423812809103
-2.2415246913989466
-1.9212075966616695
-1.6601323993227355
-1.4778316186445806
-1.9724480770625095
-1.881051148112925
-1.575215675863271
-1.0049890951007192
-1.6620779724516992
-1.3614100365565305
-2.0074281063284496
-1.272777298123147
-1.9619648368207256
-1.8729515736080218
-2.0573334419234497
-1.8569927924210856
-1.7798380772905373
-1.961640202537009
-1.9910568014298176
-1.861271129915504
-0.9968001844944223
-0.5398075393197019
-1.7676510552009879
-0.6949238482426787
-2.1081641426937314
-1.8304700547367234
-1.6848377683098525
-0.728704685675003
-2.0524846828555017
-0.8811482407279109
-1.7459529104579337
-1.6177401677301142
-1.8134767066190811
-2.083869289575434
-1.4625031483142295
-1.8174149588550867
-1.866007375317624
-1.6927815493637755
-1.9507338886514518
-2.0818297440260083
-1.8320529851090628
-1.1905832909174887
-1.694596001639199
-2.1536037194953064
-1.5870990869816046
-2.0413974918418547
-1.9680662610133544
-2.1887418819840527
-1.517301629105066
-2.009069839984171
-1.8783843450311137
-0.5077107742812877
-1.9826288480949306
-1.7530842260251087
-1.8642066267534163
-2.1039237529531696
-1.9918226840903364
-2.0945614620033974
-1.135524921258277
-2.0138702639007393
-1.6199936676576145
-1.7011927537040923
-1.5941642520975277
-2.1668230920876357
-1.6271433042756
-2.095204657545324
-2.2327415778924222
-1.9232588766263632
-0.9789833131373793
-2.0558374207286505
-1.825479103230813
-2.1000455338278945
-0.5142859956998218
-1.2801037463460525
-1.744604310722145
-1.9086955209753274
-2.0311776309074823
-1.9563016364411807
-1.9787586247687519
-1.5794387618387715
-2.082873011165711
-2.096465837799255
-2.0213527727789358
-1.8801114403698709
-1.771505256786599
-1.6444346166351187
-2.0025753290367123
-1.7410445929556393
-1.615959349811883
-1.7721081010289879
-1.9749983567002036
-1.4711133068914792
-1.478248009873622
-1.617336530656139
-1.4841883661949558
-2.2575863320418113
-2.0501660847995176
-1.7659683525839986
-1.8339842689781725
-1.9876341933440878
-1.9813143976120577
-1.9806754940599642
-1.7584742662013715
-2.2620162812508013
-1.4728948913531044
-1.7710134253808074
-1.8994264991305363
-1.440180889801155
-1.9240020692856363
-2.0212873403186986
-2.100040728335555
-1.7756520596263212
-1.1831874955859454
-1.5864600565029794
-2.047163969708858
-1.5562693664286378
-1.5755915450281872
-0.41676365466614756
-1.7447804181360644
-1.9889721198176744
-2.1763742832673936
-0.26444299258560205
-2.158106133874693
-1.6802543873195597
-0.9768841521563191
-2.1850814010970527
-2.2013373206513607
0.08262632934923962
-1.9061731421528658
-1.9577038128825885
-1.93840641680511
-2.0134965425324176
-1.5312428495935275
-1.4331068962538471
-1.7948142584626754
-1.799841125457926
-2.2251453039065408
-1.9001173952107226
-2.089537555902795
-2.1986447212189724
-1.8567334492884568
-2.038145858876157
-1.489382395966615
-2.219819988134404
-2.263408962354236
-1.780730954370764
-1.4246434952398075
-1.8004203719283014
-1.0218502386525166
-2.261598233446749
-1.989824658523467
-2.2484107640871023
-1.9420545883822309
-2.0669669263227815
-1.5907111541847816
-1.9854156067847026
-2.2301480424211073
-1.481541054789448
-1.4153927894082283
-1.753546991064879
-2.076184882739956
-2.0920632008056246
-1.8938347825678947
-2.1436259633986845
-2.194788497426942
-1.7414675565908888
-1.8368504114929594
-1.971218191317892
-1.7115042924968502
-1.4351961659484964
-1.7376679464838374
-1.7807740917517583
-2.1234923423621055
-1.8558588049903668
-1.941258681013536
-1.8436292698434336
-1.944297722303291
-2.14654892599639
-1.6018428411352146
-2.1389487617890257
-1.8524064258260018
-2.086816233471763
-1.5911407516950538
0.10055495093772393
-1.68083906039646
-1.7910872880208755
-1.6916098845381706
-1.7747506783573306
-2.0635020404956204
-1.5168127258777633
-1.7830509164875408
-2.042264500794923
-1.604888912332521
-1.7792667433903209
-1.8529919697515498
-1.5127896355674924
-1.9144422754795902
-1.8152338492436173
-1.6078415794093839
-1.824839882427953
-1.881395949490332
-1.872261892550401
-1.7377868143663515
-2.105600738588169
-1.7011089865357087
-1.8251038019297139
-1.910455375444601
-1.9004298145068965
-2.21079274891843
-1.575485205915268
-1.7097814847335997
-2.19837045054767
-1.293462382208278
-1.874266422397264
-1.594837264294451
-2.0307425130819694
-1.820708717831554
-2.26508969578643
-2.05424884615721
-1.7326375715211015
-0.5300764659026002
-1.6582365297153545
-1.6609753799669902
-1.5363726956749586
-1.4393833590251968
-0.9754241610231109
-1.9014506087850733
-1.7494369925534257
-1.8288784973312227
-2.058899791686301
-1.6600976339408535
-1.4946846451344886
-1.3864746537000499
-2.1925228087797595
-2.0009813947347936
-1.8097024072624979
-1.8967769832923982
-1.90964412743646
-2.1352309246318626
-1.7923218519357855
-1.7823700580569362
-2.0219557248010247
-2.067947301742844
-1.4658193832717736
-1.5436609728956223
-1.6799165789433081
-1.8727517928822772
-2.0726368721258974
-1.7341623977541059
-1.7724571483764144
-1.8769108928541451
-0.6653025285107215
-1.7237287706258335
-1.677588146245035
-2.2332629925405594
-2.1868724185259096
-2.089257910356206
-2.26430961157733
-2.328860435919333
-1.2135433871942471
-2.2846576082331533
-1.8182048974874785
-1.3124096537487628
-2.0934593403961035
-1.7064929021885729
-1.1454290360705028
-1.3894435878863143
-1.3482996038050568
-1.691703034545055
-2.162596678879044
-1.527807161242907
-2.3133844267005066
-2.179021744812795
-1.9372764101501958
-1.0626822558559932
-1.5499555930888238
-1.7459542078849362
-2.131479611432885
-1.9810495043457437
-0.47073144454856086
-1.9212144406854308
-1.6788380646691
-2.138810473888142
-1.729706175831882
-1.7999600758569798
-1.461721920961088
-1.616691371550103
-1.8636812727036831
-0.961742664710197
-2.1057933411667205
-1.9006566180615265
-1.921780930611787
-2.0255997689150353
-1.9230713079102812
-2.075514988083355
-1.7326749223859519
-1.8292623564383557
-2.0518303333062264
-1.9393224511174247
-1.553568998840458
-1.7280680410219642
-1.909949589286614
-1.8409556481123954
-1.5646798576015741
-2.0368099162227487
-2.100930960184387
-2.0887089412511197
-2.10551326467479
-1.8412249260222462
-2.077503810184188
-1.2986186584803543
-1.7834384924810927
-2.0222169825890655
-1.927032042469811
-1.6185677125311981
-1.7585207501298876
-1.7039380051294524
-2.09069691092269
-1.7267022283290199
-1.7018193640963586
-2.1251867399051574
-2.1023312622688444
-2.2751392021977277
-0.13602799064498106
-2.0519991651816354
-1.9896956862519757
-2.0138798121229873
-0.9293714568885326
-2.250715059650598
-0.2349200790568876
-0.9317065626006833
-1.2864951657093926
-1.3897161010315868
-1.9110764292146623
-1.890673527662462
-1.2889360245640544
-1.2796813383109862
-1.9581995349327483
-1.7497429979887993
-1.753043121071807
-0.9467422159044613
-1.5301202003184287
-2.1665929756200715
-0.956662311137884
-1.6207355180226775
-1.3080616031532848
-2.34273180651201
-1.9617403811702194
-2.227962821880842
-1.795757964931347
-1.5354930306271382
-1.8848945273310753
-2.308915164391006
-1.8071025431680356
-1.6538328733570666
-1.4997519359355973
-1.6937502731479661
-1.9307428962928213
-2.232454036333884
-2.2110605997530186
-1.0364410633590329
-1.5001203649744996
-2.035031650082885
-1.90375927104982
-2.4349711004920596
-2.2856744398914826
-1.7679100401514871
-1.9271387091173349
-2.049405604175238
-2.437200759723199
-1.9415851797462989
-2.1413014996538675
-1.5477596406350655
-1.9650813905424045
-1.9467460164250299
-1.3640685272919681
-1.553707403626385
-1.7586066567494396
-2.051844273443208
-1.4145414682520245
-1.764882632233787
-1.683717548726441
-1.534643550137454
-1.9108506410806105
-1.846842503590475
-2.1673139416186267
-1.3491975844057222
-1.3820759032859633
-1.7780441005183485
-2.1135660676675094
-2.2792911956869117
-2.024173894976437
-1.7555236392936626
-2.0522840137386535
-1.8881977856630525
-1.7888185619877601
-2.1374641248127353
-1.6680285735751887
-1.1968257741868904
-1.9896684562918103
-2.463052716550422
-1.13891553614787
-1.4037147559582093
-1.5252280051053664
-2.1695530496877433
-1.8624018454405793
-1.3911023394054967
-1.801573644498232
-2.2313681722048413
-1.7576576125405416
-1.9068939707734718
-2.1952480964119263
0.7743439430981144
-1.3524674627726114
-1.545574835514116
-1.236873776347379
-2.02517799129598
-2.131180013009182
-1.4824704258901822
-1.494016421161839
-2.1745719420154686
-2.1142530917010567
-1.857768964247315
-2.2359998617407
-1.6412630293893116
-1.736380906649175
-1.925280696801914
-1.9557617115106107
-1.74127948533023
-1.5856042214022996
-1.7496943364583297
-0.863811799779365
-1.9342172951090497
-2.1083800082698394
-1.441112616213992
-1.6541457200057461
-2.3528475804368005
-1.8983964282973995
-1.7381939312875632
-1.522856359119815
-1.4206614961460962
-1.6990963816779574
-1.3520340970600435
-2.1577072689665178
-2.0628256437482126
-1.9650424220929443
-1.962506895682055
-2.1928726375737466
-2.0570239565514883
-1.956182078487937
-1.6770732668979356
-2.057110784637469
-2.0156206522952616
-2.3161464906572644
-2.1240063249307335
-1.9072850077266978
-1.5033681094208053
-1.1290754424089617
-1.5520201774139255
-2.0337882754566334
1.575472902606281
-1.7670202395937415
-1.4807754913194726
-2.1753366211782477
-1.840555295047171
-2.0343411912130276
-1.8692275144891533
-1.6173107315256523
-1.7035966637683435
-2.0403887161017886
-2.187378352104133
-2.0402702978383345
-2.063173101830117
-1.7105510185511001
-2.0398050730820363
-1.8787268178118206
-1.0441109391969599
-2.068493748678629
-1.9432734697283958
-1.0776166392735762
-2.084692200115934
-1.8099372328524888
-1.70698880543096
-2.140677238926717
-1.8948847916546163
-1.9245687099096538
-1.8657412617697828
-1.9748363568105716
-2.30391367134933
-0.9489805706105103
-1.2803908168121798
-1.9733272544019256
-2.1410964474747325
-2.0725183515732346
-1.78812286648875
-2.0212442269347095
-1.4289850382000868
-1.6669931220522853
-0.6908416136074421
-1.766699763118206
-1.9304737477642646
-1.9798599848224203
-1.8826216874495385
-1.6712084426316298
-2.0904089035764617
-1.698188140559039
-1.1720740812794188
-1.843035890034868
-1.8769294224162563
-1.8582383460074479
-2.123174201880581
-1.9331025936563244
-1.9506626786649877
-1.8927361776359564
-2.0282173463869517
-2.0992881699521373
-1.9806886965067259
-1.98228889624155
-2.258915535970459
-1.5214068689164673
-1.9091473849765839
-1.7607326839572814
-1.8581683311583552
-2.0207417300219372
-2.0151634701379306
-1.976708630629501
-1.8233080018967383
-1.8633889984079086
-2.111240059136086
0.016335974119420633
-1.80101927481028
-2.0735822293385096
-2.083273456217408
-2.226981651027201
-2.288614519036137
-2.106369539090071
-1.8700184428884785
-1.2562273592886433
-1.8918785615935816
-2.2700005099966343
-2.03044265888921
-1.7738579079526893
-1.6746282242218522
-2.1035005444662573
-1.9008832935458597
-2.2981554032201164
-2.0229121365079377
-1.822398654247394
-2.0514332960749697
-1.960741383902148
-2.2044251419021923
-1.6650223740882457
-1.9400543342950738
-1.6258852004186684
-1.9090204107197841
-2.3219811139654825
-1.745080029187359
-1.1951562006576917
-1.0399864890863397
-1.2416161425173364
-1.9443843616567906
-2.110826838385096
-1.3510439668172447
-1.966700834187413
-2.063994956448543
-1.5705605119810053
-2.327841025660119
-2.0082437952592036
-1.536622537809242
-1.9002582012852733
-2.0214782909419653
-2.057308145241268
-2.0612589820038534
-1.7393675367192387
-1.8658611744898552
-2.1834969960770816
3.0460906107011665
-1.3032057667962316
-1.9773711509671368
-1.588277016526376
-1.9478598834450627
-0.9758768206419175
-1.7633141235473007
-1.9570194109993992
-1.8851221433474679
-2.1945104821232646
-1.5670747976756365
-1.900947479605916
-1.8686702698292608
-1.8806888829436583
-1.6381914168103557
-2.2921489364112033
-2.0851896807958767
-1.9346395284611984
-1.6408109213064799
-1.796431785977311
-2.189557864083652
-1.947898678509961
-2.1391344012861335
-1.8269875589945543
-1.7917421178800104
-0.9163712648653402
-1.941452875365163
-2.1600202784781124
-1.9867317656685364
-0.8915374373767732
-1.8937935020625292
-1.7150574434189896
-1.8472785394286837
-1.8246033557734058
-2.0972422573657012
-1.8143122764772934
-1.6499912186265413
-1.2633599344882473
-1.5481201729587613
-2.1681385767956582
-1.8952625048625766
-2.0781066868652136
-2.0448101401639165
-1.9264042275448416
-1.8097547418307638
-1.7135550995400401
-1.7574583034576123
-2.247331904625557
-1.6978370987434066
-1.8365139124673326
-2.2048706666361864
-1.9164980543427472
-2.2205693243368176
-1.8997750109826916
-1.8299465600393172
-1.6410201695083333
-2.211084084062954
-1.9688576865658003
-2.079452365999183
-2.031605900152206
-1.969316179066286
-1.9670590930172078
-1.6357523058580037
-1.993197414641553
-2.2685948613371454
-2.2521078033967696
-2.1519930232728646
-1.9553950682199333
-1.255850925035156
-1.7873418718249208
-1.863705755895062
-2.105341784641803
-1.9053054303826205
-2.082460874222412
-1.598807303896878
-1.731801910738743
-0.07242286050564378
-1.5734820206868239
-2.2569173135369986
-1.9944692761842207
-2.2472300797545444
-1.964953252850736
-2.3511267908825335
-2.130551355171791
-1.9126808808986369
-2.0011191163331246
-1.41667439839036
-1.3189122383010379
-1.9917890883803049
-1.7746330467876386
-1.671206303048382
-0.887823766707982
-1.8979566123192408
-1.0194201262637719
-1.1063503655909206
-1.5940993542650754
-2.2729523526440416
-2.0629925771660975
-1.7105112411221628
-1.8762434226749658
-2.0003062480882976
-1.8559471140760508
-1.8419449912541725
-1.7309415350704198
-1.6507359966846582
-1.6686897268322667
-1.7124531313702596
-2.3964468537605947
-2.0700843596791936
-1.8526676854007496
-1.9635340038371574
-1.8008350904600552
-1.7876766188158266
-1.8851154916001127
-2.0335337589828315
-2.1456925137213547
-2.264400363733764
-1.7780109645417872
-2.0924235747351156
-1.8783649604935646
-2.0122495556366307
-1.6956794365510288
-1.8894744772177492
-2.009813206759247
-1.7729772583204233
-1.9322259030418274
-1.9405625159192448
-1.9625144473064808
-1.7762373749935438
-1.805226988837502
-1.7607957098041314
-2.066189353837629
-1.9726856742773393
-0.9273086174620591
-1.6398567352278792
-1.6639361177817356
-1.9511569334090886
-1.1509350386699955
-1.2249323629128601
-1.7029661719357627
-1.9041739890067755
-1.8732966245187328
-1.700118366812757
-1.5396910839107671
-1.6946181919026486
-1.798294630489796
-1.8658105925901298
-1.8846148324881566
-1.6563559292500656
-1.7902812255443814
-0.45977357361139237
-1.7330526806443312
-1.7833036962925313
-1.8339269469406139
-1.6095033841105861
-1.6441848993062824
-2.1397837848942496
-0.35630260161738003
-1.8363430986971214
-1.9094364214881288
-2.0888171504999917
-1.938920695811679
-1.9378683672346237
-1.8975289556958932
-1.8324999323032398
-2.004034299579263
-1.7916520409689614
-2.393889432116563
-1.9129147197663383
-2.196772670464548
-0.9707353114404582
-2.1634092816975716
-2.020910919510456
-2.129480063555308
-1.740923842626714
-1.6641263111865117
-1.8247098988457267
-1.7407810028439619
-1.9431029657270247
-0.894825583090071
-1.7239360331581786
-1.6877633416546338
-2.281874059661467
-1.800087725918194
-1.2275844997283696
-1.92038103105447
-1.872817016552623
-1.8507169534672636
-1.8914638599444251
-1.8840253085252021
-2.2033990223209896
-1.7845054998687782
0.2513843201531568
-1.335295291778887
-1.8987541905749783
-1.4729927576682358
0.8353738529310882
-1.7942938910032746
-2.093739652006526
-1.9826595585094853
-1.4504469519874952
-2.147301412106793
-1.7491196950122223
-2.356264515564606
-1.9498132059719755
-2.0187939187866277
-2.4650986905990426
-1.7042592318048713
-1.897805100454787
-2.1962401683589663
-2.199685618872755
-2.2429074174464656
-2.2400963483148977
-1.9980984861122755
-1.8354559396837935
-2.0836982483606343
-2.1631383751583515
-2.072615792104356
-2.075525634511625
-2.1009924871929266
-1.9264562872708004
-2.0179001518121957
-1.849190326820401
-2.0905500050210413
-1.096532811960718
-1.8115536738455957
-1.6671727172292994
-2.201737980907765
-1.91171062127327
-1.610281880221026
-1.710069375227023
-1.7948906619305225
-1.9081644785371656
-1.6859872790827006
-1.8208564144889405
-1.7157442572273163
-2.0493316347260113
-2.0634958491391613
-1.887508613708071
-2.1578176225565433
-1.3424172245735364
-1.8361317098332897
-0.4710758540813366
-2.165678835210089
-1.7631990176494396
-1.7176524910920195
-1.8245073147275273
-2.0239888618277715
-1.3422302827546189
-1.30518125509914
-1.99397919950983
-2.0227177096952467
-2.140824660104349
-1.9719644408003962
-2.1053289998304128
-1.6497745690700245
-1.6963304136320083
-2.1406922955988197
-0.9772222813663362
-1.7150691449297937
-2.1652449233687276
-1.7602524362284944
-2.1270799975389245
-2.20959422060953
-2.0043678008752193
-1.6886050439864715
-2.082294943426037
-1.5362650699804348
-0.27180644732627696
-0.5356565146810797
-1.7909905742740155
-1.8483990829759207
-1.8359676827579972
-2.1984917551368155
-1.8572238586164893
-1.1684110790437736
-2.3382586487394774
-2.3467730642972002
-2.190386646759376
-2.2187000756983255
-1.7704729825678571
-1.594825315671252
-1.6215414045307992
-1.6515996750914987
-2.1996684452632116
-1.6573634385211085
-2.1182527234772297
-1.7756553775222466
-2.2707125736301483
-2.0840589121759026
-0.020956858988095493
-1.8089515860448213
-1.7404383494386775
-1.930968900150623
-1.1905545080230455
-1.7733185697854874
-1.291269139189786
-1.8677314848711255
-1.789964221965103
-1.9164837326477508
-1.7183552367267618
-1.834367535038258
-2.0169601059390074
-1.5861634715921977
-1.6289098917087783
-1.769928223323056
-1.9747451347376415
-1.8360237025777775
-1.723041482275058
-2.227929360165299
-1.9296065645766636
-1.8646216175456396
-2.162042665733522
-2.0632873239343157
-1.7841441484761102
-2.386226011396767
-1.3223664672303066
-1.8809409959347794
-2.2433742054193435
-1.3659324330784426
-1.6600615488076107
-0.6397210152562798
-2.164421220580071
-2.0102656975940505
-1.8101125231611306
-1.235358009676259
-1.8420833282750857
-2.4716936746537024
-1.3588546758245927
-1.9763908874100597
-1.4768221283610476
-1.8894461129836202
-1.8264645494627065
-1.6878051270083136
-1.1236041023542003
-1.553715211241925
-1.8024619387173832
-2.0166774850730396
-1.8800204988260785
-2.0279684054092804
-2.406732246727901
-1.3031675761856343
-1.8283846992292903
-2.1214565750798204
-2.137709652912058
-2.1409002958042023
-1.2030897714472513
-2.0280338260630466
-2.303555934732848
-1.662279132084661
-2.063845819233434
-1.907406901525665
-1.8222457331201685
-1.5237409727768871
-1.82114453886616
-1.5633003589311338
-2.370001344623806
-2.179296376920609
-0.5976058006918753
-2.206138059731401
-2.08407911299719
-2.0909916156998882
-2.0533374103762845
-1.7483443995631187
-2.004227757725591
-0.9763341671975552
-2.216341042952926
-1.8974122409161323
-1.7633162609532629
-1.9809981541883244
-1.5473407569093955
-1.5126027490639156
-1.7088022956548787
-2.1647279545232454
-2.1872228575694113
-2.1674482894156943
-1.958737392916918
-2.355813528593176
-2.041143558458996
-2.223660957508556
-2.380748062611073
-2.0943007022697553
-1.3758524240920311
-2.105334614372374
-1.0011207508216506
-2.160980629113812
-1.865568179023589
-2.0593246250751354
-1.3601811249954046
-2.0495238744968742
-2.1962439954179995
-1.558739907704199
-1.8697579474074677
-2.0077808701893165
-1.871092932274782
-1.782914602028568
-2.267464619407885
-1.58290736878798
-1.8537610531436892
-2.043657071409137
-1.6971639508508658
-2.237622929439068
-1.8692315005803415
-1.673877971584648
-0.4034607534512444
-1.5791544172860534
-1.958081818733267
-1.8813728570018569
-2.200974793204126
-1.6059802716071516
-2.142263838047043
-1.7463507198997414
-1.3574508177329419
-1.9200539718661955
-1.9741803693218887
-1.771591823755913
-1.6310312456386593
-1.9584585268750583
-1.9258020669133196
-2.273261803727951
-1.8161217857647596
-2.046468918350325
-1.9988219545377677
-2.3247873897031868
-1.2313256544103615
-1.8435161042326798
-1.234367050996437
-1.9284578611506322
-2.2465369323747026
-2.2625355433841428
-2.141177010424785
-1.824101571992879
-0.9582073552443573
-1.7042375493487738
-1.7750242516546033
-1.8522490002320455
-0.7602557252236468
-2.1946254283538127
-2.1212606261355456
-1.7781302652550497
-1.7206044303909924
-1.8394619963707928
-2.0545100942294106
-2.126780148296303
-1.4800721019132046
-1.5514756389544127
-2.0636525388752363
-1.4736474289315344
-1.747470251144446
-1.0935166442638993
-2.3731606237573026
-2.1906953467408385
-2.047173160244839
-1.853914198613077
-2.1463578612357432
-2.312782129279638
-2.129306407061408
-2.3417756318975083
-2.1726185955155217
-2.038286862705884
-1.963464799147824
-1.651018074599457
-1.9779137116411651
-2.1018564932032358
-2.16382866488559
-1.9292551929891457
-1.9011097049474854
-1.9837849188823478
-1.9352996141248444
-2.144287240212813
-1.9755915004076752
-1.2387186748326804
-2.0438286684602267
-1.8438113275053136
-1.1276826516219118
-1.0391874775500105
-1.7731221508735364
-2.2601128309812712
-1.5692027596614209
-2.1103355361785807
-2.4311190861768597
-2.1736267454102767
-2.1023867659372097
-1.9216996434138651
-1.6322841271699249
-2.162637728356692
-1.843594800759521
-2.1114186377062096
-1.6433118290941244
-1.9723952250312646
-1.274370947512242
-2.161986404713017
-1.00504237632281
-1.619214195396118
-1.973872629579835
-2.1916262613769977
-1.8323657548396723
-2.047796612557874
-1.7748506513856666
-1.4930885149333062
-1.3214527402337126
-2.142164560645855
-1.3658530252149268
-2.3146326340296
-2.035646790320355
-1.8660754611843393
-1.9216022332794953
-1.9463823214943592
-1.5044303538523678
-1.9910192615053115
-1.695166778667134
-1.7986253215850805
-2.0032288812722423
-2.0034147436107124
-1.614822233063071
-0.7567064081262939
-1.3765640367446614
-1.7645641571287674
-2.0830260560736122
-1.8714337144763746
-2.176184829189292
-2.1869127486149793
-1.6966556324923956
0.83620872573539
-1.2573840286691165
-2.2936767508221974
-2.0640764901877167
-0.7480176315757239
-1.6378173532241531
-1.8596191043719028
-1.7950893727317692
-1.7719515893822684
-2.067608357590279
-1.3638557166555998
-1.6919883930828952
-1.56387525554527
-1.7437524964212092
-1.254336704252997
-1.222327215197677
-2.0992012412038155
-1.9789428843180517
-1.9877401053276824
-1.8747386181969425
-1.9017243171877896
-1.366593222175728
-1.2373477298111364
-0.9989290255396632
-1.8015202711339673
-1.9313461997937535
-1.6778739336976274
-2.3319618651595215
-1.9782923092617415
-2.0289268595712415
-1.664513993472389
-1.6304878945038221
-2.1594648617433143
-1.9616265073656067
-2.190452691611902
-2.083047994284257
-2.071260307268115
-1.727286651586063
-2.0068282420925065
-2.3256075753886876
-1.4614299001490327
-1.4983650203796302
-2.0007483531604495
-1.878661106872797
-1.43800323393743
-1.5767705642853256
-2.073141145892708
-1.9856265600087448
-1.8105441912646418
-2.0480514338112905
-2.003279766078292
-1.3174449082167818
-1.9655088220885588
-1.8909923866484575
-1.8911398986463708
-1.9131610387327187
-1.6022227273157037
-1.3808326313842705
-1.7368729203364437
-1.7318313496628597
-2.154678331822806
-2.021289459331541
-1.7122418793957777
-1.984423379785804
-1.7720583166764066
-2.268781719834005
-1.8010941238268827
-2.2703911403558377
-1.8624268753457314
-1.934141003823621
-1.9110018002534945
1.976341921960545
-2.023761250589943
-2.0742047056194246
-2.17202240770359
-1.9551889191678604
-1.774414328499666
-2.040382726149886
-1.8311366155623219
-2.0007176845236527
-2.204255804430062
-1.4539984475042607
-1.8898791788202371
-2.0638912912306835
-1.7147615121593884
-1.6708727365076628
-1.7472929663323384
-2.075665754308466
-2.195191724692152
-2.037814132057318
-1.1151020640202558
-2.0619356967744915
-1.4855547115934715
-1.8638980565111183
-1.9117518549077985
-1.7845898745587927
-1.7996424889553644
-2.0212299493220427
-1.5484311016827075
-1.94102120993435
-1.9232207792609823
-1.649661501096339
-1.7953332990133544
-1.821245631973995
-1.5979805791311223
-1.8647122614428646
-1.7013814992490128
-1.808195117035029
-1.892829597977066
-1.8698485444064536
-1.8756947245870947
-2.1546632778091217
-1.9395519069399159
-1.8613488797798945
-1.6676053265052413
-1.3267127710657654
-1.935602211994677
-1.8398820655317591
-2.0020190481528957
-2.204614044022641
-1.8281319749492173
-1.7686627058495599
-2.295658883117167
-2.19974487563674
-2.14836072424384
-2.0257497186005096
-2.0061563262989823
-1.8921608260099407
-1.296984932998069
-1.8417525284771308
-2.2893598320922166
-1.7386669122983602
-1.7227522290041397
-2.08034865840635
-1.909550285063813
-1.4447635073038643
-1.9030903975818088
-1.924470126687214
-1.8695627071042742
-1.095707064992855
-1.7304894751037772
-2.411669961443201
-1.992025651790274
-2.1173971562299903
-2.2362924667019644
-2.1214550975529596
-1.973710060357115
-1.9627189130214135
-1.8646135303943043
-1.548157834147352
-1.6971786838657534
-0.784476294967955
-1.1897823332284043
-1.639054894414039
-2.115462250185705
-1.8504204220347273
-2.1412642500010994
-1.8921478362053412
-1.617162595697094
-2.042299146335036
-2.1462820027914193
-1.886572770335275
-1.7739367074308856
-2.106233587296989
-1.8327129508217563
-2.0236102207649105
-1.5644788705434045
-2.3438965429672964
-1.8404826587336995
-2.150837143219068
-2.423591061478336
-1.6902733383249144
-0.8619397836136284
-2.0487273664853562
-1.99904125560277
-1.903659437264527
-1.8053167375737003
-1.6301015061492263
0.05369538059254693
-2.2162809148963145
-2.2612822161287034
-2.110069110916851
-2.031033809249616
-2.005294741653999
-2.097398914020377
-2.1394381842628327
-1.6543595910273554
-1.6787185607397601
-2.039538843486521
-0.727630689720458
-1.9505828297310097
-2.1356739522568446
-2.159534203618962
-1.4978635508263798
-1.4100546879570603
-1.71896177385212
-1.5039777821222058
-1.2359799448480298
-2.0761823314569363
-2.1326503627250477
-1.521494528701621
-1.8540303445098771
-1.625264250860798
-1.775708787531436
-1.2462649399766614
-1.7507048061349157
-2.004688474162794
-1.916767850278172
-1.970034134935372
-2.136876186748753
-1.788099249120193
-1.9416239181785422
-2.0468412739350312
-1.791198611183604
-1.9910847724726437
-2.0259599292672377
-2.2671656631481802
-1.4488194706246327
-1.7610632200644933
-1.832339293525808
-2.115048717697221
-1.8410010609037526
-2.3577402628667747
-1.883007554694622
-2.0984165464238913
-1.3490987058920025
-1.9169353349312943
-1.694525049250378
-2.0161821084114884
-1.8807286783089816
-2.109527101957262
-2.0755686263953907
-2.4260590268495723
-1.6285987984469743
-1.5440978154770901
-1.8989841413898598
-1.8722521234972378
-1.308357570890192
-1.1756234252441837
-2.1534692408587968
-2.0282523951798876
-1.9476612012141308
-1.8282228738440482
-2.3287061836663256
-2.0642977665078623
-1.8676777924679107
-1.3413555364789247
-2.0722015316300175
-1.7395663728593571
-2.1541896880195393
-2.0370423749843933
-2.0321470766314556
-1.9385984731668577
-1.3060121594528837
-1.6671346458091534
-1.8668063385295197
-1.901741932551572
-1.40550289110185
-1.8921527901481898
-1.9268782785638683
-2.1960018921046935
-1.1275436251867166
-2.2902992657788634
-1.8893378966623045
-1.7269130409377549
-2.1915444156747466
-1.8969706884728015
-2.0987464776195788
-2.3348184442348914
-1.7602058085898777
-2.10792255523418
-2.00670290560735
-1.8838476081209343
-0.33238655683011775
-1.4878281997684217
-1.8330620681941023
-1.9477437352149707
-2.264474394939567
-1.9478186263043615
-2.304099523147535
-1.7276349916825773
-1.72706060170449
-2.032921602683475
-1.853046395635039
-2.0357329517370926
-1.334899314199774
-1.9731193727620888
-1.825007477993137
-2.0487637643161234
0.15132055811104725
-2.094727003278095
-1.8029197348798107
-1.6747792692694912
-2.103662627906522
-1.943506910025003
-1.4221045327995392
-1.863992059111255
-1.06134911579921
-1.744320671360477
-2.0005080020717436
-2.0443271981436983
-1.4623281711865563
-1.371445247125519
-1.5075625091956488
-1.5706240812024788
-1.9537767531888954
-1.750240806922211
-2.0281086608161556
-1.8407088782093537
-1.7412827060214509
-0.6248945900202232
-1.8237213740629623
-1.7708606718048094
-2.1973873446412795
-1.96308631079314
-1.8722423500368892
-2.1322542365947466
-2.0362203126820564
-1.941054680048576
-2.111077863140454
-2.149347126605569
-1.817812731874584
-2.189851801691246
-1.808801209797811
-1.626911274355491
-1.8938020558523956
-1.8180820132516287
-1.764713634061073
-2.165486843299707
-1.9026479408810268
-1.2926039220602075
-1.8571391828824655
-1.8326766948176043
-1.8388639472223725
-1.9731049861046817
-2.052375574620041
-1.715134156910429
-2.205362798354552
-1.5864126828484346
-1.9209673567360122
-2.0153705006820877
-1.9242743468089023
-2.049128918209078
-1.7515521554596318
-0.5891943536500601
-1.8689543464859188
-1.3761608002765715
-2.1519796622399694
-2.250421337309656
-1.8261998382735525
-1.8310235679244717
-2.007126700190779
-1.9254638775186106
-2.1674508778854005
-1.8444359790687375
-0.7153699638740653
-1.9446408506341086
-1.3682135193083251
-1.6635630747875918
-0.6524842121534672
-1.4817457243210663
-1.2523777594008405
-1.5713318243778869
-2.0775403166924558
-2.223809546752607
-1.416770674573938
-1.943178770039529
-1.8042526827159455
-1.735144138786477
-2.0750705588705736
-1.0955775255382416
-0.8449614191079818
-1.9586141175714133
-1.2797031243050376
-1.6715293861773108
-1.8318826723795878
-1.8527607082307993
-1.9362970889335374
-1.828769929864923
-1.9168042715296802
-1.9865459980293545
-1.6204270822881541
-1.9396590363012234
-2.0326843636154264
-1.0907456176508008
-1.4647606745260955
-1.8611386220091066
-1.9426028722983943
-1.9443231478291545
-1.9347644590801152
-2.2543479307987138
-1.8446941858066186
-2.0483033407958344
-1.7621758329976391
-1.704712955257173
-1.6479701554949073
-1.9507589302754156
-1.7319691404984845
-1.6756732193826456
-1.770154837142197
-1.1069650173580718
-1.801796430028405
-1.6275947428218334
-1.838288599708304
-1.984586145107166
-1.8499187230301486
-1.8010928008717109
-1.9199278085953961
-2.160000876174937
-1.927368041306276
-2.0789697717313564
-1.818744411030089
-1.644424485386168
-1.5967031272095773
-2.0148460962288293
-2.287493138842675
-1.9907494809068187
-2.012395721354217
-1.842139127965077
-1.8493128581666496
-1.7186010731019263
-1.7903647606284467
-1.5076015480829996
-2.0737201153509313
0.3267792951673671
-1.7653675619206086
-1.7925414014779613
-1.9298203732155086
-1.8042944596214507
-1.815734155436203
-1.8785886017364262
-2.011503579845839
-2.143461817272332
-0.7607553517100981
-1.9178272404723282
-1.5478950354018908
-1.9220269085411439
-1.4902557510109329
-2.009468762866843
-1.8039276284477483
-1.4070125121188468
-1.8094894546811393
-1.371295895979427
-2.0084479784004627
-1.5567086579355511
-1.8507971331218638
-1.7585558060945514
-1.406643548193942
-1.4508311589462828
-1.8610322957331242
-1.9774944842488897
-1.5919074087534022
-0.7392409490122237
-1.104467799097148
-1.5283163954844943
-1.7658580965140893
-1.788609430689774
-1.9461370162739793
-2.0295044252559253
-1.6868364799502575
-1.840810083497776
-1.6105534866034414
-0.6604714257084922
-1.7371076794591909
-1.7851669174923492
-2.2272457111670376
-1.6993456565514984
-1.704326584086213
-1.536800406142719
-0.49507104668136254
-1.9155118973941951
-2.054385136625294
-1.8311822999462855
-1.6047866872003163
-2.091567329210588
0.06328518277691697
-1.6957570167581197
-1.4536527993394075
-1.5551030056978474
-1.664501616414091
-2.026202355791449
-2.089491470342392
-1.7584331444082661
-1.8631700317300184
-1.732836085955225
-1.7429176101259174
-1.8733700172739582
-1.7952641683418602
-1.7405656295708103
-0.9160338314547362
-1.7370053255176297
-1.9455553271250188
-2.1014233795542
-1.8949195573929198
-1.833595993179574
-1.0373134611016614
-1.6878564320278728
-1.6502228688269545
-1.7580178026357869
-1.7333128244225613
-1.8246319507588977
-2.056587077091533
-1.0912616020992107
-1.7349467955359628
-2.1914301930670206
-1.991742185798414
-1.7975433231459608
-1.4403064552992373
-1.8126928880930455
-1.729865353696684
-1.9797113120687773
-2.120519744645901
-2.1896108928172837
-2.031426037683525
-0.5248356529089099
-2.037414116922197
-0.6970434481460233
-1.6290748875774534
-1.7994270477756467
-1.6905451832798484
-1.8921731929965777
-2.0452460926741622
-2.1595622617363373
-1.7416333208653774
-2.1595268868198785
-1.9504359121329875
-2.1135422686350873
-2.1404307302729917
-1.9407680180615774
-2.0035760031388086
-2.287360820060616
-1.9968814265731045
-2.2723364602222884
-2.034225220254305
-1.9471255108256944
-2.088414957040646
-1.9206686355934282
-2.3401905482759795
-2.1901984275343893
-1.364796295677508
-1.5295412015683283
-2.153587394091846
-1.6939179062480079
-1.9488599040829953
-2.3936816312889335
-2.129718565348121
-1.9322960428869678
-2.024931151822821
-1.9526504118393997
-2.023995917247096
-1.2982759748401957
-1.9197445146831515
-1.7088220557813238
-1.7790036378286573
-1.7537975123485525
-1.92689678981623
-2.015965240846319
-1.9589481363767054
-2.1362587027901974
-1.8054255135465322
-1.967275679773915
-2.2105780194894407
-1.9803659032886427
-1.1780787564719537
-1.991438580722076
-1.7026541663101624
-1.7445097855250302
-2.1312975794368114
-1.1908728574762344
-2.0886742193878987
-1.8196702522101846
-2.1560327568400957
-1.9186677405333923
-1.5483427039270032
-1.6223466654612035
-1.5944689395346296
-1.6575461947611076
-2.0413167116255377
-2.1623652333194054
-2.0713359224159156
-2.0543331320150955
-2.016936539204111
-2.1307297186271814
-1.7371722769561262
-1.7022932273538667
-1.9861523047418757
-1.8828056291173734
-2.0031792055360294
-2.031978814330318
-1.4764976022804963
-1.7985078594446202
-1.636460344800093
-1.5457985714422247
-1.4431363167584534
-1.2862819295987473
-2.103144864142257
-1.8764594187393093
-1.5989511104715546
-1.9474383067898895
-1.6221937567011662
-1.0461302148401697
-0.8586536964040501
-1.7290997661360181
-1.4176402489383177
-1.415675978787226
-1.8622466319356963
-1.9737233751097423
-1.7566475662097418
-0.5913704429883448
-1.5682572602053275
-1.6811814359291526
-1.7122288752637878
-1.962522803541388
-1.5679542109608813
-1.9952169558288277
-1.8471265198915618
-1.6876231923146467
-2.1942550100865876
-2.328542640231165
-2.1183949096149317
-1.445482952242813
-1.983417588015439
-1.3298344946933258
-1.5742043658923908
-1.353553601021991
-1.5058193066647514
-1.9303704778494994
-1.9002397816872103
-1.6111554305174969
-1.6690732960026766
-2.013179630748872
-2.0166787165515445
-1.9258742416234356
-2.2084770547061536
-1.7762498866111218
-2.03524695662956
-1.9224102878610083
-1.7480698095328002
-1.0474337951965154
-2.095871441169876
-1.1719849324802876
-2.2165255754016355
-2.006895954025234
-2.049465730758134
-1.7981942973462295
-1.8425399183101179
-0.7357509683399197
-1.4475676312380086
-2.0476210799997205
-1.769487421587612
-2.305573701115829
-1.9594901161232794
-1.8227491823142896
-1.9392748034972045
-1.7173691624799303
-2.215525157351253
-1.9380996726997293
-2.200605710221822
-1.3320933762501757
-1.7386528127379077
-1.7152504234742638
-1.0317867408286077
-0.7235849732796436
-1.5415315357026411
-1.9699064560714492
-1.7106026807585775
-2.0632810492328377
-1.956743672196025
-1.6539352091008088
-1.7026728229502757
-2.1992342441635846
-0.9402478096285166
-2.236324299436546
-2.218989891324246
0.4133533129903795
-1.4085995143470078
-1.3649462314685534
-1.7234266248256587
-2.1866646571820834
-1.598376220720238
-0.40446310926432494
-2.2041824057639388
-2.372522623823556
-2.3492897033275764
-1.5073687174626302
-1.8693035129029094
-2.0554861666598208
-2.094302031784308
-1.6570092474443983
-1.9754659421224585
-1.7933340123298016
-1.0427424104304752
-1.8038969118772323
-1.8848684294466804
-1.854833678619951
-1.9009165803594261
-1.6383673070268006
-1.971750803670178
-2.2161461517620773
-2.1688945826481034
-2.0238923637245323
-1.9870550137598884
-1.8744804725450783
-2.141133249655923
-2.0138269598685126
-1.9143175153729948
-1.7258749088476457
-1.8748474873338201
-1.8397861364604482
-1.8081948895229927
-2.0365667012141664
-1.7144178121607103
-1.764698739919869
-2.4311567725606835
-1.7240943189958773
-1.6691418223567613
-1.709403480941548
-0.7487049935495799
-1.9979479181226327
-2.038292021630236
-0.952791427469084
-1.7415571119055702
-1.9008909642714473
-2.018735561286096
-2.0170146595381455
-1.6356790642210666
-1.9520224713377774
-1.8026276371814907
-1.8687347445396112
-2.258579374841419
-2.1104938340084174
-2.0889908301781834
-1.7277118984437454
-1.6085206154779241
-1.8553331206273243
-1.9961127776808032
-1.946134878004619
-2.1219713245942895
-1.9667432449182627
-1.9913355464994182
-1.597267490446441
-1.5724830116164739
-1.9703075759774191
-1.5630113539320856
-1.7305355032163463
-1.6117607456553311
-1.9449074839707
-1.71127708193802
-1.7467083388270623
-1.9647536198753326
-1.877808790441321
-2.0915753613540855
-1.9718576680386148
-1.7763953070758407
-1.9430332969630764
-2.1890608254509623
-1.9000578088092233
-2.2058170381456135
-1.5632483241680957
-0.9040359092821185
-2.0451519999394776
-1.9835875842862771
-1.1807576378202647
-1.8475922341816087
-1.5038283794201213
-2.166429276484326
-1.8089768747173647
-1.548734561867063
-2.014523334010419
-1.5643164609632219
-1.500301145144895
-1.815503785911522
-1.9602373809709606
-1.7520329929675567
-1.5011084655568596
-1.5487488204630488
-2.007426775975462
-1.5271861140070073
-1.7151536182755482
-2.0276546249484064
-2.0711760688126986
-1.918918017837676
-2.1863770802651232
-1.6031366278010741
-1.6792129046019502
-2.107372312015284
-2.2980600968633844
-1.8894071500533922
-1.8374087449829164
-2.1808124631692043
-1.1813394035693656
-2.2388481524955997
-1.8971072249576195
-1.082636881890807
-1.0418593346651193
-1.8676057733960352
-2.1082084043462457
-2.0859313111061093
-1.611350924928364
-1.7842614458764432
-2.0270259230657346
-1.6708066773771637
-2.060230495287748
-1.7035205267011846
-1.5734523119730768
-1.7398911752055801
-1.2982483339977466
-1.1991763846203827
-1.847087262030685
-1.5609011063759421
-2.038682231955664
-2.0268312903579657
-1.9895886642940974
-1.5880975673665052
-2.106414785031422
-2.097763300091069
-1.6093342109915414
-2.0283840579154715
-1.8566614313386491
-2.13843950789506
-1.741659451420849
-1.7493235848006417
-2.105213345436744
-1.988495744322627
-2.1904090696995144
-2.0213840848076026
-1.6397098574136661
-1.544556199220771
-2.210872408081967
-1.513156502081805
-1.7887026380130777
-2.0200583469089475
-1.9791750680379605
-1.116758104236054
-1.952161857687101
-0.5103293814361416
-1.7458093460162754
-2.0189582642106485
-0.8308109377982376
-1.8388092636245985
-2.112107914604759
-1.6237631205297314
-1.629021462855475
-1.436066426117638
-2.1412941116725244
-1.24329382795992
-1.8593899979814068
-1.7706029063605697
-2.055428508048502
-2.168198207163334
-1.8478421257204134
-1.7568810250015354
-1.9307687162975682
-1.9768707212965
-1.9214187186020208
-1.669305828717448
-0.7663451867335482
-1.8106844059950282
-2.0716804365402934
-2.189043066338576
-1.8236299616586824
-1.62386161906379
-1.8582427648159097
-1.8327991426585757
-1.6969388767913518
-1.9842108229074005
-1.49674286114291
-1.7903475427742555
-2.022696560769956
-2.0929479407626594
-1.9166256721458916
-1.976267713074002
-2.0218199407805133
-1.7508664119257207
-1.828175718492202
-1.7676124281422767
-1.5350678276459424
-1.8350238346497192
-1.824782022737775
-1.680597860859947
-1.9019191967352391
-1.9865235178587053
-2.1051520160934967
-1.0039634316982506
-1.109189899047598
-1.813516463016181
-1.1347262447189463
-2.0781108913339277
-1.4828763423275453
-0.2921278761465378
-2.1111786479734103
-1.8104335029289376
-1.9131373610489009
-2.154693773500405
-1.742786454110919
-1.9818614759694715
-2.092628817777595
-1.9058249436745174
-1.620267492576277
-1.6984604795786293
-1.9944956412685682
-0.48029179284165335
-1.7298387974614697
-2.1688425158109736
-1.6904243379956492
-1.7815835058926999
-1.872427808752018
-1.7995096417094372
-1.5836370362887082
-1.6969346143185868
-2.0970879342904047
-2.13808044578983
-1.9271366119458195
-2.092803890140573
-2.1108272282511313
-1.8847902235898073
-1.9583575165799798
-2.139565528125099
-2.178964087486575
-1.2590569003663377
-1.6876028379609656
-1.8640710813340615
-2.1023906969223094
-2.053763903236327
-2.0054711281651687
-1.7691289382573845
-1.9521522236790851
-1.8467841635652391
-1.3340766389704843
-2.0971823203885562
-1.781551458745447
-2.1112515906668343
-1.80563776148375
-2.1777944923462798
-2.2872993243329547
-1.792733445883535
-1.9524138717105224
-2.104071115422971
-2.006649796877071
-1.8334401965781038
-1.8305529195560672
-2.1022062376780934
-1.9712695068349424
-1.4476860466025863
-2.236403818437449
-2.1679834176001647
-1.7921886103428863
-1.7554932121461222
-1.6774616899024257
-0.40264844816014295
-1.4902358129029296
-1.8828101529127237
-1.9555031303285886
-1.6818520810165378
-1.7524771447716043
-1.020880675903666
-1.6900499049206055
-2.2553684194114765
-2.153072795882437
-1.9922666543477
-1.969702708751361
-1.6087461312657712
-1.8505278612318041
-1.818798085999308
-2.1251400107325233
-2.0604686010617463
-1.415483096668634
-1.9803303248511208
-1.580538426080737
-1.0231108622090797
-1.9617157958674025
-1.380387062928529
-2.2853158126107562
-2.169533804624891
-0.6494424844227373
-2.0944087846345814
-1.8229967391196888
-1.1818996384788472
-2.118166223418154
-1.7153930665038557
-1.6794855375022262
-2.029293118824603
-1.760832643661119
-2.0063380418980152
-1.9823368709332883
-1.8001973193447802
-1.5415885023752052
-2.0222839586758043
-2.1488111455056385
-1.9113466363266363
-1.2207877229251634
-2.1384469906431045
-1.7882003963569597
-1.8637894752390045
-2.112514151517708
-1.9593135924062388
-2.3080292804830043
-1.5694315916645039
-1.7292710034177625
-0.5632690589627122
-1.8715032612603908
-1.6062569002205511
-2.007607734026235
-1.8933325092634692
-1.72002613612075
-1.733084364285898
-1.870543548144814
-2.0906166733211675
-2.1235586593115547
-1.3004049625165304
-1.4020675169909849
-2.132597141011221
-1.4108677489841839
-1.8578322961952325
-1.6741475625498394
-1.394434669182972
-1.8923399742546014
-1.7038572187750503
-0.9919659546898384
-2.2316033982618975
-1.8645496002517703
-1.7547770353395638
-0.9436785235715026
-1.859443014399549
-1.8696952664504816
-2.099710833783388
-2.33029722871377
-0.8310827417304653
-1.619691614481028
-2.0915133435004027
-1.854255591983344
-1.6739490059325615
-1.8599115056982714
-1.8348120540574013
-1.6684613842977745
-1.6108723702663064
-1.9866985225883087
-2.096452199310912
-1.3290288189389006
-1.6457597999784945
-1.8691086197569557
-2.268401402536344
-1.7452623526472455
-2.020843289687308
-2.042736156577757
-1.7739793510134325
-1.5465265886024069
-1.5802325399632025
-1.3087935365403436
-1.9200783398038228
-1.8935397751954839
-1.7516258380567007
-1.9104448205290507
-2.24607262782484
-1.9743970824805692
-1.3014718161829946
-2.031224496798072
-1.654570222457988
-2.0219527820293313
-1.9289975960829648
-0.9699208281754182
-2.312777303697367
-2.1094224845384035
-0.7624701878358656
-2.311910906771626
-2.0597015453036835
-2.1373387553428684
-1.5044604384811362
-1.5831228669864776
-1.499224370261147
-1.5378565669358195
-1.9273184379690713
-2.1608444468020043
-2.069907459765834
-2.1370091313805313
-1.2306584201642707
-0.6085036855491225
-2.179497744082765
-1.903076298091921
-1.8485548875612772
-1.8668868422263816
-1.9472705570451627
-2.0458643831251218
-1.7841480357146404
-1.6211154083788977
-2.0329018695717678
-2.1843907189621867
-1.8291344721791716
-1.834427592595531
-1.864501356681633
-1.6927026139945152
-1.1031629041600366
-1.6851727032111121
-2.1842460985615295
