4.719873436348481
2.630046636613506
1.7664666262198607
6.510825825612636
4.970411140518995
0.03246317881241434
1.1120924766158398
1.7622255729852747
5.363870867365019
1.4331867428703928
2.932416440095281
7.836766157263306
4.103144681589707
0.6914555514137417
5.36417017812057
5.67695615378569
1.2793398013350774
6.2582081819434885
6.575712328862106
2.3319501284599937
2.433229297602915
1.7200417774831518
-0.5394106983744933
1.4445018310583235
2.082264723820394
5.039035210614743
1.8828259340192348
5.6635646687792285
5.712656191070809
5.942837926949782
2.081899610824393
-0.8649842965251487
0.9537639775418003
2.4179470266288856
5.488217247878413
0.8178867231726519
4.528445705224229
2.9515367044630865
0.8692694808590032
8.67457228481054
2.085060099446169
0.23344903655169547
3.015967587840789
5.758197072326748
7.83492678053231
7.105938617633947
3.6304134723993817
0.808004271295631
4.230346504647921
1.258356424750828
1.7764513167696516
0.9238268069081568
4.615168058063299
6.4485066733248555
2.637456880093182
5.378281246013015
0.9600532975819865
4.307090781856624
4.229983971085503
4.436423735315177
1.2426206134720363
6.891065981256294
0.6290780135036513
1.7770791874338023
2.642283839410246
2.1684771460139953
3.548672237807968
8.648582651799092
-1.7868166191862094
8.097071289331806
2.9624381387257985
5.787913105164144
-0.16724256978982532
-1.480485488672633
1.3887941605590584
0.9071534672390351
0.8706764982312204
6.972008583959859
1.6263787184832896
3.871956847507319
4.746162478602429
6.383180273052722
3.105172540948605
2.2919837858848693
2.4269285152397524
1.0870869075871654
4.396017012744067
-0.3231246242444513
4.297277582061284
0.7027361807822299
-0.8152508883312775
6.675884853057384
2.022698845814615
1.1555955159277644
11.663212909298297
0.27364639760274656
4.038039091966757
-0.05798355058945576
0.024995202474132006
6.337765316391223
1.3624639595755526
2.7046661600747557
1.3152868343143536
-0.6091797533744907
0.09271719735179282
1.4975993411056292
2.7571719651711115
3.778694549792445
4.308066667888916
6.200851546469091
0.6694707623819164
4.850154278597531
0.46526432794132916
6.938150914147935
4.913335937032706
1.9582157886384843
3.15282000771816
3.141484904310837
8.500726948261155
4.412310141697571
2.128296605645483
5.50186081723988
5.211145191629219
-0.5356898844948658
4.083451892734418
4.200893022937095
0.8602499481840369
5.166886931964951
5.800166494990673
3.600557888030303
2.5560229180384804
-0.11789788182608157
4.968601199508706
4.334448885869966
3.1738066524212827
3.1387892915664333
2.790463897842259
1.0385176738326867
0.8446159143004509
0.7648645825953312
1.923837015556087
0.3264392612404583
1.8621608193020571
5.938940085358175
3.5566788605901003
1.4149036016980254
5.353495145254509
2.2649868556574533
-0.8578242809570922
-0.4992578557370825
2.6136253422315745
2.2586043624094017
4.064485300475068
2.9589144405395134
0.9726174006014865
3.7547497564001953
1.3557492581452906
1.395464783481836
6.1935980467844605
2.5322641449931984
9.344094461719724
2.9876755893602582
4.93476816819032
5.539574951057867
0.8569024775782443
2.3921708962168653
8.66277690998538
5.033537832938789
13.448239588444316
5.681567074859768
0.8632959916984115
4.815235211886793
4.357833955921516
3.471500474576035
1.8180632063124456
2.5271791622446385
3.469387114593833
1.2815869814730636
1.3492571457158515
-0.6992074038487516
-0.9018320508306992
6.989164995739205
3.2902944966264664
2.6020584017630797
2.623216695605033
1.5118592680254876
0.19007046789051885
6.298916571838672
0.767324037762741
3.829693320010211
5.2012557303391045
0.7566143823544038
8.180136715939005
5.654423412191726
2.3322969780927525
0.7531553289177021
1.778949695694437
-0.502865499976164
7.137226020591933
5.413189278403042
5.049036188123218
2.0815529513398716
0.5544068235636808
1.821043444326022
5.565332498472015
2.01402799258973
1.5198362810368944
2.4779429681132026
5.291910209784473
2.874571377872498
1.6217719219759965
6.602023485696853
3.7989937013561383
3.985328645517343
1.8480211346166642
3.1383462141858036
-0.9535996427636821
7.451991195447278
2.8707880085062065
1.2811355535422402
6.554742936676454
-0.9872076042813254
3.4405461051160997
6.7786882012221135
2.480307612053221
-0.31052119771334685
10.746042445919166
1.7738283541935775
3.5110288909013843
4.658085205753618
3.324600567180498
3.1087606734770015
0.2226522133231657
-0.29087980644692124
1.1474422173534788
2.468706665717699
2.1109325427137624
5.758769786598917
1.2339760229055714
5.14809552633572
1.5641584936715596
5.532327413182901
1.2424932091649785
0.709811095893276
4.54410605061503
1.2406150867759194
2.9509147143284076
4.031621093778703
1.3139467969726462
2.0147608763031926
-2.167037010286156
2.675926246270075
0.7441015186852188
1.8419907957165296
7.284329573603899
1.6778773453436229
0.7777112507839725
3.685530117386457
2.529912698565189
7.135858171863916
-0.02430599354232499
6.99425830350385
3.089095354201913
0.5813537135561508
2.7510097977129666
3.0770555429027677
0.37721486058060616
5.171987377418879
2.2533461790558578
4.142795093565515
2.3824375107328377
0.6846611067650912
2.435235135005894
2.41907330937379
-0.42813174520694747
10.802439552065733
5.954812321769252
8.397652766412557
6.891709822346424
0.8228907429750209
3.8676337122238413
-0.2496148836804526
3.617164885181372
4.628049442464038
6.806315979676244
5.3141980695761815
-1.5289435101583266
2.076500539116796
3.4945286127797486
4.110795967960909
3.4672366182225356
4.013350726185053
4.249839950885913
0.9618238402017252
0.8720760194765651
4.650579905550349
3.7708556097531156
6.6644073595486
5.71806277113875
2.43002158200465
4.246389623163635
5.344395456847682
6.114184407902327
2.66067995160292
3.958475631967871
0.7853800637913594
-0.2493077412083496
5.531161115288766
2.677122773553167
4.8638177103282585
0.061908040469180914
3.931823434624595
3.6624184543623324
2.403681481208451
3.9027869683517644
3.4989030595106594
3.9543619610098495
-1.0623098100290422
2.3650646455095274
2.8615537197778345
0.2911916475238052
0.3459402646946389
2.5379036815903957
5.443100853914886
1.5920171605114422
1.7193935930003892
5.346343005263927
1.1391174897582186
1.569217439492709
2.159208343900959
2.667871973046136
1.9481223445808444
2.54060242630956
0.5135865289144459
2.5934500105134655
6.798234698433431
1.7904471822075416
1.8517281466356525
4.683226746172616
3.740247486664526
-1.4687205469131408
3.8941257067325123
1.495695493822091
3.732927405702063
3.461545688718002
6.380274738876913
4.819383614352045
2.639797636709449
-0.11132552564382651
2.0210629674010185
1.9393893856728468
3.449679812274125
1.843509325603668
0.8232989824781647
1.4694749633037136
0.9313313376546495
6.571325851752327
2.6732001864112163
1.5771733727917483
1.6902610649843637
1.6803370981444012
2.340284609897406
3.0035060409584147
5.9566571528859065
2.392321565039274
4.372437586845968
0.42952102942562953
1.3844232344687584
7.886388461953596
5.6421058733128975
6.067149227751779
3.4496033957916725
5.5268347739537464
1.8246165274296247
0.43493175593153766
0.4632397489260772
6.572252848038403
1.7805542922229283
1.3807420642013946
2.1480489907099685
4.224693693764448
3.9062024092490084
8.855798708782354
0.3222604272568836
5.310964140910491
4.4747728954756845
2.4926035518895198
-0.12971813987166037
3.0164140518063953
4.8999823342979685
6.189960249828837
5.459727450397745
4.342729685620877
5.895653935314975
0.5940402412679676
2.345230256902206
4.130559547916817
2.628404604349863
6.539274778691573
4.236033107566038
1.215263414900151
3.5607357657962924
3.7051883310766653
6.516902387184703
3.0628144294000563
6.196555716076246
4.755534568837281
0.9975381231244795
0.8892339201316666
1.0459747282879215
0.6621462814434262
-0.4453842611145582
4.262107835131683
3.960836902899379
1.1860011939397863
2.0768259005262277
3.2723361418023496
4.232110348287341
5.064328510864849
1.1955519818924603
5.34537367983109
1.3253706582308404
0.5900068291747538
9.458037090931473
0.28757807226874554
2.7614868032906643
2.7853545072481474
0.9099243341315573
1.2606036215717507
1.3247984740079992
2.585404107191845
7.373136584910361
2.249886355337087
1.8331578300029765
2.0801194783146912
5.199847686628944
5.365193401642568
4.27122656077697
0.8975882303298202
1.2723833196487133
1.4184003440619524
-0.4905252824571378
2.3108641239967787
0.24262151811071894
0.1106349169881653
2.9548485540628078
4.701751421340211
5.90408025243113
2.91399998622227
0.0461439947629729
1.5386644206503783
1.4994627833971488
5.431090904501827
5.202737705995411
2.102401436578959
7.262708291364175
2.5128172754977953
5.1080097189385585
1.5093890350381352
2.8462101238983237
-0.6335842346315586
-0.3421668790038155
4.336066686722978
2.229584886250012
0.9164273772161545
5.960266026328954
3.481910483685452
5.483698686472715
4.644397049713946
5.507992785870008
3.652077288071572
1.2526021685019237
0.6530996136941735
8.700049008980272
5.589537448639792
4.916954608402062
0.07101039863111056
1.4562875507421797
0.8859206675525506
7.425551038092982
5.4593593989021825
1.0577576382787228
4.411609743059465
-1.040586158067819
1.0867844347659874
2.456623339804573
0.3514196947642796
1.825510807290713
5.338065307145213
1.9379938598911353
2.0793750822188954
8.448736319704075
3.1683796533825888
4.689969127003189
-0.19994972144303494
4.485181978772827
1.4367195394323506
4.630087012411487
4.512384797173653
6.902111075518041
1.314812352754776
1.9622296642038908
2.3129747381104004
6.639866005972076
4.221100648334781
4.983841316039906
2.0084459714894463
5.861927659805252
2.494851669224487
0.6151731224580728
7.967953019249434
1.597403989801407
2.6831962810549044
6.967266055200101
2.4036285945218796
0.5359012484000658
5.253404025401126
7.189993072959602
2.4039924007558047
8.799261231582577
8.177646324577513
1.6566352662500003
5.171376470091539
1.788201012411568
4.845224967569974
2.0027917068017245
2.016008219294914
4.010737071400259
-0.342207557928494
1.0458915614241073
7.966298000076288
4.449758417159646
2.110868767526624
6.739528445147391
6.355961866944863
4.902725746326998
5.653842681461033
6.130333603315394
7.610445147434707
5.981254938727162
3.4135709776706777
3.7435790796774806
2.5860498891354116
1.5501274979853839
6.41055661736447
0.6173822659945389
0.633431544857976
1.9864150028543717
1.7413558086404766
3.3209239745633963
6.610059580120117
0.5359069801701475
1.0798067661512387
3.8869613550356865
1.0623173280582694
2.3924065074132077
3.070153270491262
3.918742625703705
2.238713149352461
-0.558760297951475
5.5233767055056315
2.610234685151455
5.13333367384874
3.367331209175345
3.0328924275708875
2.4892540008067767
3.169295667966569
0.3955720546177818
4.104525728003301
3.9036208967057493
2.9170160551883395
6.775046129440337
3.481130996562895
5.549080873808174
1.8472097676168642
0.8883900628024903
8.126747094031806
2.215734972555707
6.205688564313933
2.780745248367466
7.327407066339271
4.810143836963753
6.159757612464824
3.969842379534945
2.4516435280715605
3.7390899444225205
4.394032650350418
0.8772856298515315
8.018041281372184
6.9976607646198
3.0841170047286983
0.30333814388109553
1.27196349483273
2.392032118134197
2.861454010528619
4.98242721024186
2.034581939952325
3.546550657409544
3.015148895807755
6.079804971428646
0.594927325316153
3.399972586767524
0.3290597104085095
-0.6243839993882259
3.9966909760962626
4.598327076669899
0.6067780272590845
4.371265426796783
7.766324995392286
4.066873431356863
-0.4962229640482587
1.5228228737173295
6.7475068855166125
1.203017228626027
4.19505548270745
0.5424396183342846
-0.45240995766745584
4.344329295815646
0.7728826850493622
2.1669617568370327
5.301535787236791
3.0512500436899894
5.599938545937135
7.909560862850411
2.973901971580087
0.6736657672225033
4.648154485812758
1.8067517874960741
4.368960936878663
1.4783703863183009
1.5846995571626121
4.391520520209287
6.333777880321584
4.0380298601300115
2.7426770387111534
2.0164444451257477
4.520288787126186
6.043639409080825
4.688076027525359
3.852119314722509
1.604331606805491
3.7910284420486846
0.04350517845662161
3.624188541766131
7.136767545064028
5.129077182818686
4.585875155801146
2.104416717821574
0.5612432473791361
5.164966567502281
8.838861918168408
6.1804987915853715
3.0727731108084297
3.3645459099231427
0.4819216889653707
0.6084114545673919
2.069558322008872
5.229444945424377
2.2935547060990222
5.380784637921332
0.7232108908488875
3.4438687634391725
4.159700015957327
3.1619035076296136
3.6108402181458263
9.38040939840235
2.053015543724523
6.626706408784136
4.0010485064448735
0.04491392972046726
3.2396849207762575
3.5534922354577025
7.876179938683887
3.2857339542313095
2.587318366196662
4.305276235713825
1.0275227477087032
0.21038070744728837
1.1912364802821567
0.8298073347458812
1.7225693591452131
-0.38273901597459553
2.1543248896070337
1.994754148009147
2.189666066432065
4.094352134892346
4.747234300428527
7.413644525563995
3.9758015321717437
2.5007597595257476
1.0497353382648884
3.3287376694629733
4.881526044151796
0.8195461267071212
4.838439466479429
2.44136938312052
4.692156637324068
3.699676812022824
4.666161929966294
5.205653992141268
-1.3859750676818348
5.468349009302091
6.450241028738339
1.46698085411345
13.366656356727333
5.837928160549985
3.434843862310725
2.9974030756234544
1.8302537435236574
2.142949305138149
3.438847094852808
3.717142300053887
0.8512935300552426
2.4381032306217842
2.6942341232220537
6.835792346467276
5.043831006295752
0.3259272603126588
5.03045763244933
3.7653752457996434
4.896843219395183
2.974139341892375
6.116212841554627
4.924959934740551
3.14344055056595
4.456494888443668
3.372735568671763
6.251033184363865
2.6985881235435465
13.52206617936557
10.31620832405736
1.3497579619623825
0.3592210538816992
2.7413806283285442
3.48949654712426
0.21807154132148826
0.9179372302297073
2.4606729125664875
7.891451137583608
2.4618990875190905
7.70490638812666
7.975066479159187
7.028789120118245
6.94209307532751
4.393136288257686
4.710939278656456
5.955591590046593
2.946601544031381
2.484108864955148
2.506935871089796
8.022266653729218
6.187168244372519
5.752090045555867
3.145572265666019
2.5459931317445506
3.56238191915441
2.5115104374816406
2.2393035662896854
-0.46109750513819336
3.7586630365285707
7.111965468993401
3.454220346110265
4.274524622517236
-0.0912332301469298
-0.31455723135422936
4.753281537482708
6.035197319670108
4.152829173168774
4.372808394431868
8.391463679042037
5.305475750174277
3.980855545784327
5.3294834926156645
1.8331870198899254
1.9530254128124438
-0.7405932226466474
4.194251734031952
-2.1183060260536246
4.5004985112505445
2.8502496181386308
0.4766230550669007
1.4613860689111693
3.8684568061054176
0.005758240662700587
1.1596080046020432
5.835957018731517
2.3869684008587155
1.8611732600981408
1.9418126988919404
3.184718189702434
4.8078818221912805
1.6333930440128992
3.514956045137745
2.07708339358586
1.7592175395592267
1.5488927934645484
-1.0506945093063047
8.922648801183861
6.604160438147337
3.658819774569065
2.642384759998507
0.9733184404277376
2.79652056846968
2.747465696546977
2.41624745483523
2.529627618162529
3.3104116525828626
7.566767228958493
0.05767041913171867
10.753141445750213
-0.015789139016591847
3.6891890852338456
-1.2879139941748163
0.6853240403993882
5.543101460116771
0.24487120635132376
4.7015584613220405
2.9758702297306616
2.50252153417861
0.05512528321243365
1.6214569420407512
13.844540029934052
5.326532264362346
4.915089274797882
7.366331048473295
7.283586903503665
3.2642166125526813
6.466872257698939
0.9035291646011274
3.3318045065231545
1.5782638206738784
2.80107905629159
8.485038306794157
4.099137886243239
1.281654111851146
3.7846786549864464
3.994626947503333
-1.0118916227930266
5.060329176293379
2.576889329156804
2.1413536455097515
2.9559106703186577
-0.5776064106098134
2.487182097095383
2.0715606608483146
7.372718838554116
1.4225690212135311
-1.2303945422199087
0.8343273112837221
2.968734527248825
7.286818243954089
1.7423096978451234
3.140763053319081
6.888791035469
3.172079187222425
-0.8842024065528327
0.2540258482611757
-0.40483992866461815
3.8683080152672997
7.304105607270465
0.6299735151740029
1.2037993922375927
1.4860911323857857
4.7104135954055195
7.220927642868874
1.9052909470912869
0.6671909815005446
2.771908225131057
1.728475696268884
2.5536308695258976
5.207911321302937
2.2264008458003226
7.860162483054623
5.201728037472079
5.079684400939031
6.89310332985281
2.9305610517205594
3.7226861907510607
1.0903001174775664
6.945845495806517
3.3972517638266346
-0.294274265771712
1.1264520268806169
7.857512541921111
5.886074168102541
1.9272848886197946
2.719711673306198
1.0353176702723355
7.614091513499571
1.2751671504537272
2.4741429123509953
6.3088327851557455
2.575649017543046
7.469335549830739
5.001656536925018
3.363481030693241
7.583103209688219
-0.21501428468569106
5.190319888273288
0.12205325555721935
3.814093090879671
0.9207300081036991
1.9095207033019312
5.500698289806043
1.5552381612818529
5.41789243283444
0.47841354853277124
4.503843863379561
2.7974665887589505
-0.2039795778885674
6.234449088805693
1.120167429446754
-0.44790736654222074
9.043312123907262
2.3994238333052573
2.977483390368919
1.9855797243216466
7.22380018094096
8.663339115469228
1.9702579551022719
4.277773242444437
6.542849097685144
0.9907437395813763
3.199639230382142
0.03722391205132969
1.4808276780195548
2.4906247332464986
1.302335350976262
-1.2477174562859616
-0.5256347234817158
3.689823176620554
6.019308847663063
5.781508214436337
7.865809710419015
9.007707585072195
3.476899661798275
3.5194877343115416
2.4914245298347417
5.09894731450487
1.4221150109098089
10.105659978393074
2.594251463467666
-0.032447355747637796
1.4473660120720913
6.757198585109378
5.348838686745125
0.8215449595354362
7.065443957712636
1.6779593291588797
0.007052424660677792
3.1560817767821154
-0.8679111762920446
3.1567235658887847
5.359515687624937
-1.3445399732811991
4.812963315687775
3.187765679554084
1.818001576654527
7.2563299842294064
6.290103571640836
3.1721326449876472
4.554496017403244
8.026781272827568
0.11409597917547354
0.9495170759129505
-0.41458572725867265
4.808637423449268
5.3632937080237495
2.0230187917971953
5.186372559252806
0.02107584516971503
1.5027791207806576
7.791844435588628
3.667378097344139
6.79919189692343
8.60795110887561
4.8494953785117385
6.913018560945659
1.7689045386871944
1.6098830243984736
0.044526182947398074
-1.1808917956292195
3.228993529807563
5.555221822387732
3.9603324549693917
1.3391159697063546
-0.9782867372835125
2.629411927929747
8.013440562643673
3.738399650577164
1.2775815467623057
4.211907138955514
2.019041554044106
3.7550199322917384
2.8592955395101227
6.1756065250136984
-0.15232979816097078
9.847626016914813
3.102087180643563
3.123828530921661
0.029603207125539932
0.02300358292545146
2.123992189193604
4.395633179332199
6.214531827226994
4.960946287516261
3.8358681397579
1.8461262962643545
1.621230323384412
1.5980308969210322
1.612592231472099
0.4458562904875052
8.218156598241697
4.539779797643746
0.46726534814477216
2.79791887519272
4.436109538509757
2.13293564044603
5.333503725728835
3.4725072529641143
1.3510088362413717
0.2418575262128977
2.2425835577059514
4.898173507842915
1.7514703442810415
2.0546879437006735
0.3457940109550166
6.38038913644071
6.266058336881501
4.708449843418669
1.9314598034479395
4.307446672326863
4.328880159436853
1.487621817232725
5.681511400298833
9.304844865467249
6.624422874806202
2.41728867962717
2.152696321502624
7.32289073384
2.8634858566844414
14.237207025924654
2.2319175751073774
2.4711735327772697
0.8242783157554976
1.1436764581814414
7.216871070021993
5.261162826956391
5.020482109302024
2.3313446941938647
5.841539851016734
1.7917242169327896
1.3474208005220014
1.637993684452573
3.2151795082505727
1.3412281599094016
10.790990108602378
3.424507581666678
0.6488753851171192
1.5564418825278863
0.36053043846355187
0.16959673781159457
4.932015302012597
4.003595905739991
5.271558072753489
4.211539701059085
7.92549999527531
0.09053826816136512
-0.4139348510883944
9.065893327239586
5.03142213242588
0.41649211883316783
2.9488944642053143
9.107319725834175
4.387747254983695
-2.2253511441859017
5.688871339284746
2.5530310058266332
6.088534816534918
0.5179810805453067
4.2044735634161645
1.8893541303728572
1.3101321259892513
5.38833891992307
4.397655197025575
2.3770014250572267
1.5567135092719522
2.9488745018060367
1.9223988816025086
2.395755461068501
5.548073596878484
4.8300400150653475
3.466082315170348
1.2792592334140325
4.482420537026517
4.202906575132182
2.846660601673694
5.635973194832295
4.633786097694793
2.8876330818507303
3.0045166429494667
2.4292262516090393
3.27966012958411
3.315117089104184
4.656999742011118
1.8046443169413016
1.1093620062975833
2.3137551325004857
1.6253650552847099
0.9100003832517617
1.8980206559764439
7.6120559960387215
7.18333911467386
3.2219088655849095
2.2919318984807484
1.8457885439271282
0.5451351872286971
5.9453602222236785
2.705196249306368
1.961620326404626
0.5138965129618778
-1.8988864662418372
2.3539645842121546
5.568587203427059
-0.6773581554600246
2.4924684904729566
4.4188969198025
2.039876703782862
1.3874842411104757
-0.7558402377143663
2.475731643722755
6.094745326481266
5.955470568234098
4.674850416904256
3.3863649260524475
4.836198918206971
2.7477740032177556
3.938207342726046
0.8967356898958456
-0.3670197761133405
3.459228571248099
5.29789903756399
9.904440010263691
2.579440822734496
2.1082886634996902
1.3440939703798869
6.0487847696251915
3.0914454906060276
3.228728811668345
1.0203637870004272
2.3295659360462064
2.0917858846180835
2.4471294279243554
2.6337584616146654
2.290346090000496
2.539062549827597
3.3592671276607073
4.2659474046597365
1.9619328160462286
2.982162021712672
5.401153315409779
4.06310582599552
2.411766823591627
3.116416946408941
1.7984736003911568
-0.3735943807465745
-1.0321992528143138
0.6650209634309654
-0.09964858530669071
6.2515454794236085
5.274332044740631
5.562354589611036
14.447965808560014
1.3674807602449348
0.7846991461321524
4.0250388286568155
4.258243459556061
13.247561199882737
11.072494777459218
-1.8911271563436771
4.296290822428266
1.8389175465763605
1.7474467068203055
2.412537063968581
-2.3689341290131987
2.9889977272719968
-2.0561235617722504
3.815426098540392
2.900371025033146
3.360955158736072
3.103132115436082
3.620927346115474
3.4911505276469397
0.8322881397443386
6.055050362294074
4.4340290967748315
8.139038823198202
4.166350265546282
1.4770853841581446
2.929551241673146
2.4047486883771154
1.7249211726022429
5.480199612617533
2.3558163005561235
5.770949528786385
7.276020130170605
4.8569523705269875
7.460773700842354
3.0144523335777818
6.840654906505206
3.833598247606507
2.261118614071732
6.589298936781132
7.05224236244024
8.16513357339559
6.44695860085992
4.503930017562806
0.3809799501593508
-0.4267158303929319
2.6721204194609935
0.4639365853801545
1.7771846163940257
3.58230843672373
2.020931547660612
0.6771564139280598
3.6624984088647246
6.20301899623271
10.343881025969834
6.98410300170903
9.329313089791263
8.5885138192546
-0.9411048794583878
3.317383814748937
3.7215978319206497
10.327627644317545
3.364454163342721
0.7352627436611072
2.143007450706009
2.6134493779222985
4.221748515039025
4.318256625618005
0.9858961575310465
1.4788511442478423
14.336364200593232
9.991196300252799
0.944541295873813
4.5086799215464115
6.125808626161073
3.433371078622711
2.3807825175907897
5.657209554810411
0.37361497490668827
0.8370538198957773
0.21681143063455566
0.8787660546785956
0.8046052197250984
5.0258166540290325
0.9786800700502984
6.452005661786978
4.009050356278297
2.6029650655654133
7.888659284557081
-0.17065940133281937
1.5404969072538413
2.237507005404006
11.92946007763064
-0.325199867788316
8.081686660982724
7.129477333411353
0.13222309082335165
4.510102012544042
-1.0383013935537582
4.624588010235182
3.237789729881489
2.9419134677445373
0.8236605249463604
2.5979765580286562
7.6259971595871265
2.1541532302553903
2.6754468825610473
4.27206709906728
3.2664300653481617
0.9864150265532167
-0.20201219022785977
4.523818568173977
1.557874837169033
2.853646485438605
3.5993128365751077
6.823872760889532
5.779860326479233
5.734807392775615
3.2884142670324663
5.451297695096746
5.638591476806245
1.79583260407956
1.3874895559498621
4.357104265206267
2.1477285723674755
1.995529949658379
-0.4077513405097634
8.432391028089855
1.782244446352359
4.546911767420975
4.101721823063862
0.919893331564605
3.11588886110835
1.3274505390966902
0.21186218303744897
-0.5681178403102356
4.2191922549699825
2.143789628158329
-1.1546202987380505
1.403756198902445
3.301187370137617
2.8119831655430385
4.390507441154491
12.79042898349283
1.9749654902821834
9.269034956891401
2.915189407818779
-0.34247474126868566
2.5218198770945683
2.5524691707647302
7.748126061647467
4.263956848284127
2.2546310700913272
0.6539907613462728
8.963587167788447
0.9271045298598175
-1.5421916728016627
4.133648606326503
5.110991756768223
9.063411560923775
2.6073704834613407
2.4192467278803185
3.3959204502497204
5.358371282607749
7.500358831444289
1.9825314745567053
6.529917653657952
-0.8991845514084545
4.112524831709383
3.207707242693963
3.9217909607200645
2.9852330907147167
0.2704974409741854
4.031731018917589
4.6079069191806905
6.712955814095992
3.5670293350666804
3.490678195311118
-0.6447695714452246
0.11448304669983053
3.8678054613837816
1.2532770064048504
1.848503473620022
-0.2018718003804872
0.7698344567757515
-1.3909809472795014
2.4475667141347976
6.985943441215223
5.488141978108281
5.6743503475131
2.2302758101451654
5.572969953530885
7.530846091940373
7.16762651743995
3.635239245284217
4.2983482769607395
4.109847966631287
1.6901491741669084
1.391202125232198
1.0092537578444212
1.2469476401908857
1.3516418953710672
3.9729124540683305
-1.1090409781376593
4.337822481033806
2.3080297601680018
11.052480439717176
3.4376151893982394
3.3389345472941407
7.259861430315334
3.043437479247532
4.811569865621818
4.833856184007625
0.39421577764679205
4.199798990051909
-1.5395933060198774
1.0700363932891817
3.6777515072810534
2.4572756382474985
1.423458397901774
3.0909135045114855
-1.4401487338251333
8.404660688876827
4.2383072166261035
1.928429094185323
3.8826222845590337
0.6654395367325402
1.7845038909588153
-0.8566017639959401
3.1834549079969636
-0.11224763528324666
-0.40525873843335325
8.373687428090872
1.091957704604638
1.5385368763117835
4.089663579475531
3.943402383073783
3.814024283003636
-0.3761016072364447
4.088812456212843
4.2818040863612765
2.1481295088237005
-0.0710383244535239
0.9003522769724592
3.6634246120098832
0.6636624249049268
3.901017180988452
4.484497009015992
7.703558914358715
-0.2718276270300888
4.431650041341483
0.39959643026052155
1.8530101518601712
1.100575763703604
-1.4458918946099693
5.089622712029882
5.3647149690811515
0.8811484433009873
3.004534092563159
3.081543299868576
1.3752826888186425
5.556722041843559
8.480809209334103
4.016811819123462
3.9314140165821367
2.5667044834987314
0.4968611648005117
3.0398348257903063
5.561641370998547
9.692576959856353
-0.8660717203456245
2.7811878418711444
4.603832731807836
-0.49660985035075506
3.839724739137339
11.017963084434083
1.2950395989572567
0.6512104028693253
1.2753051016267118
2.5922215574331617
2.863269412859349
5.538961186745134
0.9001795057720277
3.876768962260441
10.394489668311646
5.034530380712544
3.5947491579222213
1.9696097280286655
4.1711420037071845
8.10813439556666
5.597048976525033
0.648526018003305
2.8300100368423804
5.683125244836644
5.400438062254043
3.8672700854136473
3.570124576365537
6.81168417665952
2.0464895866551673
2.201102421481391
2.565237748432173
3.0125923467741065
1.2555467573896355
2.0546988461919846
3.9748965034079857
9.082591441166914
-0.4981367143894857
0.5594192657125799
7.868203609570918
0.8168911527169442
1.952362619256415
3.55333907194522
1.5258124726711122
3.244238003574308
4.402661056353178
9.860554913815504
1.2986547646736826
4.313935465156873
7.2194114574925266
1.1325176940191288
1.1686252538906734
2.2321466127422545
0.9004396415681221
10.279939740081685
7.685986151161679
3.8487730340741066
1.7748755391449347
3.3561215415589114
1.4860847278034583
4.49521023546457
0.02705006864031617
0.6846971993378597
8.734643213063542
1.6825074409789333
0.5180871816714633
4.555002695205946
6.651374421422933
1.1388602853929966
4.778885623119179
4.24167966297326
1.8684819800200432
0.40064036529617525
3.2112119257516527
5.973151371272031
1.3894483477110358
5.556930826089335
5.217953496529763
3.3856616056723583
4.389138278451212
1.9036332553199777
9.20393676566692
5.666225509384068
1.9051758757217456
2.228673031416824
5.572686827065865
6.9822473053956635
3.7801367314267544
4.096980988465996
4.038416312978304
2.9804994470271184
8.111104772149597
7.780695137155376
4.161175421396127
4.1974243985893045
1.5642103171758963
1.5278417021581006
3.458543986559282
1.693154357239833
1.0017969596405478
0.5275212604749668
3.189928796540917
1.7919087291232185
-2.2148467711231397
0.26724611738674486
1.7702276875080152
0.4939895279253772
0.3670696018648794
1.4819087157749584
7.702830919980777
-0.6621170999146468
6.024611693064298
3.477068118321407
3.709095455770201
3.1171241735365047
3.4433317112665938
3.527966080750962
4.071244239080237
-0.0981305338367161
1.2839049173252688
2.557660894273977
3.661348980711251
5.583986237017487
1.9800212972984088
6.013475007355776
1.6405130533429169
4.863064961352607
1.0244261670094144
7.887074431368677
0.455064007997666
0.7846556344639379
6.828062960644122
1.4245794089208208
4.618477523746801
2.8401404124931275
2.40264247604353
3.0318191466303257
4.783181971902297
4.708584982271998
5.521678443186441
1.8868521880159705
0.6777136393661188
0.8566992030344392
4.576863525465908
4.199539036098779
3.510321476502437
2.8809737244939737
-0.1351989694549592
1.0985056720991253
3.148631860838566
6.132504368034083
1.4234253240702748
2.9951673488817283
7.132163346183554
0.5498298556689538
1.1891241232828684
1.0372995529542937
6.8357304220324275
2.6714853177756224
0.8228382913573435
0.971545713512687
3.3211591671233673
3.0142536009412106
6.905002524379126
1.350900643913696
-1.1108695735830822
2.4014898902910513
9.676699564980524
1.859721296156628
7.221263778033773
6.043777208147849
3.038585763600865
1.4231431833744022
7.205247495698822
5.41820906762517
0.9724347188115259
5.373875310752291
2.52040129913306
5.241868128350622
3.9165869669927615
0.23418916190725003
-0.24806703793167428
2.2560997711439645
0.27523167757860667
4.456023452523812
4.241010856341655
5.124085549466126
3.835862643898596
2.388473892106211
5.967865434903326
7.5249862829857115
0.40025025124158464
1.0619021606907726
2.4887413090473673
5.752270351161731
8.526178231374058
5.947304826526066
4.828535005212505
6.396648765065249
4.7235958819934325
5.0663325180890775
14.647270317536435
3.3236240891445132
0.6706862870569932
6.058286349600156
10.034129696325081
2.5712956871862427
5.631923274619518
-0.38104033396745896
1.5563646289578899
-0.2179175438516212
-0.7022078222204253
0.8833939226658374
7.04789635746691
3.385583076851621
0.6380113042023356
3.2490509371710807
6.028828501232439
6.290245753956545
3.997131704770241
0.10725940671222206
2.282944516324962
4.163672508925531
3.9135113591211574
5.3260596410092
2.213167470515998
1.4037478084540989
1.7607225979530579
1.254662487007143
6.458392091477488
5.784566220297236
5.128334660253135
4.9270160303810036
1.7925144573651952
0.4970499348217364
0.4455201535965756
0.8562351042480023
4.084798499448961
3.0089159720235097
-1.0832783879979286
-0.00547264975288389
3.449803611259684
13.232333751095945
4.489311049030725
4.507911050871362
6.214708610625159
1.3634967046332716
3.175517503019696
-1.152304286131462
9.261467294368346
3.4069721568216798
1.6582425535273846
5.6760016450843835
-1.3293893761396214
4.062147401448067
1.175242692716452
4.744280144537853
5.65209190890478
5.971184740681472
8.767719609158
5.060885379053286
5.245270665165956
-1.2812773301728204
3.645652287956442
2.143421351425364
3.8512372805711736
2.8215254736164037
6.814696768586018
1.3141339834758363
1.3756495910757478
1.0714097248192067
2.0643493684266687
0.1082899992203354
9.350442370097646
4.937640242935542
5.972037052358911
7.324229313172887
1.619295384005942
3.903621676421442
5.069960095991456
5.499436276266813
5.567617901632566
0.943755712091737
2.1320794918680788
3.914554354390518
4.700011791547884
-0.7369460749582073
3.98906047137592
9.592722831078483
2.849681037508769
0.956763717113166
3.9624769266123714
3.8711133458301257
1.1821138873241273
1.4185170075400562
4.141438744399321
8.697031037773202
6.76402315010773
0.5060769455868379
6.639114803143322
2.7797154067494936
4.165199512713871
9.686226952712323
8.690962609407194
3.147531584520967
7.013764533577385
2.5584701386674755
3.7114535762625986
7.403052997686845
5.967814474535584
3.587222260567725
4.5462154571890805
2.203688003235298
-0.42693504207204996
6.276004033811768
2.3866564902801617
4.578954842648429
1.9723760725924626
4.059908614488815
0.7898063607790223
3.552001884054887
3.575525832033442
3.6583530840337097
2.0582397339246485
0.9498083981549056
1.5400258666050388
2.071647810840468
0.08268072269841359
2.312121109675858
3.421499375460351
8.413699022298093
-0.12304909538022624
4.456859942227265
5.783777973976499
1.454429436975251
1.8681906789461193
5.803937215377696
7.073892977095527
1.3008403687701573
2.985286408750647
-0.8866916769101114
-0.32074557635049605
2.2077878314685115
5.0976494354678294
6.436126969954775
4.134464463876736
4.811697279230379
4.538497674868241
5.228355599994618
4.538598400695316
-0.7488553710779557
1.1658988427195325
4.406611594638453
2.936905549988204
2.414643748754694
4.052154876833856
0.828058113193776
3.52718980409928
6.025280649236701
7.921148803622473
-0.9671930398496814
-1.174022262950739
0.9330305281278176
2.55555886011219
-0.948678262704831
14.26296713156177
2.7310164459860875
7.772987476677169
5.330796753273655
4.510376297554986
1.7501113024467783
2.563008084505941
0.951901718529864
8.28441138972776
-0.7628536535574681
-0.5064609777112307
5.591596422005916
0.9214333908269523
2.953245067750439
-0.12164950701834934
0.40121481281758453
1.5623960426903487
1.4503032340585365
2.727049926523677
3.773256898037107
1.458343848090644
6.418926459448646
1.3790945796187373
2.5779691584701423
2.632757227883385
3.195903488849787
2.67207406335467
-0.6054826338871515
2.7204381011081096
1.0590160596100464
1.9351280123668613
4.914298645343639
1.0816657897746107
9.204603216610312
7.973621180144901
2.758183578164843
3.5044408440573407
-0.045757611367314155
8.310681679910775
6.187112421585752
1.1295309068652402
2.708616527074159
3.4642563360193277
1.9629322923434713
9.082946943285343
2.273897710346882
2.365871035998364
4.755418379689175
3.5446080749841102
3.6118582133625443
-0.20435737245740315
7.1506661887453795
5.357665843543086
4.964494854276951
8.308135875212432
2.3896506083341684
6.769706428498183
1.901231897502278
3.977713707994714
5.440349024644214
6.102290758318592
3.7323312520497147
6.852167904064193
2.2342761267602547
2.5976281109821158
6.4111894321468545
1.1561114846455993
4.97604802000981
0.6311217121253727
-0.20183821226236995
-1.266151895836844
0.7323764644351978
3.0389491032185107
3.405788298164223
0.05331072908050749
2.279666806722876
0.14494356442109146
-0.277610753206349
1.6641406438395943
1.4391835793463643
0.7477074485340774
-0.06446438266142451
-0.8330387553708727
3.912574701779731
2.1678440978189832
5.9109334392598445
3.4323036285364945
0.09371738290351217
0.7833595176741106
3.846507851937025
3.9422085935440414
2.254668631050847
1.7500643549077535
5.036707251624994
6.035638238232416
5.664151323499237
6.260768915877552
4.930817625967526
0.8676313637449314
4.403868972068743
2.8181679646150304
-0.15681925783103523
1.863117439719712
4.989563235331783
1.2554077191016269
2.5330576525673227
1.1210082429870158
4.062771205732913
1.3991312662618147
2.673874692501667
1.6335679225771147
9.109020191811092
2.0468236983359867
4.116404436476361
3.0062629235703597
2.693649066871886
1.1271818440212742
1.0572908869893307
7.685514318371984
5.941849074418895
1.6059123549887306
0.9697050614359954
1.7284584672416994
3.764183553924238
1.2034378747880636
3.3321071819648442
1.8397482350327783
6.731196939319789
-0.028073946008198625
5.396543814108168
0.31210663646709325
6.744165543260071
-0.9774122059075725
1.8282965664449329
6.638863619006486
3.67464092828135
0.9471656097576615
5.4507288189109735
7.927254890145755
-1.33642030793556
3.2458803678395265
4.67169210997488
8.22469178713603
5.393181122861197
4.594005611231754
8.2592033656414
1.7436986315353793
1.539228322705814
2.092211256466491
-0.9884719112688923
3.489666359144032
1.0905109446727894
6.044703244398351
-0.6706375775865208
3.904763651097777
6.371392087707834
4.426036258551067
-0.5675088437622443
2.9414552696017204
1.9920260788695705
2.1924670234074926
3.878930058392523
3.967582557835105
4.783577213867776
5.611243038281016
1.8842955771971874
-0.07159875282919792
5.051966974819427
0.6686276654786882
5.025366101285112
2.9982286741208095
5.872095323367628
4.892580850346803
3.11746029283605
1.894212340852372
1.4682146200138484
0.5429004340425811
2.1460536611374668
4.262572647579909
-1.1167099590102914
2.594141776579549
1.3159098296117178
2.516770547587618
4.036514282728714
1.4787600427692003
7.483708120658967
0.9632258004791676
0.8334739543589123
0.14058203853286466
2.76333131901549
3.4295804133368075
-0.8528659348951951
4.6532863561179365
0.4816129960705249
6.3812565597201445
3.626573174913424
5.398373688699311
6.931477963255649
1.4919214387773847
1.2477952127554697
1.4670369633032796
4.203775001204374
5.541841090932426
1.0068579335158516
4.893991399058071
4.06522109559429
5.593111788547797
0.7441227020043202
0.03830707957134882
-1.480673199934713
2.5382678552833067
1.2639275181157628
5.847507981149717
0.8067765376632798
0.806856186352701
4.717963813597981
6.475261781380581
4.05749179767529
3.7444345787628963
2.5455222085708282
4.2552139719865885
7.069028545515497
4.059664724231176
1.2618551894163077
5.19647931218609
4.16027148482785
3.6282325586116357
3.0498612494139197
1.6598874104089696
1.2835342039005155
0.5059273432769318
2.2915370461847777
7.195848645124981
3.726619914573668
4.76189046891291
8.932340155605628
2.1810323216302985
4.736290030098884
7.282650445131436
1.873772279126754
8.217205572116264
3.368435027052918
4.399482162489908
1.8586269173919132
3.2790622681799517
7.4752816684907
0.6417500616867234
3.924218159129514
-0.12918935099394369
3.126030456446422
7.195780935677251
-1.4779478950585814
2.942139804462735
7.9502902282343335
7.5874620374367785
9.397791495649484
2.3105447382249116
3.3473466828794027
4.369314494167248
1.4938184467481976
2.0632906059129343
1.2942229738915347
4.841125836120879
14.195359563437258
3.823395293301341
6.202217259752302
4.960086005446656
4.503682066618778
0.8205651376258871
5.480362473288189
0.12473003971940566
-0.7484547056519961
-0.9838995448339606
4.49781631768919
3.5278360636638517
1.3392209823809342
2.7649766546750367
-0.013741506229535572
4.975302067447255
10.992853344414398
4.956385210794737
1.6055855246326813
4.731688294786453
0.9842894995882291
3.0678169300802054
0.9955175195477078
4.951784785496512
4.521123141149396
2.1625551184563974
1.2999602784246074
1.8111852039409837
-0.1455854795304481
5.699173548021575
1.4122277697617471
-0.15652239812361957
2.2825819944546555
6.00197008517477
1.546608095273402
3.948272424770052
3.1253355784711228
3.1837377063545573
5.5638594904261325
5.96062546726179
4.482155824056262
2.312800867192434
1.2877860034749875
5.455940590095563
5.094174133905966
3.9118109300506627
3.916006795814981
1.3494148556696004
1.635974045492341
1.0769131580586946
0.5720576609993948
2.404619773521204
1.9177834596311891
3.769812944894383
0.21737235023576773
2.7199030481017434
7.049808218056635
2.525524412406373
2.546767179685629
1.0429229474042367
3.1926524523853907
0.0972827101089162
2.5775083283776157
2.603155782681022
2.5489428398596954
9.608501193777641
2.037664358121844
2.1500569756691403
3.938255348608439
5.4397362642315645
5.302544805953927
6.266200482425528
1.6700121056390327
3.9721462950409916
12.165014509853888
2.699529375202899
4.00434026443043
4.35314104902147
1.2318840837448644
2.3690809413388343
1.5853256206112134
7.13119027669598
1.9887410895010749
5.947967833369825
2.7099590148460293
4.409593582530103
5.797868091463446
4.27680586659014
1.8338411953772082
3.38929019959167
3.8871544889967495
6.377702726433635
1.0887163976178227
5.7207761553203715
3.383828655525986
5.86504049827789
4.205852231326494
2.085148129794519
3.893235216304152
4.1544631858431895
2.9147936106178283
2.9997655341912175
1.9603288546093718
0.9785395099912049
2.838060268855247
13.311522194856877
7.26695089549453
5.768887193445642
5.463202343693954
4.791818176379315
5.2048715249857995
1.9629282801103334
5.433532428284369
4.8539172091663225
-0.6106215620091544
4.074160961260893
3.4662786510407813
4.245751435095766
0.372174033158466
1.6100881235276192
3.9978525861113305
0.8324705051435555
0.611907798090475
0.36324528365196856
2.6455881488479864
6.607590530104871
4.1765211290118165
3.805984872204319
6.253815430657301
8.88174653232559
-0.2805325850395215
2.23453831616027
8.200344653457742
4.173893945824638
0.16878347188919812
2.4066934238635245
5.498109061196179
4.462063538434645
3.163084582880459
4.528084117641202
1.9379868007148076
2.6566888796392787
4.3263044616975765
6.036409634441034
0.6282783298343184
1.174072258956639
3.2090333893443956
-1.2999515879860044
5.502292656632151
6.100579767450901
-0.7548373993292854
2.117757652169783
1.2879497770917
1.8454340230546171
2.986602028362226
6.8681116652108525
0.8659327470693808
2.2372039040814165
4.040973909836392
5.757496653977741
11.14568490789394
4.9839685733985535
4.039395991286193
8.363327170313864
2.1910478377314524
1.0017786145859613
3.5406556673548537
4.207582616020297
2.6795973048140085
5.426291915910718
0.9017327195302445
-0.7491164451219707
2.709813502585846
2.7076520275533964
3.7529841315435046
1.7245604362013538
5.554127410428079
2.0745050561837415
11.49854253191069
3.379175337665428
2.775974528440858
1.6416977633468537
-1.4122998109867082
-0.04164197948591659
3.6056470537595464
6.819635057108982
2.4886398866178867
1.9627664190971523
4.1428978950909
2.008597298069424
1.574692862998267
-0.11627306904113888
1.7196322128519637
-1.593020456352233
-0.11476260876436434
1.51409361204093
4.65421249958343
0.7094308866980877
0.7701592267127798
1.6450000821441146
6.123022508061098
3.8270904016602185
2.43045503767671
1.2078776838757423
6.0162384940497455
2.782306619045672
3.494453252996406
1.6060097157759403
3.9722072319288175
4.55376803590393
1.9358768758834042
6.677294016274625
5.8128090026616235
2.7611708120870344
2.5520996145191948
1.7071513363152246
8.497320577153864
3.1990167756769026
6.710707756469526
6.442521762100328
9.53928360687552
4.013842250904952
0.29781586576885155
8.366957775620557
2.8497703343767413
0.11968246572025398
2.7669393749004856
1.9352298359340012
2.6112486069622234
1.3811941461282435
-0.992866872721958
7.299468989295862
0.19943623037866592
1.2811108748060596
3.915816176697247
5.077855813675311
5.795315968066878
1.7625489846681515
4.271900671123079
5.216545014273685
4.081554937719709
2.659460899168037
6.754078264488464
2.222949101902129
1.060193376474314
0.8577230548243214
4.458932000641736
5.348212052996465
3.1162420204873666
0.11902208086813837
5.879992558978538
1.4738012836185421
6.7241833770672885
4.324850095230026
5.9093113215964035
11.279808281864982
0.9130114373445035
-0.3446262198814572
5.11117558868734
1.7727051251125236
4.169688569272504
2.4839024997577246
5.625550263157467
2.9714725822915287
2.3287668932996013
0.30598564121922767
4.220372492493774
9.08426852215911
6.194506624259806
0.8711747196042703
0.8028433768015537
3.428753201540651
0.18252716363926158
4.539489671800793
-1.7685523962543315
4.039158785832033
0.26430951864902386
1.8826198260880935
2.867586173725768
8.613490375773129
-1.246116200140623
-0.9479471530342195
1.2952872864517961
2.7303559329653533
5.299262363193279
5.111826580368841
6.680490633486035
3.3568051531082963
4.728372622116595
3.1099924882557706
7.523025507616772
2.383178302369907
4.451203416054069
0.8348667561591476
3.5481819616366956
5.121084827316453
3.8892794788880427
9.71069098815312
3.4577948174398045
1.7562477589197747
5.287453775179563
3.218388943082611
3.7267642681077495
2.766250050806255
5.0164491079792155
4.756299534516098
3.8657709291997477
2.629688408503574
0.9216926963605319
4.3372473857420095
4.829398794305564
6.3788190014331185
7.041294663928325
1.1085702945383493
2.2730347260300023
4.985386440901767
5.734264004283239
-0.9804321472200612
4.525765514484518
3.3936706426208207
3.8676596182338265
2.880263093879695
2.6506469568987576
1.778829353591096
3.1928897640115945
2.906756744672322
9.80076333755181
7.661379997346493
1.469262675707269
5.393579102415337
-0.3711729395039053
3.0983330998257674
2.2966835883790604
0.29613267155451684
2.774137879054396
8.125929492242994
8.63014015289848
1.3914987046380278
1.9954793341642698
2.076539830224006
6.700926897900924
5.204882234303869
1.2728014784370896
0.7536266278095913
6.811182266204567
1.4293920321798899
3.7592958350740724
3.6502893543136463
5.771138249390507
1.806380884835969
4.114104023163669
2.3400881907241247
-0.5403365304581856
5.3115426251572675
2.00727055982013
3.7999236456825707
3.552219021078085
1.6874752819446261
5.719215578279046
2.650442931430992
3.1764079820110207
2.5388970912852993
1.01658547784539
3.179835615445815
0.08007855491033994
0.39505613266426864
0.9624235579772227
0.1625891343188137
3.2232991696775968
4.5588806798952906
-1.2271043798346422
1.0991243663201455
5.576751262171133
4.841117181633528
1.46195421557474
8.14365410630085
5.967893514221174
-0.21759028318382734
2.3739963204504577
2.971160538304307
4.624516283815963
3.626531837769912
1.2188544091217761
4.9465797069044015
2.0151311802361134
2.1320589803119407
3.0001286385284702
1.6794413853629262
1.620126733744829
0.9932950240222265
3.566562927394608
2.6801515049716906
-0.778645132320304
1.3901504314541688
3.1760580763696034
2.9958606169367483
1.9984206931413806
2.1767979828638913
1.0878956670797335
1.0687080373918616
3.8925551804868754
5.539347701622851
2.5163137804307447
9.508877071289074
-0.12738722737357833
5.458307552481113
1.4854748948649041
0.7491257193138319
2.094773264892532
1.1432964261072704
4.388989107380835
1.8609756099436128
0.817137263043982
2.237113205910934
1.0226176680447865
6.581105462650801
2.343642830757341
8.317273695057997
3.208879537543103
3.946646647325424
4.507691962365461
6.150904207649388
6.170446996902447
2.3863152404134325
4.602951695279958
5.6097949197871255
7.398442745450119
-0.28880214768909684
0.4467886622654744
6.146495886736313
4.434744159675613
2.15077139819234
1.4588994406876172
0.45229829822849055
1.040469027957646
1.6154284334892628
3.8237663163065854
3.202299345340159
4.227936031155963
4.909026699740436
1.9277569646095016
9.971432475170637
1.308668755238324
8.596714864497892
2.76140091556737
5.7135178698323665
2.294842806436132
9.701859736055358
-1.9166454312465255
3.99213660850177
4.343440921426115
1.1611888641129418
3.6606945533988338
4.899345338288449
6.673292482542354
2.28018105520748
1.3037278783570319
5.370716663737808
2.02384602017954
3.8480463803256355
2.1089764024370123
6.1954940831505265
9.221980794644509
0.8299734081318519
1.1452090106662727
0.9084825348366097
0.9292717241151568
4.932112318261835
1.706223366482409
4.929317207933287
2.1258712021489172
7.143455023117813
2.7167303992863454
1.4608996350282442
2.1346055280778686
1.6142561507325799
6.573887884075225
3.1848812251106215
-0.03271311054330539
4.579538162797753
1.1268154042572451
0.6576063366084351
-1.195904843064445
2.8278465679529607
3.586265768569419
2.632510938605093
1.8110844513446533
5.255285170075597
7.833498455346764
4.083673191966728
5.768179388242167
4.101327659891844
5.3917562088062745
1.7444383626043272
4.503306311328447
4.899768310909904
2.154804535924568
2.4814594263619068
0.004816823743464871
2.8853691988284216
3.5020750594305885
4.48144724300511
2.872992564515639
6.541692182957698
3.547201299701897
0.5509942872582638
1.6657375759299686
2.5175146100648105
2.6959392377162192
1.1893018311317363
1.7174462059066091
3.805834458407903
1.984784725354435
1.178052980155507
8.764208029546255
1.5138801043724746
4.194889391580966
3.4064490758462087
1.465549761115792
6.323994841261819
8.394348353940329
2.218039691157748
-0.27326839797647523
3.0084163356836138
1.5609794399558479
3.10049281221749
3.8463399083788747
6.396191327883123
3.486548162703752
2.9517783306681356
0.6951820748934161
2.9244025731494174
3.5498550872067223
2.2193735670251193
2.879598847670969
2.2255466677218223
3.092657583549049
2.666795822662971
5.089830852193696
-0.06807405523833743
1.6657770237982612
2.3361815576738922
2.717066097557522
6.572654503355745
1.529238898069142
0.6796490582656862
1.2525161172062635
4.330277268572713
-1.5243394052892132
4.642751681546596
9.517512632276974
1.038872328908082
3.339055911298517
2.610424153172036
3.7402728436477526
4.314083036678623
1.3482303911032694
1.8980064489646165
0.9205846440976229
2.9244407553746163
9.675560140838062
11.199526390823292
1.417961063515438
2.761968767202432
6.783224175006687
7.375609319929259
3.837649215302812
8.314577167322025
6.809957710605345
2.3049963159889697
1.1564942407319716
0.35702388487545594
4.244147331201585
2.1316215197931885
5.454077795571417
3.013317819060147
8.72986394302959
0.012812892645864826
5.843191773352799
1.7515686626977014
10.375904217702114
0.8158754722300168
11.435246178832013
6.551173984546697
7.133051662859007
11.277581508077404
2.7910463752870855
3.914270418166106
1.7754369981770841
7.64245621731806
2.765228328592978
1.6290853098582858
3.2663729226660267
-0.26421637317107577
2.413564873745048
2.7834920567010033
2.4341312061696954
5.181101367729483
9.989234147533189
3.1420856794040075
5.1536648430439564
9.822531662577054
2.5979606053236894
4.97525993836546
-0.11476302249094739
2.5510892062068358
3.4969845932921575
-0.09342347348250324
4.476536669674837
3.7480557422930607
3.145105505935066
0.9704913176063867
1.1962231044752458
5.208895280278477
-0.7096549603500609
3.700696259171962
2.8703206448122267
3.2197799203695814
1.3000577752197002
1.9488364122760278
5.071183354517274
-0.6344615025274648
4.461419001580333
2.8382623211862867
2.2538860443081346
3.2005725945839925
3.0818483330093334
1.280535624762913
0.4335374101917275
5.150468560716041
0.9593315716911659
6.46341043407831
2.3538362973863696
0.19419659675851397
1.0355279978071197
7.618661504866022
2.732613257854766
2.375498271091846
3.772956716866174
0.0448121358378033
1.849412646075946
3.4167803334167797
1.5809275409505266
0.470485100780749
2.505635042508325
2.7991930283212767
7.663748874587507
6.856711393507743
1.2340748995799173
3.55827925999381
2.4734563980515545
5.749701796188742
-0.6940453296553794
7.220005744590531
1.6819330166620583
1.3787019829858103
-0.17389148196022253
4.814376043643034
0.5981854542019914
8.133687894171517
1.2848579858436873
4.830581387766303
1.9384895905618884
-0.5061773927531454
1.447638795562031
3.3383125471210717
0.9957170842206853
5.306199411720751
7.120829897036426
3.0958966583492895
-0.5219513982131236
1.7438032178446086
0.777768129722987
2.390193441221894
-0.07164622381338565
8.332458428517358
3.9443004461153244
2.5320920958568265
7.031116102987773
3.881532093892883
3.28921415162511
2.2452077456213955
6.520330753840148
2.24380663067926
2.2245559079547013
3.2739968063006133
2.4011108815811966
4.115617114443125
3.7591513478273475
1.9338472367072157
9.594849548373212
2.1891267881117944
1.13427622403956
3.193374247145444
2.6276136665064267
5.8044778951637666
1.95454830347022
3.353897134567892
1.3468302313344669
5.366419454287913
1.724605864939041
4.736890150403597
2.4033717823552276
1.7268570540584927
5.150349761493013
5.1710296092576735
1.961516871979321
4.957867716238841
1.2846757375848719
0.3838419247777374
-0.46685102592501554
0.4011560912250788
3.71244644402239
6.302935292997971
1.3479706961325284
1.4613638409901921
1.2619799994393088
1.9943026181703782
5.297266119490558
4.8392935323558985
-1.5428031282453731
1.5335050106635286
3.2404715711268164
2.844144667356365
8.96528264629745
1.3213599821913147
7.240855896590881
5.3814288348563455
6.4742127504989835
8.393098829464385
-0.32497326181953723
2.511080734797199
4.382401415537513
-0.6656270112289826
1.3825774316072637
1.1013535476347616
2.6536490282399026
2.8840004024542223
3.916702937456257
-0.047882194614830675
1.98932372703205
1.4160412460005696
0.15602496519026354
3.250375006407914
1.8589590743724806
-0.09057389011360739
1.3424908013722667
9.980923941777638
2.5601374248143047
3.7197371017714085
9.72287452792752
2.98335728554191
-0.39527448338126975
2.8034196907382762
1.1881307001796952
-0.023872543838368065
2.9339534741813185
2.8151427127088526
11.846678364648941
4.409283915088851
2.868206128597212
0.12954926218000273
2.65073353520035
-1.155482345439998
5.471252207872479
2.3168137623342835
6.877140913057774
1.1770070886803348
7.720669391305184
4.435588101990656
9.488864373173831
7.186361058964818
0.04360177223153225
4.0539766033937
2.5932895237839193
2.939552358183928
9.491682848983116
2.2350384307064797
1.2801203783656923
4.72974741489985
3.0870772549339707
1.1601461428777158
2.861459301043037
2.052504846921272
2.9273329596497413
0.9569696423282373
6.228535220673673
4.086306235128979
5.5664458409020625
1.9352616852414766
4.481074944008322
7.236286431808543
0.9392255982373314
2.917961534081288
1.6226192401109265
1.844117327173635
-1.2314424725313242
4.711680155361889
-0.8190994592457166
5.338450981335259
2.741740971895612
4.209117405185205
2.128014479749732
2.7036783709751813
1.0294123099664652
1.7857532255800739
2.1760569037836297
0.861366061876404
6.486726708124752
3.065804201179843
-0.6710961582750904
2.037224216402928
3.0303397598848765
3.8068193414370617
6.31081155592898
4.654889717223568
4.651067094996854
5.733328451567681
5.606268233921608
1.1984624676691498
2.09483790781623
3.304766226036568
5.447559801248103
4.976952103856114
3.001851249708261
1.992363229326536
0.34812436659956913
-0.6566260192001214
1.2179179524409964
2.2834379113469954
1.5258190442253177
4.9821764318140795
0.7045701789069272
2.455022323310312
5.9620678769215285
1.4998477767684704
3.416194577411061
2.323606163901456
0.702747996757123
-0.7677637077403158
3.2789083598145736
4.596877308526447
4.569273348569675
5.866035394141696
2.412088867547214
3.411797292070207
4.151027608452312
3.840594757198031
1.0686148215460367
6.053114019143154
1.8254904100926619
4.695287586674378
5.198123186218991
3.837975790875616
4.640573466214933
1.6089071442623082
7.504542253286362
1.048970070234497
10.220167522396686
1.9331528436271135
2.379391573172687
0.9867420354273457
1.242916192015517
-0.6107666069719211
1.4101032567528036
3.1928224505771285
-0.13186374254308358
-0.07923298494145647
2.836593345127955
4.542861587949618
1.6422463842078634
1.0678757683067563
2.1249501843977474
3.6731029442723817
3.2335691191993488
2.8505234853769803
3.3754432164103108
10.911877145194914
0.9863790306521214
-1.0925297360146042
0.7434533807245682
5.867761412636808
3.6960291394982514
-1.3124854561535315
2.3003867491430627
6.728166940572674
-0.4090812723876601
0.8446118610590233
1.4717268738180225
7.649738840287034
4.265763844111131
2.1379630315270783
2.546436189034983
5.325459887388096
1.7113091559128066
0.11070902056668774
1.5875924684242022
1.1210668497942122
8.506906376281037
3.572097168656131
2.813834414278352
6.3169445064812555
1.1025320365858176
2.734313980706532
1.7788580583129
6.791059863351872
1.528076390211322
1.9243423964324395
-0.4164355108804093
1.7022066206089133
1.6468574264068916
5.706617456681303
2.0565140222970264
-0.2829068360519974
2.4824889658191376
4.625510192403622
3.854738638101845
4.604538184490844
0.4129341212861989
1.4396360034805578
0.44461573011396915
0.14299397131018532
3.4262325164083682
5.795009870680326
8.59244268518327
5.493802054669574
1.9260704374392619
2.0503307775128317
1.5075392736743476
4.865315632727232
3.8473276930420655
5.3352579798943145
-0.10334223767279249
1.8144077430607635
2.2746667827557587
2.37308314127836
1.907543448552883
1.8069688972384954
0.40804543567695245
1.7371395404155394
3.811954924949789
4.2972881438794435
3.7501677618688425
2.1642354585545536
1.6915126403273555
3.0952962713931087
4.154950324332236
5.318909353837187
3.137269769550859
2.800617946162439
3.954474020293971
2.345840548351521
1.7492832472879032
1.1908732489292042
-1.5365500199440878
3.6171837054985376
5.655295848706773
2.1839688287568597
1.922132912401499
0.9648165118162874
5.1826465438791
1.9355931446461405
1.425588811810708
8.364183727484496
3.6742008747578088
5.0782933929579634
5.371328577319291
1.1915190091681382
1.3790511069289746
1.1898569931901326
5.182840565620122
0.7840246094047836
4.758809107360744
1.978514970537812
1.7842684220962228
4.826619979315456
1.2465193798361502
2.9542393015141846
1.507574250292377
3.0436040075638076
2.1872803110086947
0.9752395130482975
1.2682139361224256
8.174521622892321
3.670284812134492
0.05109006775853142
-0.10602910729300197
3.244795044499256
3.976934324643099
2.6339316165189928
5.096541808230156
3.0532631285239136
3.0909309587817706
1.3378554170210037
2.0659361606749296
-1.4433641453302082
4.040662513078033
1.1444627533828122
2.0280624709764723
0.8956492278035503
5.479622048127837
7.291497399820091
1.5839206920741535
4.981676636156514
5.123392404551215
0.6717710363315617
0.3919399289552885
5.063194741350436
2.2552066748524418
2.963272083815093
6.943238779908753
3.2573159585179328
0.5044654964057347
3.6425704599486552
1.7842068099802795
3.064985917875589
-0.8656719996075377
7.530895256460691
2.5836359064940515
8.104336732248292
3.7736243907140867
0.8601997823758024
3.4737815654687036
0.3294068223551889
1.6894533153788276
9.873705945438804
5.352472617536521
2.7678315475942785
1.6358807818402652
3.429906940286752
1.5639295818999681
3.794492679752225
7.4726045373084915
0.6464042910918266
5.630818771615962
9.374426350342626
-1.0003204784533812
1.2454007120104063
2.0030170339210636
2.051388298398928
3.657015393706386
2.521028771087587
6.37973914804697
9.606097219427511
1.4793056161061993
2.1967270850021112
9.02750122767107
3.625134758759538
4.18659365027437
6.496651443663392
5.643811625463849
1.0546643832445945
1.195715691241785
2.892850414622245
2.853640177923095
0.9164351166927704
2.046909519632207
0.8405510112681304
0.497361048281481
0.2244170720612759
3.90256041417295
2.418081908041902
5.855377702461086
4.529348849811637
5.771029541728737
1.005436200480204
4.888681510787489
0.706288275183902
3.019139206364393
3.2309810513251596
5.813304933263743
9.653527236018268
17.74190112959602
2.1101567292914005
-0.1589702346065891
3.393180671062524
4.822854688424455
2.7067642098372438
5.6069197123832835
8.022265869378124
3.773713553852187
0.8878813119234484
3.5973644956067155
3.138905716058539
6.796847512070089
8.432770080272022
3.456977796524607
3.7132952006619626
4.337822027610316
0.9174090787825674
7.000025916871815
6.303745502500081
2.708719028394441
3.4883864553434885
4.073953280504364
4.691502287474909
4.064364572841159
5.510366759287755
5.327218063300336
1.8723864548106253
4.245110471479773
1.8266653121936454
2.31444698634806
2.513782251581169
2.962873482372242
0.4630808606530119
8.526336603132643
1.6940313664206366
7.58942071690264
7.783908644704914
4.722456137020069
1.4554474318437374
-0.2505799021188599
-0.2370401128703022
7.8694941814702855
6.184490269117331
1.5309231778379793
2.7058956044349953
0.7034614721895784
5.1722086775628116
0.8726284851299013
3.8180286199259097
4.135176291174679
2.0221527377105257
1.51448960639985
1.9042547195005055
3.729543292174803
3.238992927117177
2.339524665880797
3.6256538994366725
-1.247503841021774
0.2992218433997704
-0.5826227490643736
3.266271945866614
3.3179957935441817
11.710643464966473
0.5594485511757806
1.8076435862361961
4.642862375682942
7.752757703375182
2.355121140712778
1.4417586568920147
3.824625638318797
0.7605577993498787
2.4260211452887015
5.00802646988173
0.6217992843746464
1.3099887770548373
3.1426676477259656
0.22824488072000426
2.9046175880704843
4.6251480186810925
4.674799268713553
9.650295347721379
3.6917098024351027
2.3524610706982085
4.2802059002102375
4.790311383053708
0.8744373180908735
4.0240264299707516
4.214286100027627
3.87419967800573
6.578959648635657
11.02165755622384
0.09036592997366583
9.49890228872425
8.641492789136219
6.529571165945749
2.40025815858408
8.015912860689014
-1.5686097996094912
2.148118879914395
5.0633237615849955
-0.8154109458056025
1.4780981869151737
10.309706709033659
3.5350524944070454
1.5010702108773897
0.8952591689701856
-1.5050293640751025
3.9771258920140387
0.9547310496005263
8.574976245475161
4.9139568871942165
1.5652359386888894
3.581370152549348
2.5250245556323088
2.1785738213481443
5.213329435062964
1.2746174316519416
9.847582548573676
4.279052812294378
2.191417499081966
3.5629904101979992
1.4286118221600246
1.0136142914348074
-0.7459223050728157
8.466366411881149
1.9646921963325221
3.660359754107742
4.791595680362563
2.8498722425390444
1.4950627745583336
1.021399021368436
0.016409886860694143
3.0554690522028025
7.329382010871987
-0.32413778880301847
3.850018925308802
3.163841925798421
13.169937664752334
10.722991065523843
0.1034158144896693
3.01402647511122
2.009210801829661
3.1627332713929297
5.402790483596315
3.1696007556652126
1.9349204541088614
6.441446452386232
3.8199594873135956
6.835150238123426
4.698915408666371
3.8068301522433963
3.8877736741096327
3.549590483704825
3.2031112584737493
1.5524769022893077
0.5667040351265993
2.0922725835398364
5.464125537827124
2.0864590196496
2.9630808549737018
4.256371522551491
7.850925927682073
-0.2582389816564251
4.145885166901483
0.5904908459452756
1.5590910146816717
6.993221016769593
5.9122461600705964
0.5918502078390269
5.896955047858269
3.500620041384399
4.567842472204733
1.4882555949786134
7.79543871916736
4.0533184160009155
7.10394267855517
3.225665699992809
0.48518403139471633
7.409056979471843
0.4225639024196847
3.1841973150161635
3.0812482433059847
5.778671999212272
-0.25061896487418844
-0.5793683566162404
-0.10657878468605876
-0.7619260687382663
0.1790285131194137
3.518087759051557
2.783831584699523
2.523711859496947
2.2678573263997945
6.0888495714115916
5.737420518714586
0.9427493239912164
3.8103168786197763
0.3243174492692434
3.100159587755336
4.633320809027659
3.2851620567442836
2.986782419375091
2.288228693739133
5.1263566842724755
0.4310563660670093
4.037064454451002
0.7089105716089985
13.024197677221629
10.188875273763315
3.08428680736122
2.087491274100981
3.7011927721914866
2.0382708631024773
4.316346228958768
-0.19267526100252383
11.777306875407863
1.0888366466404928
0.5531669666512575
-1.9209679707642682
-0.3224991756489147
0.8200245764061461
2.199281278583486
0.36155403363197636
6.366119582615465
4.573309164918552
5.070838039961835
6.545226901714713
5.6784870089924215
4.8014316915148525
4.44454393540497
7.391234054366034
4.136564142980373
8.68813195345224
1.6623402730320636
3.036756351865585
2.743043678012082
3.2485713529696154
3.795366004414179
2.5366211312016933
4.250770757046003
4.221810181803317
6.037358305362436
2.315974907195707
8.433584822031202
7.116214020324369
4.504380052465203
2.076833517850387
-0.6902321658847438
3.183274550776906
4.131854127927488
5.127674686265712
2.277771410087075
2.6649459087564367
-0.3733240122492524
2.798856556217992
2.2968385845862933
2.988110665243398
2.69701563777575
9.115808977791772
9.608457654821905
3.740169945155943
3.8212884605837414
0.2731476164860237
1.1081609899380576
0.24989305394582007
0.7803288409378284
4.42578907639872
6.034317440197494
0.30862195686336524
2.1837386127399268
2.8606755087751408
2.2175301648372607
3.920803781561639
6.138855911253163
1.7751547946439579
3.5875052835089396
4.17936195759286
6.083897503844054
3.975590345059987
0.07732592742903621
1.758227721112884
-0.7310051666613044
-1.1355349038555693
1.9292036342938923
8.935910026050719
5.696916912933491
6.007905488355265
2.4654531046742743
3.577989263313591
3.793915904568551
7.9490303059983125
5.060670870085753
2.7346225828866353
4.9629094331634604
4.94196406210913
5.823803543934372
2.71034207145461
2.216657867949575
0.9406888448740951
9.212574227881197
4.299076287216765
3.640070287524288
-0.7195206449183538
7.770533660407206
3.1940507074221145
-1.25844200114522
4.092458326693733
2.5646921732602843
0.46867828164980424
2.7807270666887645
8.87073587099654
1.3812753855547995
6.118143251392074
0.990792410676423
8.517121466440779
2.5346535177130747
2.334738714947701
0.900014836707564
7.589455353690906
2.261652044450597
4.400412027720325
3.9145031550651055
8.044385934503076
4.165962477580194
-0.5431395837765657
4.980131826565124
3.71254591120716
2.039607738570898
5.0754389350713
4.099714196855217
0.024205987210305424
0.030573307668861516
0.38467216918384783
5.440997758977734
-0.7018246615775678
0.8132499087951649
0.7277116923442497
3.2152391569188814
2.183162181827743
3.3257560449743355
2.503630433333686
0.833495621571617
3.477711360272446
2.1857765478894313
4.767963335450188
6.416434748067806
3.052656653783034
2.6525765095116385
1.3958612471865086
4.799553233628536
4.202395495458647
6.014512754675568
3.1640504549302877
5.667404197363904
1.8341645301109355
3.793241450558356
1.5465763090794897
2.040129054644716
3.5149038130264127
6.215348630609308
6.159065678253448
9.726786352017415
-1.7243706133748513
2.398703143522364
1.5641835594214943
4.002960684708999
1.405538515081774
0.25014538021941
1.55641441957666
-0.9115376446048011
2.086958225851379
0.6780783719664634
2.1831493615619406
1.601457609271839
3.34189156483957
4.262168623757304
4.526855115119269
1.4753074534251482
6.117552931949161
5.594759280415725
5.368014201889749
9.482171456400897
3.046791261846031
2.4251534004481377
1.425802836604624
4.797835579369415
8.70979705950561
2.1158082698101186
-0.31654318742479026
2.079085576914769
7.735754924224042
2.1172532394072703
1.3834332155635392
4.065889573766893
3.240193806693502
2.522487123418724
3.596333771650398
2.2410632701171593
2.8442952967379362
4.582311201374089
1.5064444507078527
2.349516641602018
-1.7607493200176625
3.5856253112155954
4.906077441814953
6.542977562572674
1.8284904280244374
7.459666409714867
0.23453503145537613
1.4000703967170094
2.3779633323016545
1.9085350303582977
2.3800054306395504
0.6461698838307439
3.335526281530922
3.2602044272912636
4.3784261561413285
3.814381163310606
2.338585184702534
5.963581424625121
1.0669885346839396
7.0932132945969215
3.207517078272012
4.414931542104442
8.897518739506964
1.0502764784094416
0.41980112306808026
1.0668805689661731
3.496245412668712
4.975278344301476
0.4660269435948091
3.8246851200271266
-0.531445701202917
2.975562693627176
6.374038831038948
5.299947603426177
5.131961846866636
3.2953722684646065
1.6710585207426913
-0.00908388854458389
-0.23965920370197114
1.4537253525899096
2.824979454134749
0.37327793615354155
7.476885890209797
2.4639066771896565
7.508582498439588
-0.3782879866475608
4.775429935237515
1.3682972579170143
0.7411907216801557
-0.2063319242466245
2.571171209582176
2.4482719032533393
4.096675509711588
1.2655231512438938
3.9441497810648385
2.7523234189900734
-0.6298347209147848
3.731865940760696
1.768746498319973
5.654227586460243
5.110009664521779
3.7049520172584405
4.006440625028528
-0.14707238117950766
1.9446890606148362
2.970339282828078
6.588048868979066
1.7897761963549657
1.2391839634934294
15.431006849751984
2.8261123847708536
4.925238830447009
-0.13405809502332344
7.463847193077388
0.9126372003734221
0.4550759049350088
1.1993026169232281
7.81897008358282
3.6828789388841314
1.2334187154048313
3.0618638634495383
1.9145504250649383
0.8295176204057061
4.770430339944741
3.1059097681734524
3.0182645524857357
0.43771211928939985
3.053456132601557
1.8013658676583657
4.239489044928843
10.444281626166314
1.929039281009425
-0.15197063403668043
4.479678239921329
2.7643345605945435
6.511549202464902
4.5688611206736205
1.1831026287069242
10.30336287359706
3.901240713360757
5.676964935146482
3.8819521881186656
6.58338401068369
4.714935775529343
-1.5942958972254657
2.849250935941736
4.256295107268148
-0.918048341412829
2.856755373920943
0.1756210094418369
2.7219759351513275
6.744662009405228
4.143802881100238
6.662083872239791
-0.31178037540988424
0.8949783595606882
2.87660532547624
4.440853674670374
2.533199646283455
8.584515571306905
1.1774700432311285
2.3943704567504667
1.329464344680245
-0.6723306436397054
0.2986001808315185
3.170435590083586
-2.164073082985465
-0.8477220638606253
7.390949781424942
6.16151051565226
2.1216468059672855
6.758501875344109
2.5881702109819953
5.027860321233618
3.24700793917712
2.0461208894351337
0.17399969842921742
8.049548530912919
2.1024386166400166
0.14481963078512267
4.578806038555225
5.887427603563921
1.5099629292946046
3.03307527855547
1.5787684382507399
3.7234501984141626
1.0839630345711713
3.971780119418787
3.2317343310119337
-0.3018645085227426
0.35192370898113445
4.063704460627306
3.9912891655576046
3.994128975011116
5.414622970410705
12.961978556513415
1.7457053201181192
2.597436321085246
5.695122583549966
4.767925779831989
1.4015421555481717
2.5461922365834257
1.5977941473822748
1.7172250911989893
-0.30950348085274604
1.358556760233093
1.3332620184750426
4.176985553357062
0.01290053730623697
1.274931860371881
3.0266410516007807
2.2078397566852033
0.5622930391080165
4.301769892807135
4.200439897030269
3.1738089881414697
1.9498131894850539
2.380058988823587
4.694109144044386
7.290283173555704
4.986443715294689
2.393035924272968
-1.2105599189829657
3.5177351520174893
4.1592299459053494
4.703055148908646
5.3587469916590855
1.92173997145292
3.7701270826181625
0.45085802794913615
2.250632067675186
2.1994503111350556
0.9687559098128863
4.645239957078005
-0.07675432292487594
1.835316510009119
2.9689586635021032
4.737249652636854
3.1263208178853223
7.869613175942122
5.206317027174132
4.497792788949106
12.530083808135448
6.324185035026934
0.4763088606052268
1.9824043402247942
3.2569522807139197
8.508371177786529
1.3650069994050302
2.0838005918454883
10.288014123540368
0.9869378367186945
4.032905596041582
3.476639168973136
-1.081102490953631
5.947981559106285
1.6885762605825199
5.338670904047222
2.3356446787400147
1.6044525585530571
2.9180744746666343
1.0161773367867015
8.008758420755251
6.467152436323971
2.8416299729587187
5.106827918270547
4.094735811035838
1.3073047802916185
4.88493144336174
4.74592378209626
-1.4193613035010946
2.433499896360673
1.9746109850423588
0.006240260005984877
3.68464181657905
4.2119237530185245
0.9628168303619073
3.9961214818385153
1.740326607919359
1.4826831502678521
2.4464864070562684
1.1133063813433624
4.359707983833742
1.5701365506111782
1.2527152990941073
5.236052774328607
5.600589685833208
6.996303021871309
7.687738500778548
5.642674377194169
1.6747760524252895
4.5691266259086545
2.6186273267192206
5.276294583610907
4.9421492693748466
5.843085291750347
0.6314550848255986
1.2237264366140024
0.47492252341168006
1.9173788748206053
5.959447951148507
3.68309548086017
2.0712285956327428
4.423366955839446
2.071653357151366
1.8291437784821447
4.307994657930379
6.753396945742365
-0.41070409717278955
1.7394838097487162
-0.22623414787506874
2.843631249438274
3.8800386346241185
3.672989704929139
9.579569810610908
2.8789217163088785
6.608890963313265
1.4984569316084952
3.5003335780839353
2.2409126601319227
0.20210682056958826
0.48329738414750795
1.4762475137718516
4.240308171558758
-0.2833259147357586
0.662520744455449
3.321956218255143
6.18565723475859
1.589621162837613
3.216657625649782
0.8347076885317396
5.109427173820652
5.994371656035662
3.3911719946794756
2.0776562544835384
4.855384877205024
9.025381676709342
5.639358073562998
1.0741778342951942
1.7007825272429908
2.8200861870125284
9.520134868017873
1.3973949760960762
6.458273273894035
3.1703679760473973
1.47847045452589
-0.15740928101012952
3.820025471123223
3.0866620392519004
4.80905591588353
5.050089128875486
2.9329628085015407
3.1269408955137887
4.815779677193419
2.918428380338055
1.3611472277518297
3.8298756527122846
6.789437314895775
6.427053721495651
3.341359908625538
6.951902977366017
1.8265925641233247
3.2033860193091557
1.5942842912860034
3.550885300258503
5.936192781177785
6.7758312726325185
2.026435479013862
2.987982245201521
5.264283029744286
5.514887122100915
7.036161471729195
4.9843318034840065
2.0556342379243686
-0.9786714796546089
0.4194725914804567
5.1744657927025814
1.7538728415399283
2.4059288595530335
5.3181851252560595
6.124030360593734
0.8384154177681766
1.6231652241646515
3.3420917381650557
1.2072765757705537
3.8099526687954413
0.6495057350660067
4.445107910816903
1.6876007713480896
7.1772876747707315
3.2828663600898196
1.3085478092019671
10.302676354350572
5.910258872224364
8.242040244737721
2.1203460134020045
5.250191345131502
8.511015033043467
4.479445395928699
7.551545701547075
0.6795809487290287
11.882235926041664
5.477898719007952
1.1001018913612133
6.390567873812647
4.100622757003972
-1.1282490026427126
2.8425184476486405
3.0562164945789507
2.3319325901766557
3.138748686785079
1.3122345120114502
2.706461374987922
5.144857714679827
1.8499396492146594
1.6006197465906826
3.194540563849081
2.2920856988635108
1.336532854323206
2.7185042819567844
7.639396989453782
2.6544243700007533
2.226514226140265
2.669122103330609
5.385634244424937
4.407152349353126
2.7165033013753668
1.0551112217431027
2.8200983948826024
-0.9216758739201709
2.5380785534544312
6.90860922913919
4.003845668195337
1.2713292685764226
1.8267993127101274
5.311492153577355
2.0401036745054406
1.119056885736752
9.3564958542926
2.291537532763417
5.256668779030528
-1.032410329411166
2.4859702365865126
7.7436399676568115
3.9976785020577266
2.133502673958934
3.4885436999391968
1.3511432518598006
0.49799827503953015
4.042340404354098
0.8998056620230973
6.311106999667566
-0.32405085190517036
0.21612208357437374
-0.3037739955143119
5.938884354609755
3.746674264928764
1.209991661613946
3.0029423204035544
3.0811419849080286
4.256125221879053
3.0646286031976455
3.871843315922914
1.1786801912745366
-0.1148795624303739
1.7615781680521665
0.4386776396596594
5.157874716060494
2.293708850124209
5.090913969133206
7.1973203898629246
5.2346728306125145
2.797851389907408
2.1999649953475693
6.57230376442524
3.787710089806116
1.145660731759269
2.8218266978043607
1.2499163277215062
1.9237661195715998
3.914580414092067
5.065560612556063
0.6735761450402288
1.2993201776217145
0.6703701540404415
1.6859257230188276
1.8847752900679744
3.5757359980546477
3.823707838949493
2.9288139917757623
5.086047117507332
-0.7794034072861242
2.2142412526909587
1.7433041445184034
2.8401957863284757
-0.316046914587245
1.4638507109457872
-0.8045447467401284
0.6275926618709811
-0.5548772427025892
2.1371310257144165
1.0108820821557858
0.754598186521382
3.4725649748944907
2.7543433808880167
3.714045568846176
3.7832971843246503
2.6748454487728353
0.9930826398990268
4.07110767824974
1.5746160167077916
0.42613439793149954
3.5823337291209874
1.3387580394763379
2.7003087731473876
-0.04389350094268585
-0.5852814179972161
2.6681815720573403
3.256235654682073
1.867246550645248
7.929014589321102
3.7931223701808983
-0.008417207059248928
2.0050288356223995
4.225822600540933
8.58745317257113
3.2655948451669623
7.914983234638541
6.4025534630932475
0.2677331351079562
0.9718926649187541
0.032335091083537465
1.076916142881764
4.064443573683986
3.829238894009057
3.789250223555359
