-18.016756143464853
-18.943021010363832
-16.162885069674786
-18.468298176220145
-18.570131733428816
-24.747197669352687
-14.183789900214208
-14.2166214695255
-15.990501652682
-12.963502965708269
-21.235825874423604
-21.038855038949464
-15.795099668075789
-21.70621074666956
-16.582058493719362
-21.174970550333995
-20.464162515643416
-15.32849173378262
-22.59653905374917
-18.16564852858766
-28.75422998749664
-6.5893121740626235
-15.058475157231463
-18.289637984209413
-18.313290632533157
-14.609338718765443
-16.539733843820997
-17.258347296398117
-15.69688003346976
-32.72075267839409
-32.486797679396645
-25.20104628932669
-22.91628396691626
-22.132131246982937
-30.916831384776984
-18.777442065128948
-14.115088913320573
-29.337502495616356
-34.80681839958167
-26.105770370404237
-24.08920484724098
-21.643652843239536
-16.745933244671377
-19.05203312703282
-13.773423733064796
-26.69720446448106
-20.834148666355105
-23.247769131363846
-23.895417867564113
-19.572305882937982
-16.14346551574983
-20.881364621154077
-5.8204292502289405
-17.741641601606943
-15.548324121447166
-20.00034865412477
-32.9060998311938
-21.836808378643333
-7.042371301831743
-21.839701036257587
-22.734710161217514
-16.467231062022748
-13.916564036929863
-22.570344198791794
-23.57742541640055
-19.624058548177075
-12.941914484093836
-14.142603012295687
-20.830379568947045
-18.6577146139784
-25.7321126165752
-18.75282416517033
-16.634499744707895
-20.22518854163725
-17.14338297249916
-28.772613644729557
-16.935654480887756
-23.327562157535482
-23.525238919021206
-19.893005030533438
-20.392996459238816
-15.660358328386579
-20.978095050215856
-14.349829717716034
-13.27886109385846
-10.89698858101756
-18.858111741588942
-11.549495591844725
-6.930634382571789
-12.028821284845115
-19.73295157025202
-8.054103500520405
-20.23361490700426
-12.570160966906556
-14.120723134264345
-12.550380815066369
-15.941963378252098
-19.04580482213116
-18.975569026195316
-17.581542713728766
-19.022994611702806
-15.96554396980838
-20.680989665475067
-10.530534813857287
-10.96191248454899
-18.656647006818176
-12.051808068195562
-22.845446649068634
-25.42016636448458
-12.670867432213058
-8.391597346748924
-13.56591531021185
-14.748419930628096
-19.30672801103266
-21.6944243988915
-8.721764514903796
-29.480313409937985
-19.26769686797539
-16.465742133427113
-25.22970409896623
-25.34865246289312
-10.226825968378954
-8.948502878377617
-20.89486198705095
-23.30654112623563
-22.114462451791574
-25.394707477766033
-16.65850986391984
-11.480341225862112
-9.547825299786133
-14.690206157662075
-17.64713814829893
-30.505682165618055
-14.756557439568148
-22.492352951898553
-25.88868361283303
-18.39529299547517
-20.393179353340383
-18.26979635654395
-23.542661672039156
-29.01438728991642
-24.432715812539577
-15.917870905234416
-19.57081629011146
-16.345562075603237
-12.977368273657877
-20.123720592354978
-17.23606664603863
-21.095082283576485
-14.390498727616443
-10.970584163175108
-16.10146659958401
-15.416191924618019
-16.9548993201884
-30.309477571598624
-28.496608276403435
-17.803458839953166
-24.052676524061326
-11.574826540162007
-20.526022874597835
-22.531358736051928
-21.178240680660174
-14.649377659686039
-12.368052194844278
-14.110600689504231
-22.855469354133746
-15.55349067128887
-24.344192732861877
-22.17777571226828
-17.103569049395276
-12.575384539764489
-20.32709468496609
-11.305273740854318
-27.10443868566327
-17.971946351841744
-21.882347864208242
-10.841812900772673
-24.531166627449053
-17.817511245172774
-11.266100742575652
-24.669265400682768
-24.185715670263562
-21.63788213600757
-20.299469240609472
-23.2331678274002
-11.48445889487314
-14.665919610190958
-22.201215541248914
-16.622321661117432
-11.802062513771578
-20.52183011261659
-15.647968577698784
-24.752961977096014
-9.902268422979152
-19.745444207861876
-11.190825424667306
-11.94105998312994
-19.14808395669987
-15.551510317087466
-18.467643862757726
-16.921135069170163
-10.262970576981814
-9.278843751713236
-5.167528445522958
-11.227578634369621
-19.46209589781197
-14.667470653897666
-16.959409674042952
-12.105753067879512
-13.18417785799241
-24.37023568843839
-9.014152135551974
-19.829105119017605
-9.161986756684279
-17.063175203063857
-19.927364166015842
-18.902350987631564
-31.774084078051754
-26.214378835565796
-25.87393134311894
-21.78859313578948
-19.61585363216852
-23.143637764459335
-20.249082614703777
-26.023650724097852
-21.42448136849392
-20.87792364064309
-23.904285860663478
-23.808387867700866
-21.70532856955185
-17.285517420292276
-25.52008444917825
-29.488202076709356
-23.362765752065986
-17.598284582949155
-23.998431057860024
-11.033915798171265
-15.288776036895278
-15.264692005413742
-27.606059595517323
-20.165371719617745
-19.81785473572195
-17.51201838799112
-20.45203628676085
-13.373285652056406
-14.331561921578515
-12.215432251260935
-11.237164448190022
-10.376757805433606
-6.611688851099824
-11.145375891576307
-15.73391774668788
-17.337839600596666
-11.284107259815439
-12.749850802886144
-12.712098540997939
-12.85811780197183
-16.094960487427585
-8.942940786011903
-8.940843914249758
-20.61046704738194
-22.6434494141209
-24.660161102755758
-25.845724455190602
-21.19561427159509
-17.039281028342316
-23.7306484499876
-21.409942983530527
-13.437613819029778
-24.013288041958106
-16.02734335358236
-20.326389811016845
-16.66017176040253
-22.578655455938634
-24.21219441759673
-20.72227637544236
-22.55237369362157
-24.793230779539424
-24.458609556812792
-28.34834883906365
-24.736221815558032
-19.615031596449743
-23.851818917635534
-18.862349733917917
-29.96736394922707
-24.586660447305285
-37.56800609075362
-18.70075689738247
-31.623054247663347
-32.54419922607573
-17.76012283111988
-22.835417464157967
-8.809980383244323
-13.299651891564018
-17.529131462699752
-20.797468938614667
-20.318138705563836
-20.96130201076393
-24.332725435085607
-22.75274125016497
-24.83398853351859
-20.441494111301775
-20.305092488550947
-15.696249659647037
-14.266086526630678
-26.50450637686076
-21.967472095624277
-17.571273905640908
-11.933544471044108
-20.7000347460658
-21.336784033299047
-22.156548234858644
-18.579027354033958
-16.93598626558198
-17.729289106451752
-20.715154938131448
-20.966279828166577
-21.58907069220566
-19.831823414508047
-14.649301157109312
-16.60396629956272
-19.7752598499657
-12.92483731066362
-13.071967230717785
-22.70397885577252
-15.102386895729701
-23.09964910202769
-16.933102015840596
-15.07121633050117
-17.965956580833257
-17.975752399623147
-18.402127158226143
-19.204554351787102
-24.830901714931723
-21.06901994380992
-18.249275815021413
-15.158946017848322
-19.73793140042147
-10.084289310978132
-17.989979064416445
-20.13461578633718
-24.384338462252337
-9.44082483113705
-14.247934276972543
0.9722274975727672
-12.822839491569216
-22.073573069236623
-28.925751637854006
-37.68704627298797
-40.22716139369529
-18.36837441321957
-13.994596667288327
-14.404963519565023
-14.258894493778442
-21.78015399551458
-15.839360184907868
-11.438250084479023
-19.416092710133317
-10.488495258001738
-14.332638666191354
-8.955562150307394
-6.77467596706456
-15.754207637244601
-20.866021760014604
-9.647742988800495
-12.114101341816593
-9.80331255453532
-11.33015703614878
-21.09140691991665
-15.387049962633867
-15.287363854100512
-8.711646614820605
-16.697873130375747
-21.97285689689427
-4.595552466215111
-16.486665969134485
-16.405923454418044
-17.011758134421527
-17.553898589657457
-16.14981364110773
-5.803100611534223
-21.44951414615298
-22.055451820395167
-23.923856742602574
-21.99620518220923
-18.03435665120623
-11.096524710884287
-18.21348152190344
-28.745569475589676
-21.90415908562543
-17.13324375056115
-21.273649717573882
-21.632807175514312
-21.508191761295404
-28.04261264901455
-22.020637519616848
-29.38462285220116
-8.736037213576584
-19.346098403343632
-17.08005850157204
-17.888010476600904
-9.081177436968254
-26.65001689475359
-23.99128601140155
-18.555055507543862
-29.183390154415896
-13.961869415356425
-5.791171676304579
-17.322535266363893
-12.567799249137465
-17.739531038686692
-25.195323180038393
-12.055352242230738
-15.992553481155072
-17.830102819549378
-26.396673369965164
-11.392280804624619
-26.23611213862841
-20.207472340018064
-17.445441251913
-12.828345813177478
-29.05282543660231
-35.866387976079814
-22.04894123718668
-32.319120303472005
-17.16165291674601
-12.360904586685109
-9.292603853781042
-22.225317731048815
-9.448434832926925
-11.112276827126696
-14.322031962227737
-18.379606587979353
-16.118178338621938
-18.27181307345119
-16.25264273455317
-26.82341870476629
-17.530143923206452
-20.192189111991592
-20.824398353049173
-21.436845024810786
-19.58358870714603
-23.33415996313453
-15.48165491635869
-18.629322341984718
-15.636622741736357
-10.693554236088481
-15.902901262785083
-9.835846754812856
-11.303350988793639
-14.582110302336478
-15.665993148368788
-25.129019199241302
-19.436016038308516
-15.765981620979886
-18.09187985197051
-16.706193647519747
-25.07291046065916
-22.843101691245536
-17.190206572449238
-9.844524730451948
-20.666011701377315
-22.777106028720894
-25.012558530591
-27.694167464657486
-9.209215609382522
-15.529413574218058
-26.118143601030688
-18.710093745296778
-23.892490702709274
-21.620179297466972
-17.719037751114282
-25.210105970464404
-24.289635004761116
-31.16369815441751
-26.749881128932323
-21.665464086225143
-23.36374036461904
-20.298559959645385
-23.4852563820316
-9.057684936023797
-16.91296231670007
-5.391520528235205
-4.334154823046262
-24.79402973548145
-24.296765466461174
-24.823337994187014
-20.13109010322775
-18.811841915693318
-18.3613218181091
-18.33740163738056
-20.226250780047707
-20.44764125730643
-22.169043382416454
-22.951602104586744
-30.205922371563297
-22.036795225222626
-14.894403679998206
-18.586668472605545
-16.186606138011832
-26.120378573857224
-15.796479664830386
-19.785688496361963
-19.16074106841274
-20.18335316517345
-19.305771389208168
-33.49768714771522
-22.93077459668435
-11.833064320845104
-12.60639867458816
-21.807494404862666
-29.807733086934476
-14.073500602726611
-23.949477550484854
-18.96264537393401
-21.050068397135
-11.19751184912112
-17.549531241282033
-11.111487252302815
-21.26560946780689
-25.52515591042016
-7.0840777809276965
-25.283329922907168
-25.281646027711886
-28.840554320255126
-24.819318353438547
-20.915179151340006
-36.763675936814074
-23.650717084913197
-23.858407581157472
-23.075829299555217
-14.564767437406418
-26.365003389031237
-17.65958464221201
-21.215421715151535
-20.92503217319385
-23.044701180847404
-16.225890228946362
-21.200695906908678
-16.708853744860093
-14.760361527265719
-21.29500102207303
-24.37945136838693
-13.970826211773229
-24.891790481830313
-19.16626688553997
-28.226647637298193
-22.269750639557223
-20.560836224849073
-18.45598737360386
-19.478154265947204
-21.928411402244265
-10.643732292005737
-6.7506122483817705
-10.619546620899811
-16.208520088317044
-12.341858363733337
-7.16706895348085
-16.257914170969286
-12.00525934258021
-21.683921183890103
-18.821172620143805
-23.09918891859018
-21.783955664329504
-14.054380396723651
-16.34741983835388
-18.33431133102683
-14.568686486325696
-23.572924301692716
-14.179565257073111
-14.297737243503658
-18.481432859763643
-22.66281581113532
-7.501936465757883
-22.614564970306297
-21.530483795730454
-22.836657721459446
-22.402363753701373
-17.092172777040165
-22.384993340183556
-16.145808299063503
-14.580694662770632
-12.553282775048466
-20.14061928596564
-16.960555169157708
-17.057698233874532
-9.75382301905585
-16.191681558887787
-13.021675622758487
-17.785231490759905
-34.15733782973454
-26.604531507492567
-22.73112789232217
-19.557227608876346
-22.793218759768195
-28.6418180653664
-28.539323830186696
-29.282155279442755
-25.941066754484652
-18.09398123479182
-25.635114681203135
-21.85950466355564
-19.751112820035864
-26.621022193290884
-9.083038153547637
-6.242530138536516
-10.202377666101167
-18.54043588272969
-30.739482452303957
-16.894518892803365
-20.084296903304796
-21.337107987044092
-12.100298816611136
-18.76500439375561
-25.3561894129173
-25.893460310054337
-17.38996305073382
-18.944227618025387
-17.50060557271612
-17.140878232912208
-23.935132490150956
-22.93436845816933
-14.132907454306032
-19.40959203495152
-20.655286360770305
-19.368831385562668
-12.920174747791208
-12.223319076465351
-27.509926159823618
-27.518001396064676
-23.88917623744936
-26.50349260290467
-26.775240430043766
-11.662149821873538
-7.819009468844957
-20.518032271413407
-21.276467284278777
-21.989694113560073
-15.172013272844687
-19.18795580092924
-18.443886396208832
-19.22697524535821
-18.466904501467365
-20.478891258637322
-16.363653759424448
-23.381750584173123
-22.38663341613759
-14.336230590638124
-18.798815099293446
-19.591214479300795
-20.47527350988443
-21.431452535147297
-23.93106873801193
-14.403920929453268
-20.493277064103435
-17.716496258269686
-12.56632571359248
-15.723667281482221
-21.88997239487607
-22.24860972512309
-15.238851256833367
-19.173772656882548
-18.006327312266748
-20.97435123132663
-26.646306516203246
-16.940943503537312
-28.012205868864395
-19.309667087900138
-17.522865751032953
-14.783283595363592
-17.320437744334313
-21.322350959555088
-20.49830726551469
-25.56527964546202
-14.206900142522343
-10.194351600799187
-16.113597707880775
-17.227707066129575
-20.609582298729777
-23.258936371911055
-14.608312356311771
-18.384621789721102
-22.357308591566834
-13.842477294949177
-22.495577704604756
-16.96012660277534
-12.46012286617782
-13.642589635664507
-11.88933850304484
-8.287151714953588
-25.132781143245268
-17.056152516500546
-9.867129797137927
-18.460857456258474
-10.688694722767565
-14.448093751552882
-18.85062756052975
-26.88588753606759
-19.758254214520363
-18.704097680208577
-21.0743943555147
-9.96551914049262
-12.920691684086094
-17.70655212664457
-15.049695156308498
-11.250277907751261
-19.50767593466421
-14.868007023412595
-22.45702162118889
-21.436633069706513
-10.497130042844422
-10.789658009848456
-16.18621335402981
-23.60089282050007
-16.001004905109085
-12.641565270426064
-21.879241457969258
-19.458675391471118
-24.70969048678832
-20.71415826444376
-18.221869800836956
-21.58822201294515
-22.029796139124954
-14.006777555234251
-12.998212942869014
-13.959113161852603
-14.092188386938599
-18.219979216386513
-21.3334324711988
-24.53846638050122
-11.238258333271132
-19.125884236711826
-14.373169215009796
-7.375587160935881
-17.597622052085065
-20.464954954713733
-8.406636751691472
-13.006880536316926
-16.05602497051307
-15.7147980318574
-15.506247900829635
-19.31106944300247
-20.619277289652914
-23.654492186497556
-5.88616934649702
-13.385219236564577
-12.541320221505968
-11.658297216475574
-18.11400116451122
-19.788371112073285
-20.675566841935037
-15.374546135247021
-15.608333432527733
-19.99210665089378
-19.64049661396841
-22.57173396995612
-23.228854896945013
-14.753982165612372
-35.186663064029595
-14.906975652400394
-20.071192337087297
-7.081914052651605
-13.999189368391555
-6.758264026343696
-21.265911827813284
-23.869941322266218
-15.942128848157864
-18.499414502449966
-18.35744427227808
-21.894245666308727
-15.25458954929757
-14.523158395465366
-23.43091293315598
-16.892403260315554
-20.762951090762016
-29.25589899715152
-20.065974698080872
-23.95061216303
-18.48142432267538
-23.026597303205982
-20.30206276397429
-23.76055249564808
-13.642048536516844
-18.210456838618246
-16.110411027536244
-21.42905876780094
-23.020892824957023
-13.77533166600179
-5.592927319604026
-11.452342789040944
-13.086084379293467
-13.824341047092979
-12.236171282428273
-15.40016171012531
-18.016984209820244
-23.352951771015388
-18.00064714982284
-14.729085130128414
-17.89440293223256
-14.096039878516521
-11.40573498260217
-6.9338014505269285
-25.547856337547394
-13.7152577029781
-14.230775038295718
-23.018535078430006
-21.202743497460787
-21.980569355018268
-19.664515469880342
-11.627836589212052
-19.949166560980117
-12.51428384204251
-18.91355463454765
-17.308843426043723
-31.76201330552059
-26.706179903568895
-27.981526362503956
-20.640666789472405
-16.842071067066975
-21.01828822894678
-20.45192225205929
-29.719956335694846
-23.654835494128093
-23.141037714974985
-22.330013379953385
-20.67630886117039
-22.930143298444655
-16.842901924548556
-18.321803137103892
-22.030435231500462
-27.341014290398547
-24.86125530290233
-25.11941580792501
-21.755157785929995
-21.633525197239578
-20.14491753247846
-19.2741455396714
-24.902711240788413
-16.653656708500783
-16.927606007840893
-13.761270240559263
-14.334299136924464
-21.26224854286759
-7.292678056994934
-22.829901389790322
-8.981289636914827
-18.460681905479532
-28.289801648413146
-19.80564562153814
-24.656263509192357
-22.77468178839323
-25.52345844466849
-25.967429396110898
-12.853868414945001
-12.22065366395286
-21.058156594450434
-32.75731001218124
-15.32448063070892
-29.000326700359487
-15.971581759111265
-17.40646599101952
-23.949381992139564
-18.49989950373758
-17.31366933633231
-15.989449870403014
-12.271440841766164
-8.811534033874764
-19.557294666740617
-20.70472160391509
-19.000917909475923
-14.320267432572614
-27.297290278625958
-16.253685195831906
-17.222385222289255
-10.177710713831516
-13.90350555568385
-16.212709666908182
-4.070929512041332
-13.978685166308793
-11.882375117368763
-16.37740122444579
-10.003550027227426
-24.61964589247718
-29.434047305639986
-29.022876620430466
-19.882793356366324
-18.068166213504206
-18.722611864978383
-22.06079114861904
-17.46931964319957
-22.074773480792192
-17.117784464331812
-22.775900820209216
-19.658320675418643
-16.702419523265483
-28.683328684782033
-19.389006692568152
-10.268812560189737
-15.827870843024364
-14.499515371541186
-17.342553884888055
-18.445726040511097
-19.812907075765196
-18.74570493368968
-19.59749310639947
-8.089706922850219
-8.833466800639357
-17.249727950164043
-26.45457041075006
-15.475112734958444
-25.081529003362647
-13.247376159471298
-16.375293728814626
-21.32626592203294
-16.575592618158936
-16.817734073729206
-18.80802665126122
-12.942209071781285
-17.040059703039812
-22.944247752813876
-17.366938185757107
-15.74590377519511
-15.832826761767816
-21.32863001915762
-12.140966757821285
-10.428027144142003
-11.198944851840675
-9.814278746083112
-10.090871359549489
-15.433301091120619
-29.596138525829286
-18.373677833199572
-10.931424790667997
-16.875203213609254
-23.245635552864208
-21.19728636075301
-24.672204743250337
-10.387819403658757
-18.570953678057755
-21.503377798644927
-26.71722226291624
-25.696791506921677
-24.210496753303627
-28.44831513285825
-29.946308779233156
-19.69596583137871
-18.47815747033182
-14.280103319237224
-19.449113497721683
-19.895691198861286
-22.971196119669283
-22.504332686345716
-20.7131610258714
-23.421607659741596
-22.421794695087243
-21.85956373264078
-7.384599787522788
-12.399508084027218
-20.607194429460286
-22.270520685182234
-20.024807754253494
-20.106670451228972
-26.072799694060443
-14.176464118779933
-17.758164329046295
-12.877110009101095
-25.7817132727792
-22.095902561004756
-26.971837191123768
-21.446352775347684
-10.349486699553925
-12.37540526515495
-25.270262072809352
-20.520463788995524
-18.874486213436278
-17.130138290985172
-16.202328135465592
-25.333608345683153
-16.66784503017589
-19.00156513609437
-18.84404916502684
-23.563413100415502
-15.929474294165534
-13.502525117188029
-17.418293412151407
-18.543813752000975
-25.757869618964293
-24.817888956352647
-10.472536584864539
-27.664095763518983
-22.38966595448231
-15.748828451313234
-9.577082776866074
-21.08196932093946
-23.272944345901916
-17.501442854691962
-25.426115121866673
-15.778772449321409
-18.624047772065467
-12.342693190756908
-20.742178069468338
-22.026071067152934
-20.077421194603783
-10.490198696096243
-24.713933772978407
-24.282386880733696
-18.956194200009804
-17.715757363986256
-13.737032519158479
-13.366533702329821
-16.908798982217235
-16.70870402927755
-19.942764592178104
-17.47146536792846
-27.618494076641838
-20.486053289240633
-26.37783243148057
-17.00380136150246
-29.448667223092656
-21.95588205904368
-16.23957467569459
-14.487096863522554
-20.296921245289383
-19.898683958137603
-15.199491568687634
-28.67067388751459
-23.945193983896946
-11.111605577126053
-18.80215921549097
-14.434279010451867
-14.353352364178905
-12.714339384890845
-15.327516966767094
-16.035238170340705
-17.438344380455256
-22.97960440457592
-21.966734215619137
-18.41209482785815
-34.35667798212442
-8.88675026350289
-14.504135705913853
-13.760557918401101
-19.847773549015415
-12.401580547933868
-14.955351668700018
-8.887151245973712
-14.356974041766765
-11.34942690729087
-18.650316022373314
-21.887075326214756
-17.019732398323043
-14.340938429364002
-16.943934589709485
-12.45088458022936
-18.021246427691718
-17.0254248730584
-14.244267907698966
-16.05801577202055
-18.306743740813147
-22.61496977978303
-16.042410128862645
-15.283313060483813
-19.957464291317983
-26.335551547876012
-16.108802015115028
-23.005877509801206
-15.935289904315034
-18.688994042322527
-16.649453884163492
-20.513565141665627
-10.334550770520693
-18.169071473046206
-19.189196095609145
-14.645278451704986
-15.329417302572516
-13.433997254451938
-16.7898354760023
-16.171922215156464
-18.238570378804475
-18.949347635182658
-16.12504940684935
-10.709874097516426
-13.962596672375662
-24.726277765058782
-25.354777082035916
-18.02081814750703
-9.715292579541792
-5.440632663276421
-20.93054364898837
-14.745382262808654
-13.485068580099757
-11.402032523712208
-16.448038295074383
-17.51963635427296
-4.069183600344495
-22.36377303633452
-16.2912268200852
-12.814500795174368
-19.375529296345707
-8.855558116445245
-15.328278399889527
-24.33423691867845
-12.031759822963675
-18.40347304068274
-25.375887812878368
-13.891321390680169
-13.466766084558351
-25.23488224740433
-14.994680905312272
-12.275513522940884
-14.815853990341175
-20.888916878090406
-21.134121711472318
-24.04864099763701
-19.402519646143993
-30.78042021146208
-20.674746226513058
-20.341792496241283
-20.44144583091282
-20.95662092263592
-30.174298356577644
-18.87262176540038
-18.559912521167718
-24.204651646165033
-21.674622345037314
-19.134770090987992
-9.995269286928325
-19.890648304977155
-24.640552676251154
-18.23738826890419
-19.890695325593207
-16.711835596521738
-17.72538345780874
-15.522722614407122
-11.461781396836649
-21.087765995199177
-14.806860745807448
-22.907531705932357
-18.4803718879893
-27.927757275670757
-23.697883935013415
-13.26300193261715
-14.068870217842116
-9.30605546118698
-14.101791230004299
-24.928197736581737
-18.137246961181397
-24.01553930973966
-19.3309594336849
-15.941650326544362
-18.716646797806842
-18.542821081124906
-17.649545098412673
-12.066271820286367
-27.31316405090713
-13.320372227443961
-15.021622740321918
-15.887113563785107
-22.535346820197326
-26.27472765150359
-21.29175755227933
-21.701139642760687
-27.80354219206754
-26.475047996551396
-27.33148466322818
-31.38076907194801
-21.31521909994613
-21.927358851861687
-25.364023720060615
-14.293952044001786
-19.275813089878476
-31.748265498144164
-19.35022504865216
-18.36500298361442
-21.911136433312535
-22.408029838371366
-18.704815198803338
-16.773440266776156
-32.5188247909042
-25.41678208510634
-21.743270093902797
-22.01291956674754
-14.227496692027184
-14.154230043685928
-20.032811088817027
-24.588106605602263
-15.059583781126765
-21.31712097113249
-19.860150696596993
-17.098413932464965
-14.918351090688732
-14.16473287110217
-24.490397917209158
-18.54321272540811
-18.688414077274473
-18.019614013666803
-17.13188756655723
-17.886784702808143
-26.23116427444674
-13.662840898474208
-8.306945961919126
-22.83212047071939
-16.734293381156498
-17.768828863814676
-18.941692394905303
-20.57363973503169
-16.768003124449052
-12.722341684775671
-11.546768270207274
-15.831387204040716
-18.928039478785543
-31.401383946647293
-15.114045317577595
-18.652005813490547
-28.319335000792087
-19.841311849196167
-18.513053885470704
-18.737140169158167
-14.097682350300097
-13.725044840664324
-23.945891029758137
-20.887654049066896
-19.678014261929704
-15.70350077243165
-24.091667463316703
-20.079968210299256
-11.017905763624782
-15.842125869427889
-15.51245500543834
-10.505934331048692
-14.54749673537711
-16.32077718097669
-14.926940976697821
-21.253526760968896
-22.188275979501576
-12.012271169230381
-24.10190128357668
-15.919486268777284
-15.468761085078306
-23.355431393581533
-21.60733283726969
-14.38754690866824
-23.452749277634645
-24.82190891717711
-21.104351564658533
-22.129629389981183
-23.54758271123893
-22.137578101736516
-20.07647057016967
-20.538837014127836
-11.277524959754055
-14.073039612917619
-13.566603103505189
-25.68870054194265
-17.01485831853629
-25.45063492595413
-18.28857066193881
-23.03779951068366
-21.980220037559075
-17.495075833031063
-10.50773553313408
-14.08551441469065
-21.223377820730516
-20.522962533373832
-29.541398984311314
-10.464988466701257
-17.667951298753515
-26.515575280661402
-16.844211451714244
-7.656872789749251
-16.089711890035957
-25.899998593707586
-19.625566147204832
-24.865076865880297
-22.13877203685484
-18.377652651722265
-25.08802849209554
-23.784578998710607
-24.42071438503848
-22.367356879456842
-19.035770445632856
-16.102530556587496
-16.179045765933715
-22.196685069330343
-19.929797923428442
-11.233418789221805
-14.89157710664692
-14.165439195174898
-5.173023987682107
-11.067736895244884
-20.254617223439105
-20.009753690943235
-7.31080938147651
-23.95965631956688
-21.10397036286657
-11.612476410147774
-17.247137891042776
-11.690392786114842
-17.394639522870882
-27.080282599756632
-24.34340626880259
-21.901985071631366
-24.031104033144903
-11.223346894074202
-15.628570330805772
-13.189634780894885
-11.839865493776955
-28.885948933214863
-19.67228493746171
-25.043050524761494
-18.607340168276984
-13.38559551753991
-19.23114292047858
-18.495639193828026
-28.28590589102024
-16.690202775586698
-22.31579454947026
-21.649885790316617
-21.427881883259076
-13.210582075879483
-16.423306557281204
-11.79342694186036
-17.016520827223765
-19.89556558563814
-10.126538760354762
-16.65069047582191
-16.30096180822062
-8.379355077799708
-19.44399113555332
-12.982749880095234
-6.601564665647338
-12.178344086378594
-9.043625012418374
-15.531790063712506
-28.480510975554953
-24.286391465985567
-24.716177267156006
-10.771755997476305
-21.575498143698557
-16.090312510357712
-12.428562732639232
-14.760255397231447
-12.500901842868368
-13.86573269269372
-20.238238409168844
-12.804077474205911
-20.78726466585027
-19.889302402604518
-20.873610285065375
-24.130808139699305
-20.73262378931514
-16.670005939881587
-17.277125306990705
-21.438700079860645
-16.077150401140855
-12.751763645374737
-16.013507405807648
-25.07352689993288
-25.514762255202154
-23.325509798724855
-24.799545749490473
-32.66329663150523
-17.185675192544387
-15.17643596084746
-12.648679649731367
-22.03275188131426
-18.767179946982125
-19.546512214335596
-26.329064841775992
-22.807884834573894
-13.52411275553586
-15.956046112245673
-15.52896371394024
-21.4119605438387
-21.329896754460933
-16.161663968115644
-21.596113492726666
-24.22104552199511
-20.55602757830951
-22.11798710575038
-17.405228198371958
-6.153120523332049
-14.224735297128646
-9.982324269218253
-20.252096256387297
-10.389592238546108
-24.597833018641733
-19.33500439029348
-18.129810034219158
-19.720255660804206
-14.091712975011497
-13.899517900726345
-15.922755582452254
-19.988831977424987
-20.41007008267847
-21.698640828886813
-14.639978621872146
-25.849801759373655
-11.76217178702968
-29.35640539749589
-16.0580605917998
-23.009023674835447
-13.809390854764864
-17.50919461305837
-15.022296503799762
-5.159366810204084
-25.12925114549118
-23.844408271741756
-19.159004171200877
-18.182491437681705
-19.339367647989626
-14.76558034836188
-17.73744201839466
-16.956926465710485
-25.859234689313
-17.40975049227676
-19.611770439004466
-17.119849469339172
-30.236627547376415
-28.507286687896787
-25.74363431853641
-16.512444944250873
-12.805790230658637
-14.228803619972847
-20.0460248748686
-20.383421763066096
-24.08674350530552
-18.728243646004195
-10.435728712871715
-22.193153957786407
-19.464301778548368
-16.265362021403085
-18.505517324406654
-18.001882207550167
-17.179346717232157
-14.215847309926126
-22.596212695706285
-18.774990485023388
-14.895130051873224
-33.24735454859724
-14.969931713781463
-15.099923166952436
-17.725319484894314
-32.19811109808588
-20.71326654092276
-24.14237904846901
-20.748225006317718
-22.52255766411772
-24.52783289515829
-23.61029242146732
-13.681669682130842
-13.389816056761795
-18.338677771869584
-31.911147871452854
-19.473974483008828
-14.720807036815721
-21.055298864182873
-20.510483577659425
-16.728728977338022
-12.814297643992255
-22.868643049108197
-23.676752870213623
-27.032734878884106
-16.973763850994327
-20.114828828742848
-15.859494114122224
-19.27495426517153
-14.284112884885815
-17.159622254078158
-12.71106372119085
-16.626642543781706
-14.976241329312082
-17.364579206731882
-19.009936825842733
-16.62131915548194
-16.544434783997023
-18.642704346071998
-24.709194209741447
-27.26130588526386
-21.519448896238263
-20.6269920905052
-16.29834151120754
-25.281112852219966
-22.027634281556665
-27.62602865608084
-15.338831670860891
-21.73640028221596
-13.254095184268149
-18.388542029317072
-17.16280667355663
-17.473578185637297
-17.608354881246807
-22.255416348076093
-17.218033127910015
-29.309780272744668
-22.309245201114702
-18.987562760665746
-17.446477931372083
-18.17337275440665
-24.25700188534432
-18.890123988194777
-11.684399556624026
-25.256916526475184
-22.872064026168008
-22.176721001592373
-31.44538124409334
-16.624933595525253
-19.804248494603797
-30.341357378080744
-17.99747879083042
-18.99741748953782
-20.095824865718416
-9.76503894486741
-18.3603036642534
-20.674639944792112
-22.521075779936638
-18.57698873637684
-13.52906360888101
-13.044604008753886
-16.638956152410294
-26.044723672281783
-27.46072058090016
-30.142196200768183
-27.4211697827594
-18.46608551728498
-28.816642406649166
-28.16377046795968
-18.082703494636654
-20.90382894095592
-13.75144781648342
-15.467663124232502
-18.727595529381787
-17.9128255588982
-14.13828198841788
-12.611445895454587
-10.545308914611454
-21.474668298164545
-16.48242003324181
-24.39456998811464
-22.462878922990313
-19.719959116145525
-15.953868677526401
-24.399940504252854
-22.15904023358921
-22.36439884681222
-19.55691818916933
-18.8322047772266
-13.305409334463086
-16.958947072679912
-26.29137950968668
-27.98305368081482
-25.53775107451687
-26.56385470443832
-23.17776454869491
-11.294818881762424
-24.40070841136847
-20.68611756117663
-19.535965583832102
-16.95106917786689
-20.698853240318194
-14.216526969146507
-22.914157121495457
-16.455554988791874
-17.56369918811383
-14.623698931458726
-19.106390168066874
-11.072550260383572
-11.833039242786217
-20.55515696910863
-10.108009977728116
-9.659337914240847
-14.707608098009977
-14.88937573791339
-18.4636054880162
-18.915915534802238
-13.12675386252456
-12.692731938515085
-20.753287234800638
-13.610281915392015
-16.381342720337848
-13.226896813876714
-16.5459322524747
-21.876980519986386
-21.56840221251735
-22.21804725683515
-24.27970952764995
-28.13307439322297
-19.47900742891997
-16.700289827953466
-24.53445812705891
-21.452929915976448
-20.526299925117442
-22.132893485061317
-14.640702643435013
-16.082665195059946
-32.085182281310054
-19.18194365406015
-19.571184035548775
-26.102900610999143
-18.75842462995566
-28.57548463123652
-18.895204514344446
-9.69354537424238
-14.493375476452819
-16.918866584793108
-10.045673527691221
-17.771033480539657
-17.431555413372294
-23.434935009237144
-9.267927620232868
-30.077648706004936
-15.993548182325924
-25.223950846060475
-25.575696493463894
-13.328086231926111
-14.499741264598406
-27.426943504183473
-19.29171664375138
-21.882289668688678
-18.800216152496276
-22.98862065380105
-17.347847179240397
-18.021759384647204
-17.31919324514464
-21.048705342688883
-12.521963748075812
-10.93046287252426
-18.680457577149966
-18.13444610491178
-16.628566064381374
-16.953397161509464
-23.452420373314787
-19.91528288429418
-15.928900827188116
-23.65092385622348
-15.243734903823942
-16.207975040109513
-16.903812258271355
-16.924057807785132
-28.987267517664108
-25.318739217669723
-22.710976980359625
-10.525026082454275
-22.160410130566888
-15.270680521471178
-13.056028249843958
-23.265334709865968
-25.483887821094243
-22.891617736846314
-26.48166074524716
-17.52050288146139
-18.636400331070785
-19.615964834246455
-22.03365991502936
-18.113816585809502
-18.322090534505655
-24.379283048001827
-14.593374773127703
-22.69404411499794
-20.2965413383996
-20.001122931303826
-24.87786618713688
-13.249845899353701
-18.486943520336414
-20.253116438250487
-8.78734723423171
-17.924462525810217
-20.366751346809863
-23.458284258766163
-14.76520112920699
-23.31259439132451
-9.304643793283148
-12.865451148423432
-22.43574026061689
-16.930429455774636
-10.818386299770665
-23.583021811684063
-24.527594665080947
-19.985407259478396
-22.11910538187649
-22.120471141294644
-14.697508621570108
-39.40887464337175
-28.53287981566227
-28.855650541200227
-14.234477801369735
-7.7104951090907505
-18.456462643921178
-14.030633414763031
-14.457827756633051
-23.243246007419312
-19.132949734864248
-22.92939017004567
-22.031027767879536
-25.831705290334973
-27.392085785025223
-23.08186340996953
-15.332476764194745
-23.55520898313966
-20.542466666477914
-21.04074200606825
-16.37435972544437
-28.222449747790808
-22.0452166694936
-13.346002873454747
-14.740836108800412
-19.614871852013547
-15.194801000577414
-16.574766502226623
-13.221498143163256
-15.544273434528705
-30.82839087381207
-27.050097376895145
-9.299914774210404
-14.827165043647987
-19.04995299287063
-17.525967115948003
-27.147195160024665
-9.602999635202401
-16.80076978897455
-21.34711734092842
-20.365237155489773
-21.254248436303733
-21.254007523590687
-20.937109942290444
-14.694402579425862
-23.090144451304646
-30.0243244708349
-20.227227325771437
-24.819415244197486
-27.344081448351616
-22.587476088968458
-14.527736210000793
-21.51845392846433
-18.03615418883426
-23.106894652351393
-24.687604439346572
-19.081960550122126
-16.974929180752554
-17.662253712676762
-10.406574648988972
-20.277831877948856
-26.29233111737922
-24.005894890171824
-28.575828070456044
-7.613149529001326
-18.334217545243064
-26.007089822010702
-11.28424597498735
-2.125393418652223
-11.93682709566604
-12.702497336527461
-25.471286725489037
-28.046486350386093
-25.670700319489114
-19.908754511166613
-20.749848626157544
-22.878313711847397
-18.384120453346366
-25.883424543873318
-16.533958423445405
-22.243794625074344
-22.315151460561133
-28.986409917316315
-26.146890520833963
-15.639882812624279
-11.849089989589167
-10.338716784135755
-17.267294099425897
-18.886968622581776
-21.516348862355585
-17.467985120087423
-25.733732032469433
-18.96667110706911
-24.245108700462566
-24.076064036222313
-15.179867892772766
-10.566092739819346
-12.150762573487476
-18.10934842815717
-17.47108628858945
-23.496374224359762
-22.23526350694212
-12.289069219571768
-14.893781252808868
-17.13186456038532
-22.976883635819135
-18.92563499888522
-21.48705342344165
-24.981356840403826
-22.974461878363293
-22.949206616272598
-17.696290103492764
-27.82395023012953
-10.068904987693877
-23.613882334681463
-27.37959019253853
-26.142414266741618
-24.7769366811766
-20.8792787027636
-22.781160916005497
-17.50629602193998
-27.565254344372555
-25.636395543087673
-14.869014531819964
-11.971976269753881
-23.67662288165689
-26.650550363754498
-27.254703019034196
-11.030229674216287
-11.296283957746159
-16.29875460874132
-17.69562757990357
-16.028076226224435
-18.742497441857488
-17.342542501128303
-22.272266319966405
-23.501543587969962
-23.053091207304156
-17.40699164206979
-25.076843049131007
-14.990384283394398
-15.941040426990632
-14.9242526543647
-19.01194492058911
-14.429681949733602
-13.78566979410886
-12.331418307300417
-20.252686313645448
-17.52450061038561
-12.759432817891863
-10.256613926577558
-13.582884440550146
-17.09439452737988
-21.236097439494195
-29.490025359284992
-12.041680649992216
-27.496798764082484
-17.47081465134301
-19.11004155675574
-27.26331990067885
-18.165891628153013
-17.517932559442443
-18.842171749217762
-14.863340132182358
-19.230554925919094
-18.57481010187336
-14.732049725836072
-14.07475524079288
-17.796896906693398
-10.688764868779046
-13.476218915771433
-22.361143052318454
-14.654100611547854
-21.327042627381402
-12.080061806921812
-26.726936946399253
-20.489208732948356
-22.758918380401933
-12.83137167781642
-19.44116178461777
-15.549530827339385
-13.576626026794642
-26.752920404736955
-13.386050572475718
-13.870129479367481
-14.081328953137302
-28.527803155258734
-21.443376670950038
-23.023460495747752
-19.656656734815023
-24.24123699481668
-20.18080927529314
-17.51668104181923
-11.255018676762948
-21.638345531372533
-15.76651478139025
-23.089562944889742
-18.825364028699425
-17.081002650325928
-20.767166646219607
-17.16698993190176
-22.347174818787007
-13.139804557856316
-6.512466497223883
-13.059623546384717
-12.091320178244935
-25.87852290653369
-16.839090200271094
-16.319009461614172
-9.946570284152891
-28.006035274355767
-17.5186605322858
-20.192976153389772
-17.0348971615631
-15.461406336919744
-9.468521146508131
-18.020244034139694
-13.356845361552502
-16.65692612437791
-19.212115082045408
-13.96025545484418
-19.866871681326316
-19.80232871087297
-14.75439822553571
-19.47492554146845
-19.115483977596114
-10.983228326279814
-21.17112461745961
-25.466806802678015
-23.326908057497153
-18.626645197678986
-19.28001703034969
-25.105377219589634
-23.15498067658418
-8.570613168860866
-15.04636572109921
-17.330677250138088
-17.277766656456638
-29.646831500313457
-17.321564039798837
-17.97375633863734
-29.630173118003814
-20.05589443531916
-19.086625121827748
-8.654311964645053
-18.773005541056996
-15.447972164627926
-24.60255058115
-13.633743783468226
-17.15556662182226
-15.058280098934667
-15.177769990840503
-10.733351491216883
-16.16843354616849
-17.775580529559964
-8.204408857666813
-15.900143754279682
-16.68754885445474
-19.940142238156263
-19.56640707054749
-26.138618290313744
-21.545482279418614
-13.688465050602673
-22.551262555190476
-8.703859837372722
-12.342387910436628
-21.651884488346052
-18.806149268348598
-20.95112061870634
-16.250231969503467
-12.249335215234503
-26.52429921850604
-19.581510870450046
-17.01213939291306
-19.437762178522554
-21.997450881148147
-23.178875557403565
-21.02302553023989
-20.790736768326475
-17.405885301448485
-18.68786267827362
-18.116554254727003
-25.054482385177142
-8.412501682305955
-11.496279561975335
-16.336492081677605
-21.43505130309658
-12.694666594951421
-13.67365974980397
-10.67661964769199
-23.270016166729427
-23.452723106842896
-18.593854112236862
-18.725763097578966
-18.654138689134435
-20.066300253538174
-10.475216279417637
-7.399125921074003
-14.269563619423927
-20.389881036099553
-10.57598530834651
-10.077890366933048
-15.14625592351586
-20.316431164660337
-19.415580683597632
-20.484272699104352
-20.86562844642252
-23.922594943801798
-25.092375034484977
-18.049326265306526
-7.954514880408475
-6.443355083265786
-24.28761483617979
-28.384074840028276
-27.157386941196954
-21.22384307651657
-18.434396806132554
-17.964928580756787
-25.951346537106417
-22.21789349820127
-27.125130006044497
-7.640003188592978
-16.45311725130538
-16.079718075375965
-14.526186095611322
-14.60035559072104
-26.97693475297129
-26.874233785973253
-15.547766065554136
-19.076161350019767
-19.316073593525463
-13.056133317618766
-25.56152761178156
-21.749672043975195
-4.276939961513076
-22.715476171984392
-22.971785459203392
-29.302159135655536
-33.619825909612565
-18.786345436441856
-17.448543769688335
-13.512752033746722
-7.055745306794904
-8.710631544224448
-24.258606874715923
-16.38421600888053
-20.785169684052924
-12.955104143818616
-12.792872655603205
-16.536304998570785
-17.1627409010365
-26.511686222331996
-19.698756296097542
-8.884805238796844
-17.320321973055314
-21.828168520633277
-20.24341586052241
-23.510758678340636
-20.182287882122516
-19.46995872170229
-21.109052338487793
-15.641726384702864
-20.14068169555549
-19.110447917162695
-21.02508710163913
-26.24696069689862
-19.47823410454798
-21.630112299256133
-13.027424841316815
-10.240309704047434
-17.743530059888755
-15.117195146140816
-22.17963639335916
-10.767592002772119
-20.353221280603364
-17.3312495387969
-24.25286854371449
-13.525743795382015
-20.73971711187755
-26.39752469123605
-22.95899873874074
-19.01999354931351
-13.661538262192344
-19.82378086048825
-19.848119168100098
-12.022216901676288
-12.846030743737451
-11.292294459000168
-15.36929653232042
-17.18280240321647
-15.698214720631434
-18.651401892002653
-10.797310160509735
-21.44802858417028
-20.511447656906
-18.39729053721354
-21.315043216477175
-21.51298554997976
-18.8868585420797
-16.253228854105423
-17.228069516497413
-18.430478380662713
-9.527305217668392
-14.630755544789775
-19.49088880119608
-11.961826710776151
-9.4837856163512
-23.62747658877175
-22.401701794828725
-18.97338749097591
-20.02374472940177
-13.311904137962077
-19.514805662844623
-19.860565394453616
-9.177260687079993
-6.820469687348641
-12.201535444479276
-21.12009898544285
-21.56764181161836
-18.55050366999769
-26.571886378513273
-18.9687634280373
-8.189937495833966
-11.069071369045247
-16.130675892615194
-18.560474004963613
-22.92928873405294
-20.41154749933829
-27.36835096207563
-26.515221572104174
-16.731054228835113
-10.251224162598533
-16.915402583392407
-12.481554406924879
-19.44463562156635
-12.170833958007382
-19.209969528110776
-16.521405776383528
-19.293624104403136
-21.571005506327822
-14.901416725874675
-24.787975773906894
-20.52344176398494
-5.47029845138762
-8.542473199232596
-27.764121779035037
-27.648089498238335
-30.431039667954146
-27.189871125894612
-35.14637161259924
-28.96460513144288
-27.867053659419945
-25.75694816729979
-9.770624359350741
-33.646638897832375
-14.591199665493491
-13.549495543073341
-21.4757574787968
-9.060837221943183
-22.06477958419027
-25.686140461179036
-26.390112644646134
-18.70879423068651
-11.108958325780172
-20.665871085096057
-15.935146146430654
-23.41858931973711
-20.11256291057443
-18.472762259961243
-14.031432370477585
-18.033845230363244
-24.70832623534591
-21.05369773364888
-22.535319585811507
-24.218413489375667
-16.948500109874754
-19.505123752103977
-12.593930729703775
-13.606676054310341
-12.721960785745537
-23.100295771065515
-13.44166579864795
-29.96073335409905
-22.25818385915435
-13.44592692878944
-22.494840264855615
-24.42487855322319
-17.83230192274627
-25.85990531195806
-22.321850995691086
-37.08364894719763
-10.513451623040503
-21.6419650908548
-9.031355363036838
-17.975432648979467
-19.795258995694315
-13.722908401432115
-12.526366026660995
-16.91424721303443
-14.303590461714741
-19.732596758083204
-7.923717907672746
-20.465119859694664
-14.910776703740776
-12.147855887911618
-13.803396665997209
-12.195751124864806
-14.293693238666453
-20.920817875285767
-18.056148055557003
-20.946511108382335
-21.739887354709055
-16.477664313813378
-21.22574994582383
-16.399625963783254
-22.860499664891737
-13.715357548830479
-14.459843010056744
-14.353397559548796
-11.933364125347005
-19.840616286759953
-11.360542833303235
-35.503094070096786
-20.54215098830563
-14.714843297791791
-12.317831034716555
-16.102207776316494
-17.786706543986575
-19.967629056005272
-21.215798974474254
-19.66091026646995
-17.54539548478647
-13.911532411820815
-23.464950646579958
-5.472945065086705
-4.2725378911744265
-12.06191736455905
-10.097185595467323
-15.384464943601667
-17.474540102809154
-2.594986288770862
-8.37281466555887
-15.96538187342546
-23.887966319385995
-29.11876127025224
-23.14820539284914
-25.138482901629075
-21.468949316741714
-18.236370486834065
-16.553440813256326
-4.885091096071257
-13.910505874806503
-16.035620696500484
-13.056243308620402
-15.269333957653462
-19.943318400546747
-9.851548581175258
-22.58926783397378
-21.308738816389447
-9.471891644939763
-12.898320940223513
-10.511252193782852
-7.960907393570043
-11.593075131537407
-11.671530342189364
-10.3703535312696
-14.868983654421104
-15.700968710223187
-16.20191190537757
-15.96657882440062
-15.245971547458964
-14.063087507847015
-8.676282464767809
-20.62751698218419
-25.88205337437935
-27.05843392462368
-24.798266035022735
-17.78004153591975
-25.72879748610248
-15.879976007056285
-20.913239357793955
-12.817494644131635
-19.505547885922766
-31.074059262134632
-23.011238751624084
-21.24372444408054
-10.366775743353134
-17.196417968367314
-20.33077046866275
-21.59866755592316
-23.66135170633268
-18.862875415427034
-23.814372785674358
-16.45778194235432
-23.16460502579381
-17.00523247558209
-13.893465078244407
-29.115802188891372
-20.462222395134816
-20.99017652290454
-10.554421598838594
-23.500676314332495
-9.87915215269684
-15.392107830258198
-16.005003701891802
-26.0778959573043
-22.31117116559562
-27.04491083976513
-22.039733917537042
-23.481523403132236
-18.43907972034001
-15.651987595868114
-9.65759227664882
-16.685936568032567
-26.556367401575837
-22.31176507380324
-12.927882793849651
-22.590220503318257
-20.86118217077713
-23.44216694822324
-11.928102677373655
-21.170751140424013
-20.33336085218961
-20.78576241053806
-14.451640160010431
-15.582218539107966
-22.10824335086037
-18.449923682111592
-18.72292248347902
-20.608218204663608
-9.612221015380037
-18.662746813662267
-10.430066995766197
-17.67482691974056
-22.375966207590707
-18.187368032663166
-2.5252131561180953
-8.041741862215275
-21.435114361511978
-15.11273240663266
-15.33950437251562
-23.04606836923329
-25.13867530750622
-17.978080338305123
-15.557531503671477
-18.405599837886136
-15.548711143637696
-15.677198974005307
-17.3906795888062
-8.02136790398518
-13.174764050757439
-18.261160510881346
-18.0059258226919
-15.058904034771313
-12.806843983052012
-23.722860364525648
-9.288844149094349
-13.452812039766975
-18.189841908624608
-18.33934237936178
-14.97790744667929
-22.327762537540135
-21.74749943889208
-7.376380613052362
-22.289705057127588
-10.383642581833584
-20.00716818796406
-17.169142867443533
-15.515116074602751
-14.184395889027009
-13.105736075397061
-7.190282601401584
-14.27786511914271
-20.239110698428078
-10.936601501988513
-10.130069987973936
-16.377851480659153
-14.240381423676734
-11.830623915377934
-21.18352809480483
-16.160684871740504
-22.055855922150464
-23.050847940669673
-12.243576933970182
-20.12005371694596
-17.65199864150263
-13.966768292117148
-26.83457365259898
-15.561872269602823
-14.614711659725739
-19.47485931462901
-9.037288743186895
-20.465895481941544
-9.708541344815032
-13.903416754906466
-15.190064304327322
-14.41273989546682
-21.021361940521068
-10.2893167246148
-19.61035948573462
-15.359560330122418
-18.001063109698507
-21.822775040512564
-28.039365734993705
-22.1089240365625
-29.6810307444412
-28.08940826725758
-29.351102714200714
-13.610093235068819
-27.283730811861894
-25.913630054375847
-27.299711016687304
-13.049323181156293
-30.935076071106938
-25.21948564377862
-27.545373074188515
-23.477674897714756
-16.374975468610643
-16.32461353608324
-18.519150275039067
-17.566669157831953
-18.432475743272352
-23.604088295902066
-19.53273182127881
-20.943423326275248
-21.797451939937986
-21.29793734820528
-10.406124384189095
-17.471733751258164
-18.998835559388056
-22.290981110227698
-18.54532701020269
-24.031529475158052
-25.40055135453351
-12.522728297738277
-23.128449849612707
-20.511939499700695
-7.651392029999236
-14.046514146474863
-13.05099704677717
-15.091994364014589
-15.737793405971793
-12.387931482894455
-5.724780989406362
-12.33200421751944
-15.300926392793869
-25.720952788077934
-10.446410965980462
-16.38320888725994
-11.47983752149808
-16.638862624279536
-15.757297996889932
-20.26425674165269
-16.3343811992175
-17.867094566071735
-22.250357486156908
-24.206515699449728
-26.721729083450995
-23.426804432991098
-22.23306018963509
-29.159327599625527
-20.361325707471316
-26.63499475304898
-28.351571303846605
-26.50925503012371
-23.877929310149455
-15.136238882299615
-23.247399752580066
-25.00721506042274
-23.919037006440814
-23.68555246370948
-23.09302928690918
-17.567343746541468
-19.784874811960186
-23.062059167342515
-26.13412695190236
-23.81153686251794
-23.321208724644137
-29.55520720589751
-24.407935527402937
-10.509080768748564
-15.262217768219983
-16.223773616277306
-20.292905398118332
-25.514440065129293
-22.745758653249204
-12.789077912549486
-26.067953378483264
-11.175047827282999
-14.546213937096734
-24.123320015907893
-14.030038719104464
-12.928767562415462
-14.692189150750579
-5.7225699554921405
-14.225316761545301
-15.362692870910667
-14.03083247518175
-14.306413527231868
-17.99602739558918
-19.588994963471077
-14.826080891910237
-15.306335336005137
-9.992271603710456
-16.067782779257346
-18.028607131854315
-16.938081203072407
-8.429745172225097
-12.48093532003869
-15.470186089220213
-11.622822548476954
-17.3658289869142
-24.56100250626119
-17.470231682152637
-15.869160346095981
-18.22163979173886
-14.651514408469353
-31.397107850467272
-9.438160261803056
-17.8882813499756
-22.529523294907023
-21.42374097302644
-22.85928184798251
-18.80257361341581
-18.98089378933929
-29.04442809806506
-17.218721611246153
-10.59749293349467
-17.888411767670753
-14.87331970340961
-7.9881190987625885
-16.99053887039065
-6.805619467447428
-18.574877579955547
-28.240358181061694
-16.488579400251176
-13.972776632384864
-17.06300582532471
-15.141967558245778
-15.043746478729759
-21.893652526015654
-18.99467887499563
-14.548794405541194
-21.03154241124743
-18.013199024120528
-16.008702281315408
-17.824679126669636
-9.648758895061718
-11.37719803506586
-22.50931290860803
-22.967409865719873
-26.90828137957708
-24.005489137213203
-14.709645074891764
-22.592771623796203
-10.531011287687974
-12.37429517138522
-15.732813835089193
-26.521988027342825
-25.89924503971536
-23.72055314945802
-18.672294201346126
-13.903921484324034
-17.613673473407246
-26.8510373953255
-15.35604132443212
-24.252792521800416
-27.163515533329
-12.62079761056286
-15.184233390506346
-10.042168162375855
-24.008247350228743
-11.30767949829453
-18.263003362541518
-20.869769749146162
-12.766662762331215
-15.698553741676353
-27.22594380312925
-18.534778885819478
-18.739423137789004
-25.77891225400031
-19.111583044833907
-16.068160900796293
-17.759640949306213
-21.012334970638506
-17.83908616802603
-26.718983072641272
-13.924578730448275
-16.373150592425738
-9.713824844921739
-13.854820851674745
-16.25501693666059
-21.12873207429663
-23.02980224238528
-10.52192103102443
-20.68487487246346
-23.350751211058963
-22.27617223590267
-11.655064687727972
-3.417847910603811
-16.69850523554176
-22.623974100837284
-20.788420671346767
-18.206122761803293
-22.63583157049824
-22.450009578249393
-16.022603248184737
-19.702238668537305
-15.016465070998038
-11.785748955180036
-14.307855701279294
-13.96433851457546
-21.293933952639478
-20.43079353605765
-20.001824676372138
-21.954008620041932
-19.169199549978153
-30.098731170978162
-7.235446258689407
-27.286060457574003
-20.97825273282777
-12.752315606479591
-11.684921987906591
-8.806693828255966
-20.491774579987464
-23.42481257174386
-15.778913760300227
-15.287403788031291
-21.52266659929765
-15.122191225133548
-20.526937778919695
-22.304141688667002
-20.421764543672467
-20.265609013620157
-15.677598986965556
-23.260279324315604
-21.9660301906354
-32.015307257233054
-14.729705079823006
-21.128385316287122
-35.56158880452553
-22.498727884274054
-20.861575409038583
-19.122768512847195
-27.658458190631055
-31.173495538960733
-21.827747250331512
-23.60574578895138
-19.994362291733317
-22.84385824857133
-24.18631833566895
-13.33619072021732
-17.272453938678574
-13.749237644168431
-26.9746462834794
-15.36381481259333
-21.007954244149783
-18.112176772532464
-15.350999302235007
-20.637722184535694
-14.481664485354562
-22.14325929077014
-27.62774928439871
-25.66115741751109
-43.103798132206464
-23.094261999286804
-28.934541447483575
-24.149461282831126
-27.417298626905747
-14.223894787091027
-24.944665418295997
-17.88605949450218
-14.372956863365893
-15.732192335127984
-17.57426062047278
-21.15947515173298
-21.070797230900396
-12.413374010251303
-18.217346872467296
-8.243301909459934
-14.069564230928538
-27.358005328446737
-22.15568188941643
-25.555426993295555
-29.034988561208174
-28.59171271990786
-20.0430146510953
-31.75188194428807
-29.301696963377296
-24.218185163350867
-20.134175011092353
-13.78065820595052
-23.54513514905452
-18.248409848210173
-13.49004386022418
-18.104513874576405
-30.716627447068014
-9.545071468355491
-19.676385166887986
-20.486716144301337
-21.688611035823083
-23.411763450719967
-13.763837830752223
-18.721306228802028
-12.010606850266072
-20.717182614781805
-20.148448732384246
-10.982351879383309
-14.130433880599874
-17.725718685008836
-27.761011003890818
-13.472666129576481
-15.079166053038513
-17.44663618254669
-20.820280334261994
-15.009959192643066
-21.914583117751178
-16.09882579587906
-22.711606836628924
-21.62326383773877
-10.743230410262314
-11.491758290046956
-19.323295565634297
-22.1633713997009
-18.605052445906896
-20.71558128459904
-20.653965817668904
-14.928986709426276
-15.470037135042162
-19.369994867639058
-13.92523366953175
-15.41333199907426
-18.6911714889669
-20.672024767601172
-20.49403919990673
-26.03188760132491
-23.774214448731634
-21.890017209111654
-17.55973077913536
-28.464088852438305
-17.51891338113321
-6.562210945490563
-13.412839945023386
-27.977770767868414
-15.28691024459419
-24.03219351388934
-12.989943857392724
-25.18844214319215
-23.889843799801803
-10.44925130909186
-27.30550805897284
-34.335236322087354
-24.09534628855813
-31.033626487316056
-10.982197644560472
-23.421707721054304
-20.865241866637124
-16.67954308213303
-14.776997112099316
-19.616126275321964
-19.29979571796439
-20.454310911325436
-28.9571043024831
-10.026573673917333
-17.120092645692374
-8.361531956998732
-14.1050165981165
-9.29662134539231
-19.04664730047245
-17.134452878850603
-23.494592663320333
-16.487300232959075
-16.94906078772313
-19.11038000000476
-16.30970819591203
-11.58744784075267
-11.028869750365828
-13.835422611584768
-7.491346533293768
-9.230107395081575
-11.916049190403623
-16.79253016855953
-25.487890929602152
-24.71877351450773
-25.582285952837076
-18.065148520706764
-27.773832383408063
-18.389206978895942
-8.566688263680021
-22.931198961368004
-18.18226843482151
-16.077694119676423
-17.492051585832353
-14.949519415429101
-12.714491137769116
-8.697870492732207
-9.698690406494535
-20.28209365698561
-17.66377070218625
-17.60490791575247
-18.78166650176347
-21.96861177480325
-21.14194964499498
-8.940960999503176
-19.849156255309424
-14.689470488289555
-13.341021460371799
-7.661791645098614
-18.90353574262373
-16.02726568800658
-11.973497527707195
-19.770177848067163
-15.449845647005823
-20.67435229970385
-11.433887381511518
-20.14395596936754
-4.2463722232744985
-20.508605321740085
-22.388556142785298
-21.971482937824007
-19.158161961540053
-14.059639915788445
-17.349639032218036
-7.601369959954383
-15.230564020254
-12.236920898731931
-16.5499491877303
-14.38169325023106
-10.575022299794671
-20.045491842043738
-15.973135892536153
-20.40787135116092
-22.616012072193207
-9.646881343565319
-18.713866135198302
-18.10889734172747
-18.439045315316207
-9.68655312719627
-10.8927161839595
-7.17969571471377
-21.506992714295542
-14.481915394158612
-19.39153499971625
-5.064826090731465
-19.968411540869255
-16.36453110925115
-14.013950130485739
-9.730470884271135
-20.76563633468259
-13.913751714766619
-19.63171926985497
-8.722599527323638
-23.798010121828938
-16.117716678248414
-18.36935546609967
-15.794866282458095
-17.27761237153659
-18.2011287115061
-16.960882396669888
-16.352489996500978
-18.75630083399129
0.19833497189357274
-15.865874566180793
-18.364981625396886
-21.342092612952694
-19.981688101459
-14.876615994342945
-17.669579404459036
-24.34231854405313
-26.463591121906084
-31.011815256186278
-25.633470683344612
-19.071415059890214
-15.293125268752632
-22.36423572943098
-17.223894719359727
-21.47019076132961
-18.821197514884343
-22.746469268988818
-14.594352554145459
-14.70147145107115
-19.329539091665715
-24.809620737081318
-17.15483816589048
-16.931204254782106
-22.889574681164515
-23.976798194532066
-22.68051963380301
-24.534208065432107
-17.481454989693795
-20.24908418381789
-20.84798464801541
-9.434440381975481
-13.75577840341461
-21.635429180306488
-14.71622767741924
-24.721568781788953
-21.29290704826054
-11.341688384238914
-14.510074930293325
-21.662545046889395
-19.477391274648905
-23.894055992552495
-15.934782753958565
-12.43746350772171
-15.110200615073506
-17.715143948233187
-23.456389838864716
-25.319800076947246
-30.532872355997505
-26.257802200931796
-20.014018943392742
-21.668805670972112
-17.2124847126545
-11.303634189217053
-12.578399958234638
-23.43331007765484
-14.44840619402003
-13.981767376353876
-23.08602675300006
-16.69103077885847
-22.74078529852285
-15.568138786092867
-12.328692671327264
-20.90899626563298
-10.361125076808165
-21.215285577659007
-15.935170118539904
-16.367773090677325
-20.57325632028263
-14.387205908569461
-15.782595263085124
-23.521999438933975
-22.09313603416873
-28.024539374050207
-20.12890657251818
-12.787012394512313
-22.967063253799097
-11.898090847871988
-15.957322194866917
-16.3611263053959
-18.004260605640944
-10.925198672524475
-16.24786833569101
-11.667715924016733
-19.366349989332043
-17.010931896303426
-15.473861509182274
-16.155335395200844
-8.972073660137449
-18.65685833373327
-15.661531915636223
-22.84495148823502
-15.152295037090466
-18.145267070186243
-19.565333500100046
-15.469820312644291
-16.89908595385198
-16.287153263411994
-16.450964365113585
-17.696182463378967
-29.113136781472182
-20.578118802707138
-18.334993178952953
-18.877493721176776
-22.473917474929543
-17.410187238118823
-21.39284228549126
-18.053971429503648
-9.025789344522382
-27.835799332550806
-20.967233786452454
-23.51494584704866
-14.208616625603337
-10.347522564141329
-14.169330394506321
-9.212655713152614
-21.432764472137677
-9.716656384408077
-21.914374269838202
-27.213435943262212
-23.708339716617758
-30.531559549373164
-16.55693915821665
-22.716477557710704
-13.265387599691476
-13.976568183899584
-29.256425996932776
-18.200208826258148
-20.536448804886717
-22.082394694892436
-22.528814686466802
-14.064595795772028
-10.675097805419302
-19.74149374431294
-23.184166126236747
-27.60465067760402
-21.362959048915755
-10.352594768991473
-19.42959741720086
-32.852916469348926
-20.609972783824816
-22.667818833094778
-23.614816669248306
-24.002485931784264
-14.906377258452117
-21.399990441847216
-26.05172574633273
-11.933835967492374
-22.428392360554447
-24.254033165023024
-16.352943278732923
-19.814085441903465
-27.26493574265803
-22.215876853292798
-15.819574154916879
-15.366145486388156
-18.580273716680217
-20.54399734807368
-9.964468831438388
-19.783422919389437
-15.83418005666245
-16.83735657215774
-8.753207262472248
-10.878121691097839
-19.176553452471822
-15.576755974519678
-16.202170785440124
-20.200058491001332
-17.17919750911781
-17.093669208190754
-25.70602083335686
-21.238931344065342
-16.644877767672902
-23.838584059350552
-16.58558791507985
-21.83740100972505
-16.032325724164146
-23.44366921262547
-20.44783798959586
-17.877958550857805
-20.27157797519518
-13.828665138195039
-13.391593023262288
-9.875316788927911
-12.871871087878914
-19.825226812197165
-15.982137216897556
-16.620678402207318
-20.296134965188095
-20.671240107041562
-26.397823595449672
-21.98827532128267
-18.777065258788838
-16.601446785316213
-20.408752528398786
-18.097884123895007
-9.03721451392422
-10.260043879347045
-17.76213992004105
-12.15873393936969
-11.49278949264999
-20.104452164686442
-14.029274700075021
-11.815620577190614
-16.160181916401996
-18.95820960980236
-20.33326481114665
-23.885544711785826
-18.68707826292156
-23.11591228345774
-16.915607162236583
-18.52165560933208
-19.511535753899295
-14.407413709861608
-12.379053751540589
-30.095347633547114
-16.736308066910816
-18.300061510517637
-20.173952452634154
-22.07051166610981
-16.868129556458207
-21.276749650175965
-29.68389555057768
-21.399721110040616
-22.444141448824148
-14.69216315811628
-24.74361344881882
-30.448334951656165
-19.074069162679457
-33.8463254001543
-2.179226360954404
-26.899892450769407
-19.689430717846243
-22.76983570984111
-17.637966873144784
-21.82787856232529
-18.281833287965064
-19.92975959790423
-27.183738812717642
-32.188396271020814
-21.859629321010132
-25.23931866449049
-20.08608353705371
-13.924041120829742
-11.105864697208972
-16.507635809213284
-15.44990029123666
-21.262664135415697
-20.62044206388707
-28.288652416558435
-13.382164121303958
-21.582554362874866
-15.893676184802132
-18.981681599108363
-14.871799810121686
-13.544883169911131
-15.906336055222056
-20.004844186412164
-14.789102500249001
-16.04892486583047
-22.31813392448401
-20.92814056151291
-23.249458289396742
-27.25320848831354
-14.03820613552621
-18.574805571288387
-23.048970630762447
-16.430211679784577
-13.973387781958195
-11.50358902838326
-17.452826938640307
-18.630079677876147
-18.63026387664692
-17.636097409677795
-14.553356748923484
-17.802702122974456
-21.07687335013696
-14.26904381425687
-13.342471550284033
-21.725135742288508
-22.41148264713114
-15.527081493097167
-13.412154649412898
-7.801311091279874
-15.645016640295303
-18.077290514963792
-10.208162654436283
-24.783670182039593
-26.58771723067246
-11.912850116136617
-14.88728298040607
-28.484033065305027
-23.274203880121256
-26.78869314482192
-15.433841409940854
-20.691971379598286
-24.00890606917344
-20.14002805693952
-22.796543069638574
-15.32092161916706
-17.45496718525414
-16.559770037239552
-18.77698476328758
-28.56361165653415
-16.73233755680173
-12.352195786317719
-18.262286985090377
-11.726352582086385
-21.35957181446564
-20.054651855100076
-18.39019459706529
-11.15222061898455
-27.15533731208879
-23.240689151363025
-13.571062910211822
-24.179558808774438
-13.122976759748052
-12.863003716106704
-13.919254646892448
-5.210456317600773
-18.669439259825666
-33.41880959711353
-32.21582729054721
-29.955635961672037
-24.825817225847864
-20.723239222871946
-17.642170566482076
-22.505801703663494
-10.905609958624865
-19.72830580603752
-22.40740771948066
-23.3109671165306
-23.482702332917448
-14.695536736717035
-26.69670401463459
-15.553330139365315
-9.66810870819073
-13.023888860056296
-10.696930291317159
-20.65956665244658
-14.572228909383654
-25.494712384470702
-22.393947185288617
-21.57913337657574
-23.004610853736423
-18.37068335803267
-31.374104521779735
-23.08847698028693
-20.952208702276067
-23.907621744253632
-15.521532020658917
-13.028414848317091
-20.786263018001932
-16.180554081718803
-25.71730745566425
-17.035513226606835
-15.054343208822466
-21.525751625763515
-22.178540864952687
-12.446644119768408
-18.593257856316683
-31.334608095185366
-20.961988177615932
-25.06095949186895
-27.585377088013125
-18.22263485040267
-15.486156972564352
-24.298783426124622
-18.197627429224802
-22.394308541187158
-33.50194358665874
-19.834753468302914
-13.750806358778899
-21.901934199779152
-25.42428815809884
-20.819171601398015
-25.90279025161407
-12.083307512085199
-23.36421780419402
-28.350813953893393
-18.7197511374985
-24.835935307336833
-18.04746959614541
-18.034380386243505
-18.542421062421198
-18.62472329577681
-16.309204963072297
-20.202054052210542
-20.715831964313658
-21.570342635962383
-15.846193008856268
-14.589145928056652
-14.756047306918084
-27.978380485635
-20.89618919291046
-29.32925679162826
-15.219948352029924
-18.21520868352888
-27.24507831196138
-30.415492143259375
-22.530800599879093
-24.468941280120077
-22.67559519679009
-21.337541290182244
-18.721845653798198
-16.1719449689652
-23.14694768829093
-27.453258847822724
-26.086590979123265
-18.339168681966704
-12.36065671800646
-14.929908986540632
-8.808633042519375
-10.467565124247834
-18.966716775431017
-18.254791925986012
-18.646715293061646
-19.716215722560705
-20.34749035700527
-13.874718397743322
-24.081221723401466
-32.25838238961792
-25.04516020693935
-16.593661334437094
-14.288549402496344
-15.21551353746736
-16.66298597540179
-15.894562990247714
-14.396498900631762
-14.584076135136392
-14.949491821175087
-8.830526437202906
-1.1029137103673676
-20.67758219989284
-17.54672102020755
-8.800660661109866
-10.184480067635143
-19.820935033261684
-21.846737490748453
-14.404978448462188
-13.777021223550221
-27.207273968334004
-26.150501648411712
-22.12345996837563
-20.41454870586753
-9.028673604341364
-12.319655849749026
-3.892576757412506
-11.09354465567774
-18.46117409964938
-29.302781547514687
-21.06628818457195
-13.351338536868269
-6.495163779433312
-14.381648726279273
-20.958846085018862
-10.954714650738755
-11.219727678509258
-14.690945678747202
-20.487951714228632
-17.536405607037448
-24.383043781307922
-26.89377187293542
-18.756546380910688
-18.15040660036224
-23.15566056233844
-18.529681132031804
-19.683565078022102
-23.27819059303046
-13.821971539970704
-18.073913110025153
-26.480797845664533
-6.958490971549466
-19.090031879867738
-7.594604632803268
-13.184063248794281
-22.649862835165003
-26.068341488045057
-14.066798538678867
-20.81435065611005
-14.864838112968364
-21.586860696800542
-16.81090626424043
-11.644993610390024
-8.89607426687406
-14.343177200330366
-14.013730504018888
-18.440965862052195
-16.257194439633047
-12.710898405792832
-18.445168171604344
-19.494746862212303
-11.574493163836227
-15.064551343602773
-17.999498666161998
-20.268177775174166
-29.263011255761974
-19.60522548423141
-16.86455359799166
-14.887376967536227
-20.33775004464883
-16.379619079308227
-25.462752175390236
-25.30437021074946
-27.0229059196389
-20.428440459486843
-30.578632328303453
-18.750480597926405
-21.86522486237677
-26.679729985247118
-15.757877050613349
-25.17547765450758
-30.262938642128965
-15.419556235576138
-12.691684177943536
-14.985826446540067
-18.65520462224028
-21.233031784777708
-25.852475265288692
-5.492579754627972
-11.3116009202826
-17.986892357495037
-23.974996631778957
-16.159555374241535
-18.502179599572095
-16.761997130358214
-17.88771611925585
-9.715740931963765
-9.91849465149636
-5.730639585242663
-15.97993015896668
-11.265130438663348
-9.960575999857426
-19.57475933217564
-25.342867398078077
-24.76962539220392
-21.442212186379663
-20.3393458917801
-24.819062432773435
-18.376334071205832
-15.878034473117218
-24.318470051087886
-12.64322758863485
-14.300350458752522
-21.006728872304077
-25.10209704554712
-17.8255025361944
-21.438732416339665
-22.443381491898812
-22.05734305599192
-25.813524602311148
-21.318563791759537
-23.17765685147775
-31.804801494593804
-11.728891877472407
-9.865963873468079
-14.86592965736319
-21.688079732182025
-22.435101676310595
-20.951968893211287
-20.399584715085105
-19.778938325402862
-27.878808532916374
-24.103243862182783
-19.748431635081758
-21.54702228868382
-13.291012777432876
-18.134008773048166
-14.493489697443884
-11.784074086925399
-11.557856273248603
-25.68057681676446
-18.638745403720797
-16.636638370884423
-22.707487905644932
-19.755386095187326
-20.19363388831423
-18.922779639809615
-22.969714393870927
-18.471289855016494
-28.55723219757774
-18.387278992090405
-25.21751748044206
-24.233485472511333
-23.034119742397998
-24.34915558859856
-24.89276462648913
-23.634818384109906
-15.045393223749866
-21.650792583287746
-16.442358289144398
-27.81959064952736
-19.991139101924393
-19.22752669446461
-19.660121210300364
-18.932345137450426
-18.46620770690791
-27.159816482003748
-8.28544789094768
-20.571630609068123
-19.87549666613261
-16.18161864853418
-11.44262163519204
-24.756766787231356
-25.220335565006955
-12.832180675712955
-12.083640916895419
-13.196734905573749
-13.36839831641673
-21.10173271586141
-10.125593951175993
-15.856832307915447
-22.518699168565625
-23.056121500316976
-22.139795185040338
-20.413547899597084
-19.028800266156416
-24.666544939576294
-20.212136549281976
-18.640226438114574
-15.9768921100191
-18.327857949645274
-18.78266527098609
-10.459664147429272
-7.777675281641432
-15.260385994050658
-22.892207969983083
-21.012226886308248
-23.33416641774699
-16.60751078097534
-19.93509278743826
-12.042958407105928
-18.509458717671468
-13.528081533351664
-10.998398940922087
-14.609727210371048
-17.70641260225905
-23.28609760805933
-22.208693155613005
-23.947172013880532
-21.548219397874444
-27.693501096310648
-21.589607419702816
-21.26346954252938
-19.31579484778551
-28.800658364575167
-17.63259974035239
-26.73387255524611
-18.189501183748142
-19.532581274657954
-23.17152860794947
-20.781370416541968
-17.821350542063577
-11.810938020474683
-17.108948167023733
-13.481487863740284
-10.323813660816732
-9.97464717738962
-22.242199785201482
-18.25848860657602
-16.0917703811085
-19.46963052489804
-11.197368704316151
-18.381411712560766
-17.6900586980607
-14.456043250433066
-22.429357594095627
-8.58832732201257
-16.53301767770326
-10.284216351519209
-18.727740961582896
-12.657540862973786
-22.276168392859862
-17.173715536125442
-23.11790486979945
-19.27069093462255
-19.73157083277758
-11.111769977689118
-15.652013271326304
-12.371262936537928
-20.26016700270618
-16.109905770077123
-12.868692024973331
-25.54507178401028
-11.863202631284079
-14.671815044476006
-18.353809525918564
-21.021139328398448
-17.6979310562241
-21.675751102205087
-20.27470059271704
-22.048007959924384
-22.791246112807134
-18.540552392607022
-17.13181938737674
-26.615061317527598
-19.40272196251108
-30.365447032909145
-27.3085014284512
-23.6102181037159
-21.196746878239047
-25.155430799148014
-16.66856547996023
-19.219236021919215
-16.410745976354754
-25.495733987972386
-23.052921499920167
-13.671923120528774
-28.8025900761296
-30.60077733975131
-20.091985700142388
-11.604811418583438
-21.673801073955012
-17.249269257645295
-21.797343307843576
-18.221615668514694
-19.43700064281792
-14.03234603034359
-19.956941290183437
-20.669728929674115
-4.0616256748096475
-21.774466809329695
-22.302136424722377
-22.002225198064004
-25.686294084190166
-23.562296232005476
-25.295170592553973
-14.270528478383449
-11.119411131105803
-9.15449764854091
-20.06055299151538
-27.30562079017185
-18.857157190388726
-14.964527217612051
-15.351911456181455
-19.24057382828459
-19.895384320646546
-11.18697312558605
-10.178114794611105
-13.658192517178847
-16.737949214521713
-23.1995014011611
-18.109722453341043
-22.792488808251136
-23.92049947355168
-11.144068701481281
-18.439490865700943
-11.59518469068528
-16.181143409064866
-14.348153347779057
-17.19463579967817
-17.874290075457274
-17.878705557640778
-14.53317890749137
-16.24308463686424
-21.852893990054177
-21.502910353002754
-15.711574094745714
-17.98651264425346
-16.478642581261976
-16.54357941933931
-15.408511505379348
-15.18243625658448
-18.13675927159857
-23.286112053587797
-15.509834615583273
-19.22108710201303
-16.805627291625775
-10.89046832306147
-17.162187589999427
-17.819289446871664
-11.269804203102069
-23.45112235624454
-17.302152759667266
-11.534695563517111
-22.58260981220169
-22.75968498790082
-20.64855401805687
-25.51668309226972
-28.097825419757616
-18.230877360368062
-14.805051622816084
-17.18622511953729
-20.848383457351222
-16.053026163935176
-19.35659592905322
-16.533505841440842
-18.95957577375655
-18.44863527300873
-18.682243482418436
-18.240687112972523
-18.90902448438332
-20.948598071577834
-18.89547161235079
-27.056879956844416
-15.52992998707813
-9.71348851647435
-22.168809562797943
-12.942910019364067
-23.629235543719794
-34.43106997306689
-15.438771458688393
-19.993614947272874
-11.483102008742922
-14.200015894434053
-18.74155909574124
-28.611002658484402
-18.68105478452283
-42.291336057127225
-18.11990448982246
-21.111891552497312
-26.15964305828565
-24.476288911665982
-11.253001910287274
-24.277019172123545
-27.211870392958485
-22.86693263167438
-28.607967011032095
-16.678640450358728
-20.489866508529758
-20.736463901554743
-15.686030100422641
-9.434595830771812
-17.684900617843986
-12.575048397569766
-15.795082678494872
-17.816748469275225
-15.650655345239052
-7.808193087154791
-21.450083552400265
-23.690344152076975
-22.681155696261513
-25.189042948505595
-20.016466513136308
-18.800972251512214
-24.27145097126286
-19.582595368973866
-24.763643854191663
-16.247482432722606
-8.969166088911816
-14.560198925820732
-22.848955516286516
-29.27127073433082
-18.022844177251773
-21.818365753097464
-25.440146196384667
-29.246218414582476
-26.795556582270017
-16.508225246371715
-18.098627318004063
-21.50404335616848
-30.517001229965487
-21.793224138950215
-20.620639949716484
-17.55824133423294
-15.179468997962907
-18.43496391954247
-20.789470519133182
-25.768764654402638
-24.42281298493159
-7.938507098257261
-17.95706573018901
-16.949302031826267
-29.888024694920972
-14.914443914427729
-11.376454242622515
-20.228375560593058
-17.843483034552104
-20.1019642277502
-21.67817158608023
-13.96307350469241
-19.27946966128095
-15.925431537376504
-26.384546605487277
-14.873645195632598
-22.12324516794237
-21.26470623161942
-25.708487755756856
-21.31646054292103
-29.172327171878536
-25.87742988216619
-26.62330084406102
-17.96858967481655
-12.899098843658663
-19.46412529905267
-9.295688923724281
-20.493744162255748
-14.865378646582148
-14.568776745626518
-20.113381716029433
-10.318138654033092
-26.82411161363645
-19.42655615066493
-14.68745693054456
-21.443864860701602
-17.660037578946778
-18.452360888321984
-23.696907595279203
-20.97237153953526
-21.935957899890276
-18.063652628480085
-20.099660847648956
-13.236272511065412
-21.103137469091283
-17.986584503343416
-17.243099226734337
-20.699386556618236
-24.507528561927202
-17.629164505716076
-17.242117857819217
-15.74688279427675
-10.936772235364863
-11.598837552127513
-13.974112989329491
-11.213641025051352
-11.117102956898897
-7.8372361360552745
-25.64248440374769
-31.001817554955053
-18.854598827142965
-8.417847414472732
-18.652001670218837
-10.745072630026577
-22.987152858036623
-21.196743271484266
-12.762872804985406
-13.464177829562892
-31.86151309859892
-26.73364455091601
-21.320549801827745
-24.518216125880787
-29.376500283569733
-17.15988922935415
-13.998177415823381
-33.077626518608284
-22.441112964328795
-14.702052188688775
-13.152723183008007
-10.066927618794296
-18.137444973005167
-19.57289792749573
-14.540120666064691
-23.673371394205223
-16.172126725230868
-4.571571910765055
-9.47515996936754
-17.428823014524966
-17.973249850901283
-13.984787686852183
-18.33459503543979
-19.19626808129529
-20.763495330072008
-15.69906868979756
-22.082132531061475
-24.814176161325218
-23.890889361887766
-15.767782376508233
-22.426665053054425
-25.26735633587988
-18.579094360287925
-20.190072786587276
-21.037226976037804
-7.592713776681968
-11.784804565032704
-18.94529848792206
-23.960282342283328
-24.40118407509916
-36.53049163983272
-21.341896627941505
-21.89986595812317
-13.23430820051626
-17.895507442477133
-27.048947245276622
-22.672550781089924
-19.533302842374916
-20.802376561465653
-20.82775949442479
-25.156499423423675
-19.523196855539744
-24.022407318363342
-12.26722673405397
-20.759437232631598
-20.641931552938765
-24.47117155330182
-27.351631698021073
-29.9821117114042
-10.753593267816164
-21.862447840970887
-28.35220635407086
-17.74691340146398
-17.204169845705707
-21.192970876998018
-21.965518249638166
-15.308316319293986
-22.932130752218598
-26.325704922249564
-24.46456248767113
-23.164573171933462
-24.947550813383945
-11.709996630999775
-23.99551092907842
-18.17800928871355
-17.001859603025885
-20.11193845916735
-25.782240026902034
-19.104834906976812
-20.357516763551594
-23.412819187701583
-24.350377755213355
-23.517226554046548
-22.018198024262233
-20.46882893661879
-24.661771278146993
-15.614888423842906
-28.11413322544397
-27.83597206334207
-23.415124096904613
-25.99834154148676
-30.21217204360085
-25.46228129072714
-30.367750906308842
-25.714134282674284
-20.38652588811269
-21.423557801883252
-16.23972462276395
-23.29435506591451
-23.2745786125845
-19.6970966922489
-18.961192530674797
-21.691884561254444
-16.509718475110137
-17.087441117064277
-18.851434989940238
-13.845806076392055
-19.182341110505387
-10.88855474883351
-13.92976574387984
-16.90770675753255
-16.747629917395848
-17.291843212073672
-17.492240760572496
-22.342392339797527
-23.05761130060663
-25.55867014476474
-14.917118470589543
-19.21813460803679
-23.370107503213276
-6.360184382042231
-18.74408157074204
-13.110509283819084
-15.824351778637805
-10.766072510492037
-14.743470231247851
-9.468165987659297
-8.808766428211435
-10.806707341103973
-15.573853687078568
-25.319966698544217
-21.241382416935526
-18.382480526095737
-18.184066233834642
-14.894938283456899
-13.105203015092371
-21.07684192168429
-16.286548198870214
-26.135736730042602
-18.175621467311117
-17.9562108940836
-12.720897691160555
-23.428680040358262
-23.34361890698983
-22.006589997915388
-21.090433890059472
-11.386288037985707
-14.942480829693878
-25.129421233545706
-9.28575913747546
-22.862398034529555
-22.048312621614595
-18.368236771146236
-27.982944622990246
-11.638636590789744
-11.124232943152789
-13.23590876535036
-16.542854031747197
-29.884122622610505
-9.8817709950806
-23.16411180147546
-20.084950683379216
-11.9389610252259
-19.896197817881287
-17.386395420747615
-21.857743138264453
-24.871254475047913
-9.533208252745176
-24.885352474529675
-19.730998357734357
-23.8340684119184
-18.5291461862214
-20.499458569820327
-24.489621191470047
-15.271970942817738
-14.125946954398444
-24.57112566647485
-13.420764040464057
-17.030766705204776
-14.650397496245837
-26.72497352804629
-8.126606464602482
-19.3974232116918
-25.06258179729513
-25.759722078824872
-22.787229480643646
-25.210532971816534
-21.97724711810197
-18.549502903195947
-18.727073803683
-24.716790903774974
-22.383325058995162
-24.463590374444134
-25.839550006861266
-24.498042789283875
-12.772766252937117
-21.354308846684283
-22.300988780269066
-14.496711757593944
-12.388767994824818
-9.697721023047709
-17.033596240434974
-18.45767204680184
-16.707517769864896
-22.56693144327445
-16.816634918852614
-15.912519375852145
-18.675315115165777
-19.619118484168393
-22.36014797041672
-23.01697514266568
-21.325101024537986
-30.017445842895405
-27.09699451372318
-13.009931894296171
-15.280353356265238
-23.244074698759512
-19.16565154913682
-16.81207856504269
-12.304382686185013
-11.818001062563791
-10.004959890569609
-27.333759688808193
-17.971428441373483
-17.871102416115576
-25.748343021467107
-17.7927374275329
-13.873919770208225
-30.72133025258406
-11.370565052877797
-8.621840353109292
-27.495481591185428
-16.732503811311002
-17.263151635006196
-19.318263910361456
-14.704680540429337
-12.852525799218306
-15.072901913132647
-21.14551493491812
-29.42868941138368
-23.23610392603818
-35.95352671672001
-27.91437237639339
-16.92206442488629
-16.943130296869228
-19.348617190660025
-10.862531593374218
-22.823783105947708
-23.3829862541725
-33.78723082220509
-33.63660507430822
-33.8726736079413
-11.966474836289848
-11.08820103875275
-18.442520910172277
-27.26888587839037
-22.017202984635844
-13.934278842539513
-28.433023589774862
-14.953744942682512
-28.515736375772587
-29.758383487864087
-22.793198445032473
-20.6077964240111
-20.09659956594796
-20.575352078103304
-21.252144360960852
-26.03823831259738
-27.79032888351104
-22.37542628968078
-16.394863607321348
-27.298358152881377
-27.95597562594271
-15.680123224496842
-14.405501185366113
-21.54458489810296
-19.012330901711138
-18.28866830955795
-19.64835300328601
-18.674978026645718
-12.505561764481765
-16.349065419646298
-22.973457590841864
-25.34216686133611
-15.753925413165721
-19.479773613283136
-21.030274994203126
-20.40643912307067
-17.211648319796353
-8.258132210868709
-20.169998465421816
-21.857422199853712
-25.100133481004992
-23.348194394486697
-19.923648711975904
-26.754734980109617
-14.526880365757037
-13.321831442149247
-12.113809437220414
-8.749064275737995
-37.18620347025256
-23.2684551732444
-15.313623145529016
-15.117245996676317
-14.00804557507968
-10.063938279894533
-16.592665958179555
-23.203099375882097
-22.244439287040333
-23.08655072048083
-12.73585412886699
-15.075998380844474
-12.226889168398333
-7.438674227278126
-17.408722312245395
-18.518618989842466
-2.3662716448269023
-20.99838525214083
-20.71931021846151
-17.482760020757205
-20.998006324805406
-23.031681526820286
-19.72312386514652
-22.469024985981264
-22.216388486048324
-10.787446160597945
-23.56641347140122
-21.548652334538318
-9.7715470329846
-13.909631246389118
-16.218201322516904
-19.750777533837194
-22.00018322874778
-18.372501123330593
-11.129125491508688
-20.98771125522255
-21.87449163940854
-17.37278939661646
-25.26975495957886
-10.630313642233801
-13.088046530524352
-20.35539614829512
-13.71560975181931
-17.89252534463074
-21.127084364125118
-29.05604269068332
-23.516820834677144
-19.146190437046794
-22.42343776981394
-19.509949047445758
-24.45595463978752
-23.210446542184023
-19.265119582552614
-15.173283028472468
