3.3477926411895953
-0.08429326943933062
0.06849573403592144
0.8802358509484639
2.568333070069337
2.7390969883648646
3.8195985981283957
5.795371104048261
3.100504728283266
6.630014844498194
1.4928995889672347
1.7781871640598477
3.83811482486966
0.5307701524572376
0.3469409803387088
2.351901591322767
-0.469104121020007
0.0788884607977467
3.4308880893889375
0.6717684225069063
-0.9909770356218953
4.018771923502933
4.972090808543132
0.6697022190243105
0.7540835426667547
1.120381441840832
0.8450545959015775
1.2084910636135797
4.4783555453640895
1.9829490659384956
4.613098564192843
3.789512358598945
-0.5475854789566186
-0.6319725115563651
3.2623748808048894
0.9082107650351667
-0.6241552756336497
3.461447302783429
3.235872562229325
1.4785360647430643
3.52452204819382
3.7702800987271194
4.833404999153954
1.5457345982887938
2.947182833620643
3.4031247237219966
0.16118388172726658
2.5491395216538986
3.816338309640451
8.982734078334355
0.9255321036336995
2.337764017208159
1.3682553762023213
3.448984208294525
3.9531847161279834
2.948272787900078
4.278912680073527
1.7270442649680326
1.1914795239065645
5.343944335349512
-1.2745982025124207
3.969322147270045
5.6778162117074125
3.821609172800876
2.373823591443383
5.372112635082415
1.9019865384315482
0.5062169650817561
3.7050358764135054
1.8773428986909568
0.877493619585768
2.8241967909303622
3.3911944380497596
6.331047760672708
3.051747657999625
2.1263225421120113
2.8445177516711535
1.1933073691826135
6.436590080879486
3.6789716763131244
5.664360214372284
3.9156545184726976
6.646487514434578
6.872283797991862
1.7966266693609783
1.701539315119329
6.47845952449949
10.34424293023161
7.298978197565898
3.8503146778359505
4.302085295067821
6.765049167200014
5.767596629813949
7.243610816345059
3.612281125728148
10.332358617129177
2.7162702703871098
3.0933257002767167
1.1290562874787033
2.315134269881868
6.097833295647753
5.5847930387065405
2.3283005228600757
9.558464893126073
11.686642942628668
0.5394782068208919
3.51669146765127
4.774430382218249
2.447654059906947
2.0146502715377688
1.5238800913222383
-0.055593956180519266
2.2823469476249114
3.139434091862572
6.374447236150254
0.6417654636447144
4.527205684671145
4.642342647831765
4.805965456313132
3.6281499548267035
3.2990966423541286
5.680005962294066
1.3679023072980554
0.6958654020054881
2.0300181107835935
0.5911058146675969
4.089740799820687
0.0477561800474294
1.114943623616544
4.987006044708825
2.858144157708309
1.1478526597542396
2.096058023705118
1.281314013136315
6.225074994000458
4.373866822187031
1.6266650730840293
1.1828847618753806
4.954970386926364
1.1861300979888276
-0.4944327420396184
6.083432228127478
1.9885696416175846
0.8099251181308933
4.46140215724246
3.654317155880561
0.4222689639045962
3.649144115966539
9.19840478670743
4.035751619833201
6.178197525184013
4.078416696701923
7.577191665463356
1.266134485695806
5.71254836385076
1.782664025780043
2.523797264110302
2.609072940610992
6.363595392526047
3.076024293948191
3.518719772396415
3.9639783382167137
4.076205059785421
4.589231873640646
3.6695376440303984
2.3833977472372694
2.5098230855675
1.774856775168964
2.1383429627390274
2.585904230834316
2.1665483625857895
1.3610973082916227
1.6763567278874165
1.3716659971314682
0.8688193995528011
3.1437006511776486
4.119023152789295
10.37909080663245
5.1377724074455635
3.323934448490104
2.0715375317574916
3.7721793641593493
3.4003322051970732
2.5402981671382765
0.2954315313986572
3.574668512864388
0.6032170440046614
1.3709639998394234
1.4186711518034019
0.24702148953245515
8.833033501540436
-0.15982890300278443
1.8748475040717731
2.6548096354212767
3.6403456370110057
3.499589671931071
1.8138850738651509
3.1919407341264847
2.700899106109335
6.640994402938957
8.15105630164721
5.1614495701799505
3.646266064035262
2.484232506581015
0.9476470111484587
3.500908609103147
7.281689768597462
-1.2600274370271403
2.942859982305625
1.342918312118793
-1.1754243879449209
0.9449574197419515
2.4480215816799067
4.92726309498652
2.3195132647581223
2.6512831207875323
1.1280566301583472
2.3826764695524307
0.3809953271710094
-0.42721491563434155
3.574718228179089
-0.5797557849713472
-0.758469890918252
-0.6021832498864775
-0.04896307391302046
-1.8785386091125233
1.0715300437565238
3.3183159263574686
1.6747887986795893
4.740955393554027
4.1102653194283425
4.127571691149044
8.679678776154317
4.705699218783147
1.5487719279678083
4.240157962006743
0.041262302320202615
0.9488039984838575
3.932622218598515
3.9677570320999878
3.1696517839112555
-0.2729984060138567
4.11606510129685
5.041603430101786
4.028291487398901
6.12438301932629
4.797487033377515
0.9693224449896374
1.9360860278384133
11.240108344487382
2.668323668077701
3.641707978173506
4.054575694549705
-0.2508183954507667
7.6618646789679
3.2730114983563015
8.657370296149127
1.7262618088048776
1.509050818081571
4.171062594099846
10.484692825853735
2.8885185527523376
-0.7771091089292805
4.794860780419072
-0.9118862385528999
1.2091869533585828
4.1077442377542175
0.6109301832997865
2.9842089285331235
4.000079991432912
3.079337256789497
9.243789481723354
2.652294899250443
1.4591340332608176
3.3586727878379117
5.761157722293401
4.873879637124404
2.089071741446387
5.7460749684536925
7.868573632053689
4.984399511019685
5.552579290749436
5.467309219702549
1.2559688206935922
1.1286901125791198
1.293510999796362
8.230536946149812
5.242637087995366
3.382083388771997
3.037443383033499
4.500358863163044
7.416637710398608
2.2688002522565562
1.904562001357103
4.761281257365247
9.731520730962382
6.505890190926044
6.605088618149648
8.19374184238972
2.7131544213491914
2.9724803569487825
4.717134348247751
1.4756433499511241
4.632094637080142
0.5765733502339235
5.922469118850042
-1.0087238637876879
8.311078009677138
4.948160441642388
0.9460101123554898
3.393852111202474
0.6683948709596745
6.197492514999643
8.930813943826836
10.058864745471679
0.09860689926304289
3.203108117600441
3.1814968167273885
5.196749392299673
4.846464237824402
1.6428891707789626
2.106667742995617
4.262012092061154
1.6298257821388713
6.3405195263597385
-0.4288522736371153
-0.7021599143851417
4.929755974472808
2.448045196664461
0.46999703406770277
1.3307172492440602
6.886658956893058
2.836382792014259
4.722941607642276
5.050837107095684
8.607876352830989
6.010418141667464
4.778747420492137
5.2857456718725055
4.68787987178071
5.1470391937406665
6.289970817085996
8.0602386547378
4.351876183998381
4.232688888363578
2.3538752989409777
3.3548588324619146
0.0493013116804758
3.272678796825481
2.2496830589857666
5.570495997577064
1.7461181127460763
2.898452432267448
3.9458188993922265
5.00417624549306
7.434032052480335
5.519156335342407
2.304738008519285
0.8003325620408281
3.7004098428430607
2.3943053685580966
4.566446371739382
1.2695211817945853
4.240176828115588
4.052239823231082
-0.8076452916206776
-1.1217260889361167
4.238036697147472
2.8507479597331997
3.5205806123246326
2.0680828880711735
4.931753647297688
1.9562209554691725
0.42100678484852994
6.97540791237699
10.275740168936581
2.5761494686630146
6.777409408729435
3.385450613791967
2.5164885200038283
-0.8983200693425193
4.318442669827108
-0.6816323052819104
6.503634103967301
2.685100298498109
3.7963506587799127
5.832443812395311
0.31324422709977306
6.96347752579808
0.09089240142020183
6.236095702736859
-0.5725887186462624
2.8944829112974753
1.9052983381958126
3.8266914999784998
3.870430502303121
4.846438107114393
5.085168613087342
1.5215371447205457
6.8093590274694025
4.457233646733795
4.621482758526797
3.400816622553724
-1.2975651628694433
5.196669081569556
3.0742478863313094
5.152519451010997
3.533018853460435
1.6843059820005213
3.344966629811282
4.123087321793245
7.714953920213315
4.0177930343245105
-1.1068371678096807
5.546472224604007
2.299893375957625
3.6687602022341834
11.563964517688335
2.6374900834705475
1.8427634565328153
2.774909173150246
1.389059799249895
4.40323623222585
3.089314172275188
2.0860313826017287
0.8333385493618862
2.7669906227465852
6.68849739514405
1.1568421245713336
6.077228833065406
1.113697989673286
7.518802487964152
4.080995989238517
3.0950317086050183
0.6314809221898658
3.875896210152554
2.4906156134175594
9.028102204816182
0.41547755273929055
2.388214593769799
2.534751157321108
2.704813256362537
1.212076790880916
1.8897191339220376
-0.46917021957293464
2.69554023666189
1.7447482943544683
-0.5416862172894936
11.287606571299913
3.9183901834753003
8.978773975817546
3.1527099327286248
4.251848569807134
4.242044085112683
0.9346414715224844
4.988690614877829
2.462014701880749
3.4325165080792233
6.008220329758199
1.2794127418000671
1.005663228362747
5.037683196968393
1.8142534034357545
3.7434341174902794
2.5558822254058056
2.4940010258958276
1.6648898656814575
8.820159996121935
3.040610476890603
-0.37588575047904005
6.1539600848100084
3.0401682058451627
4.709637681948162
4.509458355666186
3.3207540586704445
3.212522205724954
4.430769265263057
4.469005214385942
1.536918707743749
1.3620955531736403
3.983040185856242
4.08853699905436
2.2767057298812268
7.673263608796211
-0.2632747416067695
1.9457284935921688
0.6776636777949501
4.726335984351588
1.0651440045833978
2.805116959551275
13.84288772121671
0.2594733529328385
1.9106386506449442
3.795613093515631
5.039535579121441
1.8143973000369022
3.0486022838713636
1.0853408113694805
2.840280461603554
1.1719861003320875
4.6198619601333135
-0.2615718499998998
4.157826011497656
1.480327162696119
1.3780140109053738
5.1327439944097435
0.8492951246883693
6.781484345023326
6.699376357493117
6.8385282224827435
3.632415626068994
4.1915799331607895
1.60515735479254
1.233920841443857
1.0260244767298874
3.452766029660111
3.461251528830985
9.115708620054924
3.649830601561634
3.15411766599254
1.117388742639694
2.4878059876932594
2.4841869028968793
5.18516806503701
3.6277850119609254
4.821551115220838
1.4203920814436
5.681984252537156
3.887869543870884
2.118761714928467
4.027959702455896
4.112225469119655
2.2028100433374855
1.6617316449414181
9.705499154124968
6.823268225961154
2.292904884650148
1.8204788832259107
3.031120625612639
4.581613039636852
3.3540248932752053
2.3008529758292497
6.765223710513892
10.081447173950268
2.805472123189897
1.8034854208441053
4.054185913490255
0.8336650763363026
1.7146010906505946
2.11563085028678
2.8287395788263536
2.0150756917045376
6.619259166084087
7.754051815162149
5.514067918935199
5.960930346484656
-0.10706549605899435
1.1355942023611392
2.109466144740767
-0.9100124849658189
2.913664577578387
0.027126598994851675
3.291299454852305
7.447920680913968
2.9376177880379553
2.1214303692589263
0.2579588698707418
3.614652351326389
6.512620527677032
-0.9573667992838989
0.9636073017223961
0.4361862452455029
4.59782586656823
2.288711812335415
-0.4729746525664402
1.4225448635962412
3.8689503816188524
3.6912369607303117
3.4934510899688
3.964183408772974
3.277087122168773
1.0377845520945166
0.7470688938961151
2.4015970003275937
1.7850723410336256
2.5963159300185845
1.3629450032836665
1.678053452357887
4.258253871469998
4.7347217788985345
0.4685792189413821
0.5453777467501515
6.817954787385649
1.973059622402349
1.9327331272238404
0.5699620282508812
0.9029704983211836
5.498446642853349
3.030281903460528
4.547989340680856
1.8720147053518845
1.4835814135736358
3.662523215247668
0.6494788324792814
0.44108523418257783
5.381832684388274
0.30310082580975256
4.121715479342342
3.6060245052185302
1.5874183989499406
3.7549799175525824
1.4234236243261331
4.34729150669704
0.37694865885466566
1.4330523304384066
4.889263599896768
1.8872182663853787
2.1253980213507777
0.3581975741615695
2.598913022964811
7.500868852978513
1.471025057855547
8.410985166180689
6.267265577566244
6.4460254943445285
3.887789751662377
0.7814237464545328
3.5507316587647586
2.694933435265269
1.927940841393671
2.7746661713529237
7.432298274230699
5.194990885820647
4.529841580292218
-0.5201244853407367
5.433218397190986
3.0198098888878864
2.788676683643638
5.488764051622893
7.040664214399022
5.9733284675766924
1.3670803721208
2.672169719632928
3.8697811318191473
4.376104879984379
0.9705886737622488
5.315004289680695
2.3316453580602676
7.601690295139661
0.7739414626303585
-0.7243530663481766
0.7294356215500759
1.9975531315585273
5.1573677423628315
0.5355120822226361
-2.0405455923786278
1.829809083383859
3.553062495122825
3.8385072173301014
4.210224524038323
5.37904469833503
3.029624388116757
2.452720046697871
4.695085252606137
3.3326135668235892
1.4239554876059337
6.054530162114665
2.9535942751947055
2.4276179292528246
6.915103541323872
2.3983235737280966
1.5399326732090852
2.734555525219789
-0.33426426907675266
0.8719136067046986
4.074845549756005
4.144315138860862
1.7170154036055139
-1.1665175399141747
1.891407429852005
8.010104904862361
3.3112399221251154
3.4242831980217923
2.58829140776487
1.3490284592338087
0.2789271162913298
-0.9714068832286632
4.836677505830599
0.8597506467352888
1.506616733019579
-0.19167371294244392
3.1425418085850105
3.4228417689000263
5.702315370221928
4.750593091739103
2.064937313357601
2.848368115147527
3.106980993106212
5.051652209216248
3.167999263855223
4.4023597783830235
5.203117884749373
4.878568085418785
6.5612051222526695
1.2723440144227744
1.1905585486729289
7.5226904577012155
2.766977416735288
2.4525976194021157
3.8381720709103195
4.161568169069772
1.664809119974149
-0.8737521737080909
3.079005222980654
2.8482697698785735
2.494003339928633
2.701208307264216
2.748815013067314
5.9916205695689415
0.9422902976809944
-0.43038038237371634
0.8646761336877584
0.6321313446380146
3.374989305669743
1.3629702936649213
2.9427449394201637
5.546714471850913
1.2290476892039863
1.7341813606241645
4.636169117355646
12.120770756512252
3.6393075247476028
-0.8241144357956803
10.433461415725318
7.843032533834016
4.635208062956441
3.3167094837150772
3.1609954911247824
3.879578001361269
8.303247876607712
1.726661838143896
1.7177735883383707
6.200046411826014
2.387275841252502
6.0443140234831265
3.173916187338775
3.206930734001796
3.556357364320187
1.6946282765907725
1.8593364336455016
2.480123638465959
-0.49914732718286153
2.406976128117667
1.2451683558757514
2.4719763604350957
2.934467066098448
3.3892729822172765
3.475980901750783
7.204260772426604
1.9308380340117652
3.159503774168182
4.468368648673925
2.377849391954115
5.1556222926504205
5.778362612147147
4.590540451864841
4.789125391399845
2.2906741676916105
0.31498362780283373
3.663042553497388
4.93318586516211
-1.9431107433690773
-0.7486936238974612
3.4286618324015814
6.721044538470576
0.700216540774923
6.463278103570664
-0.9997491186026514
-1.0692073170801315
-0.7757453905263335
0.09539562962898124
2.303432515202677
-0.3411859666823674
0.9327755382321008
0.7077245215287505
4.308261150772648
4.675049741969756
0.7075560627805797
4.462673461548198
1.123213465677697
7.152376327036836
8.152066038741614
7.074033855436277
3.36022607666418
1.8071355183187512
2.551208955278763
4.0360309517960955
2.2831043223784375
0.5070031308548826
3.2171694963695723
2.2504084261674673
2.987351413206228
1.484579660207097
0.8716863397363831
2.287465721395348
6.657955577574338
1.5307117243564394
3.719858926665662
5.021018186564372
3.3993592758761046
7.701228049880758
-0.5850374855690591
-0.3918305060613363
-0.2675193294242404
1.124159948897454
4.2098063672168795
2.603485164606207
3.971100721333835
3.8997454686327244
-0.6286031392522011
1.293402790995666
-0.044358857529271226
0.6602556458641661
6.330989126005487
3.2763690636526084
1.8153936887884992
6.356842819949497
2.2768079483161907
6.04532779368626
3.1044651178916616
6.807685351103347
4.235046161509044
-0.058513171120629634
3.891932200330742
1.9665180778639635
-0.7639317950307067
2.313886795930016
3.1046676721624475
4.2205291553475295
4.367508153577962
5.843450583052789
-0.2720218072941938
1.5849607905867265
0.1098949614791081
6.30157924268631
0.9508698778144591
3.167630239220235
7.701274405780367
-0.23525765596330717
3.6156429097662333
0.7891268028413994
3.015878778975661
2.900981449294726
1.0231647293362318
1.8955434570181904
2.8776915869354722
1.105277331481021
-0.2928721337046958
2.829194863620207
0.9607595685066055
1.2721412383649815
4.0771230861596175
0.9710233332301863
2.740857150577995
-0.046869970885335066
4.9601858830981875
1.1120831239030253
3.071248133906323
5.314777068612474
0.002102516296195178
0.41124320297927963
-0.16496963932877357
5.34541284652375
2.820548149940322
0.06850332022225736
4.579566879683149
-0.777614643808198
4.617348994147142
2.095762335502877
2.3341958609716875
0.9148517192611553
2.111766210173769
2.3913383355017483
5.384250932075829
6.921386819682348
7.310596049122379
3.657922567955498
14.300741642891255
1.399364438316113
4.240109857409816
6.6224576443422185
4.625335552084609
5.5849216533773145
8.565742897181561
7.005558933938637
6.657455871916132
6.936702091577408
5.521250226948368
1.999316719072404
4.348470770208634
6.372212663342662
1.4744851559225352
3.5349503673585136
5.665490007867817
5.29362399229575
10.045192921027546
3.046696306972029
0.8603173217272403
4.893279032475866
10.909178238540342
2.3602533829504404
1.4215773609384943
6.295952760453964
3.088800104103141
2.2265040716953473
0.11411587512737498
8.08888228809773
2.242112945461912
-0.18873109608497615
2.1421516351259564
1.2011355850242524
1.4273565222990436
-0.19827463777781354
0.17580404436718133
1.8697487700130146
1.0766008964780278
2.9300686725195053
2.2368941054961304
4.278587128165166
3.0455624521240954
0.12191445957665625
1.4575682668300938
1.7914642317620397
2.9928905343731778
2.4127346231923155
0.992245743227258
2.7462701673389787
1.1775840845325773
1.4946268139892998
0.6959282703329905
0.13078286190626798
3.8887797151192567
1.6054217329195275
2.0851412724470033
3.343044838299302
1.3715193889151363
1.7471418301669155
0.29331217502723583
-0.6660574688405988
1.6581587225486478
5.675580684576656
1.325852273204172
3.7761167109712264
8.581533112521447
2.0936534357907695
4.11864377623235
6.389583080675908
1.6963948851180992
7.208489760843526
1.5900295041615875
6.7958700800038905
2.7584747648510497
1.7707712761891998
1.2844845790671329
0.7746795980200853
0.22007413331380632
9.979083408174477
6.049935230782321
5.068371025076802
5.032028105653492
8.476974878971376
-0.3675406932377227
0.1609102818851227
1.4156755836774229
2.15289996743397
0.979777301241683
3.8419273612485667
-2.217992278308676
2.936678046127124
2.179727698860314
4.128823550246337
6.803087531631707
3.0995775120207107
1.2910935090079732
5.2483064133123145
6.125483743916472
5.292042605096668
5.42044280519266
1.3739911884113738
1.1587664129499338
2.606050293565283
1.9948455217329868
2.166224719941431
2.845048331005108
0.9847557406155136
2.4229868771183996
1.1797237731014643
7.418946654208688
5.383335858174008
2.8319971194133395
1.28797873865572
1.8492020526208084
3.7261578192384848
7.441088898399067
10.924082921364397
1.7501269368993744
4.672136768407986
3.379376702581521
-0.643812385272597
-1.1240577924414752
3.4494179941188006
1.5775070111888867
0.036872079546489064
6.455304017507406
3.118475788534031
3.964014296401901
4.87091799220474
3.2771408699024747
5.573625669574229
6.816283784553105
0.03623734534979928
1.4930144004903014
-2.1414192176584352
8.231303733834366
4.267181131222348
2.39868360623955
-0.1434081678974467
3.887469815568083
3.5261422717892383
12.142381129944576
0.009619458020313415
0.08650046148055546
5.797102864949695
4.1153330443359435
-0.4993601646407846
3.9407722474043476
1.4276693376742637
-1.2652821549432387
7.775021344826604
1.4965335055047846
0.4920253990158472
3.3467808297893047
2.0863313882003873
3.094285014599569
1.4178351828094495
6.130622109045062
0.6910768787946666
0.9620302332040119
-0.03588931220674785
2.523034663969669
0.8442227444560214
1.3260615211000326
0.22267619981814935
-0.03101155921112908
2.174122199025611
2.585724381061075
4.6348321000314225
7.011446301004552
1.2074061201025426
3.327541165935234
3.40697207965282
2.7074702923863323
1.4553262669734544
6.228721160573354
4.742977253364661
0.8902734759918141
3.93546162193023
5.616215379143273
-0.11027692715125703
3.0787955417001114
2.192144007890769
2.6417820361267115
3.3265508043328373
1.053927174081204
6.982221124660272
2.684041151498312
4.217509229821952
1.5477018932924098
1.4330382190848487
4.589554673936181
2.239427303165354
1.865234356998978
1.1218942261478277
3.6161453016029936
5.080013739382629
5.577263595756428
2.3393469881524855
3.4720494565280706
6.650986070373252
1.2316748769625565
14.614541552941011
0.43162202095488056
5.782564652218997
2.952383450838492
1.9798448677255782
2.8036744499516453
1.9081013828498798
0.6248758302983881
0.9187193524778818
4.5200574855709705
1.6468960361675087
4.4722504484852355
6.184378129525949
3.6540636948638703
2.7235538559762844
0.9472832224352272
3.3628806381501013
-0.3171445739139451
2.455972612167047
5.757822584864967
2.7234703607399418
0.4719542857368918
4.821950771189657
7.306294878643289
4.93657787404582
4.388189581633714
1.2305943109923663
-0.007897609231613256
-0.22344051454485986
-0.21477045131557715
0.9417420213090482
-0.9413438164188216
3.9449975982804113
-0.4201319350035918
3.2791191199815315
4.977124036842173
6.691065098461523
3.7069084724842547
1.9579213497529522
1.728049781760003
2.3317768142603508
4.089325801047497
1.3641462960183026
-0.07076993906254822
6.800455449149668
0.6101928190711621
2.974605562839096
6.2510458257664885
7.522118583542045
2.6399920336508083
9.157475955476015
2.217699831657239
1.5971140256241756
3.4201273897350886
6.082501248309649
3.691452971345268
1.164017859187344
2.8251049261843
-0.10171249159450979
0.789576379191937
0.39816596631305984
2.989086034219888
0.6525394523127732
-0.10217738203624055
2.9618426165365626
4.754814797493629
2.200618808697792
1.341452925302382
-0.5584999869040583
-1.3998188768417632
4.797263897045519
5.365404246123987
2.697124093751877
3.9831044124465342
1.0197428847944263
4.365753937843254
3.0502398042520356
2.4758226962823007
3.116088004966662
3.363199404029235
3.266869568197289
1.117404411691805
1.865593911870919
2.1301597758901707
5.681761004104362
2.1885908231312676
2.6571539683933985
4.046990620577489
1.0178436973839937
2.0246225250215124
3.461351358225169
0.665312827594006
5.3574343294336195
0.24423879228218254
4.49173007758741
2.0362306037407762
13.546206032626378
4.371294361345876
-0.6050726342364454
-0.9535297571545618
1.9110476202565816
3.03099256366991
2.7795691362846715
-0.2394527108294976
1.8826023247197445
1.1020685721489978
9.328859843761808
1.3703075466528807
4.605101761967891
0.15724112231864362
3.659290437036595
1.115078299981412
3.792417544560055
4.913207529012916
0.28663280215589987
0.601129436974611
3.5545385242730347
1.197326211163903
4.476659382017738
3.981523897762975
-0.85485325027244
0.920988108975086
3.761996148653166
2.8934941768822537
9.299341423962211
-1.3447910431454504
0.2996015689083307
5.14421155807603
3.005891703341656
0.4351770614530899
2.8631310156897336
1.5196539145679981
-0.2279563513290006
-0.17384429640930232
0.3553973425018607
2.0782709676086992
4.2805706041919205
2.9387552732732485
2.26843868480494
2.5238805604863646
1.8533244793201866
0.7043415209539816
1.3079731564981498
1.8470557881058014
1.0800530232953272
1.9943899978412651
1.6634289348298428
2.126934865906334
2.3404598333535507
2.986807467239092
2.600039240347288
1.4136080257388497
1.660659554977903
-0.9238830917934844
1.0461151584602242
2.3097343904809593
4.661886179741264
5.038425675957445
2.70685920471041
-0.14818725827578905
3.1680185032202224
1.3603234752407605
3.3664957004419716
3.2647425860080372
1.128844971453936
4.141065883413366
3.6763314887294842
5.6006251377458325
-0.27046846300574445
2.1326419916615955
0.153173814096192
1.207429158004559
1.7500226498559597
3.0612924119061122
8.5304149165555
4.068324111368316
3.300387345221343
6.743243504805303
4.3762806150433375
3.5917913108822783
1.3348009278881237
7.052422120772519
6.022814308503609
-0.5063399826663257
4.332173305996446
5.857418048370349
2.6772079065136403
2.34376109127237
6.204762985531849
-0.7397610437537666
2.7949988916121655
11.709227108241237
8.073337618026217
2.81147035699748
0.3830734072375519
4.473948598264383
0.11317405830584215
0.20719105927167142
1.9765771420557496
2.0219048887974846
-0.17157671078747283
-0.6070719710334374
0.2584621715531039
0.5295214245208975
0.7190975063069043
2.0958537713526346
1.8721869920084986
4.304015532699177
7.079641908535875
6.343104987643045
1.1832838966424681
3.5914772016903203
0.3911226181360308
-0.05134167827018726
3.600413200138065
3.43918455731209
1.2776428545889889
9.013888099329364
3.305375975589315
5.773505161695518
-0.8828977236809392
8.38889338853194
0.3960831047213125
0.5512540808276939
3.2310357589687317
2.9736713971507753
0.04643347107913087
7.8391624945892024
3.117221313044836
3.988992574751978
0.3081202676085981
7.204759479117151
0.9827477063800181
5.017589463415277
1.9060015288647376
4.297592135828481
4.9268789169254585
5.624217077502108
1.255567821964602
-0.920340191642292
4.051910057032525
3.600611716633578
0.6450866168211702
1.7135528437598477
1.2140414359981295
0.5622742736772757
0.6076571762723135
-0.049600851653059774
2.8740032701889953
6.7940099677126105
3.4226294334186362
1.8243954344720221
-0.1711704379091789
-0.972189971105794
4.801105905045124
3.324617122426749
1.3168495317769655
2.685299014982021
3.4527804195045855
1.982270105252144
5.717776249898793
1.8491820912656352
0.555542707754193
0.6936290816011217
2.25533476283727
1.5742901374178953
6.160931116582721
3.1793837257555735
4.31116514268398
2.9298125541323388
7.759849739284085
0.3483933337561162
0.2317624677453545
-0.23622660749754376
1.2531816012516341
1.6788316841050315
1.3372316541515206
0.14407133482861376
1.0326802417828094
3.52280405363716
-0.6403435875158728
-1.0004967204654234
5.862764809446813
3.056527801376266
2.8035807443404677
0.9680300713263801
1.6418827070089723
0.6752266583351979
0.36355908796147096
0.6352007098639537
2.2466900655749886
6.151425745883012
5.0972547342813215
3.057000916071588
2.516060415616704
10.719962072468185
3.31428491345295
4.0273187266007975
1.9554759348807988
-0.3378934193893829
5.240988671828407
3.8855029587909686
-0.5004164610119123
2.5916195205833543
1.0748511664215494
1.0852606836635184
1.014103176117907
0.8103243588331609
2.143487006581645
1.366229063649218
-0.8371905729001323
1.246500410962571
4.454994673613339
-0.3685116362527179
4.966086207036721
4.187440992411445
6.403607421440728
4.0897773630965455
4.575540404347203
1.4153513681273664
3.1425988236359994
6.037854721630895
10.744877236341027
5.410833101471765
-0.9317576111312285
-1.5950861989435792
2.616969472643504
3.816692185790879
0.2630011666622065
3.0873228939781554
5.1998424023168415
5.178642132559943
9.288008103229776
2.5181367947779245
0.7787861834955814
1.6728082704214227
5.833630753107522
4.963393389917768
1.9276384698690237
2.246750253274336
1.4489109420448965
2.3656656897744157
0.82016173646921
1.1098132164319665
0.40971886093359944
3.3204625611227394
6.598195309677425
4.372883760562615
4.714464978976373
5.161761600651033
0.47996193404425247
3.5551322473849876
3.6329106006284926
6.452372567347718
1.2180079602705634
2.6929984883979388
6.498080850210294
2.760698313163208
0.7276162893961207
0.09055860122687681
0.06095445969002633
1.3356327475513836
4.65652243926437
-0.10722632382543373
1.3147226541758763
-1.638068851188264
3.901319658637277
8.499753574760835
1.2956611063943628
6.594409429550014
2.1641516928067976
-0.6783418469818224
1.2661225644183334
0.8392609787985897
5.744989733180618
1.845659980158152
1.0257863538550192
1.9116761705656762
2.163557729465047
0.11230455075056112
1.9358898259501678
4.005832973424178
2.6740428316408393
5.083456230486127
8.334670627179888
3.160881876319832
6.7130113150534125
6.745550062997685
5.78641991058991
2.9146601674430994
2.726495588219883
3.2153958133105975
0.8444339726403903
4.907853237822007
4.340561546958536
1.9136643397884305
2.069991847963632
2.247078245354494
-0.3332096896715813
2.341916010682616
4.607977741069892
5.607849564603091
2.803768977703971
6.135986613217004
6.344565730190812
7.265543194997087
1.8695828152201128
3.222515474848427
6.2801112627449385
3.3135798936690044
0.6823402308897583
-0.18283500623535526
-0.5693176538146374
1.556124404828727
10.905530193733746
2.3781201682770563
4.683557567533091
2.7198788625401242
5.330854202615086
1.3537960636838757
5.734618833772057
1.3207616105497633
3.875094700183894
3.532614308166778
3.967271690347517
4.35962048056649
4.774631423265726
5.460446330853441
2.0149124082705843
3.348599095589227
4.189612447916319
4.1532141486018
1.1116638306899955
5.578611321671223
4.704526205904264
6.174224075781984
0.5880769659722529
6.35302954925991
5.545008478017697
1.8520421590104172
3.26875274850717
1.3790487581674862
3.108015374547129
3.0036192334376346
1.8905451161615545
2.051295917616159
2.6097818199658622
0.7855069015502534
1.4836960971837172
2.740418212567408
3.0971951129485094
7.974252352083882
6.217041898216112
3.8818902651544414
1.5720229241075174
6.608751176312175
-0.8169368510862458
9.52116044740866
-1.0725454139849173
1.4174555986418305
2.759055561710268
3.640997232022527
2.481038900084105
4.060319564666868
5.165005033024597
0.24495791706314685
2.363389041834308
1.7115681632685908
-0.2576351174248214
10.383190933284745
6.083910470779656
3.1385787923643282
0.4202455909574676
2.496144684407499
1.4151503310773137
1.111707153740212
1.9117516476979852
2.4069401998677615
-1.3164512608514312
4.5265111940101805
7.5112970685812215
3.0339942201801033
0.3972157446947242
0.38979391578550093
1.5559777006108668
0.7629058869643668
5.506553673122233
2.2543591499725824
1.5576063260891821
0.7618032576240356
4.54645419966832
-1.2840601078453877
1.01363435855888
0.4270842341042166
5.854541083546852
0.4169227685410777
2.1654437416481853
1.3357536667659584
-0.1903661218807814
-1.1764384188985384
-0.08543211842584844
0.8491752371511228
4.441740873176076
3.8418145371166497
4.948299125979195
5.150844759272095
2.7885586188944824
5.355496084548543
2.4677971616936727
4.997415288279825
4.013384343373682
11.801182360975647
2.771661131482056
4.25502276344628
3.0764571131993685
1.4781649837095485
1.2383011442052574
3.4472314217307027
-1.5784700674063679
9.201872947876316
8.744561122919201
0.4756729429748771
4.296160784340279
6.039970983101037
-0.04214482298899669
-0.9596454092257318
3.1064244689817597
0.7039582445639156
2.043928803815684
2.1790444627202605
4.56018223330959
2.623675463822461
4.992389064386166
4.9666210276433835
3.083248474504973
3.1775713784766912
0.7940863498145228
6.881591177408083
7.188460511242356
5.113610421544441
-0.08961425924577492
7.819500873624169
4.54340147052444
5.019206988171765
7.3510386384463695
3.8482057135273875
6.404260302290014
0.7018188290532885
0.22583065213996417
3.8359629509549613
6.3701994985398365
1.6987049806014372
2.4402157594271765
3.2088101065215433
5.59143514421295
-0.4736974759848794
8.949180995169485
1.0817997750628812
0.35048061308677936
1.0878302243794122
3.28612702743622
1.8365050219099612
3.0712405166221264
2.1713369786773704
2.75976005477549
0.1776375870341751
-0.8226704778914051
1.1739919452835337
1.9010049014631323
1.8410324367942965
1.7433788169768087
3.604226455570535
4.724784207686405
2.4786083901988056
0.41359963863641547
1.270278652537935
3.1156887024071374
5.005867950245614
4.960311144471045
0.43047349171393934
2.4879075765720233
6.452134624539088
4.142052645405653
0.23729592040311764
4.340292926811364
5.861620341747308
1.3661192146857257
7.290423238161537
8.337069600976339
2.0924710488317046
0.48633327157622425
-0.0041163553942777376
3.734567433653517
-0.005670251333637966
3.6580753405358326
1.6115162718495601
6.81233704034006
0.33036696410653305
4.35827856586407
9.455323317852093
1.1401703306807716
3.459637405457137
10.657993533967591
2.5892589138798288
6.107635372199716
6.729073679154408
2.319707278725029
7.029535775875237
6.3428223088491915
3.8073830836674887
5.361249741687004
4.98174114541983
2.3124293880160836
3.152194435351492
4.5576041374216185
3.9042114487565542
3.1839975690008933
1.2446925083206941
4.105960563170923
2.3385798869861687
1.6882027782135671
3.0700012584461858
1.6905773551309535
3.7334505391958404
8.446733405665954
2.5365222331262314
4.810810544041274
6.347019189331086
1.2914824266353895
5.471472106582139
0.3275545595853303
1.823869325306266
3.7945347071847517
2.513375595517636
4.727100756323469
3.6058547579511973
5.206713319106653
1.284712097940847
6.320615230796884
5.664825738479133
1.1217475440033977
3.925480361414974
4.45264630490378
1.057208304415002
5.708243621872647
8.543734802559712
3.8789332704840467
0.6672149648890391
3.5566116439028286
6.894166539757728
0.8357396848559956
1.4712618206310022
-0.39766275798802303
3.0008974598256377
2.6005555516308823
4.323435865325734
1.676052577081208
0.19073937626949966
6.375448869933281
2.5806610820601845
0.24376822486080396
3.0665289014055617
1.1538321279371475
2.7502605378036566
9.623178096563123
0.5842967395952994
3.3052441019033316
4.820224954489941
4.577847714486891
10.77522233795513
5.347118997485564
2.505793756348398
4.475734434223551
6.881955202956519
9.639777140870347
1.9696881624143576
6.900369564567114
4.384959906910905
-0.13752652154355566
0.9953245699894678
1.9068788905609046
1.1489503868265418
-0.2944280987266765
3.972541613432501
1.8534100986656246
3.3667559136081433
6.425208187135605
2.2848767699429624
0.04063704579157401
3.9047172281952673
3.808616002262831
1.7566472049186652
4.684199104371325
1.453483916708084
6.453265207830853
-0.09663652359002212
3.3201187138037462
3.5469444639449046
0.7328041445645566
2.7584633413734188
-0.03034287802978944
4.824271792267641
5.116763807884217
5.374494192969107
5.255409594771525
0.4656182634854803
4.170593520766369
-1.3076957901234199
2.7588044560861062
4.205571497982157
1.0144248893816195
1.0052024640691894
2.7545221585185313
-1.6149367341963592
11.305582673792143
0.5767686432918784
4.790490476183311
1.8084526569979047
2.7553432958917696
2.1523619225010866
0.24574750118479438
4.499539497015431
2.0371610990500066
4.642166484422242
3.1350248523945803
5.951562812119027
3.604133664764241
0.739001119663588
6.833860756389948
1.1528771946848155
5.846434592302367
1.3831853767548816
-0.08921860624851474
0.7770322504083267
2.7108870161124226
1.2594655633106253
3.292671930268194
0.379683391447286
10.150225027853955
3.487727178302241
0.9540096014547758
0.6707481098095978
3.920072976384093
1.2911425045289413
1.0284727878808486
5.924959051947087
5.40034520596857
6.116231966452731
11.666749210477992
4.6860923369718375
1.6259900783486196
3.1074557041594995
1.7205242831573646
2.8318405098008137
4.5048660910284735
4.964960676395262
4.872301388338803
1.9269140761935426
-1.9263136225557687
-1.8197095277148017
2.7391643027518504
3.3463328381842334
2.1039524232460387
0.9003704310097895
6.209947972664739
4.49181549920204
0.38365647473342807
1.324433721598252
3.95033338723935
9.043185821851932
-0.9899389402568275
2.9871754662531775
3.2298668807091766
6.764480817568051
1.5296560500454726
2.2627981362664698
2.985740642187574
6.1731057869142285
4.322165179561341
-1.0944955614744114
1.7757377622335793
2.2523968091111923
-0.8374547165469547
-1.4487799482057775
-0.16566968136072446
-0.17665681335335795
1.8529918197230104
1.1593934724833317
0.7986739717327915
-0.6965623395836614
5.9870046163120865
1.907263942384764
2.3413421927584643
2.4828626528607334
6.067606867245499
6.497755700594459
0.16004962436640197
0.7167621385943138
4.4555804485432375
-0.33214336816257345
2.1241118677298827
-1.289933689076929
3.3878310794682407
3.449447449459005
1.5091589216237573
1.3426911147831502
2.6602989296976505
8.481952469459129
4.259183231384571
2.0756318975492443
2.5260552439956325
-0.49619770602117697
3.3406570275107073
1.4788545338054637
2.1460769812120875
4.953427636909764
2.498250677189111
3.0172226262434307
0.7478362623917061
4.276176812851303
-0.31886551699294596
1.6638462227009376
3.28822446532867
1.4487037525854893
0.46491948379994186
6.1258056009920105
7.884564126304965
4.7550952129498985
9.923900179194922
3.3034490873972917
3.237242773617947
8.017691467864582
2.8650554567669255
5.1189005710259385
2.4395050067672566
1.475335009566348
2.9396897620998974
5.389211805086165
8.56198873064301
2.718837658255665
0.4663270887857811
4.337704079521964
7.935467450524267
-0.8091864191509553
3.3914769038876
6.63396771746608
3.6784671089226406
1.2115632799886316
4.831929284679801
4.388699812174516
4.798556793760025
3.9236306090786446
-0.6451680377701817
2.5983436025918363
-0.3870269110667258
0.883725743487926
8.174137450340105
0.8865655115432607
0.8352956342592633
1.2195511703519843
1.4398631528773955
0.1526995512251787
6.040912857160544
5.708075420447197
2.683087021052663
-2.2158921368268323
1.867126291568102
3.7368757567873834
0.7316526370130655
4.847287312990687
2.5878468424423593
1.8350088958215298
8.323443543258271
5.258083338770792
2.4077441415760266
6.788898173886524
9.28445341852945
10.418205482890254
7.167660688064166
2.40628514577607
3.4615649980935568
0.8944538096025344
3.4155308589997
3.796423031878676
-0.9320512107717365
1.6388930059430664
2.434614881391255
5.965071883024462
4.282759966551428
1.3080641771158916
5.029442192438928
7.8228497875757235
0.4595671274137263
8.773109026470667
2.3833389610735756
2.2597993058865544
2.7521143429059842
2.1136918507216067
4.294017703696434
4.138227893145479
2.69577414960405
1.3221813499851063
4.70250587939457
3.0637747903379062
1.2776620169739457
3.5812228288141448
5.386691341480588
3.234500782075528
2.2379433486408997
0.8116502532497825
1.7365775107344157
7.013323723202323
5.533260368084914
4.858766225356328
1.546875462488253
6.3458786556794315
-0.01088042156846114
-0.657376755590217
0.9058055814807771
4.361133212363617
0.35193623601645097
7.11295753967037
2.9925392408298483
1.5284275991880358
1.635412977714291
1.5374190078744918
5.604736453894606
4.686983080041678
1.9759722329108673
4.645647465506204
6.071775734174018
4.343018842762195
5.15752155571732
4.501226022584432
5.714181076031338
6.636757604896951
5.68308215628242
5.168656442167157
1.630831939537539
2.4352596435964955
9.938588331774472
5.786238490030229
8.92428474551889
2.1457174680722053
6.911203288832877
3.3503954669042653
2.3644568620516813
4.559990140268987
8.836876884119036
5.977604053498517
5.245870201292229
1.7297095291634865
2.8063001428462995
2.6786799869629276
2.508216813788712
7.935826897873133
2.566056927017593
11.224984302833036
4.418640078582978
3.1431193804033892
-1.0839853192310422
1.6380526441162044
3.565083353791147
6.258817352795159
3.9071860358024293
5.933461007272489
6.497885089628943
5.971061378735552
4.786697870340356
1.786585922005162
-0.44857570025147653
0.4800708574945635
1.6766789617758169
3.471487829932081
2.309134621129639
2.5568273389331275
1.9782353406076496
0.8790882870187771
-0.18084414178312214
3.062552141096228
0.4622814423418413
1.4209446277063988
3.239592386535628
7.008103121033103
7.175397742831635
2.819663321636159
4.680868032408667
4.723766023657626
3.5969025381733393
5.859542000101018
5.340272315741151
7.314852489575144
5.168083498213976
3.803574051391556
1.6732122707689991
1.7963285531757114
5.974191766989704
2.822148713439191
4.557975881460325
4.921261837355361
7.8812761385150285
4.955691537455046
0.48943390410197685
3.0268806405619637
-1.0566889214690953
1.3303493829539532
4.318047585583017
2.9317429450744528
2.5440617361802795
4.441959877179272
4.692925573714588
1.9261124896042734
1.2757325742074337
0.2647318663050725
-0.33108297181046975
5.140959813213688
2.8222601165395433
2.7297493696760244
3.1266330498146213
-1.0094124228785204
4.685293170452663
2.24523676041903
-0.021091353615325548
-0.693346758921546
0.11376402339995634
-1.3593116628741087
1.491745770826802
0.5485903741510492
5.0245106006042155
1.4039051841571712
3.352220355391382
0.4614797929455101
2.54668722146332
-0.9240821528824278
7.282664048640989
6.324548651451263
4.021954144971766
7.1820657699137636
2.115997640162288
1.2471307481574618
5.653345371110259
7.656419434785343
3.133505963606754
3.4577518849411297
4.08984648030007
2.2219396849229995
3.3643959018585647
-0.10470369441909688
1.6253279238871037
1.851961176930795
5.042560469348281
3.271470915572381
0.8134539046115653
1.1886393836405929
3.888646964220528
4.516652883445182
1.66031159804632
0.8021420417327287
6.362241761582366
4.199285673988848
-0.578484318397883
8.194370831195402
1.625676988175116
2.823833896608094
0.030873344862242802
6.603334764898801
2.454717722169255
3.6047750355387937
1.3096330592339565
0.4478429087524929
4.264424312155268
6.077128753236778
0.8504084190910182
1.621148643104473
-0.33091327803986414
3.5541905612748894
1.898450378395978
0.9567789383101619
0.8106351327396597
4.57111315105108
-1.2319076317723252
0.679627602154603
1.1628854057880662
2.382974885121037
1.2080910425470996
8.142782290089562
1.6943544186944763
11.430508757610276
1.1688882215147562
0.5300831278724658
1.4109890947267876
0.10502283275081847
1.9085183801166046
3.9148084777057304
1.2239274542634844
1.020349000402696
3.2575352299308147
3.8428519142175444
2.2764776489711593
4.38496808295838
1.468895619665878
0.40020846635444945
6.796343515982204
1.5787718159571718
1.820937661258314
1.6528790985298416
8.083074224916949
3.2794349848589044
4.262362538339811
5.623556231095529
4.919713150350121
3.622315809806145
2.6803373016044145
1.5218493531037844
2.306787351814511
6.720369561050077
2.151911318552956
0.6331622298361581
1.9302607664000975
1.6317272183520684
-0.15162322389145416
-0.7634113008635388
-1.2707152141863935
1.6470006844457046
1.4642422054378539
2.2138436583343766
0.030262160221647683
2.3032701085559264
-0.5560614809230963
2.8455061742223506
2.024546618681718
4.6644950399835565
4.920174699359709
2.9835735020309624
1.8116014959580118
7.766980705810016
3.583628272954006
6.7404994448918405
4.746680229150166
0.9382414916070289
1.7647268690517612
2.326444129801381
0.33772773924188537
2.0463662363401696
2.398466047298242
3.505961849093188
1.797756008099046
1.0084168904344684
3.6148575277617185
2.683886628077942
5.973062861265593
4.857022781310326
2.7662433754878197
0.3421123179630793
-0.7576629113768756
5.366262404215252
4.7521511480925245
-0.968770437695499
5.725655873472183
0.8950141644488708
6.805332182931006
6.333698666753998
9.577485810418365
3.5663924302665615
6.1549928116679755
4.982912749654606
0.3948920430490913
-1.128731693075767
4.317679506271405
0.6832004529504143
3.2792736361315256
3.638920752501798
4.6597716310748405
-1.1235009991150438
8.909579568605597
0.41425578576462274
-1.3137026807341765
-0.9201848049979838
-2.342790842624472
3.0365801253863074
4.136189220886753
3.701815949144613
5.4760754466602455
11.125250765548714
1.5397112089780585
-0.9342976654492824
2.535973504528985
7.7672684169051385
7.286817129871937
2.8082639789373376
3.5875462675459593
0.9203016176278895
2.649269688169945
-0.09383699811129698
0.5139897311056063
-0.5059873284046335
-0.26697039287294744
2.095174149093481
3.130854312039745
2.4652022371071265
6.103920298685639
4.683231156864561
2.8902039268089297
1.5418306821561474
-0.5446652263898109
-0.4284407898605851
5.486399765442754
3.3380150266900035
0.6645226045016785
0.9225015110340118
3.6832303940552036
0.5702872694377814
5.197243301916132
0.9775426602282083
1.9959515362364035
0.7892302093636158
2.1435133755229447
3.209833971229772
4.205940319353101
-0.31158470442329067
4.417319327830796
-0.6632593599470076
2.149446715141145
3.733566774050785
-0.08524543480896596
3.7594517415983777
3.5557972079930558
2.1233954443358423
2.207317272648373
4.267806099072078
2.398169065389967
1.6933672475141937
1.4667854575792172
5.590553802860673
0.8138181263638249
2.5822469170811586
0.7282401830924966
7.102253758288228
2.6010518851914926
-0.279498860299781
-1.4691803601676132
-1.1682862668145781
4.79303201340536
0.9921271310656886
1.7874373757049322
4.037099202859566
-0.24809504513876302
0.6385308957617544
2.5003134048252207
6.924385399612278
-0.21688185363954582
1.9682694205546751
3.3485108076670285
6.68598489322382
2.768659588075819
4.563141767455265
-0.07999709960811918
3.4017800489945405
2.964996520496735
2.225283513651331
2.787086752168994
2.454117682269559
-1.411693352053534
1.3965827181260915
3.490508678199669
4.880773472221993
1.647774317259619
4.892940781070249
7.238531640934563
2.431056914767673
0.8020438777531294
1.6479525695797104
6.082188742915273
7.369699137125517
-0.7056345317639019
1.0000098884240816
0.5812647604831551
-1.8887390108165523
1.9010987304704996
-1.9883721393210625
3.826013890180424
5.487640522101175
0.5145905923911225
1.4143284300909886
1.563934091413335
2.9649199412269627
1.5235059583239354
0.2385450365317378
-1.3672769999856214
1.5138474110421685
4.698183652254174
0.9182333316957633
1.7389653325643102
1.6044324411539421
6.713408513451505
-1.190910093804606
0.7154500041377869
1.7986995789501519
3.230660526944056
6.688856656072978
0.35881381791638606
2.272644149480581
2.106829845600344
2.5723862698156448
1.1605516600407437
0.4979021662940594
2.7744169910814547
4.119599120293747
8.24503304891389
6.862430808216879
2.518460803068421
0.3148353847470884
-0.2365868057909584
11.0330855625487
-0.17964188232821393
5.843069614726596
2.5210110087490625
-0.2774536254423633
0.3559174304577378
4.146844531484588
1.3882571437082096
-1.9758879093001425
-0.6523288944034586
0.6042601731507433
1.2314881686512382
0.5717239734596126
1.0048841012603762
0.9096252326773893
0.5465955122696793
3.2479724556606566
0.20531378370944528
-1.0536702036184387
8.223443644011049
4.639873315129608
-0.749662273470101
-0.0547207913186855
2.963394961507333
0.162938122264077
2.1029019489898833
1.6782151799374594
2.5458174914061433
-1.3527108901669402
-0.08834974931061712
-0.7903630738724974
-1.3597046858101485
3.2208325154807467
2.426467055997752
0.1328834715712361
-0.8946914955174418
3.088613607968786
-2.3447904575149283
0.5919810797667875
-1.5493116639394173
0.1529825755451461
-0.3916677279289037
3.6331207969833796
9.764324561055147
4.285139473230225
3.7224126515567173
2.609842973928731
3.066811031159354
8.051770417733785
0.921543244486513
-0.4810149826466538
2.4280506755678517
6.06381206849161
4.6759332921926795
3.750471423335246
1.5969221361743573
3.2983218084756585
-1.178522896393513
1.2945972051444672
0.9146305157510173
0.546247507521745
2.813681632771092
0.3720223925594036
1.243158910413967
6.785278892442826
2.9967512410642096
-0.748127725467377
-2.0069828081664753
0.7699765424654528
-0.7511914641561768
-0.3814457728154577
0.9480105941280965
0.8016139028672212
-1.7584920595107012
1.7601134099209668
0.603391074143857
4.115723497496117
-0.537983886527554
3.654413865786041
1.2820900663290697
1.6765838657672076
-1.635755984521463
-0.9708749216920964
-0.8479353441120789
2.517001110559985
-0.06063924531674775
1.9837466665267316
4.976800721416639
1.4165002058091434
0.9641119459347269
0.29307821474074386
-0.18118989924568507
1.4855791897165767
3.1014866247611335
1.5746300644541094
1.9002048717842712
7.693050118755185
1.2348533382927003
0.02942872032405612
0.7454928943144165
-0.3965359747331946
2.0756377836291366
4.714797297010234
2.008591811062395
2.5142981290896524
10.853898345293151
-0.7553795852869774
0.5112656043348047
3.3263243501168382
1.540289196910551
1.5388418985273666
1.3267727265008076
2.1541841916389877
0.5263899079320569
1.9833209071294235
-1.5365803308747383
-1.813881040683748
0.900117060474332
-1.2505371972582189
-0.9748140595806208
-0.49088088139267694
3.3467008695891787
8.857812763202968
-0.7214188026669639
2.038932245095037
3.7371659059235016
-0.4581427331946798
-0.4081738005339826
3.213755330325579
1.8664546437325296
3.1515137369901423
0.45529719930085766
7.732751820907043
8.195776545179069
5.550230561766939
2.089302999440511
3.485209219908884
3.251784222008357
6.627143797538528
2.963463889736315
-0.6714081183926612
2.858802001880555
4.020727381231515
2.839503697686835
0.8627836418745496
4.837042366830472
-0.6446841829590363
7.964844259219821
0.3804821067552161
0.2609033349513482
3.271823772379512
3.940062734203112
-1.1031195551243622
1.9931023030300057
4.077250304774414
5.527037623968075
10.206838549733497
4.058441517891628
2.232408389371371
1.9585828564766006
5.144813105336638
4.810115039733937
1.7095282585097353
5.5624364190695825
2.2621934587429715
3.863717208464647
5.331916787376408
-0.7956799491932331
0.8435254061049018
-0.1593899082340976
3.147578969550306
1.6900302128471894
1.2696617598519908
8.49234385530071
3.374813064842942
0.7335033274268182
7.878863233757646
0.19261154052915697
1.1954861862765573
4.569421375840584
0.9161759333895144
3.69846019947412
1.5384870752923967
-0.27286341760068633
4.017974972415123
0.8155961112057732
-1.3120534100522174
0.6596806167339639
-0.6138588404714822
1.0363874316042914
1.0544053928581505
5.773760170990795
0.446425800596941
0.045055418666392816
-0.15626477266624017
2.2511911105266242
3.8310299043806646
-0.3063307589109852
2.040389304933681
1.8463483266179095
1.5843717380210638
3.0367135480952534
1.5441501971280078
2.165583693122013
3.732532655646537
9.058791325891177
0.8579042476741232
2.4383685022008947
0.4178223877022775
5.278681586794611
5.171863953497103
0.7034286004816364
9.365991602084389
5.990439757681294
3.7434382522226026
1.7976421240252636
3.041449303621521
6.1941500660137025
1.3213266783287176
2.8530727799546187
2.71467779899568
6.670832240504823
6.877508946318233
8.979596900223415
3.605933919972168
8.60866686847585
2.1752166416612404
2.24740374666525
11.068995314817183
3.2992935963359344
11.30351910138413
1.4114538281051507
1.283009088681839
1.264940241781157
1.8150663527769546
2.4061870408203383
2.83443143739433
8.142618936427189
3.1674966904402453
5.9766526433417475
3.7273758002914534
4.8572326940114765
1.6002514717289436
-0.29171857207574714
9.796593725296892
4.869292518996074
7.549051621334563
1.608155760716751
5.391919877782386
-0.08882114828174228
4.686966289464393
0.7411203601687703
1.6970918330310032
-0.9260340961101396
-0.6722552817478393
2.826005952389428
-0.2387533838771428
2.771556429315602
2.461925855152159
0.3326332856539659
6.8670126905960736
1.1044168323581702
-0.4522899570046219
1.4618746453662985
3.5576871358524516
7.067879711328565
-0.014282110058987052
-1.331446647192595
2.475912737057505
2.0165567631553047
5.040990616020194
-0.8348659615625609
3.797571005018417
2.702823575299673
2.88377519946805
10.185622575390372
-0.1497187931934282
2.9763169063452986
-1.0200734041998745
0.8705774547682654
1.5291527435843864
3.834649502352996
0.8698353590170502
4.0384918091438164
3.75487424706333
4.342781941273043
-0.3865388907714763
1.3732196320044137
-1.3153482987495542
5.3171422692660695
2.246282692714078
3.327271457111268
1.9057065896846237
-0.8810298184740833
2.5965687209549424
1.9109633259548668
1.437410417571197
2.1652633399618395
4.953520582068044
2.2138884053179306
1.6865890588666765
3.4771660370527218
5.210769904843005
7.584614899843023
-0.6059130949378035
4.172594263541408
1.7963063984636665
-1.5045754234949271
3.0580238668491098
3.1856796761064397
6.465115146967632
5.880077985744778
-0.7258418862726324
4.212311712412135
-0.8268461201676085
3.176606507756893
-0.3306519622918135
-1.7138882234470385
1.013820490221132
3.363336990896161
7.665240674461126
3.0784385194311845
4.55787917450524
1.8127049770091266
1.0988799662259443
3.032708993509003
0.8316773677324141
3.2244962827731323
3.4846110056184005
7.566950060770106
0.39245213563666526
1.6544555277760227
0.6895049900868903
5.096837291573943
2.1570960275364284
5.361467251778984
2.4521188074333726
4.532559586044399
1.4062104368995638
3.500664911195955
4.041270317770154
3.9430231939214755
2.2671581556401383
5.583371874778348
8.321555317100593
0.38144704337653823
4.865764266746869
1.8086600025640114
2.9101582623187596
5.356059604064099
5.930849858737533
3.2664696865297382
3.9087651505002015
1.4863314887911945
9.682478774728207
5.048750473249568
4.352412365213381
-0.2114481664407356
4.408778100979758
1.2049481567855884
0.03638864858786994
3.4340810755378848
4.662053732734966
5.263638307438447
4.553829242188151
4.163342743589676
-0.09632872823174321
5.361542035657333
3.2021728047854046
5.6927365763963955
10.389008142938778
1.7276212641655064
3.7426982703060263
1.69540096206876
4.077598969316221
2.347680707603491
-0.020301224436490406
7.352043977445321
2.826274078356953
0.6061749960905821
4.6778082311609
-0.08661289259115201
6.376218182864465
3.215132560594156
3.1940272438515693
4.568840434987601
1.3627643631645898
10.027165587979257
6.473976416872442
0.9480560101056675
1.510253875522241
1.2175758122886022
8.057512884819943
5.37287808864017
9.733034928201306
0.9350251410968823
7.066166965174158
3.846586315164749
2.9813753574421002
2.465031645250086
2.3656452391811644
0.06891459862384464
1.539327066904741
3.6315906284949255
-0.45098211865952853
4.280732183049078
8.59087537084532
5.0662390989275785
-0.7450528354314154
-0.5829007509148556
4.320067968626925
3.446246553062788
3.5513576470104193
2.8777185670429053
4.362548468826315
3.900654093635633
1.1094793848401474
2.9524151043436975
0.5089354041648002
-0.20084974290309898
12.44255247825788
2.3092629892807155
6.975843052876533
3.033154056366699
4.673716350269117
0.3072908710975125
4.781744623020928
3.2116046202881017
0.2863663120230169
4.941872416248024
0.8019911893428604
5.993233427970703
0.42933294166533104
2.238459707568056
0.23826807529173843
0.18236261328348385
4.5603595872617895
8.43386769235754
2.9387903352636293
-1.8815640968280185
2.4069200185517006
5.4881161860400285
-1.0741833873925781
-0.3981191821722103
2.5842361402525693
4.076060442646154
0.742508414630286
0.21612098612193376
0.663730100169649
3.3834274643951257
0.3706960237419732
2.4547278379921265
2.7846615815262847
0.19985925140628447
0.07850215625497059
1.2081706692369887
-0.16702250600313984
3.9312626877273873
1.5545202276971553
8.364395751105555
1.2867743203806534
1.489953552006765
2.281522391961663
3.4443839095145905
1.7052542991739679
1.9694139629511096
2.134156268860389
5.318681678259211
9.409068134988054
-0.6746769200538631
2.766858840474507
1.1551063607932541
1.5477478342794202
6.167065826263509
5.323970601230613
3.210842740748778
4.442143540411528
3.5917759213863625
3.1662589135303083
4.011787407003508
2.635276404046936
1.437290781067613
1.9569442262625918
1.922793987781862
2.773796047504055
3.2056358822147675
6.8539816685481165
4.081931706976904
1.4490448352495884
9.332038511470047
1.9462833582076438
2.535048954572752
4.397389934295927
0.8888820827688404
3.603552735393928
2.6269803536330834
4.353445154813105
0.6825890646938884
4.233911777375119
9.540416498530544
2.4645854644919947
2.0577431833556163
2.8736254395027876
0.5733000548985101
5.29152749945938
3.16097899839574
3.004258345151288
5.482375969253089
3.912648868746421
2.7322200783710566
7.919367000074614
1.2620116246353108
3.3135374829575848
0.17249306463167635
-0.3297384243303259
7.799277769897545
1.9318859083380495
0.836528012242712
4.2286646927517335
3.754479966534275
2.897631896169721
5.269570368837467
-1.2260332664280993
-2.0881530457726765
0.3834832060279909
-0.8249759023282683
4.21838534529565
8.993589757132877
-0.5748821557956172
0.5891337219299826
-0.18496711610332173
0.6721557724783699
2.452923447751055
2.712229190578064
2.7026951442028846
7.585364245219912
1.592381471702657
0.6014752019141769
9.638014346059098
4.931315479963273
0.9899901021461394
-0.01149825067894411
1.4797456442979526
4.505773225575687
1.2943727036923995
1.042844986042485
5.480645387732172
3.816748531050137
2.4878500879578502
0.24209718238270156
1.5074513883115572
8.51984616912334
3.546126240413149
1.0069353098113
0.9040976883708123
3.727588135913452
0.5455868632569009
1.1350781648318349
0.9718507293982201
3.830828390407291
8.947479203867347
2.4654907967338517
0.8539039143005774
5.8278642848868465
4.864537085147905
2.5184205960035353
2.4705493743745235
3.9812218861443682
1.0674543440029618
2.939805669905849
0.24091115426891108
5.133006016544509
4.631359478818824
4.616177134727067
3.6190689597554657
3.340545033443728
7.4646891551834464
1.0183780499660928
9.125324044216558
7.589217539565663
10.015411757605348
6.345800394201676
11.114309487681673
2.4152157200919273
8.088104284720199
1.3063027012719282
6.503373326055968
2.9701908455707864
3.4892045321225016
7.785208073380462
0.3472556788834581
4.169611770580037
-0.6159256845792188
3.705604871733623
0.3515725927647193
1.1728993837293138
1.4675537067756401
3.367160813239833
0.7712507447840918
5.169495048733855
4.3256079237952605
5.72272253099467
6.516270590759213
1.2474035691017786
-1.0833644635969952
2.2518988567980336
8.637693555920748
2.7886611418330363
1.2161321377139371
2.883702973216753
7.008972042852305
-0.9834203207765364
3.1054288531754697
5.017821981057681
6.920677023760422
9.461810498769431
-0.6403821218691116
0.3253841618021889
5.237859250880151
8.718370213734172
5.569684155398405
3.629841815295451
3.21819156662382
0.9589578335163222
3.1377729575814133
4.384154087834323
2.751745531109287
4.121700584466296
3.1474375975480786
7.156919051315617
7.975087529146522
7.972737480989997
-0.41592355961132815
2.60970147194394
2.5703561332705984
0.9419993514457374
6.777330532850308
2.467980255679275
4.4474524266634905
4.3782474957238815
3.0155557797703736
3.2676820889095404
9.29400782851237
4.379144804640369
-1.2428893792678652
1.386871366437437
7.780703871874156
0.06795137402179739
0.12627149474123356
2.5211622440737047
5.924663528798345
1.0641705702274245
5.3586526183303285
3.6294280298660015
3.8283314946331664
0.9206135261084045
1.6254951473699737
7.312264720854303
8.44287075577832
4.125087588140488
3.738039813381047
7.878459193483096
7.564892619798858
5.002854147389854
0.8379015128578273
8.509710997624149
4.370287894585804
4.612316162282904
6.156962608116877
8.357057820189356
-0.7568115960139483
0.573130814045214
0.40975786441953077
6.2039050467156205
-0.7777916019349801
6.518716223867289
3.943318258164705
0.39863297725794644
-0.3450349072776068
7.426898843718114
1.5880817345470302
2.2757720579672323
7.609387198685932
2.6744603823721103
7.90433924854225
5.070799183622173
3.2570019344852708
0.4285964212269085
4.900314311599788
4.42903305458094
2.5333775528292586
1.703846178244254
1.869611281319165
-1.047418123604951
3.737301874680202
5.077530299620701
3.850870844679851
3.047142379794715
0.9722132811163777
6.555138833418581
6.670478531641101
2.8705287291909034
6.356739174932757
4.463557956201516
7.3538278876341
4.405795277406872
4.702936378743267
2.113247790904214
1.4348775093007842
1.8597129650585789
6.874545618033891
2.337367060598621
4.346632249208338
3.968178803732262
1.467015102706487
3.1097190991712553
5.81089799398168
4.666599657873779
0.8805675619345732
4.008257244041434
-0.7060230474231561
0.7260882427791198
5.633471371813039
4.927251659836025
1.052417075928255
-0.5565809618139673
8.520720068387279
-0.6328410696613934
7.393381061225819
-0.058707889093384424
6.9234465542943155
7.24496571493594
-0.3562266255577281
9.811050761619676
3.2959126419446023
3.4270277296945038
3.2211857602317124
1.5010973201812776
0.542715190120048
5.930186311713342
8.008748430080782
8.305501634283015
1.5983339071024318
8.704958670338955
0.1284004176653697
7.662029435619978
