4.063358159301055
1.4953973696039475
2.977300392638023
0.7966348356141197
6.368913959311184
5.599072069042623
4.18084912214897
2.8646339490849053
0.7646103187257951
7.31259541945498
1.4685132629132247
0.47843939468694185
4.814387218131392
2.3687252382894917
5.3704500257171315
4.894627741552186
1.397319957273329
7.231743943017566
6.434753855288678
3.937287973868626
2.4249637207186288
5.718482073913689
6.018752279011463
5.956165085576196
2.6825981722215
8.119243614860505
4.686352602977315
4.9482145554643955
6.937923912855257
5.085448835890158
2.7445536910233304
2.372883901004171
3.401427597079243
8.573103786580104
2.319768739072872
8.120989387490148
6.269640898780398
1.6158220082268728
4.504266081431458
0.905504574751366
1.0055735249793172
1.9385704880491392
4.61573574208344
5.066042910075638
5.33970167760107
2.9689403384677355
2.8803286587787844
8.069179058482383
8.876944440536583
4.873151076042988
8.193939185721511
4.585651642528453
1.932123591513286
2.495038054804841
6.521820721116098
4.677228046984023
5.717800518811178
3.5873783093010125
1.3758359141707062
1.5393560934838932
1.9961164383614043
9.833970868915582
-0.5084193911811077
3.7992521499586074
-0.2484648637426184
7.945770298382456
4.067387016836221
4.086246805560838
4.873447732322309
3.7639575066914097
4.380081902187567
5.991959082438527
3.394047342814162
5.7644057986688955
4.81944672841835
5.460333178153313
1.2892673460898867
7.228046466879474
0.2671398926964416
4.862859596511157
4.559781232007315
7.311837960172298
3.1992256813996867
0.6959734274568382
0.3587968766884604
12.986210342119477
0.9060310267717814
4.858589202729785
0.11416739562670686
6.593440455166397
1.5498371459446547
7.6877485231867695
0.7411855885607855
1.7671796349107753
6.501879349586888
8.01162272564538
10.976585838314984
7.98630910042828
10.363179726160821
3.049195389012628
2.9396097881920715
-0.22442638115483712
1.9453988725588176
2.973418786145252
3.7938479663540496
1.3172383152596634
1.8088722896069722
0.8989104175087099
3.1404026977852864
2.4070313883162644
4.048845576561287
10.42256295833264
5.31926612220796
1.886604469046703
3.9174974983850896
1.5711398119698412
2.0659954163340783
1.7700090108333606
3.1969967493058515
6.859598406164815
-0.5857571545713952
0.592039799331811
2.1840374133618345
4.378176766956853
3.2363767384727096
-0.7376676016227296
1.1266703900381425
0.7900363454360828
4.895286825066369
2.737020214419803
3.641845726067217
-0.5862033743727626
6.175008182193108
6.006756711786802
5.48366556716386
7.994786684022058
7.4358041370519405
7.281445535104774
5.15729661366103
4.662663490840577
4.3295160326131965
2.7593423523684706
5.937937146788764
6.773562451591061
4.008743069244332
6.954821754162261
1.5897602137864968
1.597178394936303
4.551358776138335
1.0711743410062027
-0.18725647089624975
1.812548534014333
-1.1579588734852282
2.498905087952523
0.9477949497770186
1.771376903934284
3.729286584939577
4.162209769035055
3.1295136634001035
5.95446921277167
3.26764974034505
5.47001893418178
2.7080023086048586
4.376711056500074
10.622760504057112
5.439601557908398
4.935694728306709
5.248200976109771
2.7436856608929676
-0.5225705042160832
7.960458707535764
10.869374864141912
4.6284455486508405
2.2246402595660206
0.28598232272433877
0.625710915237886
4.01153019884509
0.273031934805117
1.3581612280016082
3.280623846132259
5.736487404618179
0.9975164470421607
-0.31571811183945653
2.692028687267076
5.200419538179235
0.11674885597500062
4.521805729656296
0.9515030514768766
1.0934564808874405
7.026487535341011
2.962487747046943
3.6207388323240237
8.903655665233643
0.2798039230202952
2.1812027606652697
-1.0722080435262835
4.539374269905074
6.845167986123906
4.192119488336773
6.857732568154918
0.8427773303407606
3.958159986018596
1.7615778325953606
4.352382379131511
1.0862523279943557
3.780277679116856
-0.8405937897811071
-0.1422660339851245
1.4617711962651279
2.8077239561410607
4.957217056851812
4.9249145514236226
2.2316216183600566
5.07337202140201
4.2147285569333794
8.263504426930691
0.8884304993898522
5.416799402685438
2.8964133350132837
2.4979494383443717
2.7429270927953526
7.29924836373641
4.0348384318727675
4.496173963316855
2.2238347841090453
4.800873517599448
4.773817906810503
4.4847620882454535
5.935444722155723
8.514471466925967
0.9725078360192777
-0.24133337156746132
3.465273767067506
5.4684300029717035
1.6891076179330686
5.924969206295121
-0.011944872778428536
3.45030871227365
5.314560122135889
2.0736170389098056
0.20888340799029362
3.905563677194591
7.181389083626855
1.0368886352209452
3.736543643276231
3.7545092039240244
3.0291296439944118
6.717287535948083
2.608570429171103
5.15001134573552
1.9355999237389783
6.141479144553604
3.0270141066697844
2.0103275352121104
5.021548505064464
2.867729454537174
5.2812245323256475
4.177905496445495
2.573299295050061
1.8171338997207793
-0.15768167075008624
0.17310454597020833
3.4600937523923605
3.1428204494967216
5.888156122200731
10.496682474404547
2.791796041791065
3.4982774966438184
2.4325431852774395
5.891537470361882
4.320082746082399
5.78450056996523
5.734596962266779
3.590025192181417
2.9384108802474476
3.546373092845185
4.9270635609464835
8.316168653944652
4.846245305019841
12.149176145506303
4.566678822791207
7.983692115473955
3.0968951598065018
1.3830830404406533
5.145559339959763
4.537483730963726
1.0191934145489434
3.6239635687113236
3.0962752477719784
2.4944678448451434
2.6545290623690407
3.131781838569188
4.392187401749389
1.5125494440497373
6.620606828300231
4.388868596700582
5.135532093958161
2.3640751051577813
4.80298662958953
4.736165130766144
2.5866581338947645
6.357720647339146
3.6050456030201152
4.206632742485213
6.837344591458327
1.1203239935436402
2.9253009272000834
5.8795330073999805
6.610955505802636
8.406287436374319
4.9879607064725375
5.358319565757974
4.037622346266143
1.5156704061330462
3.758525594121315
4.098319103599838
10.828962153708785
7.071423323570149
7.142644021036576
1.8969759360615566
1.5285583822558246
4.00809661204204
7.343390108119437
7.710343813295851
5.160597169789471
5.792183196023138
4.942376474270441
6.740191009229608
4.961254293139253
6.247187742735839
1.431014685208524
5.681050192414405
3.0976932879275547
5.257404938359208
6.8338632121536635
1.9228032366187182
4.645312375824857
6.96984391240843
4.23262905340519
5.441343120576868
3.9249268740615815
8.718282662622428
1.9079364251100213
4.685290760891993
5.34950236567901
8.588005000927454
7.113447095666851
9.19486252407912
1.5593608208810057
9.752926987489897
0.272684136598243
-1.0381970319435678
8.569687422848544
5.505363352405821
8.893361365124601
2.012928890356424
1.5859591125149823
7.6657392874912045
3.040428581911407
-0.7378745779765346
3.1255469292392535
6.329643887789707
4.24749979386486
8.226363988620195
4.642625177948055
8.901087776166372
6.373456287519577
5.20083674669557
3.77366476837347
7.839073809723762
1.4153164247319772
6.098207123473418
7.003501804512809
6.290884954530937
6.904288512162094
4.637707551631613
7.436324390591574
8.341741488668626
5.822709126657822
4.5012321854268365
6.204168811623785
2.0542600100151436
5.241018998398225
6.006379791210877
5.649129553384808
1.9194559524957828
5.364711992567113
2.5431760929720006
1.791282945157862
1.6175221585669992
5.978980419358114
8.439858279236448
8.075448751911338
7.161147161246575
10.708400914335211
3.3246670261604905
6.134631627237967
4.928929058242008
6.234371584721531
2.9850747445224717
7.078760695175365
5.951060174943426
5.961713677620146
3.1015795999244253
0.2102526937051724
12.355779689626958
2.797817086590309
3.0683173427216115
2.076044397667584
9.691997642740596
2.8024309070179445
3.657815829642164
2.224385559274895
2.82419387570924
4.76574539364754
2.871070760551161
7.788505257752133
7.080362540779295
2.9190430784029937
5.581238048701454
10.499999421627516
3.569818354443978
6.381396197530583
4.441164034405933
5.902012043842973
2.9199615698464045
7.020350166301465
9.228021969909733
1.6296607410859063
5.527994488238903
10.56490541630722
3.6294745065887195
5.366301738008501
4.608836349470257
7.230792821309013
7.375629566333408
4.6651381718362135
11.443127153247088
5.857952286096349
9.072286710982487
1.0774070214152212
3.5458146265467327
3.735276934609433
7.514293110474995
5.003981262012351
7.161482894482606
2.571772077886595
3.3059337696269115
3.4954124350930305
1.48516042639802
3.90288720245032
7.718914725277384
6.639837017625181
7.786668204643103
1.6828790170378918
2.9752913669517635
2.086601448924167
5.338807997981814
4.558523585358376
1.5455265586493203
2.3155943488599195
4.025967197483143
7.404881416384342
6.595616288442221
4.131113346153301
10.33339835843398
4.799562883943698
10.018761346517358
2.022536270731326
4.667852962557519
1.7089272929012373
7.558280789079648
1.1991267726566968
3.9404160329432094
5.89426894875376
5.463778285255971
4.217570410320882
6.007441859774411
6.306950024749175
2.4080554221129367
2.892068562767322
7.30463819899135
1.8348449618374163
8.029173392250154
5.328749914009699
10.607123206888192
8.964193338111937
11.18542890994085
3.089382810614606
3.6272543822732293
-1.1478952333244778
1.4002291989401223
-1.985142971926152
4.547355291844367
6.57571344298006
-0.025874330339406643
2.613566644266612
3.1404748601557797
3.9222438465456286
6.329636549001585
6.988732236914412
6.501899557825966
0.30488596395823264
4.982565698934157
2.777612391054195
8.457023711502103
0.8210902951632641
4.770899228206005
1.4384840786642064
6.9157690413147455
2.7607608569498625
-0.45920151318368785
2.0614646656914544
1.6196432604960067
5.166307603224552
8.202516480418906
1.573686522380444
5.069272594817333
2.615863647649805
7.554133835784637
9.545247268899194
3.7837375285605366
1.842316146795259
4.165675270790115
7.7876301180230865
1.5432845585785464
1.8698565794475004
7.415290417349323
4.141732166494068
4.026241812607816
6.390186319971715
6.863155077370341
1.9190744782944917
7.998222786838771
10.9701511703075
6.174731550873729
4.099726265844544
8.610607327987022
8.784003795881212
6.172346293096206
9.330854212369657
6.221068617644574
3.900892400518623
5.085877666203302
10.584199851488822
6.441023318871164
2.219150591915232
5.281471698085858
8.096268121646379
1.4055127105146985
4.6581793623710395
7.586541997773505
1.8397739317750457
11.309933167742187
2.86943126893976
7.824199376864409
9.274468761022902
1.9546771393594784
7.987563792065644
10.04524602520181
4.982215237896453
5.4491769473530205
4.723786296660626
6.87755220379384
8.32744557342161
8.398575977477655
3.5751496063551307
2.068994878892439
8.302637870162108
3.4914824852403097
8.901043674476577
11.100822102114442
1.1542200670288199
7.477094492157629
6.225217753947957
4.340309556356521
2.6928933895038245
5.999812768640878
8.19034615895118
5.512859919276922
7.79831609118602
2.4506552351754105
0.3647084528586405
5.828516883974688
4.643684641799004
4.565708028517164
3.0756908069662767
2.83007056690833
2.9672239641899223
2.8328734895507854
5.0517041625070265
3.4822721477843674
4.350421787473156
6.990998190796512
0.3335733880982614
6.0122753171433665
3.596708984806554
0.6963042759380076
4.396131618061027
2.6198459849403006
3.302871917292408
7.761410582940966
2.8311081739806694
5.562161820873561
3.594999381165055
4.262643143199606
0.5081730042470195
8.887026489774549
5.28918427470126
1.4266420376439235
4.1050476185470135
4.289864361760698
1.3184085791829683
3.65058681870071
1.4546727738453888
2.016879242350683
2.1955332643411105
3.782541854488583
5.2367773793591175
14.057369056578047
3.319285130660552
-0.26719962585065565
4.256543062362302
5.117691969893477
7.2286997223740155
7.179877491574009
2.2333819401058856
6.0260925263108165
5.9892045754044165
1.9086315874453657
3.9485430885459825
5.841434253208728
7.812979227556625
2.9429212061851757
6.6562182569149195
3.257746279750889
4.653995595901775
4.158284782787125
9.009813288699533
3.285949123558275
3.1407566225435293
2.548873037851815
4.1375601811667995
4.252248235632578
5.139499938124162
2.052021270398806
8.219756034507123
5.2515747423748
6.603458656553258
3.824900044081465
5.268119746385379
2.2310021818093695
4.790993718052229
2.5071542562100726
0.47867839962223546
0.9124214510795632
6.683259251357166
5.113893657774231
5.885353988402816
5.650689380150029
3.5336333119274674
6.767939322914087
7.460387964431572
3.455836842684948
9.392323297446469
6.929513768558997
3.3613944418065422
2.5996716772099107
1.9193819356148245
7.668987787084913
7.387528066307968
4.037240933125254
2.0571201827227927
1.6567270368000668
5.400108228651274
5.165809350666847
5.653152578148947
4.614204452149287
1.0266531620581616
3.5886125200261776
4.915824248090642
1.1370807862224626
2.7772895927439896
2.1382039520495
1.0348561924365405
2.351246555556262
4.846856910326005
7.453284332297372
3.445357420768274
4.765465051883249
7.63680874874282
6.497574733203468
2.4429526706809326
9.597840112150033
4.412294908426858
2.9737562488829745
2.023677135342079
0.36689179631514
1.0733104842949375
0.32284294899800337
2.6380028579719204
2.9453814155830274
8.302618028940092
3.7900208719660666
2.1595404205928785
5.664551801067681
4.751612225459765
3.727252268902188
2.302210519129523
4.735026085318516
3.3204963615551883
2.095845880121993
5.00513669876595
4.681580231260891
2.1993238714794496
3.4891010012702095
3.756603535034047
5.2025698052815
6.681863117591125
5.81536763643493
5.72090823025272
3.1713153650849777
6.300338711571392
3.840247521942099
5.80518597353335
1.7779628423687628
11.881832042133237
4.6354140544812985
9.715654590099824
6.710706245370937
6.126493163104856
6.929149894664479
7.0943708725646175
11.940348715035924
8.421171562004027
2.1968576614112267
5.446535483404007
9.767086748809716
5.650047613721719
3.163105878163723
4.966074669638617
6.767622461676432
8.097548736604438
7.70073133467952
4.955504410618785
6.658616076928981
9.46433305784701
7.799410322047926
8.933734542815248
7.583825079902594
2.029981198290964
5.427638966065363
3.8472081283664643
6.90159302493024
2.023283272582894
0.023165947027865008
4.9661376999107425
3.7793127120128003
3.4581211772978673
1.5133544558114935
2.474713247528846
6.656796147765465
5.063876854015764
1.6345005219202196
-0.33153249963068543
9.7975001121485
4.351987778285702
2.2362607971729047
4.044349729527378
6.629320185808838
3.4730489384727843
4.576768596708852
6.392170690640237
12.220497077890636
2.068535872101584
-0.782065902028169
4.528341516519415
0.5787842282657585
1.5903418603476247
7.7718268292779955
2.125707778532494
1.133554342883714
2.631681848490157
5.276548713212195
5.269937886552193
7.250429736341854
7.715027974880807
2.2092065991941374
4.22503600863485
3.374727408404073
3.2630207469522974
3.570924461879672
3.1929738251157422
1.5242325781963353
4.404902965511115
2.078288760383252
6.692733527091943
9.068967842211483
3.0308153319495
6.2967546262607375
6.933658710048167
2.4266617196053457
8.40184213164219
7.705046573503502
7.47529757179372
4.058514544838183
6.458585760570147
2.7606894972354326
5.916268326964724
0.7178763653815645
8.383540541743537
6.692254810305926
5.181179096488119
5.018416296411189
9.136873328953458
6.2587658241327935
3.1963125510976953
1.929794689064282
4.398962091577012
2.870918126070131
5.721975318323602
2.4909641553675788
3.6212120643401775
6.496437651415668
2.507642502069973
2.3000408965420944
-0.447130354555092
3.23729117331426
4.141504291177297
5.117688038188136
6.705874080654028
5.737966754269257
6.898158019787874
3.3328493692973695
4.8617563865646725
2.3612175984116526
5.275433959489023
8.556610671989281
1.7333448530883753
3.142479855458194
4.3602645112179905
5.588599954830466
5.9784231121288025
11.11196796048483
2.700420925134506
3.943704992390491
2.873098580567456
6.164414338656873
1.310001062876545
5.591889608754411
2.312327530037228
3.776557567563767
2.8385598237799536
4.665589104362187
4.433424887065294
0.37914176826576607
4.630169875526305
3.367136435359836
-0.08695561533683777
4.743354244439357
2.1034858559399447
5.569499005436604
-0.4200014028158734
7.774308907577446
3.235260654895576
2.232680248889762
-0.19906708234696419
4.502492544031593
1.4384447758647079
5.982544483643928
2.7654041996941525
2.2172475878283113
5.319406681409029
6.155594993339506
4.554533894698269
2.9529716031366604
4.86967834984443
5.583669771153758
1.9499200837005592
10.237311913333276
5.308698736560577
6.896122578169328
5.226834845121885
3.910323668935623
0.9416634824824579
2.26518828813603
2.956914008995333
3.1956299762004283
1.5660281837981966
3.089746320500334
2.5651516712643385
2.521823709414744
2.4026441377725476
3.179097160850604
7.80476117128292
0.1281288990093375
5.219728066799878
3.706763500300796
3.5664104488554065
2.1894709556257252
3.5002885817096945
3.980857558412876
1.8261016597234065
2.1578664507527794
6.585251046130048
6.376826958254769
0.9900061283022199
7.614635778812028
2.5619416626316567
6.357020780009869
2.552927585485654
-0.0069794098150828265
8.50600270478815
2.564323996445254
1.477593792538485
6.2540439035352
4.38343225587216
4.141072133078738
2.274260811648558
3.0055806286005273
2.695131298132755
8.59556037320258
1.3838088937927262
5.989550433413083
3.710672328858031
9.41037824529713
4.083574662036893
-0.48220833675888203
-0.19995962673939016
4.778173364537946
5.358471702475594
3.0663751626770757
0.9960231847118316
3.115932250619917
3.5104774264601932
3.317754519353587
2.968581356802814
2.9563083374341517
2.072453569352751
-0.30898917088615907
3.6388090612568718
0.9584915137877357
6.183862191788334
5.306289479235567
5.413874547743148
5.079936996750942
5.697862672021675
2.4760701362780653
5.1813176890580825
3.7204415409705422
3.3205674005162926
2.638588719712661
6.896132695747592
2.99619008446763
2.4174576045094374
-0.28842384473081484
4.258660856291338
6.2732131131575315
2.150805642902557
2.0899071717364768
9.821412029856385
9.096758208603255
6.865400983052314
2.246915891215015
12.099046915543314
7.528434458221149
4.308703222970567
3.1354540466188627
3.5418427536498123
2.2311502761014737
3.767816533801229
3.08544153648399
6.077792571358377
3.7671630337674706
2.448242222086617
3.2662022909787414
2.8554390718727904
8.136798310361039
5.519490911597674
2.6728989091863147
10.009800736143246
2.203071086112766
0.9217909415445841
1.2331253207962978
-0.5048494889263757
2.513065606265786
6.474589211117964
4.98321164182082
-1.0834202035020764
3.904737005331988
3.869868464744761
0.8961514921714047
4.8265730951818355
6.4209620660730655
6.970437007508258
5.077694792271721
8.524324802599978
5.607782924684303
4.95354471634357
4.749924199314708
1.479789349495539
8.719375165628723
2.951641495086087
8.045467457552828
5.506945159767284
10.25291928448802
3.0237422502359195
4.614521996578248
8.73272127436238
1.886961672870064
9.275018986698353
10.497509693565013
5.772853975671838
0.5454469314071937
0.7593417322300232
6.995573917970265
8.868666251475016
4.014837205362648
7.7422225452863795
4.952653775506651
5.432414629349175
2.2572958356084634
6.312400788487201
2.8600821030544408
3.143574204108218
5.364315532315553
2.7195685396495284
12.253424106308627
5.565799458821972
3.9633576311006737
3.7347530150404835
3.786074503678071
1.2664892194692987
4.346686914011723
3.6249135791306033
2.0331205016242264
3.7623148669879507
2.8731894793481354
2.841960400248291
3.9473416665601584
2.2758682207096834
3.653426250974462
8.700627590722005
7.804598483382488
2.0808412316383187
1.956876144421387
3.665645903598829
2.522432675107931
2.000689341941882
2.123748499610271
-0.42061553151840825
0.8377196086336448
3.4263544241072403
4.5035378773174015
3.071024089815984
5.698043577283717
4.802776815218069
7.774376525296344
3.9296969026167723
7.295504595232149
4.5624453605962065
4.893333300424443
5.366007755481068
1.782639586944788
2.77923144794653
2.166960106017918
6.691470526055719
6.365081237224906
2.7048365649738138
3.880260911560743
0.8510859080156125
6.812969039559098
8.93582075903903
9.702297057020496
3.569944734198975
7.53409585967269
3.697373232199782
8.470602356317302
2.6754092903921767
5.547974928293819
2.6174360577365463
2.436149776698301
5.0618391231616675
4.994365122368891
2.5502993025910863
15.300999047244526
9.092256113790754
4.591972204340083
3.025178505884937
3.4143488655238765
3.4026641723706854
4.737227982576974
6.792559050130912
1.0722271401870884
6.14741617801802
0.8003046204048232
0.4586365470693604
9.20715649589494
6.298937932126464
3.3346953403291404
3.2011368693042783
1.6808609744669392
7.511858127542094
7.506501465205404
1.7567906039498575
5.084845454113056
0.4647998792666591
3.655304630379588
4.3142732319972765
2.3588238007556406
1.3541425934771858
3.4493162985364143
1.947068234252644
4.815580432874085
4.963623519646589
6.56662244953028
7.907610670070441
3.4484692521846942
4.375198020357585
9.502176319912461
0.47284984576971323
6.774149587727846
3.4254086514849584
5.101775048475828
2.6726641002261284
1.0134604001226553
5.811181951741239
4.1752224901149635
1.323567982760716
6.823818373003962
1.6149139016772158
4.815852659930092
2.460838717244329
2.2951548303251323
2.2485471220941635
5.138178982120951
6.23514695064879
4.9663944396577095
11.331752294206382
8.532989163894042
8.932101319491933
2.2043621298342995
1.0243772370605553
6.01526516557834
4.094028354973728
1.7759727774868024
2.0398955132856016
5.580109227160816
8.410332024660738
3.060151170676935
7.191245908157383
3.5547381218758933
2.1897627355501954
3.3344487598458374
6.627149787917606
6.333792863255409
4.786043081821122
4.221121039670848
4.462566060006336
4.515782642309026
3.1199004506420307
6.2908565188627374
7.524787941655982
6.437016921318988
8.977052703077302
4.503313691965094
2.975813987377349
2.213435899534927
4.805469903358336
8.549424976529838
5.360933088910051
1.04668657589111
11.939883734667138
5.382857604178413
5.958508657175738
6.2813998507052915
2.2012334427270677
7.477852993575927
4.153752354824494
0.3904696411832488
9.427289190193544
3.2460057522999035
3.4187537506846795
4.757718709578121
4.503122543444799
4.68720943405101
4.662083916281317
4.032783132765678
10.481967201954316
-0.9123637613869566
3.1095741907274976
5.192927497699834
4.997477237850483
4.101193670991741
7.663009638374236
9.684041469928008
3.8703876903068215
3.4132935041568104
3.0698504023410536
2.9696027227748716
0.6506686754618798
2.6993224894756755
1.9554402856165363
6.892260428118805
3.720390384123238
0.9799807614859843
1.7379040549559495
5.547531924916843
8.823394166408304
7.490782855298425
4.094112850968807
5.843285550127726
2.367488741234598
2.92536243103564
2.773076586762008
3.928915388749452
3.243016360311071
3.4734168728322112
6.652269223497049
2.9380487949943728
7.882023008620397
4.754233475607494
5.326281095816692
3.480026380329009
6.412456959745127
3.0300901423013347
4.874475270676143
6.854908633380944
7.922695526115922
2.839446650134692
4.59520157855492
7.598895114458888
1.9490521136581627
8.73057664701236
7.1165711860191445
4.066417281683903
6.644513857587076
0.40926482633994155
0.22399036049675275
4.435991126981184
11.209161482732322
3.123814975332842
3.3865325704441287
3.495626107621188
4.774844269495031
7.014994597463277
6.949958233522321
4.4639223017254155
1.6325079919665193
1.5507055308689386
4.752309922438849
1.345367906744516
0.7157401852074483
4.336967245587564
6.301175940018641
7.10742979928633
3.4297346686433343
2.9446576750513676
2.6720847503025005
3.530220233222515
5.5679971539848
4.6599813554269565
5.1096280544121555
2.4387060066343063
2.4933501504920144
2.890963528643642
5.7821526039981554
5.3175111337706555
0.30353700651505017
1.975660646082389
4.069416510327759
8.812894948965063
0.7842790423249788
1.7126835079154075
2.3842108369957913
3.663435960006656
5.343070506484253
3.0993562878486305
6.282887513125729
3.808300448749319
6.808033642739097
3.0461877810507803
2.520789100984088
3.983877810989805
0.5651910547541421
3.693830672937265
1.0267720227945136
7.747268442070564
2.281039306521867
3.039042464735188
5.3162728447077745
5.324051374710782
4.353877714691379
6.882588045153614
5.569010700938829
4.287192446378055
3.6512235605098082
3.1805442825344565
5.358371176130127
2.991408639091834
4.045625532369947
9.20580338941269
5.9510784462224455
5.191348298619873
0.6118513361799105
4.6556205029543065
1.6166390841960407
0.7664364637593436
2.25061640878055
8.035240407664753
4.645722770760592
3.0766764472200006
0.30883188324659694
2.0726599279738673
2.9637954379928284
2.9705715745523573
1.828917361614365
10.314410640290044
6.109127665105554
1.6502020575734908
10.92892747119841
5.209607531945093
7.977836703592201
6.416623198731175
4.849321856778689
5.4125064481707135
7.63409038248551
1.211121723200983
6.477791708223985
7.724839933639462
4.7637601838724795
7.831172441208122
5.539281689626218
9.324543793102276
9.01605946834368
7.911092084169985
5.039475666600834
5.3134257506419615
2.0777120810306164
4.814489968526036
5.445298749482076
3.6207820008552325
9.520568578542221
8.27237879070339
3.2231495812213433
10.737171184693327
3.9752370917302953
5.7791216416584525
5.424363882475659
4.159097114791809
11.598752629292033
6.7823444998271745
2.9904154617316414
7.377731403134016
3.7915551102537233
2.1403615706653842
3.0436435597501337
2.545714563063763
4.329992827748519
4.49353528072669
3.5222071711752485
5.8241828097774535
2.8798046433169775
2.5950406546327143
4.612987502560345
5.710937755600354
1.2242463195386581
1.969317510770876
2.0707571983931787
1.9808642654343593
1.9178704238082347
6.752892016346335
2.6627699352594396
6.107797455161446
5.370058759768002
2.910485900468004
-0.2717933089307524
2.6043405833590896
4.677918062678969
3.5407473984901743
4.383719966968783
6.3158537824736385
8.559885460207006
7.255086736451284
2.267504105213965
7.884518773461717
5.273460354102286
8.273497545382057
7.475531928059469
2.969254116960551
4.970703976877759
4.1517234452311875
7.853495294013142
0.10760676493762933
3.6558883154787196
1.099626877375679
5.881913298102327
5.3164063300181805
4.294408425421562
2.1892982907972485
0.7360917097403858
3.912115755527663
7.417386746859836
6.0808490880615995
5.512791355879394
2.3503603534993687
9.802616376913555
5.479405958243521
4.160835088144868
1.3629304549148729
6.996407539421549
1.0194389473131127
2.4130055707957254
3.4492458934055983
11.203665728056357
4.605962320317308
6.029637932285016
4.704818452264483
4.873975057327781
2.725254087515975
4.616591822933998
2.928648368948435
6.605638583044126
8.612471459456552
0.32895377257910374
5.060203940982494
2.969167787057429
2.885236014843571
1.5935898766220058
1.375064537303114
0.30580904164614764
1.4346683215286002
0.7759274518628685
1.8562654087387933
6.234482450488323
1.9808938665630254
4.396370157869289
3.644496715728942
2.7332287313477828
2.5987341020224957
1.8248134127761202
6.40025317101226
1.1900362547425525
3.863111979536408
1.67878529764197
3.036757451433319
13.371010763416741
4.322371310532944
4.848499537022851
6.495454385536878
0.7181553191998775
3.6639365156317787
6.762561422329691
2.0223138674983754
5.862656421324083
9.807372563793678
2.5451983873748096
4.29760793260038
4.390395532403907
3.2678505280531733
2.602745601374761
6.530115184785117
3.2508874821774887
2.781498057524344
2.16995457730948
6.0188457030695055
3.884965418694938
0.9434587077327956
10.049500073353467
4.1505732088207035
2.1238926495578756
4.204618486582409
5.93507102588265
0.7443423854657325
2.3580374190678306
-0.5674337205274991
1.924813639455531
1.3126392876162503
3.480998427341988
-0.7476592263469135
0.440732900552321
1.5596818269110284
3.0150764715567213
4.466806971134026
7.605107989080034
5.431876969377803
6.804212767767254
-0.3603356082361538
3.241125286525524
3.497128447960865
1.4315996450398503
7.1467413700423235
2.503436522527045
2.0427907229424647
5.088618289143105
0.3177949469807495
5.999755924326841
2.9959173305668574
6.617548299407402
5.530859269648205
0.5136175940520242
11.291030252705514
7.114744883521816
6.802488758706558
4.8172241606747725
3.125661670622824
5.8422383133143105
3.415211911002401
2.497763709130021
5.969176019140243
4.8591439175188516
2.8423136769932382
6.884267774807645
3.3076316379684325
2.606494812639813
7.304685699420142
4.512409113942329
3.099634179696289
4.902413024740044
6.5090567476297725
4.893391960842263
3.484946047002117
2.7802774264269297
4.3707914814736695
2.0719116313549875
5.506580231720072
1.6035683546032453
7.284700450921648
1.3100474214763864
3.860261985614485
-0.21517530008043234
3.738210754951293
4.355174833602819
3.2963502834617433
-0.2999003816239957
3.621604325727207
2.3030670258124637
4.381649982956314
3.7451980554803166
7.279272341820134
10.923515432848868
11.145769752537985
3.1888382352355915
6.736388063595666
4.717657643921864
1.3428317800549951
1.4753045150175863
0.9585446249140697
5.920243207678778
5.615257538367917
4.834431380653985
1.1258953172336739
2.8479257473049864
5.0423646683444145
0.5506695882931057
4.412541593358932
9.33256854306006
2.5704738580055686
3.770605874537682
1.1563158425446365
8.312057794375551
3.9009875262486284
4.349743757219952
7.0905484679173405
7.015399023639316
7.73574524404444
8.343080348186433
2.549170283788943
4.867394440870515
-0.7967239369981209
3.513442144580987
5.435175844612519
2.82029027718579
3.3324612132622438
5.132460608107935
8.986188690308884
8.07353106307004
0.23284102231378717
7.525029662111323
6.329926912020185
2.8938673127412207
4.15505870151455
2.28531830260433
0.805493920050091
4.1341275951174135
7.919937803286602
0.9514689451101299
3.435753052765094
4.228256988633108
1.3170184226483606
6.430109919394566
2.65359124995747
2.5783834011230247
0.6013020836927212
3.3451722018755614
5.1940782848579765
1.0812665086685578
1.657257652614298
0.9326712559967666
6.68852688251018
1.1218458726514349
1.4121463608645994
4.065489594830962
1.2737974151348004
1.3629804657789184
3.1884177559715283
11.072467173582321
2.853653890314889
5.302068597819595
1.8388028174215238
5.856889827553394
6.041426706976733
6.221740348917681
2.542055611492721
4.137836238045055
2.912286726354337
6.9089831644100705
4.895999064742279
6.21910486077553
2.2598947462391266
7.324455400468581
3.1679109665965157
0.8222718189376576
5.4288997129517025
4.597269502577549
7.150919793861957
6.53268990129922
4.939836151725235
3.018668488283274
4.451334035620781
9.357276271170582
9.999754784279952
3.7450685734028357
5.377256109926444
8.42008753614284
3.066215587870615
5.111244098776885
4.900778793200445
6.589773059443392
3.0907874116469536
4.7497849772891385
2.408373078405937
5.707739439268203
3.355355926481138
6.895020231053693
1.816255682117521
4.078079214562296
5.195396280376833
5.768034416780391
3.2581933974682915
5.156539307891588
0.9948660869145074
2.3814936814523167
1.3702633956743135
2.406159066188652
4.8653015184614805
5.142281383928453
7.162204849636239
3.1299855564102415
7.649500046457206
1.0242021559285925
5.8842619230863065
0.6576249048017622
1.2036727200004622
6.996408775536864
6.158184876327085
3.033319693423915
3.3882206102619663
2.114767575336213
5.678759427738006
1.748413790603748
0.7722466402877528
1.8101118733649573
1.8477917071587395
1.7355598014336937
-0.09719935748954167
1.4949850316047646
8.105822760422171
6.193709986452345
-0.7184685327638279
0.6512100275739419
4.202956668209977
2.924256293717408
13.382146221341266
5.125726988204965
3.880491657775945
2.962063065764381
1.0918003131189833
9.684074330931551
6.917035949236274
2.9609179037699613
4.25402388502757
1.9914556348411838
1.3722159064577164
0.827270747450896
7.935821178548894
2.973049591631937
3.7859853248347823
2.889938522886174
-0.5525594894770132
2.310918160021959
0.4193202128284622
4.599174012873529
1.4262329132846019
0.5337372953784224
5.554096275227483
1.301223871837879
3.0652262775648635
2.9134193579945555
2.0054885609905515
2.3558475695797396
5.12320001830979
1.8733179800255333
6.941021504330996
3.131900031613179
1.7408379186282914
3.8592057667472393
1.2582174738826442
0.10778249743657975
7.517812309233328
7.56098544568705
7.139005766672698
2.173992693807448
4.734136035861181
3.791660736701392
5.139693894763883
1.8546718488567617
4.595936231303476
1.4491108884767274
3.253364570311886
6.190914034254155
1.4340532751741957
8.938410593330378
3.5773450655324814
4.157148663489754
8.393798241073332
1.8323683641804964
0.40428792872431474
9.339579484364268
2.646198760107965
3.4515584680891918
7.438229454866656
7.834667439997895
4.918244178048867
5.131844293882762
3.172416066426351
1.6720301974302396
6.389222421511962
4.710293227419636
4.502975045367065
2.3717466529654248
2.3271553882670672
2.92890318703744
2.470144486360055
0.7009078308379794
6.988539354026836
5.333439210977286
2.6928468280114375
3.2245710080415844
2.8817311872906273
9.241692999309707
1.2935800265725022
1.6019331650806212
-0.6787707299099897
-1.167269915490684
5.978701284804937
3.9153642323145403
2.2517822258895626
2.8210547061306803
5.788055605356584
2.850919310640298
9.053716529176151
3.067277778565449
7.139084685432625
3.7939003948262893
1.9431817884487923
4.785115448568068
4.493645560905828
7.318078421967017
5.37039389115776
2.7079835633551985
2.233552163677059
4.826363154236903
1.6509213815055332
1.6495759961632344
2.768045304883862
0.20251708061206702
2.1265065662981337
7.895049213360036
2.6305440760441448
0.19557548553671494
4.480545054426448
3.4395809544882985
1.8902552663558976
2.9867237427281306
1.2682233967753405
6.643042998038245
5.576311208713355
6.178735520915475
8.82088609549473
5.613845719232327
4.36957502274885
3.4497759703142012
2.848460178304905
4.203247508800697
5.290632369191163
4.118164128438796
11.787927750029887
4.695329809444395
4.178562870056118
6.622298662790848
6.682939043513942
6.043678644966276
2.7740532967938143
5.550942229925799
3.5632509028323516
3.446201056200297
5.772710626198378
0.31701701679531574
-0.1547073514929651
4.395576172870352
4.337096941483752
0.16269969912110674
9.15233243965687
9.874188716450096
1.9025969948732122
0.775423010935467
3.5850541791325865
3.8858491440207823
6.543508772382695
2.5257232092607134
3.215956046922661
3.450631587532274
2.7391623173349893
8.282028743404696
3.7376380191469116
-0.0963285140556861
1.4368211733518768
9.379863320096959
-0.13733984220381174
3.2520529862693315
0.5347682484316691
4.153416671352084
3.7674788846087193
3.70914103411529
5.0092321141683565
5.406324490925742
4.417482194532156
1.1324961298450984
6.872009096711544
5.700228410817453
7.2375379166810285
6.837237439415691
1.6888607223361864
10.180470857950095
3.140176357741062
4.316567708266195
3.197130153117321
2.072925799298594
8.548732986984367
7.578020118887418
3.1403396276797095
1.3873017619233239
0.8626316748277689
1.0279801995957125
6.035063620508466
5.2139805485366955
2.1611649416669136
2.7864003050424655
2.501118422311436
3.8371811287054647
7.088603073359187
6.398109368938115
4.138256796766106
5.976696120005809
4.215583910502729
6.134601228145789
4.3695758165061775
4.126515702793016
5.9974778141404546
3.7815972527481456
4.862460722443618
5.633850167562231
2.3812275338043993
1.0218090042658152
5.267017187970917
5.4772256534264425
12.36551970939144
6.1818132106376815
2.976080335145809
5.10656389430204
7.668075852717864
10.110111704104403
2.3071945933625377
4.161361366341663
1.01632675294865
9.109625475114997
6.996096056217535
1.1742849053023594
5.830797741736466
13.771724119937256
5.46060131729868
3.901718700088002
5.11290272081248
5.262755156957738
7.641771289956583
1.2238003788882177
3.793358493769239
2.7260449880563584
3.073436985030199
4.20947131459429
2.834577774867395
4.449675002293562
7.761170196451728
0.28881675748843305
0.41496766864038664
2.0373406667670975
1.8169200287936822
5.545508113395988
4.3451996416639
5.336934522191181
8.336363391330668
1.9725074333241528
3.851922102655557
1.0340378123379226
-0.12949033092307333
6.861224380710823
2.407025185008022
5.476220571745452
6.990738583645953
5.91113994060959
0.2716184683599254
0.8723563966699703
2.3794899463902444
4.456089110035121
0.8462170748762042
4.533328202929809
4.246283212762402
6.0547573909009245
5.589803559304931
2.99578441105713
4.475626630079237
3.838088658708988
2.8642304949473467
5.468374102799867
6.00059837786508
9.938501192832918
2.7456864252047466
6.656611401820924
3.370638222725958
9.583944783064771
3.620452797841879
3.8119763966849747
2.210573987347299
-0.005240641231116783
7.983177821934406
8.033089259746436
4.283097079630883
5.347284588417286
2.327539633026192
5.044261274954879
3.1799902273332963
6.317665520603254
2.748115276755096
1.3902020731058307
2.608449364754823
5.900321038135441
2.949819953629223
1.9665349530392016
4.488087801454984
4.283389874235124
6.7538656424078845
4.0514116944373235
5.4504910806461
8.1382840722056
-0.001793672170274374
1.6299667041211903
2.7142230277211388
5.265220182602352
5.133796619215307
6.018162736120351
3.4729279717948707
6.657067314166938
3.3726494060148746
2.2470795585133594
5.4220005992478875
6.739831152712318
8.52812224266824
9.023675120709136
3.6893402604604004
8.896360442665419
7.045626742539851
3.7610543113192434
2.477638185981418
4.124754056750418
3.472102252548551
4.163490502640029
2.0261466203502634
2.8019452124359647
7.439966777617988
6.437380580621441
2.2892377576868013
4.7571956838782175
6.574402430104161
5.019294767986194
6.6700513975346025
3.694198320158904
6.666475548229691
8.390839562143391
10.888285673697618
9.937803679163618
8.978820415985991
9.541335067333527
6.30577524984111
2.500006782107162
4.410661453604634
7.734876806862879
0.26974819357491164
6.584170234777396
6.191842525506605
4.676116350754239
6.7660563729847745
2.577618500433136
7.980620400261348
7.465897470830733
7.14423046556541
6.312890996283047
3.3164079768481285
5.13572898663177
1.7191748330590786
8.570968124065587
3.8721377888142032
3.2106533416744467
8.251268854395143
6.656768645045136
3.5565927116324807
3.322111774043778
2.490341431307586
6.528026208357745
-0.455894973209603
1.725110354280213
5.520557580781029
8.177008587565165
6.5953291958075475
4.770719037239357
2.4582163444935574
5.125989119918589
3.3672968665208227
3.5515398133364218
2.2716152200093873
2.140174387295821
1.080040455622998
4.847346298997561
1.9565844825049257
6.366176464799904
5.486745886159831
1.7406073830145115
8.112711589924107
4.556741468567761
-0.48503415633428865
3.209042099190337
4.642797943499455
6.134901939977237
0.5328325538673548
0.43283575977208877
4.550672528714287
10.84323155644751
1.721239174764471
-0.18732074302882218
1.2501036490167354
3.670147131502927
10.10608474770434
4.6991661978835415
4.994317827830175
3.6377880793508615
3.491637691776027
9.53595930321966
2.61649091787484
7.003865414524467
2.1878290145460735
1.656937868645898
6.57991840254152
5.277639676905245
1.1711409108019148
1.0166771314944851
2.648083808805166
1.6881130927413786
5.23603127728277
1.727832043089831
3.3217508230796193
-0.09126488818698417
0.18977471591795841
3.3001908343686366
6.9137156683558505
6.532134697005558
4.956425776041376
2.674311061218327
6.5594388477885115
1.4622118595738431
4.292771555039121
6.5059205020219215
4.335236749603637
0.6694342789948579
5.028328043538509
8.92424395159439
3.5581657879587625
4.168072970127213
7.578956813080824
3.697961281904374
0.665165194255809
1.1096200664164066
0.6484982174198037
2.2833178099854523
1.360727931904183
2.9107411371712617
2.9465287955490247
2.170216481187683
2.524514897789743
2.446995014577822
5.474866834886084
6.294528097803744
2.529724139081745
4.908211346451022
9.114985272905201
5.565086340387658
2.8324014132574895
3.2753801558831186
3.46262550105262
8.79437345702287
5.481681293708496
6.784603980181089
7.904552206511406
0.8815455981425195
3.421731972567175
3.4022420359423773
2.7038670698020533
1.3755347786247019
3.921465506687891
4.162603841353116
4.6690707808084495
4.162242492592812
4.090102746974292
4.347319189788516
5.955078376748791
4.483118501433719
2.9496746038637687
2.991395993212627
5.871174512750716
1.6698745334497898
2.8474271255259724
5.769535823429246
1.6266862803184496
0.42109558370436007
7.381036355725483
0.6677689309691263
2.9907849596493925
1.9565827558573428
3.0686836006544165
1.7002518351776497
2.399629404369402
1.9174231480309563
-0.23790502753174736
3.9486519268124525
2.548745501943544
1.0831416120879913
3.399196393587605
6.323220391775582
6.067809819359158
5.83517832823569
8.750041920127314
3.925741352302232
5.420229063164728
4.473947730124626
3.145737385481178
1.1717886472268044
6.541838577346355
5.463305429722906
3.6803398529163345
6.372489028663953
1.534188075034792
2.687119679912748
4.20524274645434
1.0136369942284347
3.4475873536235238
5.287387689905095
1.9017563607326113
2.482864101294249
4.584300074334683
2.5131317241715587
6.0841420824815255
6.920776060401437
4.220700366420988
4.553555189433266
4.84021554670581
0.7612686366767567
2.3273730462927693
4.580225417005347
4.904242906270865
4.945641917570014
5.843836476537884
5.452552411687316
3.933012198422048
4.900141867147502
5.90146766831166
5.791774053822211
7.18881872580665
0.37130670646026465
5.629768047798425
2.515219193441724
2.7088159396928218
6.36424274644338
2.020220484263237
1.499924472498778
2.074009247243641
4.209421027891166
5.9871473304861915
1.164475628306138
0.30911578747917856
4.366833255215008
5.12395416062399
2.6814167695576407
2.7627793838945642
3.6306784504097913
2.7160688866444422
3.621768385297133
5.364891082536623
4.207024326825603
2.801384885094281
6.940744138294773
6.198430851976736
1.9465828417668736
8.493234014979885
3.7754309458389113
1.7767407427830169
4.204633143537366
0.07120709182022789
1.6429860011236341
3.466221881675115
1.4617533808683332
3.3836611194410526
5.598507258696362
5.976095286454543
2.458999240417
5.418747238931209
8.459082121968065
2.8391047482785976
1.8422617924166516
6.482063659083957
6.70054434617967
10.107446461629578
3.5933153789169143
3.7822062415901345
1.6121649260979865
1.0692501215022836
4.808431042092772
9.32920769072851
5.381777203429497
5.6075702709510535
6.844468082767067
1.5743870238015891
4.115599232517119
3.263020343813706
2.864973486446911
6.307428818249965
4.195775919209479
6.762253620152701
3.9453648956267755
7.357347066351744
9.038153756745894
4.9169415207516805
1.2613963122499354
5.230023316673599
7.462918368743434
7.690238822093542
8.537153960905258
3.4127484059815822
5.682520967215341
6.397029978523172
6.768493136510739
2.976293011514784
3.6454903026580827
11.38372825272249
7.72197779966822
5.850700398954618
2.8238038003132853
0.6584680072077406
2.049703369502349
2.541091758156669
1.8721936827786951
1.9740126741849606
9.917109457982479
2.7890430482160036
6.454017873695063
2.893617193524834
2.3598140640609606
2.9043797591303147
3.635133482085871
4.591559064112643
3.990587534908697
2.6288037009573553
1.7327986817374335
8.688233231361936
3.373575546282024
3.1474607528697476
7.298532464454712
7.435219096059787
4.970623758266242
4.84127388713358
1.855643189443519
3.13253103199668
6.859845066359962
5.470508172049304
4.313882740581411
3.309639496295707
6.9648224644773515
6.1451616629135115
5.610139472395302
6.2544422001165225
3.8271538665622002
4.3109754344075695
4.798563654395974
6.46306296076243
5.015782656293769
8.303003702978096
4.03525321519942
4.609426124038761
2.8890552207850324
3.3944862894661716
4.785506252477614
2.9764624228960526
6.144984876376348
3.5836309731099965
2.3648060043341523
6.165047287179071
8.059097943183541
4.846420497947348
3.5406571131861524
1.0584284763250746
4.984668384634205
1.2950068153478411
6.677098628371215
2.37621451880956
2.3035912370431433
4.551503826208266
2.47509483113051
6.34048216547762
3.0166677268492084
8.422759882811222
3.6321451833307354
5.902183468293496
2.914760751995693
7.604949473445928
7.004656808856217
6.9913354425651795
3.8108618464378043
9.36890964032296
7.947644203043008
4.60548783141247
7.597685001854011
4.247515467237116
2.0948918527784652
3.714640549583687
1.0796800541929112
1.7811419287295334
2.8820966040314797
2.5080378176766462
3.867509175503735
-1.4764003332187974
5.480468112619555
2.7048733500269306
2.9049816468684284
4.415347625947355
1.3806651104225658
5.03363665253004
1.3601546405216043
6.5136656583748245
3.678256559028309
7.194223871173435
5.385178383396346
2.551317589152685
5.019105970208122
5.391732115993862
5.902712731973177
3.156036336443809
3.9850924833305656
2.48947045637466
4.570555797473812
6.2223101144679385
2.7194507868618714
3.6410612393615627
3.173584655454611
2.4428813029264025
9.86525762762021
5.272714977585906
4.076624229450133
5.204767065663776
8.206933086140227
4.615826647233584
3.286595236433965
3.1662200418301554
2.2113302346532224
5.595966585275363
2.1398603547283885
3.1080422953912525
4.429187642345008
2.706464883804164
1.7319525195726326
4.323162640684075
6.868493020382729
2.756009835114834
3.258981925629354
4.826495197708774
0.575384106149503
3.3224163810813994
2.284026606420544
6.214739638839387
0.46497111026549687
4.291637689397904
2.890750257279219
-0.4025994464403253
-0.5474309350602912
0.3687351875072398
3.793612757073997
0.2963912002656759
6.339475346877613
5.638849281291229
3.872664434914965
3.777338188314815
0.6557824491620596
0.7019286373985294
4.419415157048533
2.361364323079095
5.125935394309294
3.2309842601373333
0.5917258090870472
4.050189212441711
3.6952043746969077
3.166132122495469
3.672725505461881
4.48530681862209
4.144313622551636
7.618716766292337
0.5858122684109168
3.3140661003617575
7.3538168595615225
3.021261793759345
3.2775233687717202
4.776673373297036
6.1038784459245825
3.661283758712641
8.090483853322871
4.209919563052352
1.1564719230962521
5.97302169375016
9.415315488300102
2.177210693665037
3.6705422305450734
11.75285925208895
3.3067837491454637
6.129121504862743
5.304609571834861
5.268217368916206
7.207140207101083
7.750467275755858
4.83947608960585
4.195572597314078
3.0354415090195
5.981723107754002
9.143288894952962
4.138058802866211
3.2921601818646824
4.533932839677693
5.329054153051588
5.5360861510523245
6.36612911807941
7.623542630146726
2.8557470895128487
4.992360315506139
3.6551822787331143
5.762208713274912
0.8735640310521586
6.383059477401263
8.706088658936686
5.640349225702391
3.416755623383961
10.33685595568383
1.9961547128608785
0.5358066729272928
5.50876176118788
6.008881472803742
5.252403569515359
8.19608825396819
8.704670456941352
1.553085193912143
2.473974187820841
3.6551250766766374
1.6359257239802658
1.8382078431285547
3.0773217062661224
4.2762115478482965
6.072870370320726
6.669780793681219
5.876704640994952
7.2722892661990794
10.32323193130505
3.3665712864268253
2.3510626845585394
3.7734129563228276
4.636764314499651
5.144624432225759
3.500512832198082
9.077778808295228
9.912529167303678
9.172836506411953
3.5931359720564324
5.624275321294989
7.632709076522284
5.312424668787419
2.9462917896247207
6.454850091395857
5.272419099263953
3.412738264481798
3.4452938954658485
0.9490773509702131
8.45745816831122
3.369852216348132
1.1476334052041077
4.786168400594477
4.977934595963904
4.926695606005147
9.262753227417447
2.86212316558305
2.274638129449678
4.215624362784039
6.354737514643172
3.3347438589475424
8.621099384456004
1.2342248089279808
6.969603119412938
2.9311118842213824
1.7753626263694722
3.843759714062365
2.3419415640588728
8.212720575676123
6.320581394114808
4.125172465470953
4.75580325145056
6.504168427701399
1.3860031235185521
5.595915347265383
12.464516154937346
4.733014416174803
1.9019974564551636
6.557641720292917
2.4470077406430466
5.668740289811096
8.782568384633327
4.266956787977693
1.7186484470148093
0.005246778566410822
3.3458596012002464
1.9055113976962195
7.455745824408293
6.167206680645548
6.055410462848351
4.027746486047266
3.1527419670060284
7.809865575379711
3.7037788435682426
9.155537590071873
4.346716051168523
4.7906000091679495
5.264866298291559
4.722738870879426
6.415974987510814
4.647323041874374
1.4468082383058762
3.1547721226349523
5.197310215906632
3.503249337037132
5.485672594003319
2.1758231958856435
3.4457903428256453
9.202301758683706
4.614050944509312
8.822948708216279
2.9159189695651433
3.376153722669485
5.601216808639114
2.9368861298544364
2.4045217286066154
4.08504893270384
4.55335446465253
6.149079004701925
4.734762893921937
-0.3928136925408741
4.033097533183434
4.885389416055579
2.628553765845768
10.99329626535469
3.371460247999524
5.744537940026824
5.085328675167608
3.746281938154059
9.374933061085837
7.5109718126810545
0.3468591267965248
1.6285464319259249
1.8148245599223711
7.859745094233692
4.2578893319305955
1.2402004665854751
0.8162498579666424
7.990935178153933
8.256577481997686
5.367424076640364
5.703659345471758
1.53344845196052
0.3189543585059525
0.6333037586349812
5.501656571479052
3.3253384257930794
11.29318620518538
5.360964331300624
0.5378471177671059
3.5737125151849614
9.61617963361083
5.4438007854995645
2.3756546184910965
-0.05207645833579354
5.544921154453867
2.354800639855913
0.4615818504762231
3.9754762731206057
2.299447402203556
4.832864776874155
4.062544285517404
6.060371969638157
6.698655779220974
2.114872953422966
5.13276932104697
10.52100865224206
5.952206382326271
6.567251315241073
4.582901165774479
8.316000836485806
3.385936552780254
3.087356357172901
5.19799939169588
3.2426799658566954
2.9957247208011863
4.432117485608441
4.896371349225166
5.2605411606124575
5.863346739282553
3.4028409388874477
0.8128275820625779
6.6151348498079185
1.894925885787903
6.353559552450529
0.6486227043897156
2.723347017951671
-0.8694619530754282
5.656571203832458
7.927581890042533
3.698656760843697
5.200527759523874
3.9476271302166923
4.150989906332747
5.597985397862813
1.11930325788493
1.9976386867720335
1.9714503103466148
7.421661161598431
6.724871230096167
1.1091579890557812
10.818853322995896
7.017230175637106
10.056889860407118
4.076133320665551
3.8529315718266144
3.307532978220436
9.98136470494117
10.214129533483998
7.131737187053691
0.9445196908974929
4.586671991125715
7.26400830740033
13.461383655604394
3.865828312451164
8.837692389989053
3.505693915555958
3.9855433827816213
6.083798813624953
3.823954734486241
7.90181332527035
8.410900022647512
1.8370745220041282
14.49599264092184
6.2209459357384125
5.619127719266963
5.839894111645195
2.4236919194879416
5.951824874181973
5.0954062843181624
5.018310297994181
2.1413821060233142
6.214962771583355
8.590629548492695
3.615826759803184
4.61626959587144
5.444918887764299
2.7594310469607075
4.0279658039293675
3.990092176872458
5.677892390297547
2.7977106828578124
5.741364545303466
7.769656336679811
0.11286001594823203
2.8607495593355377
0.6216601008876707
0.17030367348709563
5.071400121683171
4.206240491986533
0.9115275434540552
4.6879899534873415
3.929300267139356
0.5922455373757807
8.546413267600084
3.94655890999522
4.704959649554268
5.19091970065643
4.461241865902055
0.7107361621106847
7.099605272204775
5.4395223368957275
2.7648013491356234
2.955333672620188
3.7382976126489402
4.085445577417953
3.2336087866825767
2.4757481444997484
6.111720522845692
4.03709398892203
3.3059109681597185
5.468648292864165
7.503321766408675
0.45020908627716094
6.309377516081827
7.547949908801128
2.2174088853102214
9.537769371430157
5.637745711465321
3.033328306461689
2.90675167076762
2.68077680447536
2.971442476613829
1.797383868796677
6.145959065449844
2.7276049364046075
1.5716700746883148
1.0268084422299752
4.081350423324416
1.836798586619312
3.2064520517490305
4.1271177305587905
-0.4781847278650509
11.23475317021494
4.19391082749756
4.3732175479331055
3.852805553814057
7.794435953064712
7.192243711849426
7.444379304770048
6.258590445283133
9.34474424683365
3.4240649989929897
2.3593939695975896
4.560345583471413
4.050417914793716
7.37606472072117
7.5761014456727285
7.149539760199027
9.35581565005685
2.202836310664166
3.661863909219977
8.608012946480336
3.2175875279565997
8.718710596579651
9.010520632160054
2.34046643933706
2.914856168101271
2.383696735860465
3.9008856458064245
2.9485345351469907
4.71557445682377
2.350250865800164
6.554793309259702
10.14812116084198
2.6135771775434424
4.844320068598335
10.358318065669433
10.133398437237632
4.775529259301257
5.846751083323202
3.624946843584026
3.6190422521811163
3.408766913192655
2.3793216667484467
10.207872394946499
2.960582811585166
1.3596991079289862
7.511805477951195
5.008965779287707
6.204447978601721
7.066663773729913
6.286652739996308
2.1542600070981655
3.634134012357206
7.816748599198966
9.10261414792247
8.32245122889816
-0.4754086407137597
0.6083681494495055
1.462394721377968
-0.30926953314490346
6.219901575423439
3.2391600559877256
1.4686195510850482
5.944236041449802
8.394619551194403
1.5163381385960397
11.523114209614366
9.872184187787738
2.25550681955617
8.318320524267842
3.532314355045268
4.719336771162347
5.5689762554378275
6.444812410766954
9.983230070156015
4.675377174703992
0.9230570997731802
4.339771907652834
5.8108994642897205
3.755353817359988
2.194249649056119
2.276605570144159
4.686887715410783
2.24797342398742
3.55608714448212
7.248117828148989
7.9691076061266966
3.8677889418357823
2.2746867588496738
0.8309188259817117
4.140392858929166
2.0866323459476908
0.633095506350311
8.153370304002243
1.101942408387137
0.39714631481059326
-0.14129214993539307
3.9397719482821705
7.939654846316898
4.3340398749992595
2.606640768008928
8.472106357838731
6.404419388722407
3.6521181151151536
3.0458911393789005
4.937249214188087
6.873824184415811
2.3443742994765833
2.935426279649623
2.8246806896256897
9.351783557951098
2.617363039866885
0.5536912857747537
2.2098416759846993
7.432355769568423
8.752037695767747
5.3057817231657145
2.10920209859697
5.771920471782875
2.276455825080041
1.3514252780627074
2.672071932483321
6.757231942494772
8.096034859537658
2.800967700761849
1.624295977557451
4.354231115164147
2.865864323468215
8.78735227708371
6.855389339147364
7.242747844146191
3.8316951255152554
4.501250471510782
1.0560598671423076
5.019191507571018
7.919875806232768
3.828424373886356
0.5796788918090577
6.381661691926816
1.474840277931013
5.896148541430822
4.056428722176385
1.8941622592005896
8.98686951874936
5.122703880496244
4.991413325836078
0.8956496553448127
-0.20078138535632312
5.087869668390204
4.750383261993286
5.624330028885245
2.5974336506543247
5.269085319936104
5.956023103976926
0.7114714192813665
3.074743779928909
-0.48770914497572176
1.9462634039360518
4.5331139741260476
3.688137506822178
2.0756746781758446
5.087830781713292
9.187134394505776
7.1673359954553035
6.3273252556881445
0.23508417852693148
7.337674647836443
3.9518854515875153
6.345634933746857
8.36370409338776
2.6038432347347915
5.450069926342154
6.679114980090149
4.244983054934751
2.6705929250638687
3.073848031418641
1.6475760417703107
1.62233782855716
1.1743388574715612
7.798695834278565
0.8717758385628516
4.317941626636166
3.2668758722422737
6.267707366344709
4.353006933126453
5.007494162589119
4.252218020461923
-0.4441141039454055
3.8111728433304406
6.857699421602871
4.836607187591131
7.395470288848292
0.4311991230679761
1.1360038569719904
3.1852135873459506
5.126465752347459
8.209061625081372
4.4723134909309
3.4788851844265776
2.924727996638441
3.330195702714299
0.9973465269385836
5.4042351691858865
4.786270368959652
5.549959895046409
7.484228283868064
2.882833602865256
4.5129597851340435
0.914924003666603
5.229401832622363
6.4115065371875435
2.8000300957156936
6.789362671647034
2.280820256078819
3.73062755563431
4.957666742299929
3.765639790490022
6.5134280595882785
3.211057753089997
-0.5065675028529424
4.108106968814543
4.809733616758631
8.462764919223883
8.432922705328057
5.417006851396778
7.2021105704156945
1.227535314358216
2.6974789014536826
5.199238644868112
8.8290008457112
2.5197461678191133
4.384451555452681
4.529868482526464
7.956506725393838
4.872746250593627
6.367603494841051
11.90447541396454
5.17337426663802
6.55548757975316
2.2317901871890866
3.179259561804291
8.875619114946593
4.158608101945417
3.1214387164973365
4.307091983046681
13.954391495802225
9.62420114732409
7.549573602658252
5.6476578653092755
4.205323368113114
1.605686645067463
1.550600371070043
6.126503360673523
3.2612841985668837
1.2007646240320935
0.8733622207992942
3.650174385750698
10.146931121802542
0.8179377321680711
1.2758401999760194
0.4712587819375549
4.8358100318250195
1.36250265263803
1.322719030187428
4.304079878388384
4.408719229566912
1.9859616327353997
4.163201678550761
5.661421676959556
-0.16338689235373471
10.496278409250747
-0.41965678937357315
1.3910379378044453
5.291972136034809
1.3312506766955365
2.311226902144878
1.5125535193725297
2.3666259132987038
1.3603611896448062
4.112088975770295
6.563291822603219
4.354907049168113
4.070143252835955
4.644928638566908
2.932179252270258
10.763965702305596
6.162954408572795
4.084401325007612
7.139286232016049
5.569898254626747
13.181829590047338
5.278994726893487
5.227904154251641
5.407480439879842
5.824395343478898
4.631140223353308
4.8293944961327435
6.918954960602795
7.978004129056415
6.847900170464403
9.210322716399642
4.067194042660757
1.0204879349753848
3.682050643180864
0.2719124817112169
6.1158368332716275
0.5638890391445626
5.678720225913532
2.8108566203548113
7.400237758543913
6.429722376226444
3.1126940551149884
2.640172394471242
0.7722549001309151
2.8093136482981858
1.8105066053664336
3.9729065848188236
4.265585666879281
7.33159277748772
1.8547678314957203
5.956380932817073
2.4854217566997017
4.59695484389334
3.995631224880327
4.257607926351053
2.5490386479944487
5.674546931783345
4.22938147809068
5.992829428166482
6.494586512361792
3.8452000313056165
6.560815072731916
3.5288996465653946
6.955746344370276
7.9554121453891025
6.116254780550447
7.886403137558101
3.6297593597293893
3.0317822824916685
9.315835884545695
4.262866600265186
2.8309631640870587
2.279634205879921
4.570099575995669
1.019967536506726
5.930497861756036
0.34134781335034553
4.703267697609295
5.689927832061485
-0.3083651925373018
0.07023299960275758
1.5954965544640303
6.509990489325514
1.5098693224312063
3.6178863508839014
3.5897907182360393
1.999750328736464
1.6866802384862112
-0.04747664835551388
4.935288888017306
5.015792296435719
4.19165421511582
5.1606752503580795
2.809005789811261
5.508316854188764
4.033891601417277
5.412734224971148
7.5761487083071755
5.58203366600064
5.7660633798887275
3.5108375379162577
1.6794019019231543
6.839929931992272
4.775889553233726
8.261221286233763
8.40185288756752
5.621827062780056
2.1486591682837966
7.5517952366101575
5.3604622738842815
6.242548680287693
5.559582953023576
7.2553568704086615
7.358533643462757
3.5844778477284494
6.09663394493376
7.853424098184129
3.1420825346576624
8.241898320109136
4.848505211071389
4.013427598223379
10.015489291811036
11.736516069080388
1.1368911835226434
1.524351674284293
4.004675239653143
4.394904984190315
5.4550458985669685
8.32981572950963
2.2121208253386015
6.183779835801083
3.927993823501318
2.7336210990175953
2.210195218649666
4.354723804177471
3.2341295101913046
3.130803093864013
4.680074674477862
4.194999923312212
6.705230155635217
6.817398031059486
0.5491210857375481
5.937857815153786
6.2189296910775465
2.6735759718356618
5.427048421945949
6.744122841714018
8.194209438344073
4.105199827352235
5.803378869158492
3.6992808668006756
3.8667031704515167
4.238898484757048
2.913656579380461
8.616476088388092
2.66756498815147
4.989044721688838
6.123037397054832
3.907411336313494
1.5935208654247432
7.072408169696537
9.57773030450174
5.224758427647661
8.608876103410479
7.055587461154634
9.941231248618175
9.829778124550138
3.6160953454621736
5.3930944433744745
3.6230054732867556
7.481416366587352
2.966474420230234
7.024875885236512
2.5419185671850917
3.3565850034019897
7.91815604185923
2.569868468755405
1.7005968144268393
7.752819528150524
4.265120716967219
3.765185842947001
6.822089158081766
1.205329793005469
6.742424809654409
5.543630752853868
5.386908207693364
1.2590796178153782
5.225860504149304
7.327675085311973
3.3851677815193284
3.2434427966723396
4.156023448606144
3.5221104275810395
1.31121481704756
2.8046845961041336
3.2915005024292694
10.522229408690745
1.531304036627335
3.8813115951361934
7.0027141413761385
5.878497847976658
4.290687625667262
6.132666590420259
5.95832242861744
2.5085577511190826
5.029522680296476
0.16166750805753094
8.008803221316061
7.887299919415345
3.3983379248875027
1.7629769300384315
13.266652803674528
3.0272117755494845
4.5829962464477125
6.811746161855584
5.159118690889486
3.6130809873739573
2.1965080900336713
1.0011729488066048
4.973812630155267
7.310024247121714
3.2447979235821798
2.0066126413531413
7.010064340326396
10.309337456088564
1.910530949939692
3.03082474291877
8.372665281161815
3.1200073532747945
0.9472039320379995
1.5457132311517967
4.1314718546346665
9.123330330251983
4.133005852005553
0.5836913411160725
2.268619919570545
1.713917450340006
7.18776950538779
5.632456877588961
3.06570085667481
6.130039468389329
3.4709463317174567
5.386584252910932
3.4741457763175063
7.7474589564360725
5.203597072651104
1.8587303795334047
5.421445142023595
3.0467185119798845
3.0912147515259565
5.224031890169743
5.765314796728822
6.3961125594406685
3.101779641899451
4.616947159281211
3.3752746996553746
0.5860888913007414
4.62055081646198
0.11892636589666927
5.370683608170015
5.471209729717302
0.90058458156553
2.5873885387066453
6.592691545560868
5.241702397412933
3.9678818600213006
3.046497600491546
4.17030702279783
7.452362456447935
4.085658834284779
7.251739909987078
6.677254274040388
10.3285530938524
6.167785359078265
4.8695392056597475
4.9184933097748855
3.1178429115782818
4.747492530951938
3.8860465278995218
7.938677761583513
-0.9072022168144159
4.454983612717657
-0.5789659226149296
4.911851089285762
4.2689647538413915
5.628368014022346
2.7776409484307463
3.236584333691492
7.558925114223502
4.941988402084011
9.45548225118361
4.715528433148376
2.999287047117563
2.308562264578736
4.710870742671467
4.216012566685148
4.884822484390734
8.682491549691493
11.7692817994325
2.136566592489333
4.371583787267468
4.377579526417317
2.8958542785311754
-1.1129480313621487
3.162141000751993
8.474645172060757
10.211474389201994
2.5481287093155878
6.827188462027156
4.15064954507113
0.8341039163741676
1.235613714916074
2.5409395269741197
1.5507284297373387
5.187337306550251
7.550228979683015
3.2970174090923394
2.7678455990152777
6.942759916169665
3.773590945433328
2.0006075186160808
3.5770820679500415
2.2492476745711
4.747673190998194
4.295060650265992
2.78458084096202
4.204175323070651
3.1568614763405725
1.3251345795314808
2.817729477676055
3.4814654766207855
2.770428147244814
6.76388663473664
7.835376868861091
6.141526133203318
4.828769990107675
2.662664921922543
7.411632054842903
0.9060364090844907
3.0410782525134876
9.910793668366752
4.299715865154477
5.23312519950911
2.2429068849503415
8.010991672544336
5.448394127000199
1.8589750006534
1.9347031478238184
4.302737232001996
5.494978132644654
-1.1569140931665907
1.8460816109851697
5.792425741254518
4.3926426408307115
5.551846674204169
11.418579900576777
9.55708246894783
3.848146051266443
4.435850967437805
2.033513146383565
-0.02458251596002603
5.990309496211551
2.599382000409576
7.856469781052274
-0.6243787990835119
2.6861627125073992
6.995675409614123
0.7694936713786222
3.328473886259607
1.9157476763081274
4.33670360402157
0.6314480791017072
6.083367236106829
3.5201965220490314
2.9398668652464024
3.828220353745375
0.6591999977378107
2.9499615623889115
5.959433276543706
0.8380794421728996
7.474226718662745
1.938907017604309
3.9974308501125546
3.521999370546238
3.0929920761245704
3.152678603975901
3.0284518679056474
2.559260717558252
3.8417852983661667
7.245150078259769
0.6250480730203106
1.7304681976105898
5.320638182170582
6.570072517065597
0.9584417943677193
-0.6952653911156595
1.4958106210099649
11.51071618720048
8.002124529964412
1.6082046247421637
6.579221932288662
5.552759302231994
3.5039064002435674
0.5573605068560172
4.162311039811223
5.505992127146608
1.676646114251621
4.138138631149938
4.0926129853018995
8.169860602343892
4.146328328291653
4.410116536387279
11.762316861564036
2.7358726435542238
3.5514064914963996
1.2100217666746884
7.38377657219475
6.424800936819397
1.7494828985696782
7.13313401453306
4.308998143528239
2.115401038372483
1.315048579568827
5.036061040223698
5.440508707830239
5.89425427414456
2.8162136172827554
10.165756318711143
7.532025520099011
2.9365188639195154
8.330260124329069
6.890176154925681
7.519235545043109
7.801041354387116
0.40016519842268594
2.688118870045645
6.002244294037611
10.565951996588215
5.611569098312233
2.766836390789987
1.745188819455352
7.07933587129773
4.563272231199832
3.37720463890128
1.9169819494992049
2.0373827674947322
4.458556225262682
4.904530430147039
4.674284762773056
3.6817618164368375
3.4320276745943064
13.783064684173393
3.9766650037579927
6.909857927537438
5.704384333034952
6.3899678169002385
4.172976456838802
6.837778026231035
4.615280008832988
1.3619835329774728
-0.29105157312761143
7.832959547042
5.649028012195445
2.591502930459523
4.023504185129884
6.883892297771678
3.1015503212164113
1.8062438854652387
2.6155479861665
0.2701861967046609
3.8131585981109897
2.1622899220476817
6.244659678343951
4.198199626914441
1.7428346046451246
3.7012181425184596
0.6666171544659913
3.3089850692817095
5.398588676982496
2.556423404439933
6.47066692606248
4.622576592867501
3.7707732734998776
5.9937764328644505
4.14685301287897
2.8581380382304014
3.923100440729248
6.17183885966094
5.010192523322374
4.172026249531571
4.294780243744474
8.700968536034237
1.7364365296849429
6.7653087373061656
4.037786837953879
10.498092575148677
6.414286292571048
4.953322407895529
5.317781500868988
1.9186606562309203
1.841597938890297
3.6647545634546432
4.645523550908811
5.3766551460178515
15.131649507681242
4.468665417345014
4.925237758261411
1.707214894888373
2.700013287016425
7.48496475811197
3.3904000731739115
8.106632185907094
2.08039286250437
4.661776330577573
6.1336192095787645
4.648103080307436
0.10097113793505358
4.2386410881719945
1.5049712041560044
7.206552532540275
4.203966026662153
9.370499795525284
5.702262892283755
7.145914665236351
5.711645226704663
8.834861287452021
8.507094644687145
5.454262830323064
0.8553879548190265
5.88466315748901
3.4911265535679075
1.8619206215341693
3.5339459931778303
1.6421492835849185
2.777732056189609
4.2445453771759905
4.4911547492860615
4.159721284264631
8.840673512244011
2.2298004871573234
0.8966650564055012
6.318355257727605
3.5765852557423825
2.0843430433054566
1.568774331123381
4.575768419648756
1.6439113115799735
2.1833832367930635
2.9626898554015066
7.871190857713811
2.2808242621364876
3.921279897797282
9.293564232388867
5.73924506464436
0.37508095424055565
2.5824164263818563
5.090144426622756
3.696641139332656
6.225583095873914
3.305548340844235
2.4643199371579816
3.386255604166759
7.148988814863957
5.679024323242469
3.583807794445009
1.9161164320750388
6.564506895587231
2.7274146849954763
6.12995620400003
2.2601194108525235
5.94932299508592
2.862464107571154
3.9776610592597987
5.869853434860646
7.589114274299316
3.657894460795349
6.047344141453262
1.5132880259294932
3.6257219239490497
4.157897122345332
1.9614660477971764
2.8981788283655385
6.4485573213916485
1.8126111583397868
5.827800848194922
5.587193312224774
10.93177608384553
10.906709106414382
6.384249578587697
6.348747388445678
5.9187376700215175
4.977368852024408
1.4836902839542925
4.025919954410016
5.304431335906313
10.241427770160348
8.878370291687098
1.4890016086828033
4.049294305292124
9.640280196108211
7.323286208840269
0.3115225811277491
3.7627671810069665
1.1549813474901143
2.2349009969849627
4.172827206238434
8.57601254170341
7.572646905104455
6.929700688998404
3.344688414746704
2.045268924560127
9.310279925766338
4.443557104068462
2.355873980953897
3.608309573712907
2.8760604228718725
5.247956743027592
3.8370171674923714
2.3580503607819483
3.1055722182019343
4.961911490451735
0.7380619347632413
2.153009558467993
3.822103090194341
4.374476116798348
2.756441524898257
3.3996692095070857
3.9105000247769808
2.9515594676114607
1.6730499456809986
6.720480120280988
1.2845894707893515
3.1351670593154677
2.9728519578586448
4.134170572374224
0.1937759636542692
0.6298485647617449
8.279803997380018
-0.14873534683523182
2.861193602715134
-0.5762188404194476
7.463704168996203
-0.6354848069139886
3.4066014136660363
2.518252248109876
4.043551156805715
1.541436858123169
6.553509107549265
1.3212333366370534
3.7130545061217584
7.394537644121965
2.79008913574086
9.336813675084292
1.8773923392378156
-0.10023296159626716
5.504183832739539
-0.09305880100762187
4.6325870217911485
1.8405323847139916
1.7258541483021554
2.0103608812193565
4.4759624874999195
4.032987891950695
3.8249870399808668
4.705369882888837
1.3236166696005716
1.3631561786386859
3.4769735801163097
9.06290135975545
8.561830296078533
3.1727805172842056
11.028641680731969
3.2781494609967505
5.51542285442796
6.914366309984064
6.111129546352576
10.498867739903194
2.5945674780396755
4.269532629140193
1.723548671171898
3.706587222357764
4.691836175226904
2.7917284605732298
6.131774296512598
6.613434815472067
7.59346337447921
8.077252584912237
4.154900345986096
5.303303523002538
4.653875123393858
2.934091497246203
10.031365392455527
4.350336168348296
1.5128100240284694
2.86924170472941
2.542951762757032
3.9982293627443406
5.13502111369707
0.8953184781603286
2.136221246664171
3.1114295698049124
2.3515984524885454
3.9727664669766254
9.032545406788255
8.814800606017842
3.9409809132233984
3.7201561332338438
3.90915313871714
4.091213697413771
2.495299367908381
0.7951942165037128
4.980402906593019
5.5544097259705225
6.247972984161226
5.87328395057635
2.975428658861947
7.231174926223773
3.385135964308618
7.186406618388992
9.99353526507084
9.889055414798207
1.3919917728953082
8.703076679315004
8.92722223353434
7.461899232453378
5.514865701961817
5.176152761643489
6.300288172155021
6.569034927848217
4.722914366806153
7.773637056901032
9.157074763365761
3.0118071948580436
1.6249765641748097
2.6798318732385096
3.0725648060207096
5.3083641416842315
2.3388173559474046
8.02255419361413
7.980236050304049
4.423743620082053
1.3276828314941918
1.4212152909407578
7.981710234883576
4.042245981881682
0.8534290035126817
0.9315200561989885
5.929058541173561
3.0645487453844815
7.840189324729365
7.1752014187348445
4.450973755990472
9.321818830382002
3.558524054729581
5.961083194429803
3.820739213759408
3.8881166675034073
2.76349047658139
2.205357098810132
6.582871503267663
2.3359732944779146
3.8322014559548836
0.7076243562737113
7.305345157754346
3.1950068257334308
8.595499363328225
7.330495827511869
5.372587351796848
7.493097061991672
0.655063235727873
4.532069107150368
8.473829314110604
2.4744798832975685
3.740329254576368
1.150841764548936
1.0157010946614906
4.756993675295206
2.598062872861539
6.271917271851444
5.344617852665374
4.826086360919381
3.2640979507844
7.347647832090116
4.340194224514786
1.9861159548611598
7.057168530607822
4.525086987379555
10.77227272502442
2.265746381326668
2.172770143481535
3.8211522034869883
3.671529990353915
2.4036894229871475
2.880586600577324
3.0991476521373125
4.214133184928183
2.649937020233769
3.9848402309603577
6.095344755435029
3.862612961512005
6.783216692104412
3.673162764372608
2.6663071122240787
2.3254392490284754
1.3508582278641676
4.775027440023071
3.395132390712518
2.1028057019383293
3.0005085619340135
5.8718452888769725
1.8488138639408016
3.6859425262801433
9.418352530756438
3.7080724590035996
3.8033327656705826
4.723144958438694
5.782820046209596
4.430560718300484
3.7389296407514525
4.949299245749551
3.570746087119355
3.7897946931025506
7.109851637411492
3.8116398408184278
2.336999517233905
3.65488748365403
3.2561939714848207
2.1069524665694606
3.069725842701421
-0.4502937292628624
6.54971302005105
3.102949972730892
1.2173441529431916
8.253640832401539
3.5473797701050938
7.481701531483255
0.5620841018539404
1.5607088384385512
4.12459263722026
6.690497021553777
2.818198005184577
11.517896477059052
5.677021325395861
6.593989335552317
16.052547228674545
3.9805723383338707
5.178712971585356
7.974566674365773
5.9548791968803485
2.2392417830341484
2.753454149678757
6.580674620609873
2.0739880065835585
7.670375776196597
3.868660978625761
6.037042542646077
9.07452984419544
4.559270886321714
5.450861067722322
2.7981583157888688
2.3575241687432484
4.135532926148891
-1.307185237737083
4.79894166896548
4.1526799858172465
7.923161819751716
2.172793230371699
2.0333487663879293
5.592630398915366
4.59037970018179
5.222292038118927
2.0558398646264475
7.433183177277019
9.039300777056178
0.41784415091024746
1.8065720566334493
6.520046103399322
3.2903718057131623
7.646961777919923
0.83076129122481
2.3804883454835553
2.470427889197916
4.360750740970207
2.8447276276030022
3.5328126768510657
6.371953179571545
3.929616702400377
4.884232027313017
3.236444858953798
6.030974151287906
6.51359055279921
4.331210411801127
1.337536134591016
4.058747772989218
5.748019401212285
1.7716602832758654
1.6222095685058897
10.233820665774452
4.985789333866585
1.551714052975747
0.3208390471467165
6.167877693530314
10.56463623289303
4.812904095701415
5.404832274260789
4.247937108889021
3.1191076360090717
7.464530330658532
4.893588993930674
9.911361699383455
8.521757472625781
1.795656184039197
3.0173843940426415
5.77050696634023
3.6066749151066846
8.400498013488223
0.46524525044279674
5.299739144806428
2.601138256921244
5.417037829438008
1.8433826514839868
2.2464044346621153
8.867354237412924
1.8613305999638183
3.0512992984990026
0.8976417651324252
13.746917632650868
4.17682228765466
1.2356235475601918
2.38159378039312
7.236483701313792
8.768460124647698
6.235443803666
8.72298708550201
2.4643825711125715
8.573652008007869
4.028688676494795
3.5948717313863656
5.491125361022767
1.362531609941818
-0.3418786411624365
4.37194998849418
1.4859117051590052
2.923652829499155
8.720290805487062
4.301820738004224
1.3580752269268592
6.499666600432486
1.3815650458359519
2.691745041168832
5.665897459196805
2.8955966466662297
2.619729125289557
2.682033893796853
3.501383360736427
0.7845527703493061
1.8757882519009905
9.230661287171241
5.2061605929757455
5.774625501883086
8.935789523345804
9.174257582272363
3.7722744934816577
4.858036925425659
4.033730691618804
3.8968078761633382
2.5098595216186075
3.7404681976011327
4.820901362380278
5.5033708700945745
5.379048153889347
7.235706579283345
1.4844430782712204
6.372945397901128
6.099424596051969
0.278058437411922
5.563552417497337
5.357275090273943
5.2880812627013
2.412972127871434
-0.18983164204976927
4.036281335969938
1.277307161329491
1.5355972949059844
3.5852888997298025
6.056174205776049
5.950953527445002
3.52269504897036
4.196878813021498
1.8940850146983914
1.0997744847006932
4.672378554903751
8.250368472056643
1.9582445194456328
-0.7906290915486602
1.5122580742474314
2.876375978313296
2.5156790317863544
1.7122186225326015
2.1484930512177116
5.854464074111526
4.835096775338575
0.7385620737088445
6.970010075810661
1.8567016119209754
0.1738700384141046
2.494320624874347
1.5725600689857842
0.44504757647393733
9.102914641780615
6.522737089231892
1.9138983150983158
0.7271965504922666
5.180164892502338
10.475612227011835
6.957739485493188
2.9695667080802854
4.933929465891344
11.403547865989916
4.0128665190121495
7.769854717078975
4.543485297753238
6.248160530886068
4.777512248353035
4.003096622369244
2.6533151794373886
7.537174829220058
6.113431593371667
3.0208876569446206
13.932271137776056
2.4257083285070284
7.718676704746814
14.285084397511707
2.635253985041127
9.76894517937642
6.090788574557895
5.668302879292437
1.843720904417161
15.899040386027254
3.027784408139167
3.7196308540975607
3.048953123844761
6.122142511767774
4.451295931015708
3.249374516809575
4.938971729948982
2.244343694230703
4.240306447365416
5.376386623602435
5.075958552439889
3.159385906244286
4.843244754193318
1.6977864111902332
2.4439751977124233
8.23193147488371
5.518246554411956
0.2305245395983957
1.0322699214083704
0.30647986317170817
5.473966817763166
1.2215499311351117
4.816376423662343
3.183845332760743
8.319755995734258
7.727950463604832
8.39274517938314
3.181091269671303
4.164310302887379
-0.8707989701982907
3.812205433035427
1.2396054985798872
1.8194701500133357
8.171396273004158
4.5222942888631845
2.1421088673822584
3.387434946645232
1.468016685925023
1.2096664609063064
9.109697414370501
4.2730165408316685
4.037049725573559
1.3421607718543986
6.312769731947032
2.380410027046218
5.876170185976259
1.8791171180646753
3.9879382913470387
4.112946541042455
1.39939829845232
0.761374599239343
5.084249296600037
4.399333656142819
4.490356477142751
0.38722631830956583
6.863611575011764
2.799474772810701
6.467831943140944
1.9773758247348079
0.6777778396448007
6.227159756634902
