0.46273528481058324
-4.499631238381775
-5.540208066797295
-3.5330940903158634
-7.6418547967828205
-8.824963835820984
-6.312088536031167
-8.65206611421406
-9.58275687525614
-10.654980454940342
-6.8679936080161506
-9.236663700224577
-7.27906302952128
-11.31390631956941
-9.224444616763048
-10.236413716517056
-10.039528882650309
-11.720376628516389
-9.381229412177618
-10.696810762463608
-8.463427535917123
-8.871657930187258
-8.764560636670243
-8.689433350602936
-7.967800914399964
-6.325588264729841
-6.092060357615831
-5.538303627569327
-4.672512313157647
-6.395225103942794
-0.7222380460115656
-5.696110071413129
-6.147265556904619
-4.161092689668908
-3.0325282961648563
-2.7277448507676505
-3.2946677618938947
-5.475559508642102
-7.610868016157915
-4.369527613056867
-6.426392432959589
-7.793717405661651
-7.65473184956114
-5.95266191970819
-7.01218367580332
-6.619623380180064
-7.734788522654433
-7.352337958232921
-6.6583519631860675
-8.632825474175894
-5.2665617896238635
-8.1176828795729
-7.427955608930301
-9.07426605793735
-8.138663836605408
-7.557833248656928
-8.406804411510109
-7.84747793916153
-5.721854446801128
-7.0012116375743
-5.648401718066005
-6.280043144381247
-3.1417406789175146
-8.299120168884798
-1.2122461116323746
-2.086674910729346
-1.6187552350999306
-3.2103152252304334
-4.247535711619503
-7.982823511257978
-6.530012103748104
-8.059035958625039
-9.913967958890995
-7.541083099182911
-8.281558764145814
-8.602918704024855
-5.909465873308977
-7.983337855549319
-10.446343756544042
-8.620563910251352
-8.37914855064136
-7.7526713146199375
-4.180787777625531
-6.494374643107429
-7.579875660140006
-5.6830242940954765
-10.449165302281386
-10.134941186117082
-8.72837120430184
-4.903783275519454
-4.272822716557947
-9.617340833865782
-9.768196387201453
-10.84939329184467
-5.771687704952274
-7.824203278726858
-10.108379816134025
-9.6213319737551
-6.867777999035772
-6.98944406893178
-8.629994230817267
-6.644344307979058
-8.04025357635618
-4.997191779336793
-3.5345740918715722
-9.791955442359653
-7.233034968344545
-2.1526026529733486
-9.81310311435239
-9.528857693716096
-11.245636737874955
-10.166539125898058
-6.794277865504074
-6.524700038448749
-8.688853719655604
-8.516921090567303
-6.211102525892375
-5.2509325378801615
-6.733683064546774
-6.349240549821352
-6.372726215620284
-6.318292285032883
-7.758913425620344
-6.197970861401732
-6.84883707608069
-8.58352071964551
-1.6873147324388473
-3.425969880051518
-4.177389899523901
-5.727912024140692
-1.8150787380492053
-4.500008074097794
-5.230663184988276
-4.907396595374553
-5.33032587003412
-5.506866729994274
-6.634007951386673
-6.5553830125270265
-5.205380902544789
-7.56674142586392
0.5186605274263993
-5.602171372119043
-5.543630154218939
-3.480076600768043
-6.2732116893211485
-6.128346324991445
-5.850187187314159
-5.954054517859927
-5.5114407411214215
-6.505961627046358
-7.8117451176009505
-0.6585588377480692
-0.6408757216549075
-1.8243485340134764
-3.166897535856985
-8.899921427588568
-11.35456110507175
-6.134265388768501
-5.286974493311304
-6.766652489743474
-5.671020164316605
-5.11183881785449
-2.3896657229859275
-4.572743757447413
-3.76054175182272
-7.221799289952775
-3.310845000461309
-4.217759371698724
-5.180876240331776
-4.3203092797001155
-5.85967923377506
-4.670110497240472
-6.3713723140991085
-3.1467504251285683
-4.017817187676271
-9.247306504196741
-6.265547563177335
-4.893350379049428
-4.842792638002765
-4.518520708525214
-4.66885628847621
-6.041587339978754
-7.321830102481117
-6.802308651958099
-4.452573074087365
-6.069101474172105
-4.883130981880416
-4.134955508652197
-2.136241887169957
-2.031574685111308
-5.932791419222067
-2.040434387359238
-1.3834523137030095
-5.041304939799994
-5.444552094085972
-2.5250136702688115
-4.7686708648244585
-7.392249017784636
-5.275017798160713
-5.004496000258727
-6.107118208727837
-6.3954663284879585
-6.787488735486155
-5.13179886587775
-6.077936293904554
-6.679945480079066
-6.385224260606621
-6.912437521360468
-5.35468812309643
-6.299628087391532
-6.482332237971658
-6.4890875242487995
-4.1130632220936105
-7.298171905945904
-7.338539307036306
-7.44669186399404
-6.640509613355299
-5.771044039197075
-6.646119951551956
-7.933447788899693
-6.079124733654034
-3.992538694329069
-4.7496098233777975
-6.448183704843136
-5.722557440444701
-4.228995620009212
-5.401477736804937
-6.974977454009412
-6.353552038450125
-4.439552575611323
-7.307215287805974
-6.501611094000928
-7.421311876027151
-5.957051955496067
-5.7591840280586215
-6.683359468093334
-3.5375050389189577
-8.005690120507401
-5.700647393232487
-8.070697423490882
-5.366768334168841
-4.436301899096027
-3.729244302905312
-5.737359639062624
-5.08875031912587
-6.142868313902895
-6.178747073411464
-4.609058648019852
-8.06317098680743
-5.881676514183562
-2.391461030675287
-9.110308249599221
-8.207389653275039
-5.744516338959846
-6.88402134317658
-9.233179366073985
-3.841611914453302
-2.7324875310716723
-8.422391025504208
-5.886853248439687
-3.548660319442569
-6.015963483214232
-3.0324048668318815
-5.544469862609439
-7.629512420128598
-2.7250400146441516
-8.441009010852161
-9.968472120940218
-7.601793609889002
-8.214734020912559
-8.610409849749386
-3.9597475428373725
-3.040635318856368
-1.2348771640719192
-4.175687781672462
-2.613280742009713
-0.6611610046206031
0.9538821036831604
-4.9921663101108225
-6.589461351752902
-5.06612414158669
-8.115343891409886
-5.939831778966318
-5.743542501383581
-6.198811806718465
-7.42891171048749
-6.91839792516776
-9.645331436949391
-10.105778348723309
-7.41748071407937
-8.27873286381487
-5.590736315137723
-10.062678006775272
-9.335353077050687
-8.766600250095506
-7.441155880711823
-8.592955126821273
-7.621781252210914
-8.801220881308478
-7.1394918130993235
-7.796127566033844
-7.677870979594326
-10.247224211572894
-6.885175539762573
-1.8752899861990042
-6.000785940107915
-4.265070026959384
-6.149397048204231
-5.807510414348067
-5.963822210038675
-5.69112309144394
-6.327087191299033
-4.572893820795677
-6.902541997852179
-3.9147855440792036
-7.534815149101515
-4.621768756034813
-6.015514659358211
-8.839576741190905
-1.7610455586897422
-7.596652976988115
-5.806395745150574
-7.665697167767587
-7.150221504081204
-5.88853116345707
-4.541525719682516
-5.079171775102271
-4.74389702756707
-10.537323640143061
-7.133343488078366
-9.669746460906953
-7.605016079125315
-7.508278902530201
-5.806037262345335
-3.8876923656199436
-6.1020059396863555
-5.993845000688979
-7.789608722514262
-4.016765428984087
-9.797399928235993
-8.144354507999232
-8.530007385148222
-9.14255757422918
-7.785056300352396
-10.140313628190176
-9.399283947016206
-11.48619270443929
-9.121099980725651
-6.507238480218586
-4.2017407428124915
-8.19470174576595
-8.427295223872372
-8.202273210046458
-9.397747922262571
-5.721598817777306
-7.451854613938232
-7.042702452123082
-5.989651302883304
-4.169003772261002
-7.785426788962818
-5.144160336356596
-5.9436065017821855
-8.433235418600347
-6.358073213205239
-8.574541610106278
-8.5666666564798
-8.363045595415935
-7.225254316473368
-6.705431119360688
-4.999285688522669
-5.608065159992972
-5.176183190943797
-10.821138010742514
-8.255285538637738
-6.249701793660006
-8.556520297764955
-7.705634919208818
-7.159691130030865
-6.3302003971522645
-6.304927369576401
-5.708991715143916
-8.605114278647182
-9.940377855839175
-7.959620796957482
-5.750380105645685
-11.66743108787783
-7.5933101453920315
-8.578060562180642
-9.556526240389347
-7.991217708229723
-6.746536018287093
-11.183844779267815
-9.414103008284346
-9.372804405017579
-5.549513807834503
-6.970775347621315
-6.112548229365046
-9.600046792458805
-8.001766381609627
-7.521069898505825
-8.337082236959635
-7.177796194641553
-5.790796864874411
-0.7212531076355813
-3.538569843656118
-4.819294118963495
-6.105939916687814
-6.623691614540492
-5.593554794281386
-7.657323126892152
-5.751164313016099
-6.75605345209618
-5.471167179413629
-6.076812555071538
-9.663321657123696
-9.158440719470127
-9.993539329778127
-6.430115600762382
-5.034121444038226
-1.725805199347543
-5.2301060196768665
-5.744081263480934
-8.793682364678151
-6.61810663355353
-7.811407698263121
-8.127669849834314
-9.569660435678273
-9.202796815450988
-8.707847935599467
-7.137854530439862
-8.965278974675634
-8.092358785989246
-6.709208741107246
-6.633790540400181
-7.502879882801247
-5.894649285569187
-3.352449690971361
-8.562697196156744
-7.498827698644515
-7.110567337257152
-4.793930514570669
-5.439700104135023
-5.674880285279113
-5.934656903942168
-3.2111345669594726
-6.046885462564405
-3.4715849884369505
-6.505227218188217
-5.652789456704727
-5.301960133504844
-3.6995488780280468
-2.7635337318634328
-2.849908973920292
-4.074121684126447
-7.63309588141193
-8.160474737778205
-7.441921901792636
-9.472245206286182
-9.268676183286997
-10.231456183045054
-7.062260064353271
-4.583765822343331
-7.165300743486908
-6.428996925266571
-4.890622449625081
-5.00848179573549
-7.030051175003562
-9.746357654595666
-10.989583823628424
-10.802409704756602
-9.35325597750698
-12.376098002685609
-7.995132131236408
-9.741736194665545
-6.655881438883735
-7.195458716629515
-9.843967239069697
-6.573354263937952
-7.590698230060752
-6.386089018830004
-6.555797422235964
-6.209252805382607
-8.757779452177898
-7.283699606956497
-7.269759654469104
-6.123291998946734
-7.778611237317931
-5.5568167525109695
-7.708115484358058
-6.4002641027409926
-3.9436503943163093
-5.859858408798244
-4.777910458258818
-2.994944315602395
-3.934438150146146
-5.998235886902278
-6.422321745675617
-5.983147136599543
-7.866778488536209
-5.414664773518769
-2.3763194716938396
-3.758598681919987
-7.729228576046917
-5.318572203127568
-9.928460683080196
-6.151516373246331
-6.689648971922506
-6.841213614761988
-5.61486234787181
-8.548332928963042
-4.145382175000893
-4.3186667548569035
-4.821915013526083
-5.324048662334791
-7.509088450893074
-5.086936202123238
-6.354224138506603
-3.252062199764098
-5.650254856237729
-4.670857063575138
-5.681498199079671
-5.773557270501399
-8.006153652281338
-7.353952398345099
-5.803695763901077
-7.838021630226921
-4.547477213752607
-6.941421856171942
-5.174636571345798
-7.564392558286561
-6.808286432500055
-8.018202479949112
-6.633677994493649
-9.713993225947908
-4.017160028498772
-6.077027961415562
-7.995496020054359
-8.66045144760395
-7.0296444880391675
-7.900843847981796
-6.134404176981309
-3.3532381152395248
-5.210022506860059
-5.787114558652327
-7.363623012343912
-6.918049124726922
-8.712569025521965
-8.634952787524398
-6.600379968208426
-7.130985423185577
-5.57788792549942
-4.883104087268101
-7.210649231068985
-6.4425107552000895
-7.9175425902740315
-3.6740294436372647
-7.385292794550896
-8.031724011662458
-5.279042078901201
-7.217297037856072
-7.123317353514715
-4.3304987286879095
-4.849154286988872
-6.566996944509392
-8.995943725263208
-5.6536355790956785
-6.828024367012365
-3.1192213509029614
-6.077757119707202
-7.37690284043613
-6.081673341074644
-7.078343650138578
-6.08064848568601
-4.184164624688277
-4.9566575780810895
-1.7205897922316384
-7.625641550443924
-6.688880027376217
-7.01142822542337
-3.6873751591704407
-3.8997595281957675
-8.011379074153231
-5.086942620830516
-8.181369533168851
-4.9056717834467305
-6.2043875532223325
-6.4247083598206425
-2.9010530964973316
-6.9717997635160796
-5.334959625303095
-4.96227220098345
-5.467992199016691
-3.734568837761836
-4.605156018123175
-6.473868899726164
-4.165088663059319
-6.047103314115093
-5.325787322998972
-6.69497422518296
-4.618936830114011
-7.078165081501036
-5.5861905149848265
-7.638362982881771
-7.479131274464059
-3.8575647434793914
-6.246372405093898
-7.734955344632334
-4.237629321204763
-4.737554234173621
-3.6547856852376395
-8.126658335595438
-6.469627377373962
-6.382276623801863
-9.295965274675144
-7.908990105797404
-7.396454284174202
-3.496863103838611
-8.430050107761009
-6.785800504316874
-5.6236953868679596
-7.1656722794259196
-7.817444991043994
-4.197422879321611
-7.206735512259627
-8.103347631978009
-6.984265902062195
-6.3425816910822626
-7.358524059057751
-6.208128032314924
-4.8913555754924065
-4.610437988043957
-6.127122946805486
-8.391657722585833
-6.5743146458007145
-8.274557303166551
-5.478602288031001
-8.164656316685916
-7.040628108937375
-7.634632817319249
-9.008786451669184
-9.087327430816115
-6.642227905993159
-3.507436528867943
-5.087033601066613
-6.290015974708552
-7.1648113973988
-8.11024947065654
-5.83184689053884
-8.004415181928469
-7.276574339004372
-7.340067690066437
-7.558150805568273
-8.351953189111846
-7.893708719442653
-7.646296079472871
-6.948379556301136
-6.332666843207257
-3.9933759052784086
-6.9016012844928625
-9.092950455054936
-5.754459220487966
-7.04181525961021
-7.682109123919431
-7.422555389148142
-8.546342799719753
-3.759096451161635
-6.528104811507344
-0.2588762822170514
-6.006242499731685
-2.0396492606966588
-4.541997039376343
-6.7655090377721105
-4.529197724642037
-6.651911855178494
-3.0896853226188146
-6.828728520118553
-6.996435127328084
-6.734388830914194
-5.7017802710488334
-6.596518053233145
-6.322462919736736
-6.490742529864622
-7.621136782280775
-6.668050662299252
-4.940855579590762
-5.120486502885638
-6.237701518889323
-4.657802249205365
-6.89223403970174
-6.148062928442879
-6.557376355717089
-4.573994462507029
-5.519468938438612
-3.306164435248019
-6.123446250505575
-5.734667202496745
-4.299767724425111
-4.909112795815605
1.0110392483264707
-6.723816119129404
-5.4503974840355625
-9.281482564499946
-3.5498937042339858
-7.562630222007392
-8.49628633090053
-7.12021591587628
-4.507251286200297
-4.500654673447675
-6.439415099849963
-4.333257368784687
-8.219569860272399
-7.96504446334929
-6.9639246444678395
-3.9168640504366836
-7.653932749458101
-6.637682681141726
-7.850689906983486
-4.572073093993351
-7.384451474109307
-3.2746640117949237
-5.179363041758574
-7.691807962235937
-7.3195146539713525
-8.87020960940745
-6.36649169499551
-5.278276601455671
-6.991310216312848
-5.7942703376654565
-8.916033886858505
-5.786071782543258
-4.820428551992742
-7.572919713321793
-7.440208000423482
-9.03315664036229
-7.378296531305075
-8.22918599046616
-10.275884279872615
-8.809132286598881
-8.180416797004264
-6.803400321402119
-6.2115575228427
-7.596810633585158
-6.104462823364064
-9.042957800659043
-8.017790184003417
-9.264764182734153
-8.882163151173092
-6.361552176314635
-5.30928279497287
-5.153234851300415
-6.515315911381735
-7.372676417977744
-7.280766465306869
-8.581850933455165
-10.035145273803959
-6.270599015929215
-7.038224762497903
-6.48438442918195
-3.9305819342810904
-2.617967262095929
-4.975412158577038
-4.936818768950848
-2.0979714519557833
-4.6062646699515835
-7.752002735232475
-5.885141560075575
-6.672923568915747
-7.240273736716064
-4.195901837636814
-6.400837893073341
-5.159709910057307
-2.0623647739298856
-6.368965685420288
-7.092386066804735
-4.407344254941398
-5.281049991364274
-4.6141924122302695
-6.3764518433251665
-5.494469833827275
-6.650428515768525
-5.032829424406608
-7.543000396229099
-6.245084526045122
-6.580123223569371
-5.6159660782817475
-9.966975188079644
-8.295666543272716
-8.168759085499353
-7.847161718533196
-4.745173301401663
-9.997422342366427
-7.682902601629099
-7.682257452499797
-4.267083260453926
-7.086641920559238
-7.656696250304309
-2.7016146887726147
-3.3223826602381674
-4.4747940943621956
-5.693478888379024
-1.9550779234696196
-6.794430027880965
-9.52880618444971
-7.989814847079067
-7.481899145769113
-9.003121901594053
-9.234756703490577
-10.132160829189674
-8.934031638242281
-8.15053992709363
-7.347299349734213
-10.120928861501586
-7.853670507788984
-6.1690282416785855
-3.522601653230205
-6.598709447920679
-8.025177781065752
-4.8904397864443885
-5.454212864812021
-2.952304158109146
-5.759274149167737
-5.165852066928371
-5.1471039418411495
-4.581970248571763
-7.294578942307798
-6.296474614767004
-7.5716202010451275
-6.961107107648898
-7.874785081313515
-7.9835157266430885
-9.404376379275485
-9.24698657015281
-0.32815123174931227
0.6814776977790362
2.8679003447516784
-8.787146765321923
-12.86258643320045
-8.107057390064453
-8.47686055413074
-8.088396093020577
-7.754304377457072
-7.715901191634341
-5.546099276357944
-8.392671504936201
-6.837433872484308
-6.842318816555588
-5.375903009473801
-1.3049498138322257
-7.30744734034239
-7.532722967793076
-8.744602261283713
-6.70568375174653
-8.655394373305423
-9.407727909365699
-8.385798901081209
-10.614795398903937
-9.295268745170574
-8.142660540425883
-9.891934109938054
-7.080380073158884
-7.798907580204943
-5.160870246038547
-3.4940084214046108
-7.526997440634019
-11.07606137443453
-8.086869670999057
-6.2149769956885885
-8.051625138564669
-6.321568089643346
-3.9103953163928704
-5.2891861781170535
-5.243480697969346
-4.914101422332062
-6.120254363651535
-6.002272038023921
-6.021445831842982
-7.3417324200436145
-5.195408255277831
-6.51412399401279
-2.9845243814154454
-7.332550132050248
-6.397595237597062
-10.467372695385977
-8.540603160612582
-9.214669609917841
-8.372892003515409
-9.006075512804893
-5.938029159755865
-10.092533265412301
-8.87729049173667
-8.739041184947633
-8.230278111777208
-5.492516912705158
-4.8497647769689065
-7.02408140490236
-9.754536830955946
-9.537168108582994
-8.83153406941642
-9.758439383866603
-8.405407378052242
-8.218168402252463
-7.984851964304773
-9.861259837407541
-9.30306376907975
-7.254074728423863
-5.178984634084478
-6.740911598525255
-4.450210365435767
-3.7753948356911153
-8.037660239606447
-7.315909488285538
-3.7814612680048603
-7.3863693148560134
-5.693087935214348
-6.699310017648419
-9.025782758670056
-8.65288673747564
-7.523216998835809
-6.862162576469429
-7.857725878186173
-8.106230185971324
-6.945328059340797
-5.320335846689886
-5.120917402848928
-7.4260086462554336
-8.392539194998715
-7.347896916078883
-8.591776194060207
-8.759297610196482
-8.360862720396332
-10.844848884265748
-9.463704873948444
-8.406171793905685
-9.34874330442962
-9.434710112359024
-7.9386966512306385
-9.30787658554994
-7.706061776833197
-7.770260198077265
-8.977434391467533
-10.597653175116445
-8.59164538111889
-6.612298181516758
-10.220530679733002
-7.952789268676162
-8.145543629113078
-8.58488891248195
-9.003561753769286
-7.917419872128387
-8.667851690335471
-8.11239042785376
-11.229459115296782
-6.548926087463205
-9.269332585313673
-9.628689497287079
-8.324499639387705
-6.746974164437689
-9.545781963442488
-8.658379881073147
-8.31698851744107
-6.901373652904471
-8.782966900794014
-11.754996219048842
-7.842504306656529
-10.00878678072374
-8.015901291827646
-4.652461348883252
-6.416018944789913
-7.124965486072771
-8.116458924607285
-4.236065018704531
-6.848315069013154
-6.055248393181057
-4.1799397051387945
-2.358859679244768
-5.571513547927664
-5.034632705584024
-7.728554246431327
-9.114577524994425
-7.0009545269292675
-4.63533185868674
-8.297514573900358
-9.313861878121678
-7.744435034013028
-7.034167784370074
-6.4554709599535025
-7.06701972042762
-3.9603059624564416
-8.2080148766167
-5.981618384748682
-5.891874703225958
-6.286043058112165
-5.516545597595556
-5.224546974105081
-2.4432529513347263
-3.3200303665624356
-8.447895191843244
-6.841458473516216
-7.0316146524960805
-7.109067610239795
-5.297363820029496
-5.897986134324278
-5.558805063424931
-3.5200362274498946
-10.128989088335718
-9.747636270710649
-7.0864854984189884
-8.487174524836187
-5.446540648049807
-3.807823455413019
-5.364393858738055
-2.989889707529966
-5.668788505868165
-5.933904040564649
-3.8251668946813435
-5.4993775201169575
-5.832298154283792
-4.874649075461099
-3.414283430714429
-5.759430562069416
-3.601872111138251
-5.390566562152518
-6.805380972527717
-3.1237481363473503
-4.95672318489717
-4.265920890606292
-6.1700173708526505
-4.868115877655299
-7.786979032546477
-9.022922594406051
-7.790701720979009
-7.359007834422906
-5.774764997813052
-7.57447447145849
-6.438936315352562
-5.825257975694598
-8.748079911367071
-7.718237876293881
-9.128653437837038
-9.431203928417029
-7.196028782379405
-11.399510907219973
-9.663636755453542
-6.668876833212634
-11.768959267801346
-8.497994437964167
-10.714741236295042
-7.03024658383242
-5.186235279291442
-7.75685682869095
-9.419565140893193
-9.267330355591572
-6.820634838127788
-5.5353182393706
-6.884612241408606
-8.387970172799227
-7.663159674723129
-8.415192814972885
-5.587732979827411
-7.536766052399907
-8.14282601496076
-6.736155111813458
-8.269646196856549
-9.271773985226158
-12.073657491939636
-8.800084091430799
-10.89689895169558
-9.970374822070363
-7.549223050586686
-9.279052258599053
-6.129859579126655
-6.283108176868121
-7.618785291903398
-4.948168119643947
-8.62134504550477
-6.36363774329771
-7.504023335590358
-8.092111543421172
-7.04065177726828
-6.543844795721636
-8.248328953890951
-9.650026741557314
-9.119592945051789
-12.60563392872721
-10.500355064460607
-6.579589056221538
-7.613258973353776
-7.215178557952307
-7.760881854230625
-6.241637939414308
-5.66387647634246
-6.089003692905196
-8.953630704826264
-7.685179833289163
-9.385727707751963
-8.23157729649341
-8.012810115206678
-0.2778521158365366
-5.898989713895578
-7.958647473645012
-6.5299730241191485
-9.583057231589525
-7.761210554504921
-9.504802279572448
-7.2982631257939445
-9.710485982200513
-8.028717344796169
-9.493050559846568
-7.718108841421774
-7.544363099833739
-3.454990297673018
-8.522556500101198
-4.649843811757528
-8.915742387391402
-7.370686053963659
-10.457445289106385
-8.761351308860407
-9.810129077527613
-7.846547307671447
-7.9013493702334
-9.027360961314287
-7.391345615568911
-8.046223052788582
-9.074663570279707
-8.804362887582949
-6.8138667020836206
-5.4049737957805615
-8.066351271809985
-7.972443581771024
-6.420934551975544
-4.4969621694614474
-5.560285052903495
-4.598034503124513
-7.412420136676155
-4.203616297174447
-7.670524610244529
-7.262367403084177
-8.729644337188148
-7.538144586040171
-6.7919170140648655
-2.5362898882401987
-7.616502955837839
-5.286692936369915
-7.778440679059361
-7.980007146677384
-10.295796097691348
-7.596436937316078
-6.530628045090618
-8.213529311640414
-2.9453689746265788
-2.7973000725726322
-5.74444540896154
-4.761420465119959
-10.918258051103294
-11.1302987101266
-5.298333767284964
-13.632615096386894
-6.231467552586528
-8.245424244762233
-4.673302503443347
-7.315106848468056
-7.4321571447222325
-4.210829212241206
-7.460716728897792
-8.160199809902903
-7.092430809854438
-2.959219988884934
-3.4202045224076327
-4.112086863682524
-5.572870755892886
-4.07543665939918
-6.1874183389905255
-6.242223505757513
-5.146525623764195
-7.658632908299252
-6.555174431727755
-8.308426791697451
-8.603613769635848
-6.639133936898849
-6.8053399708545665
-5.947116063450853
-4.01187012785676
-1.7517553774059504
-5.431588583791871
-7.385685235648446
-5.9503138298885485
-6.489700407052388
-4.530262074444496
-6.821105794559922
-6.288399037243538
-8.149187826695393
-7.866413401391648
-8.295971279190601
-10.581278156572656
-9.439439815360343
-7.886349169696889
-8.193502173739475
-9.022621947123685
-7.361958145737774
-9.190275831992707
-5.675333457013286
-7.3042882805895
-6.436618933424701
-7.674553848479263
-9.90519960128346
-9.742060818919741
-7.599587554786348
-8.104538971186788
-4.602878934534807
0.03441051836835296
0.7464212361655576
-4.077069947071535
-5.328850004660953
-6.264778855330634
-5.917964398073608
-5.412385559732381
-6.002938641597412
-6.3231297741523536
-8.460485374975919
-7.305533707448978
-9.936194255354597
-4.945074762154827
-6.793543261812192
-6.120197277616995
-6.779884271141746
-9.0840811911853
-3.604637595268988
-2.977855017885772
-5.4809857100489765
-6.780095174655839
-3.751176957677745
-5.0271654360996285
-8.43863878757727
-5.251186943406894
-4.379724430302452
-6.02507552854312
-7.2778364724026385
-6.443940815313761
-6.834822236482023
-8.042246354391827
-7.589114157666064
-7.993161407518919
-4.196861630598651
-5.746148924511798
-5.353898323883125
-3.31927579962983
-5.825271906943472
-5.9976871760545425
-7.987958083525761
-8.072314417557589
-6.116807882505141
-6.811450592042518
-7.893918180785075
-8.678172846202358
-8.576311700151557
-9.774105304800987
-9.085861954746798
-10.321906803508014
-9.0471517490012
-9.470066506937755
-8.65004690335541
-4.42954085142671
-7.521165988517855
-9.80307095229464
-11.4417382513934
-6.030844347223027
-8.455481353759
-6.980244617966941
-4.820034653398402
-8.851305202357718
-8.579452671973707
-8.950395460827949
-7.077265348132603
-9.836035703770017
-5.752262014288685
-8.481165419498563
-9.14883872469509
-9.073047165130804
-8.79595521688139
-8.425567152066506
-8.537612423578935
-5.966626704433917
-6.637264968148504
-8.552375755346878
-4.969784860019431
-11.80365464830826
-7.0649343280634955
-6.422382954269654
-3.8661301938216495
-7.970821901262891
-2.6584174037748554
-6.748742940043921
-5.6648539573525385
-6.677823280986284
-6.8876543007685225
-6.695950556265746
-7.020184926309583
-1.9271852545506616
-4.425322788304439
-3.6431308631371166
-7.024347330498604
-7.602736620180166
-8.229024978881379
-5.321653102600818
-2.961532996423289
-3.9483991026255376
-5.336728613537451
-2.391300000699169
-2.536236112449484
-5.92805387703277
-10.343574717617775
-5.143884448463251
-1.1654721384451703
-2.9750089631668244
-11.071630241945002
-4.892443834856334
-8.646863701018761
-6.199938489870127
-9.83553942991762
-7.147620412943255
-4.70716138611593
-6.932397891584996
-6.261924839372337
-2.1424387926311574
-7.33764843667826
-8.414980134207255
-7.812155953522501
-6.374596404507383
-3.8225724698103014
-6.753960474788272
-7.933660569765937
-7.559362157612924
-7.393418674359061
-6.258708474034243
-2.54875087928689
-2.2349719020488608
-7.48169015140193
-8.990350956187202
-8.499859905624794
-7.528074052462278
-9.131099970723728
-5.813648015681862
-6.637956503679845
-10.140477732327735
-6.804116827025888
-4.11855427692474
-5.2460564332602635
-7.612494154770751
-7.221012500896307
-10.230803473688749
-10.257718030682332
-9.295078947488292
-5.547790360511087
-7.479370934795314
-6.6799348061766475
-8.144430725130078
-6.947473787692814
-2.9076493211762746
-9.178354225447407
-8.641130202557564
-6.3333429962484225
-8.467835507135046
-10.519187124212937
-10.751845447098745
-7.071731421296734
-6.599164392084078
-9.119558394605013
-6.322091719765325
-7.164884170295123
-4.748004417814716
-7.998250610280743
-8.879531974637167
-8.72373939957699
-7.445868943900562
-7.361912062723416
-6.363764436324249
-6.35607454450368
-10.026936749306962
-9.843838505637349
-10.104963979273418
-10.491647189952284
-6.286654171327302
-8.461055750125073
-6.830854221275458
-7.101704339776335
-6.480017677498945
-7.618975258972504
-6.661874726311209
-4.451307897247235
-6.512433768123687
-3.989610623264502
-8.447970794813719
-4.442396218108302
-7.783227770233435
-10.699027535179058
-1.8124554203885985
-2.421282753157887
-4.82020444029275
-8.225732181996076
-9.539190951967923
-4.731433781352394
-6.684363043152293
-4.670117300188215
-6.905711215912029
-5.61555412718125
-9.291417305317566
-8.265582481314643
-7.673757249633069
-6.091815523372685
-6.249926450383102
-10.651274808347546
-9.06102205380856
-5.042959566442526
-5.565413242496068
-4.04489824603424
-10.845637023589186
-6.629650885022631
-8.996372211912295
-6.942099953888182
-8.12321358633738
-6.952064370414744
-4.011354308386769
-2.4644315705153015
-4.8564039153783085
-5.720519932897225
-6.691002446617013
-9.61357029234171
-5.320607567826352
-7.097788567732629
-4.365406359347978
-6.46376870371162
-8.952042955006695
-6.6060975083128834
-6.609341251300916
-4.900910186408861
-8.784164640537192
-5.714237529764717
-5.471580269426846
-10.617551396930258
-6.299365866683428
-8.725977902028568
-7.655514155085912
-6.404666349340116
-7.307095122523746
-6.06212440940984
-2.5827692756040035
-6.369353247949414
-9.22372855587195
-8.052044069022747
-6.43480401963768
-6.520011201210267
-8.772188040366618
-6.79525300200641
-5.745162450738938
-6.51782851405701
-6.246009351665089
-8.236898817851673
-7.3757180144645895
-7.554392417576591
-7.906034961446118
-6.364857326032972
-6.72401437768535
-5.067063277072997
-10.701155561619803
-7.002118267092851
-8.7186200631773
-8.952653491482407
-7.040359584677228
-4.9816062120996945
-8.449217912073713
-4.95749165533419
-6.566400098141283
-5.671856282108357
-7.932605331476889
-6.781480972654322
-4.059474908015885
-8.785233815247416
-7.264935147343968
-8.281655230244834
-4.47537681573637
-0.8832674050495075
-4.116738590054124
-5.2613036341464205
-5.342912683251643
-7.804230457354131
-6.423596417565083
-10.444018080836269
-8.939016899756593
-9.635974076640778
-8.713728858232493
-7.830612823724479
-9.761745378513124
-7.382570140149932
-8.87962620018487
-8.034031169992549
-10.14951657966136
-8.901523504923324
-3.971844044034814
-8.601571936819294
-5.6838931292561625
-4.5092236013537415
-5.592788144513416
-7.858321300753947
-6.06926388880386
-7.937221666810718
-9.900444869080864
-9.938698847238472
-7.731211941525285
-1.5100176931701637
-10.319640999372167
-5.659305988466373
-8.337420674122699
-7.986656262725323
-7.312699150580311
-8.335071932798321
-8.379293240968964
-10.340816502180294
-9.51413729029859
-7.290883091956221
-8.099806815597665
-7.973231392935004
-8.187231083575968
-8.893118292839338
-9.238868959588066
-12.312548948793113
-10.271188814670191
-6.670127110277781
-7.419965451564431
-9.128496567456706
-9.17083564611563
-6.114491193383332
-8.359526159158776
-5.667932562260113
-7.200427224091408
-7.420809125894221
-6.888600437815288
-5.967498634290491
-2.91978476462138
-3.6251285378397036
-8.198522895451656
-7.25225345087086
-8.074494351303976
-6.5723891961912155
-7.1405105678971745
-3.947034007278992
-6.087064645346751
-7.600066640655867
-5.1794030529920665
-7.631707602483125
-7.1023133304940815
-6.124183524917015
-4.923135047117976
-6.638543058833969
-7.856689786228876
-7.679519094353962
-4.87215474560367
-6.288674265542617
-9.544955763635842
-9.215120293421926
-8.7899700306303
-5.345297889523822
-3.2734412874517504
-0.86421178356359
-4.55001380325425
-5.631889380408744
-3.9745812428625147
-1.1416032454399911
-3.641568565140111
-8.445918812421887
-8.02917157891971
-9.831122997503648
-6.656113951767763
-7.793231511586696
-12.506767946819172
-4.4478696537446405
-7.559302845454395
-7.102655031651917
-3.7809858849865257
-8.604249909918183
-7.767212346490121
-6.237434363277627
-1.6330838362156217
-7.092102673322884
-9.274425767073303
-5.560296200362115
-4.321732944862162
-4.1799735211545075
-5.205178780372641
-8.459922882519704
-7.003601285436009
-3.921155319636984
-6.694203636640803
-6.466230692797846
-7.8019325188705615
-6.377987489642693
-4.5274578197396025
-8.903745496898685
-8.086268403105112
-7.7659858714641254
-5.969390766102191
-2.757509588487189
-9.387288379453707
-4.434701162726762
-5.0012535871493995
-5.832296358690502
-6.06710197602557
-7.354362543941384
-7.500341786254408
-6.523140436223319
-5.527521698796846
-6.854073555209872
-8.417847870681154
-5.699765682789964
-4.676154549413312
-6.580131237181708
-7.364902626530931
-5.651548215020398
-5.134561066774927
-3.9811306446227834
-6.579036131677366
-8.066384574338597
-3.0092501476124864
-5.645303653588981
-0.8430253932854374
-6.52272932680748
-6.612668611980303
-2.8629427719894003
-6.246090176070004
-3.8874827143184754
-5.6968139898665
-4.911909614458901
-7.078307382468713
-6.118761903046052
-8.32522608028345
-9.238652993353352
-7.69688225651535
-8.16967321050914
-6.530740661807464
-8.833041953643175
-9.438971063299675
-8.746983792867667
-5.387582952913899
-7.114044741423218
-7.673392497063043
-7.635275557495891
-4.975876111001985
-4.538973030582431
-7.085738835632543
-6.455813183043756
-6.248762976895843
-5.304824660938699
-5.510791938657806
-6.477696161075547
0.09650459716732263
-2.753111765313914
-4.826525703545283
-5.794556946393953
-6.643568232350754
-6.547372174520081
-7.790180181420963
-5.193135747995232
-6.479132292510231
-8.763107422098972
-7.4783163358061735
-5.616163478691991
-5.732067801512299
-6.706759245234862
-9.922476314135906
-12.90812977929729
-9.970451039576417
-7.247052706864805
-8.682422374274644
-6.79595493150899
-4.158098096010048
-8.283072479149126
-5.923568866206335
-3.7116883030691725
-6.498457934812826
-8.286220953515285
-4.367130654984356
-6.706466601458296
-1.1025819961788872
-8.324363052236645
-9.38548057052554
-7.281261945016064
-0.6582706590071594
-7.804744244911958
-8.511505244656291
-10.272227215147598
-9.914427359120927
-5.450934988064249
-8.211620961671343
-7.533498347611882
-8.029729284431806
-6.434900196286575
-6.722044332090918
-7.049446770091327
-9.43928458902504
-8.655970464042936
-7.679482607330941
-7.670126223357832
-7.710740182447462
-6.7785842628902095
-4.382738107070297
-5.824287311655364
-6.477615855961616
-8.066301863970834
-5.276981679456762
-6.969825568586415
-5.488947827918441
-5.937250734058648
-6.334125500449348
-4.981088509148385
-6.924555885845292
-9.56665903948166
-9.384935788539794
-9.454837187236945
-7.901156594612663
-7.332413381154218
-6.421514402848209
-9.082131788316708
-7.032188368095056
-7.967125237729062
-8.410738429402265
-8.425657239603995
-7.718188631523863
-6.821497086206243
-5.639667144244049
-3.88125520440935
-7.325083637088363
-8.699844268754534
-8.815334560370182
-5.627790549642792
-7.043800249924717
-7.245785463774567
-8.084560009738448
-8.43048296844985
-6.618521238001828
-9.460242693407645
-8.788634918051498
-9.214531278882347
-9.530292997180418
-9.038488875440557
-8.75837549672808
-7.594335227569147
-6.782522458609451
-8.469325816805458
-7.785993836029935
-5.818507752323148
-4.998864068544278
-12.025077872292979
-7.92054696051044
-6.078842088115794
-9.018632180747005
-8.739409673529178
-11.997039007277024
-8.441039692913277
-6.698375850335514
-5.771223155886089
-7.213464958311093
-8.592791834243446
-5.898979548833694
-8.845863764175231
-9.545007542371149
-8.532585203404466
-8.888989479948133
-11.82767374715447
-4.199874129413555
-6.753656835267962
-3.587643648467208
-4.903497828000691
-1.7020921558606208
-5.69514858789871
-7.356733310508807
-5.363020111376322
-4.64565782601712
-5.803306008683479
-7.360689013471994
-7.031288230949028
-6.080187509765047
-5.021691201998844
-7.049857683476418
-10.520166618049931
-7.766615442628826
-7.435396184241902
-6.14491754385394
-8.481816703555214
-7.809675323156186
-8.657175784917506
-6.824421112327381
-9.866827561065495
-8.79365033500717
-6.853051037038924
-7.795093764757559
-6.285555509178334
-8.546742692868072
-7.021249559752428
-6.7202772968997655
-7.113375896915012
-7.942745887303978
-3.272027943017528
-8.477994931393608
-4.642632803607742
-6.509444818207651
-6.063053862424038
-8.43238689308164
-9.92129735601651
-8.602333709512507
-8.751841994214304
-7.029358578191889
-3.0944914887422534
-8.504393371464579
-4.541269932167165
-1.7920536639491718
-9.015648009938202
-6.76689531141898
-9.863205368339848
-8.469410760572783
-7.51779331317319
-9.572858642677366
-4.939082785632845
-6.073903236109189
-8.176404439157848
-8.054153443120837
-7.839405708504553
-9.687617783147385
-5.200868176384875
-7.44489213628923
-5.52686859789068
-8.861594446505409
-7.980936989263409
-6.869822151727976
-10.00893196624514
-8.86120429739065
-9.236188298521578
-8.253437709033077
-6.140322288207087
-9.046033082139072
-9.637842303058452
-10.055967743790795
-9.067148999658349
-9.619363520408374
-8.698177670440796
-6.738048227539215
-10.284463165387496
-6.6666919711715416
-8.546043325291219
-9.118139987816258
-5.9944225940353215
-7.900922645530561
-3.303764205684047
-4.800443678479433
-5.519536269409827
-10.047163234465868
-4.99718759661393
-10.215261437120766
-6.385631928048338
-5.86600701677315
-6.491603466421637
-10.116062124329797
-6.710730321750544
-4.6496212626348425
-7.160723328790921
-9.382573674746991
-9.021478820133886
-11.08154809086125
-4.638245597025842
-5.851305307246478
-7.286383931069309
-9.438845500203657
-7.033380911169454
-9.81178156408662
-7.513760598870571
-9.86169330167763
-8.795410282057139
-8.712929312085947
-10.426507015566527
-9.083895890038168
-8.608519716888534
-9.11042609848704
-8.06187759877
-9.442353481115825
-8.564370096813624
-10.791271387233984
-9.553829984114907
-9.538304012641387
-0.33626911216679356
0.7648868128538091
-2.7398733199017737
-9.31246345314763
-2.919279927355372
-7.559539295483871
-5.384549796102298
-9.195990047284917
-7.48148552406375
-6.821475287995229
-7.55588291367404
-7.297664899971542
-6.265945361129866
-5.23054461501928
-8.760154291085204
-10.118159860975801
-5.903808285626731
-5.646452949024583
-6.179182199021602
-7.644564600215129
-7.620947090412709
-7.501935229346971
-5.493074735074672
-4.916232870516436
-4.761061446391424
-6.226481562617699
-6.0672407724298445
-9.156745209910161
-8.970131273195003
-6.318029782546429
-10.115956250410122
-11.351538074943743
-8.367390579601082
-9.096986636199377
-6.483457136443388
-5.500125380321778
-9.32163367649917
-6.890553715659863
-8.405303945110294
-9.229127189631773
-8.657832504288427
-9.51919462513852
-11.262172121406168
-7.5716043930050745
-10.16555915582374
-3.2859901283914343
-5.581484824808824
-3.5732387207588907
-1.9784786577123397
-4.4363758710442065
-5.336525304418956
-6.827846769516635
-8.03308409623744
-8.100285632216263
-8.805059199111243
-4.908096785144786
-9.324519935573282
-8.616509767640952
-7.317850721943444
-10.42221484288831
-8.31445006740581
-9.09589417894089
-8.548318186326266
-6.152268064338056
-10.522971053558459
-6.776527549688077
-8.42662818963463
-11.681272715518304
-8.882389862116229
-9.000372800688757
-9.550617978343048
-7.308649826161336
-7.711742933856328
-9.697436897735631
-8.755593727204303
-12.70924273237991
-9.89810529878578
-8.487285109077911
-9.151607399498277
-5.529076295625886
-7.054236690322848
-6.370752858951664
-5.079456993907517
-4.946697226946699
-5.445287714430865
-4.533294124506577
-6.6052820742472
-7.574744541790093
-3.9939735602193718
-2.505180691719158
-5.17597657943134
-5.571606456913965
-6.023557657882366
-5.875678398808418
-5.0370752379331405
-7.1499879321418485
-6.912957086708586
-4.572847673599309
-4.226063443300584
-6.157784768274716
-3.555968407429847
1.2682009339864089
-5.083304980071393
-9.105452550398295
-7.847469788124507
-7.794431796489602
-7.088484180807883
-8.84478119603031
-9.156059054822736
-6.4878932453061475
-8.607011678654025
-6.44684454915632
-6.58191536307478
-8.347617660750043
-7.265623535218986
-5.970607890659511
-3.283488989886142
-9.350972725124798
-7.252822743461712
-7.60059232926934
-11.408153927953906
-9.089024534444386
-11.754227222497645
-4.107310422390382
-4.441871265438549
-7.997830744449857
-8.433907414516588
-6.864603159874717
-8.315257129546193
-6.097568139488623
-4.150806194930641
-9.705039867855756
-11.578762227533536
-10.041305978070282
-11.072418448397196
-9.240674933414796
-8.918098153985907
-7.38080006992616
-8.913954373312569
-10.861162985569216
-10.439304721125133
-8.72560318831829
-8.361616466925648
-8.112982414639843
-9.274089070255126
-8.054795671436366
-7.886643413766173
-8.558562650840575
-8.18961280168174
-7.247678189155302
-7.409308099936245
-7.291267295183701
-9.209581062938334
-7.390235667156997
-7.695423485070614
-7.160627944455079
-7.163284467181585
-6.203025857513713
-7.2429549849681365
-6.720049955112689
-5.3933038953655625
-6.090076038258413
-7.735238241030826
-6.21870079652196
-8.013647583473572
-7.0461628649982115
-9.256934652428896
-7.332956449643634
-6.7860826138435115
-7.554040129197798
-4.421098501871233
-6.025317425304357
-6.7266156473966845
-7.7760283767359155
-8.30797125216684
-4.483773511398281
-5.742414146276249
-4.910022410630173
-6.0595105708720745
-7.94762809728868
-6.268338951880221
-8.27082477462018
-7.034845362218553
-7.7551613156057115
-8.0078264480395
-10.711092033304475
-9.540344947272194
-12.418708187880359
-6.729400569174889
-9.784723007999196
-11.676406286692902
-8.933361755488498
-9.725527453472086
-11.774787302130314
-12.0275225138494
-7.919348541466531
-11.234215038635126
-10.86100546813829
-11.793115827980493
-12.85214959780361
-8.619821197102647
-11.855084154635586
-13.256776436247591
-10.408003765480982
-14.196573097392584
-5.643880003182304
-6.735107131894859
-8.919358330943485
-8.719731410598262
-4.24066514180007
-5.185267019473333
0.977293715216702
-9.733856470310744
-10.897228023741974
-7.086849693865689
-7.702423356417304
-5.43319347071
-8.023832519258406
-7.205036650105896
-1.912188087268073
-9.1075142315129
-8.631827172226998
-7.754262776241847
-7.980645415082085
-10.188612925694835
-10.124956528910884
-6.650875833050021
-7.433636158530986
-6.271807310593625
-8.141237321489196
-8.781714961620139
-7.260879586923696
-4.586133156500576
-3.5885971757884407
-8.91058875653603
-5.589929404611776
-1.9997103627168915
-6.078952274728235
-5.806548266199141
-4.7978869512071505
-2.3766049754289
-1.552306138785978
-6.213709040010328
-7.2230045722521705
-4.798016649492722
-5.447284506612926
-8.004490033528487
-2.1882036354726253
-3.2840724739045513
-9.109545753923936
-3.907718367898484
-4.792802907428879
-3.7809831511428853
-7.9208842274622295
-6.67978999410654
-7.1473940477713045
-6.6847712393449195
-4.788033093442361
-5.129214400977913
-6.60212370424322
-8.147718064462412
-7.973811088533321
-7.515610846697942
-7.810482715323408
-3.8451192993641774
-8.734165662518151
-6.995244479467843
-13.35197833917465
-11.042826363833953
-2.1611603497528655
-6.568677015779178
-9.380470130800212
-6.781668896078545
-6.118846473946305
-7.137882649782523
-5.34490578824959
-8.225472728597591
-8.179741433793652
-6.346723364588981
-7.350274689559905
-10.69008392720616
-10.055228872570291
-9.403416068639311
-10.21080385280887
-7.653698444626306
-7.99621586981932
-3.7601503343136597
-7.6409969524648655
-8.708422974284955
-7.864433097750553
-8.659252042427095
-8.79460613344776
-7.287085397763969
-7.594738568270395
-10.316067561994663
-6.0025652169663095
-8.816953727345398
-8.011832850014136
-6.18982277208695
-9.921216103705248
-8.954073971700234
-9.737965351798428
-8.703028596007954
-5.4857831543490905
-8.397747178348665
-8.420952284194591
-0.5922410495613483
-1.8048231327148374
-0.12855518171402447
-1.6501423246962312
-3.983503721665711
-1.7058029776936467
-6.324398781190737
-7.418984850807605
-2.092003535530404
-5.00026040100025
-3.206079226561896
-4.637680145996439
-6.267100695111846
-7.624883452509601
-6.230692286682973
-4.570972670809725
-6.205158198264495
-3.8967569816250585
-3.3404025546429716
-3.4487952674456563
-8.05369907298988
-7.9050385308146085
-8.137179387960401
-8.191976305022155
-10.210575106106457
-8.46340066060528
-9.169662621507994
-6.392268876850966
-9.933525181817652
-9.466837874883838
-8.040899658892902
-2.394185833046304
-8.036384834071299
-5.5747060956677865
-6.938250104889199
-7.618831015340065
-7.72885746282925
-6.320257988948333
-11.210320700884974
-8.213686992625568
-5.946538725938801
-6.602669665990496
-5.4132513861551335
-6.442101471400774
-6.515825386326208
-6.235673354683488
-6.188587963720371
-4.345432645756516
-4.552633919926456
-5.3987479774955505
-5.630445497866946
-7.351765850412175
-7.513197772998761
-6.664291042514182
-4.878965940869247
-4.785585872029101
-2.8261421705360954
-2.2536424178925945
-4.134691095836257
-3.5738359244299995
-5.005827884793406
-6.221025268126022
-5.773734156746052
-5.808789231374471
-6.016289533419864
-6.930799261557168
-6.5799411909806285
-7.682462305533225
-6.435089598796006
-3.1456582249801435
-5.4705578145950176
-9.284003292670432
-10.372015346300902
-1.4269091045312328
-5.415901096095627
-6.653320866756538
-4.6410176948792135
-7.935671034611839
-6.073763967104822
-7.383518585629222
-7.920699565573464
-7.226817036349588
-8.94441604437509
-3.4941429811060774
-6.749028770620988
-9.562511374451327
-11.193165837577848
-8.572011543761612
-7.471693681239065
-7.880391916379486
-7.331509226983169
-7.034463827714541
-7.011084487776137
-6.524100916751369
-6.898898506137954
-6.190171378568299
-7.21578903044879
-2.5655374259273387
-4.389748749766758
-4.1530525795005495
-6.685175304016913
-4.24646996142314
-1.1959542292547343
-7.279869781745342
-7.188324644560561
-4.576473290514774
-6.515773621541694
-6.7929576567800805
-10.254740727551408
-2.6095018585511083
-6.781005920252894
-5.921563649296061
-7.242093343851985
-4.394675362439344
-4.755099674428692
-8.728209955723216
-8.249323147385791
-9.889601566663607
-8.477771084210728
-7.821981836046643
-6.112494202922262
-6.547744237336799
-7.896738855169171
-8.258816235153777
-9.212454964230806
-4.487842333440039
-5.463504203363326
-6.679109788485971
-7.7598351055493096
-8.672423746497453
-10.522798060819435
-8.309219068060193
-7.908477071617986
-9.206520675489285
-5.521787146811538
-7.757405765761613
-4.706217517377707
-8.083085721653548
-9.04646169001375
-7.440077594045209
-6.612481307460454
-10.472868715167364
-3.813789633074914
-9.229814544989479
-7.392610723233353
-7.508687407952547
-9.32061067354556
-7.0610853574610095
-8.328896973254794
-7.28547698273513
-6.927186156544651
-1.4862848027095048
-8.126281322627005
-8.677159938852432
-6.334558629072649
-4.167627260558894
-7.295429696027728
-7.159867516536739
-5.7629998040585
-7.077981693389291
-8.162707265922723
-7.036506298094555
-7.456390676614356
-7.142890154473587
-9.638622488229036
-7.945199212140755
-10.126013115768401
-9.545498737118729
-5.412496099984748
-7.142229322856724
-9.909038717193388
-5.312758885848532
-7.40821982259702
-5.54431609101152
-7.542769412425795
-9.907145919121238
-11.487832998609969
-10.059216402837391
-8.708911181285089
-4.4591188367885035
-7.475803608939237
-5.865451444351107
-7.480440957755252
-3.1277654893094686
-3.545919497429507
-7.255200269940111
-8.559874878219826
-10.074704655089704
-10.717262841079625
-6.414049418066594
-4.647881031595253
-5.438175571074926
-7.587234307216491
-4.304101229399665
-6.982924051871318
-6.925622434451348
-6.071111907890017
-4.874881297622043
-6.55670841628069
-5.476119563619015
-2.9010883324534404
-6.392840008046672
-7.162983175120725
-8.157787471397556
-6.90208712314276
-5.473080417295101
-2.963999795639163
-7.352708247938898
-7.410949519351195
-7.327420266417506
-7.105976045605688
-4.728418535707883
-4.684466621551105
-6.852613411812776
-6.850350205599213
-7.809153297154651
-4.570795402896481
-6.234607321666354
-12.382934280601402
-5.796035921776181
-6.844632637127923
-6.1717445812848055
-8.774581259249313
-5.9920481449048
-2.9808315289962013
-1.3315390597920407
-8.665771794864984
-5.15782510577653
-6.796819243864472
-5.440064304165319
-3.6337853299306375
-8.85118978804597
-5.42057614634196
-2.1719715959495858
-10.745938813302903
-8.315373476814173
-5.975812926632532
-9.832973725294458
-8.26629997614418
-8.032177350840842
-9.241232980865364
-8.552791096320489
-7.969693525135248
-8.35542080010405
-9.324499810777723
-4.0406082974578865
-5.716281594374026
-9.501973220885843
-7.5461226458570305
-7.0754786666077845
-9.874100822273547
-3.5672201641730377
-5.516800403113134
-5.384400749314813
-6.884962851823847
-6.186927271370437
-9.019727422142488
-5.671198139065773
-8.604090598178734
-9.496656420277123
-10.303551031818829
-10.04801037709588
-5.404443713189247
-8.830660859137287
-7.327450519283875
-7.384639421549136
-9.531850751826363
-7.511091955418806
-9.915422337488303
-10.459195167791036
-9.216117640296261
-8.528008012049815
-9.598081005903564
-8.599130503956676
-9.505011212339959
-7.663719776458328
-8.671246401778529
-5.871209009960732
-6.811663603248998
-9.1920482170601
-8.024404739506577
-7.96788258321589
-7.732580507079449
-9.71329550626076
-9.293760153682364
-8.831581210362401
-7.038019219699682
-10.225944770775243
-9.847587078981404
-7.132400961360128
-8.96837936721715
-9.606686716832106
-7.801816775936204
-2.5422576669742067
-6.031412695544984
-7.417077895363458
-6.987761042861618
-7.4115094900165905
-5.408160456307358
-7.719213801820637
-6.561309738010958
-7.968778014709461
-7.755784271744577
-11.346338022477024
-8.261317812912598
-10.239695426518125
-6.711046128043549
-7.606734432705759
-7.683029428944597
-8.918257023100574
-10.17590208747918
-7.291967628444438
-9.441629528240579
-5.3184440483996775
-10.362004692706595
-8.456284722420488
-10.25229614871539
-10.161544313507232
-9.605627926720981
-8.188477865206307
-10.406524437507068
-9.328768847092295
-5.988926726415448
-6.485780005776697
-6.329262670729063
-6.022210927718311
-4.302602629111959
-4.257092499445274
-3.490412038531534
-7.526349961746599
-7.427951418386788
-7.50936658571904
-8.404686198444544
-6.585603836275915
-9.418910659694939
-3.966370852250553
-8.643594385341633
-6.82934587910048
-7.834573974654721
-5.2233369579617746
-10.938111862258033
-7.397367242964839
-8.70173189469645
-5.429435724070113
-7.5042472100560795
-6.6374042968008045
-4.422311449056495
-6.971975245915102
-7.180735502170499
-6.59398264699414
-9.921176228361986
-9.718086100004554
-8.65475621527536
-8.749612166243377
-7.501943647802395
-8.204234710340558
-7.185555379977134
-8.246279049856714
-6.8616261574083754
-8.049894166912138
-6.3703796049354295
-9.673033111340224
-9.242081996387025
-7.824975773712922
-9.47593081326964
-8.337656824701345
-9.382681097731213
-9.527097355760617
-8.70986629994759
-10.21309893837631
-8.341045842167675
-4.398080234064799
-8.911911661421204
-3.265596098925273
-5.608141476701138
-9.093973060451557
-6.697736293161733
-4.685646427704535
-6.353590821901501
-8.579476396121942
-6.416272739176058
-5.307432617222228
-6.189356177692121
-5.85924182745648
-7.940763691534707
-8.550095571061213
-4.661911859296738
-6.768559632830911
-6.12774200324092
-8.511934506037337
-7.568304493668567
-6.021720440312603
-6.5187050756231155
-7.875073884859204
-8.54892641299792
-7.328060380524851
-11.192630532759749
-10.342325178836859
-8.48394208443712
-9.393164864832897
-7.738383176388302
-7.767760835498079
-9.530004002671836
-6.913371491166365
-6.516301147294654
-4.7760282965779215
-7.00725598866713
-7.890729021202323
-5.902265586202781
-7.758337954551517
-8.1613321405804
-5.132751099676451
-7.192268955321683
-7.607494878482363
-9.246575823449229
-5.112109022896601
-7.504937995189871
-8.451508691197425
-7.440194025662926
-6.779251386756755
-7.406920301822067
-8.689936530036372
-7.2776257799968445
-9.279622265099881
-5.471453994778925
-5.812297739345146
-5.8782868274291875
-5.179603179209195
-8.691234652515323
-7.643929217986793
-9.329649806529396
-7.327707992343733
-8.972017538474159
-7.103009953209325
-9.40683631331331
-9.097737902626923
-6.39684851861821
-1.4848686239742994
-8.388591583156575
-6.556106258223259
-4.554374789874679
-7.816544809796442
-8.49855990103304
-4.302454453520578
-9.037641754053967
-5.507100602753749
-4.6037302355683485
-8.036798529607237
-12.571857751736566
-8.934562324643183
-8.053212568730624
-5.051217726378008
-8.216961931468013
-8.241362067386895
-6.499844696549525
-8.505441741821206
-7.372423234033341
-8.486891893932286
-5.646598523489553
-2.9816923106771895
-6.85280571870606
-5.231960238409259
-6.043355099064543
-1.9711032029992124
-6.611425776834897
-5.109494483898595
-8.894018822372416
-6.37217082743647
-4.844335913906851
-7.103627387914619
-3.242973897150544
-7.796389819871733
-6.838706549604274
-7.997253533071079
-10.861775824295114
-2.8211945947149637
-9.917636703684758
-8.741815065436363
-7.968586508854116
-9.208092053068542
-5.296039515775572
-7.927393946803179
-9.237647239339832
-7.414802203299018
-10.069652238330784
-8.042278192353171
-6.842232998897734
-6.363580856146671
-7.088416366989942
-9.741636291164136
-9.449905839119737
-9.718837469429399
-10.794230235036371
-8.73012618621392
-8.514712565618792
-8.986988922872428
-9.391129729838052
-10.724187107895785
-8.602506025511845
-8.712364868681485
-5.913540607042112
-3.9820400022926736
-6.189788270538061
-5.576711379619702
-4.697380213789453
-4.848532945154967
-0.4789781981614618
-4.214873827884092
-5.924689308843071
-7.6220187225385
-2.9975895837693374
-7.122633196485955
-8.425748507461092
-5.93137001271672
-2.975850863233772
-7.323635718591161
-2.926412780164339
-7.440310835848992
-5.267545547407127
-9.428713545327566
-3.6056913548551908
-2.645192100130343
-5.9588654361045315
-2.2939512306668934
-2.915717494092763
-6.071153788056854
-4.999725015056155
-7.235966392579201
-6.9085508257303125
-2.802927519946156
-6.5255836682015715
-6.787338463247884
-4.322438649696812
-7.8364607603959655
-9.404688604861311
-8.223517787062274
-10.983036465997886
-8.465334333654603
-11.003240602663377
-11.08725821112611
-11.737470679156894
-10.123507145724744
-7.000480681591386
-7.851153202171902
-7.355883973298329
-5.131233082213625
-6.724041165785759
-7.467275228729172
-6.163771841713718
-7.74090967205065
-3.296545608124207
-6.632929777182495
-11.235336940630361
-7.110692895536649
-6.0062495583676325
-3.5811774791894706
-3.974547171567116
-4.647317981612208
-4.869328199481587
-8.336694569377485
-10.013591053297166
-7.566204460971639
-8.127457300052395
-9.972787595759156
-9.81966000680366
-6.637497398724504
-7.757476505337353
-9.432460163722814
-9.381071820879018
-2.3668191734288007
-3.6298946248687196
-9.608657722768895
-8.785774101088215
-6.851804982331469
-10.35837382465564
-9.175844319091567
-10.036257713700289
-9.752201869980192
-7.8300941752681945
-7.265564253104621
-11.14121399752861
-9.7612680075599
-5.61662622865281
-8.08349176954068
-9.666985157185533
-6.768578287698425
-8.823656472280973
-8.01015506778342
-9.210714141444504
-8.029729694858979
-8.113384952333993
-10.635205179234783
-6.263960228607247
-9.620324173119446
-6.278237456305638
-6.314662386313948
-6.673067245731265
-6.79414309416422
-9.109440099788065
-10.158627051962872
-6.526109679060007
-5.825198102948374
-4.694984324933136
-4.815781478476716
-2.236860220810629
-1.346290510351095
-2.9436023784615037
-3.2321394775185643
-8.626166737309727
-8.140236702545502
-8.145213525456564
-7.425186741816405
-5.870321067445926
-2.4068387601124477
-5.521687214308291
-4.545626228042779
-6.937398516603976
-8.0463266394238
-7.799792603050803
-9.086219944700117
-11.623749877964507
-9.237370832021456
-8.822652613226364
-6.6714363090312485
-9.658238801306315
-8.818293420771864
-7.544084515419543
-10.110871216356548
-7.432215079082896
-8.870582903762749
-8.232277320400717
-6.643973191351844
-8.216843507410205
-7.767354544121745
-7.56041924056721
-10.771862944605667
-5.689935067285871
-8.36448836513673
-10.654981523277486
-8.52038214255005
-9.211849418381844
-7.394302353720668
-8.432483284202565
-7.208026833120471
-7.695050615183622
-7.230073146219244
-9.762092505709518
-8.912384794034878
-7.060905440450757
-5.727437517864688
-8.515131471620256
-9.452403915522718
-8.375858816611302
-8.618971361651873
-8.12952247670529
-9.8655071053152
-10.638898523028919
-4.154067914715206
-8.046319822160218
-6.826213467207645
-9.445166237517814
-8.340308948922953
-5.932037014029431
-4.852671135718392
-5.179813744487211
-4.664640247448279
-6.461230535025983
-2.9045623926250985
-1.9636329664720789
-3.965987789809393
-4.27957002168692
-8.564210861257594
-7.269070494591179
-8.735839233761284
-3.4181156549063063
-6.380067941018073
-6.569905172647184
-7.752050386629675
-8.071235487688396
-5.845991809509697
-5.776459789664132
-4.110591283865873
-8.753238930853735
-6.81565524467482
-10.277497367010493
-7.991170742958269
-8.57218018351966
-8.492990063694647
-6.8373505638751535
-7.458679115157897
-3.09889366279294
-4.948935102097984
-3.3257680948637134
-4.799944209223677
-9.153238453757348
-7.435461380185763
-7.168025113611239
-9.410371413509772
-10.175461728556964
-6.004189495944914
-2.357424380259598
-5.215636057563957
-5.9387334196374795
-5.927213992385683
-7.956531229392784
-8.117403483665155
-7.885690294730331
-5.144158242273767
-6.004892778384301
-8.276231227425539
-5.268282385841767
-4.7768799104771045
-1.7564252461151317
-5.124310325593037
-7.026101834003686
-7.914947796998565
-8.82943340689729
-5.829485832361019
-8.196686336505932
-6.70098034310661
-3.6154041780738995
-8.055979521695345
-6.560651655391728
-6.620375103282361
-9.451518954213288
-12.310557254407046
-7.658869919038809
-7.44964364336048
-6.80678535957025
-8.617967820233428
-9.300325831546335
-10.690375790896491
-7.682746621423255
-5.720744361229704
-10.145973565867566
-8.478472135319182
-8.545759747288761
-8.75981256739232
-7.641791276486222
-6.69009911549414
-7.482491749042578
-5.652137850949404
-7.875394385114149
-10.383669359328994
-10.237074514511608
-5.8534137972248
-12.030775621259437
-5.7291928954227735
-8.193069113139524
-6.982435143148835
-9.36564683958246
-6.713120884846938
-5.194182248046117
-8.12456673084922
-7.7621292812194715
-9.340436845221356
-3.442787496146078
-5.179304840412051
-8.355309523570092
-8.286499934042991
-7.108157686796019
-6.675421092532421
-6.728755054408062
-6.280219736815369
-5.546095535112576
-7.443188471362647
-8.00546547941971
-4.304437120452908
-6.656306127138929
-6.842363856192906
-9.238016058385327
-9.669115545428733
-7.437886474489472
-5.867443845557126
-5.54126351957396
-7.188642826655171
-6.441035421525436
-5.867018054149889
-5.9900501075151595
-5.811990475549088
-6.210800889100421
-5.168171052834044
-4.007922491086267
-7.892671614007066
-9.595247661940983
-7.633003239489626
-6.517579176585719
-7.213681987739262
-5.650736781230206
-7.103194447452019
-5.826284949644116
-7.162412840625739
-5.205515626804386
-5.598402881500341
-10.556900725632337
-10.980878842031775
-10.544810154586287
-7.800868366987741
-6.323590228935317
-6.806774346104673
-7.125824149649987
-4.115730764910849
-9.386499826011628
-9.59001105140069
-12.003378023067777
-9.913281138390843
-8.751450500178077
-6.146162008347936
-9.784491291416376
-10.552548366992887
-9.58528904608091
-6.1414941838587165
-10.631343323782477
-8.74782614466995
-8.654882172381335
-8.809530413641852
-11.784638163099508
-11.147343796755752
-10.82589878862894
-10.933478813753894
-6.842397822790094
-8.77707969501849
-9.242483848136741
-10.751345366686861
-10.292080488613363
-7.422132124262597
-9.80557107727803
-9.826619514234299
-8.649545386224938
-8.623457730484814
-11.66411609093423
-9.702451592647478
-10.112836728932832
-9.242015882311998
-9.319933205167272
-8.452231250332105
-8.906625617030924
-8.315342055958997
-9.058227856708026
-9.82211653486464
-7.538743914473931
-8.001548279641018
-6.663412477552054
-6.781792410199356
-8.877884954218661
-9.679974092725168
-8.99722271769578
-9.642819699354098
-8.282153929618717
-9.973235422484327
-8.902165976989213
-9.279613048583323
-8.119638952069383
-7.711686551398586
-8.240305743471108
-8.145036022271183
-3.9535404990571976
-2.453338494177764
-3.808455824912439
-2.026148077402098
-3.108571990778488
-4.36416816202892
-2.0651943171209655
-3.6483522562254613
-4.135220598721677
-4.944937854881183
-8.82288232995974
-7.78500885708786
-5.212274481518097
-5.964136322794698
-6.909621088256649
-5.984133657899602
-9.16175021793141
-5.420820900699843
-8.582541308153576
-5.696741620974751
-9.248990850128813
-7.20022930381055
-10.61339199160086
-6.939376854906704
-9.108185649131183
-7.316110661984176
-6.022620759474193
-7.133209890898042
-7.877489955823707
-5.014794867460905
-6.879331938556116
-8.872597256248767
-11.080926664423417
-5.084255464183379
-5.020606718146219
-8.146776492684143
-7.676955726916127
-6.230101062439987
-5.667007133561918
-5.004266429050856
-9.88869944106784
-8.39094622036149
-4.531284724456816
-7.00389898061665
-9.893332622596516
-9.451961350026176
-7.344956322777139
-11.246599738250055
-8.477552478555479
-7.2041075798246155
-7.880525009912673
-6.761992744756771
-5.200503390386532
-6.5627980818202705
-7.871539205116802
-8.104827482490478
-7.847660562187799
-9.011362285688625
-6.630027595031077
-6.74572493868199
-10.74687650397897
-9.611598518542431
-9.08527436756854
-7.889658952007098
-5.2534379682892425
-4.765992348844721
-1.021165163424099
-4.195847906648016
-5.308231002517228
-7.265037218203098
-8.792078089943304
-8.149970763712684
-3.6389437229701707
-2.679860033612453
-12.73672598431311
-10.088348420204152
-2.2938728084259163
-7.504295614293859
-7.98809650919309
-4.900678146505599
-7.19653001950398
-4.394003832649604
-5.188113630543877
-9.059736447256082
-5.014830008996826
-5.296647000615616
-3.5193617447147307
-5.570660700950807
-7.959014829189542
-10.265776900433437
-10.437589835824847
-5.032746724984781
-4.048858314439809
-7.749199712247355
-4.277148620804208
-5.96298327521189
-9.960596223964023
-7.948812399816761
-4.792204916535024
-4.57961604366604
-5.489656436986318
-7.092284722331588
-5.803909044640294
-3.9682127494349775
-5.755797754953637
-6.469183918833848
-10.28695360375629
-5.987544187081047
-1.604395072796396
-5.067785958911973
-4.9140030071343705
-12.083534136469355
-12.11973415353587
-11.859067875996635
-12.086026072097441
-10.856216267875823
-7.329524444783506
-7.905039671534471
-8.476655381104177
-7.702111742109787
-7.57735030728182
-7.174120182975198
-5.897063357597462
-6.446334307141003
-5.521212750169527
-8.822040973232735
-4.339205622514559
-4.494233904789318
-6.8423194943019245
-7.652922752413303
-4.873982649028693
-10.325086640859006
-6.53753234738339
-7.980100984406718
-7.7525143602453355
-6.641608707970571
-7.921561209553488
-7.903274037271464
-7.045514886734692
-9.441546305127355
-7.178942932804264
-8.198575224965099
-5.239523610330048
-5.572150437448223
-5.709795427433362
-5.523395489480297
-7.246686483497577
-6.317090846558985
-5.591150774339157
-8.897177577619926
-8.591646449370861
-4.956181833295576
-5.8875523017673075
-6.9278389665132565
-7.576152711180171
-5.490764372004444
-5.311340468864977
-3.0099900173687297
-5.901429660173053
-7.215468214814026
-8.147069493574989
-9.536532028404576
-6.948632829863154
-6.465807703990675
-7.445568440979708
-7.722484016874478
-9.833089895228284
-7.209064372399374
-7.612600407853146
-3.6738062277710886
-5.786491864318683
-5.3595972725392835
-5.3993026088962095
-6.782432349590784
-4.901188781206652
-6.422031383977487
-7.343560544634566
-9.095359781022996
-7.090937734968398
-7.735927533353425
-7.616497093704666
-8.619795715973511
-8.974999713709675
-7.787534792158856
-5.497013637807225
-9.382339150263775
-6.5344795542873975
-7.228693092837495
-8.090467762156514
-13.05316528888228
-3.0757185947314807
-9.486654652812089
-8.23806317550511
-10.336605475662035
-9.42823865195079
-10.23586694034812
-8.880894511558251
-8.696072517798951
-6.494013967052697
-7.837353506140948
-6.5163870503125985
-5.158987803477784
-8.01954686379265
-6.589659141954328
-7.076553456066553
-8.36578178962856
-6.961442067029042
-4.74281719867812
-8.568351226222388
-3.849267334652118
-7.502474799816888
-7.206195962896752
-4.469576450745859
-5.618920343240593
-5.261025276385105
-2.3448959925015607
-4.65438514028465
-10.091474591246007
-4.006126898820662
-6.901313720565939
-4.290180285423327
-3.7795183128631376
-5.2577190000908
-5.09619029181117
-4.834400955645491
-5.922765477860389
-3.6637971304586276
-6.591295100884873
-5.724773097758993
-5.7408484021882495
-8.983371825757576
-6.728976467558702
-9.73865825647414
-11.269785053087737
-10.327503597568608
-11.679455746590769
-6.161743844312822
-11.245225266135302
-6.921980994635615
-8.73753617584703
-11.161061853375303
-9.733180172951664
-6.904950112667564
-6.924488687819021
-9.400858975901185
-9.476062391668437
-9.38703713247179
-7.1544562846891235
-7.112357699122736
-3.6395731294289955
-2.8504813098934676
-4.176938009838304
-4.050910235134193
-4.761630273590121
-4.984145611089831
-5.056316005657839
-10.408665365219615
-9.800400576092713
-7.61455325863931
-5.10479004333305
-5.318049707303169
-7.137207255583147
-4.781937339002813
-9.240145827574752
-5.171815564128851
-13.661447037582706
-9.080335954673453
-10.714875503409322
-9.013347440847811
-9.599465465023034
-11.536375308444738
-4.070101001073097
-7.0823856316199585
-7.601495776389372
-7.168120118437431
-6.181838985497144
-10.219954491213812
-8.171188153058885
-4.932354088412827
-8.291004439426825
-10.506455418245706
-9.948751670263862
-4.630126311423704
-5.840652586688574
-5.271195919485671
-4.168570287930605
-4.625446182203222
-6.7513058913084665
-3.369874606720358
-5.945096045498155
-5.280423389628768
-4.352391000293501
-6.585743760680215
-3.076953569820972
-7.356382810057497
-9.436023134583246
-9.7352550611546
-9.397659827041378
-10.912553307074742
-10.878446283401303
-3.4804515465004204
-5.475531553706093
-5.458092175002402
-5.6627856962703
-7.72545169595251
-5.985266274928152
-6.739322555078934
-5.989050602273219
-5.795984312948264
-8.071906197999464
-6.555736833928303
-7.842967373398967
-2.8918536068748217
-9.367818989500789
-9.35002158680745
-5.466340492134029
-9.731340632528195
-8.763308756187783
-5.56811195077866
-11.201125243016502
-12.507575414953891
-10.53476504274622
-8.84213596272288
-8.179322275578171
-10.500066964464015
-6.142779086329112
-9.470564397049378
-8.799492987446515
-9.8802386732442
-9.60845172137487
-9.811687083342811
-7.209827724186949
-7.518808612877918
-4.712621935082637
-5.966223018610003
-6.976145526377876
-3.4651065029482133
-9.412577533053394
-5.839895125854843
-5.743113034693369
-10.025281675513183
-6.6351383447016925
-4.808505149217327
-4.813538061741603
-7.727996324669045
-7.456763687168005
-6.949678460238648
-11.468375104954752
-13.051707154227852
-11.215706905467693
-5.125559988449578
-4.2605980115007585
-3.672445201309896
-4.562028231237573
-0.5577515467582618
-0.04774272240173727
-4.365192353514077
-5.754843940968479
-5.4395621720736465
-6.739569751096787
-6.58905302874311
-3.0911784896391685
-11.710089258097137
-10.323848040333788
-8.7366906977742
-11.132840807891393
-7.8864414467305295
-10.473461439850142
-7.968272997857224
-4.743540571559252
-4.4538589854922765
-5.995426013855293
-7.524268703266575
-4.240455654212104
-5.634807518181051
-8.665697143846064
-7.618045754155236
0.4870094657656301
-5.974370083361206
-5.5756531553245114
-9.690484490968965
-7.1991546086995
-8.263897580906267
-7.930653448711107
-11.110054912990357
-7.486545311022449
-8.130832997704923
-9.137332014336971
-8.132220972517848
-8.350793912700613
-11.121749076787879
-8.187382533200706
-7.332720611377186
-7.72531262132248
-7.590525206193632
-10.09627578531515
-9.466530958578637
-9.376637240047044
-7.512743588213051
-8.965760069843277
-11.367997336034845
-6.651680361769712
-7.94418010105664
-7.06906159082699
-9.725301387125487
-9.756090861401754
-9.6376465376108
-4.390886248385648
-9.98347734561683
-8.531625498937672
-7.418239692732909
-8.078432344295484
-7.524251099344254
-2.8327972688975427
-10.531580976832029
-8.686063822062842
-0.45289426890435514
-1.6771568773137853
-9.217303930138383
-6.585071751620173
-7.461228870362021
-6.809697273415059
-6.743425443720446
-3.5023344666551908
-9.629348973039754
-7.783011638965329
-5.935428110926542
-10.64431133828823
-7.100753756402913
-8.181519248565662
-3.266177296552094
-6.8409404473859015
-5.813657707916199
-7.691225298672707
-5.952894188880325
-6.093937404981137
-7.167058685637727
-6.216936852972953
-10.052064419644369
-10.201857778323745
-11.428743124703331
-9.254242418550225
-9.699701705939615
-8.840277887363357
-11.61623708925312
-9.245240476159235
-7.515341782269282
-7.566756887987279
-6.915422454027837
-8.041848044225624
-4.931700200371202
-9.772000161848302
-9.314479976264264
-5.758256822339366
-7.770917674352198
-3.379001082272351
-5.410257951173968
-2.3187697789432993
-2.8008809303828643
-4.494741020668411
-2.857035661904698
-2.0074974963634142
-5.839077891923598
-4.625839038759918
-3.8155112903539834
-4.367482528804402
-5.530758158878406
-5.1075530630448815
-4.9622302918963115
-5.900234500333278
-8.237107852796777
-6.991874651090262
-7.122756643576105
-3.028288892535298
-5.346255182029035
-6.758691960201128
-5.464697265788109
-8.73522685981263
-8.305678145496808
-8.601001175473659
-8.229555648392475
-4.907445729443379
-6.588463573540652
-8.185748434073822
-5.387097392744425
-8.256749442549967
-6.056274414690928
-6.602268788999531
-6.4873061513446695
-8.60373305792896
-5.213921431213531
-6.7841136758510565
-6.9756234665993
-2.5395363282573866
-6.529744266483645
-5.941457167806188
-8.558483699216515
-8.940597712951782
-6.232339663446237
-9.55352559347575
-10.788355149527591
-5.657363796613021
-7.255317976597487
-8.186053415805453
-5.9883550163510915
-8.205752048820132
-6.472254947907901
-9.203436154566543
-9.084102732709065
-9.051393542257468
-8.728490908458333
-7.649677893010048
-6.830378944196696
-7.562651853171703
-6.399750081162176
-6.540878262756012
-5.504019582314052
-10.38431805728849
-7.725052239669363
-7.832329840461079
-7.179571159213252
-7.92115858277511
-8.813778335302455
-7.470544248407355
-7.459950820997528
-5.716615074329104
-8.845983125258908
-5.76235060069527
-9.577700386450722
-8.589990917015735
-11.269629703854088
-8.391799648011524
-6.863100981796176
-8.06053419713551
-10.122669063962316
-9.915882943740263
-9.157936571660029
-6.7297837374680425
-8.846063767774766
-5.293426320113657
-7.248814130984327
-7.054719968676312
-8.086886920670413
-9.406122783094963
-9.503121912885346
-9.729772636564173
-12.085797563935637
-8.686629017014514
-9.120003394300353
-14.000324137451921
-9.378713691268521
-6.949744724187841
-5.984863868975562
-5.795719371613469
-10.0326516199486
-7.962497057564954
-6.650667808978034
-8.56958807585362
-7.654837404630395
-5.996119024056384
-8.596719128591673
-11.840882836650605
-8.519958841114525
-6.374191882139393
-8.617096503298443
-9.018262180005031
-6.154799186422242
-8.923251263213544
-11.403062689918585
-9.741374173110538
-11.24324961156462
-6.442139204692885
-4.498373340717283
-8.137857561137206
-10.039189778455166
-5.114972639034113
-7.197842490556285
-5.632987886536569
-7.687511013532192
-8.823799756084242
-8.384846668635046
-7.2542043164975585
-7.468196320930082
-7.758034815802173
-5.733516603569058
-6.233688887214347
-6.923552169988698
-4.7963672878281365
-11.330057067886699
-10.487476396729987
-10.780798940266218
-9.267467759751547
-6.498050692352704
-9.078735497805013
-8.810759936897103
-6.469495600787373
-5.356822680182485
-7.631543497599783
-6.2198176745049505
-7.425163386381247
-5.659212707843478
-5.26608839752144
-5.081718777145251
-5.892129462294752
-5.711498603272302
-5.846932613369717
-6.415336391293822
-9.430134476578322
-8.678439858681442
-10.187518034305208
-10.105577290958285
-8.97799768427859
-9.248033774164417
-9.210582887947885
-11.09113135156314
-6.860289540101481
-4.6831737125755915
-3.3287957516716062
-6.476249896625277
-4.8374139113997625
-4.73029953450449
-6.72610267074767
-7.623345735231058
-6.26548471917917
-4.5419208994918865
-5.783234148266674
-7.390281632873989
-5.222321048948137
-7.561625843768414
-6.318404805009498
-11.943649690945918
-11.620523414885797
-8.789943783807452
-10.017139182669455
-10.077525363133411
-7.594035459773496
-7.058595589551348
-8.818301062631845
-10.81574833176737
-9.368447851739115
-6.749282579851986
-6.2599493912237705
-4.153693843217455
-7.482732786043811
-4.094925025906732
-7.604668553837261
-7.010141662711197
-7.543627727636529
-8.182940776046548
-6.790477015200655
-7.794844009038822
-3.62624682895074
-7.574494498640829
-6.719213850159721
-7.090502129452095
-7.395632420313411
-7.1200092733481855
-8.43203356861775
-5.752892218500453
-6.436090344014362
-5.503998350353564
-7.17516685303122
2.1009547765003447
-5.899688411726658
-8.568138288428488
-7.3029915391889455
-7.638583892771247
-7.851977849426617
-8.596125555885582
-6.850123509433116
-8.570664446945942
-7.353757366018533
-5.480881087525503
-5.840741714424674
-10.012570678932915
-4.376145778849451
-8.034050013552793
-5.918035431457838
-3.3852053293722437
-6.83101548760826
-5.044541956274988
-4.919800212899791
-8.076284780661661
-8.584855405710762
-8.173865072423917
-3.8283665658602173
-8.18717847374802
-6.6710329735309735
-2.2155390018615755
-7.638153666968013
-10.027048840618185
-7.379444024893776
-7.52196033360761
-10.67647763199095
-9.769539089736167
-9.331637012415108
-6.871354509199063
-6.323827615272477
-9.327948375808587
-6.6215888944586405
-9.010518262319913
-6.74853912724045
-6.693580014735189
-7.290285641087713
-7.932800425172715
-5.332170343272976
-9.951327541212237
-7.771721110991464
-9.450900018505347
-6.878955098412542
-8.315842808909826
-9.0675349601856
-8.424225891740955
-5.345046113448817
-8.184385647813833
-8.733695301276374
-8.721435658584957
-8.574885624122796
-6.500994946198828
-7.573575062461363
-6.590745987511908
-6.065681845776781
-6.883644437730577
-7.543975668737205
-8.349207569620637
-9.579767225097287
-7.9908603719505
-7.7290169606716494
-5.565305321722311
-10.139964598499516
-9.683339183753786
-5.36200017189542
-7.259580867856091
-10.619406150037612
-9.874582459694675
-4.020284014219605
-6.597089410112109
-8.664053161357945
-8.180630499751413
-6.720822838930688
-5.43874111814839
-7.111764637492836
-7.018490814798634
-9.50328833186293
-8.623296223200592
-12.2013512265428
-11.07389535623352
-9.577195175961041
-9.596467302805895
-9.32604621056161
-7.545067078552245
-4.023930091226397
-5.886819389235043
-6.1757422508077155
-6.235513111106177
-5.541833341545694
-8.361252096603318
-8.941568052013988
-4.559269986367327
-6.4032484203368885
-7.107901101764938
-7.142533458850263
-8.420825295007763
-2.593973140898085
-8.316908283236867
-7.801566984929582
-7.690627659026428
-6.4156824805520944
-10.160983228606472
-8.540594788593069
-2.0354907425916022
-5.218708940453459
-3.0347174014110463
-3.9684935741028573
-4.795816134719943
-4.568026890012244
-3.1740148430573685
-8.011781914646544
-4.60517586154941
-7.981237083379188
-8.46370801965353
-2.246584523219221
-2.905496473497819
-4.187116892620552
-9.119022447480589
-8.741996378771969
-7.550814499446089
-9.76996240193921
-9.193954994585772
-8.592002608750896
-5.194369174026496
-7.471043474379271
-6.037825245000598
-2.2872422071646854
-6.0885735480665435
-6.856376918920311
-5.994558403632853
-6.919549251855964
-6.770507901167648
-7.883893234520497
-7.253769835566419
-5.031513587354615
-6.553104496910754
-5.594411561453677
-4.024186274135554
-5.750662131790552
-6.053453567167542
-6.761048641106934
-8.14073827798424
-3.794429240742641
-4.091652299888118
-4.6053205143941
-5.91479305378827
-6.111122635957661
-4.099786250722749
-4.965218481340143
-2.8122762905227816
-6.554706931758139
-5.498789977476089
-6.260167426877347
-9.365821571587638
-8.138292324102183
-6.719330137831684
-6.5099229608600195
-8.918153538813737
-2.7848104168324017
-5.684729885164302
-7.371866866431373
-6.882643035265927
-4.834462436058485
-4.7633386442083
-7.444508260481278
-5.789994651920974
-5.907081932006008
-6.369814201517434
-7.005487351793284
-5.946835871352942
-5.8582260253190075
-5.530732443067972
-5.01229766155537
-5.724762669454529
-6.356266886362612
-6.440140750361349
-6.563692806239725
-6.5495983916804645
-1.8276615818085484
-5.838151088735447
-7.324432089042898
-8.114092019762387
-7.579514515499484
-7.512294358738998
-7.852214547384156
-7.439486055611022
-7.767417287404788
-5.437465063662194
-7.622413160617531
-5.687446240379814
-2.6878700082410862
-4.543039935992952
-6.769976918842361
-7.9705464603481895
-5.2791101496263915
-2.898022274648139
-6.1802228633188765
-8.187790034695762
-9.09674846894455
-7.750968687352442
-8.09700468351314
-7.610425768479836
-6.323146773384366
-5.800231766769829
-7.144689754242656
-6.87632191282085
-5.796735779780974
-5.8344954879353015
-3.7599812375760084
-3.57396850962402
-2.7999989316530303
-7.084898096697232
-6.003292210283913
-4.0164546709718305
-4.688935750685891
-5.446892850309498
-7.10564917007797
-11.685147296502308
-7.914532888694135
-7.851736764054687
-6.613251945282281
-7.26899707925706
-3.8985133027756875
-7.799622018365985
-5.478786721661291
-6.334270616913373
-6.066273883468922
-6.510698223452064
-6.795793060317154
-5.934269088276982
-4.293247445919611
-9.315019442907456
-8.229768884375213
-1.6279555337938625
-2.809076807638623
-2.7907032402685936
-5.890130994787391
-3.475635171565016
-5.817194651599757
-6.65273089115491
-6.898823310799851
-8.519375657127073
-5.7964047301927355
-5.328050955309351
-7.56447729053347
-5.030887973103342
-4.295758870175177
-4.35520844327297
-5.442669623025776
-6.234885862839462
-4.232686943444109
-6.691114511991751
-4.929670070569691
-4.82027606210279
-4.6701502491485725
-4.751065731624678
-5.992599005623687
-7.283149258782566
-2.998616089304368
-7.586983030222549
-6.6794299878107015
-8.878786660516745
-8.97882050958293
-6.8066120960008565
-5.5047811963388495
-6.260624015777001
-6.285356908490979
-8.379500669442812
-4.2901575128588565
-6.057618476322693
-7.722813985271833
-8.612435715835458
-5.656812290640778
-5.692462245723979
-8.90464097888456
-7.367294181899721
-2.450233005685529
-3.4067516055562717
-10.063525205059191
-7.367410100493279
-5.543135341563464
-4.5145004563140745
-7.633214866865424
-7.743015744005385
-7.1175047080332305
-5.403146244094437
-8.419579758054955
-5.061959840848949
-3.864515983735399
-5.768877477851161
-7.764403894924326
-6.3854678309841475
-4.740554363556912
-6.9022229326742535
-5.730218278761227
-5.932248600101743
-9.087090451259261
-5.229307418034578
-6.657216020999092
-3.952044178805694
-8.619313056524732
-9.233179091361654
-9.054293024691411
-8.268866926207382
-4.761947348515362
-3.9921756494233067
-4.955053530806549
-6.396775980790844
-7.960127778739766
-5.697041409406268
-5.314321386235638
-8.061348474782818
-6.61237994833561
-8.087682072336685
-7.66734633191503
-5.315619063150453
-5.388885612527094
-8.122769337228847
-5.133833929459907
-2.1996090096069167
-7.327481046700956
-6.531392100028322
-5.918677109512736
-3.1766235513658474
-6.531402383601012
-5.154525718637012
-0.017372811888975104
-6.215426874434197
-7.15667301026641
-8.82931522078844
-6.961395395849363
-5.657219975572606
-9.00988859301985
-7.851533241567747
-9.127270736220325
-11.058003729336178
-9.132800794550262
-8.970715612170329
-8.212266866183262
-6.260748403825749
-5.455464774061156
-6.494332276499217
-11.090636857176552
-5.672394976191457
-9.206447866682764
-11.407474075014168
-8.578722608607222
-7.441490578363413
-6.446474019221172
-6.810866118810093
-9.132024818022124
-5.1420838846945
-1.3941676593689563
-12.824802217016632
-5.113958190830146
-2.297598457079943
-10.288469452047172
-6.329980022505995
-1.7865201935428892
-5.213372554594082
-6.715623621551265
-4.489069286367165
-1.8190927548579017
-5.88041499883106
-8.525353107003113
-7.22156240837461
-8.132123290030847
-6.100233127375916
-1.1443148972385426
-6.103295090493834
-9.218701955238926
-8.460629872842834
-3.3164005194371775
-6.396692354665339
-9.316520282927529
-6.1898993168734755
-9.76751570051868
-7.840839679579017
-5.014678777661432
-5.029871718312487
-8.23072990328147
-9.819539769809705
-8.058940341392775
-7.795217460600353
-5.943749197118443
-8.705298224504261
-7.609020418009445
-6.805305118407559
-8.330327971266788
-8.662780930005583
-8.411954483642896
-7.059810303935352
-7.993374455347509
-9.457025740050911
-7.6316230195067165
-6.312698123522465
-5.924913108225297
-5.423706144795568
-7.850090266689481
-4.527051507855227
-4.575050967486491
-4.649913510334136
-6.026383216172028
-6.55798272350085
-6.617155335993625
-8.806024825960256
-9.803672808020686
-6.594430327772338
-3.1795166205369396
-6.592510202847659
-11.261556516006515
-10.792992563812277
-7.105914588558483
-9.160627611417015
-2.7121836856789097
-11.34520768701157
-9.30080543223886
-7.538452463704933
-6.96018596455394
-9.7498411216218
-8.627534838467868
-9.872541668750149
-8.40864156770811
-5.613514650881867
-5.501272534880596
-4.5661330923895775
-3.4163402343687994
-0.34473641010769096
0.004484707667578247
-8.397467379474566
-8.70097051893599
-7.2756620483228325
-6.724498764901834
-2.615095358222823
-9.426944368089337
-10.120908557687104
-9.890872312972881
-6.277359588154612
-4.6270925833847265
-5.256196130431379
-9.827073778079917
-8.151108524510317
-8.876342805972943
-8.3939591786926
-8.347227099230558
-12.028129174141446
-10.450198180980998
-12.174059477748699
-7.747085721081864
-9.364812568752878
-8.312984970612671
-9.213458143356648
-6.837955555818874
-6.268414579264899
-5.085347564977597
-9.665302452361596
-10.11864741349442
-12.240293975048823
-7.317418199099611
-9.428850099594193
-9.335851961379406
-6.480730993266203
-5.623439443861949
-3.459497797920956
-5.322755284548514
-3.809475972661211
-6.897778237567241
-6.245869037299518
-10.412589261073853
-7.799957919231171
-8.982554064969861
-8.704170698818656
-5.248655245566916
-6.748225126801377
-7.6664821901340225
-5.805419676345165
-8.818633442885023
-5.057899184226253
-6.091932939023759
-8.768968182315346
-6.7226517795873555
-6.804388540003069
-9.021585417314272
-13.554584504477178
-12.324761637023348
-9.486286605060931
-9.445995538058824
-8.71379462468495
-10.92693107846191
-8.3076076996162
-8.772743169710289
-3.7723140612102464
-8.95221234175416
-9.739792800276799
-10.337951192378227
-7.446100818821744
-8.202528981646548
-9.930523193814707
-10.933639946660634
-3.919702144112901
-5.214890866516873
-3.3601317201433902
-1.3839301083834932
-7.76336777526381
-4.522356759752368
-5.891321031818138
-9.058750555988066
-7.771856326084034
-8.752970911704644
-7.565934113469245
-9.711578785333845
-9.084878814344245
-10.322925690877481
-10.758003998876271
-11.859253910762819
-9.96600836164208
-7.484687854741578
-15.643352605833554
-8.770356687049912
-5.914834402774377
-10.434241801368884
-8.980883148598286
-9.530854208039747
-9.20554490806736
-7.136171283423994
-5.152155631725883
-7.614012446104378
-7.623117161541769
-8.812334352773723
-11.014229384916868
-4.490899467824621
-5.7645638977210165
-12.37579387484596
-10.528262829431963
-7.642427335805639
-7.4031440316444845
-14.058433455304616
-5.891935180367145
-12.210068462485811
-6.709869979991204
-6.509571581092815
-6.45486366622402
-4.379293768684348
-7.983415448276541
-9.619438344844138
-8.694803841041415
-8.457224477175542
-3.199334835498769
-6.568757879964432
-6.645109759488713
-9.734635987603625
-11.093885070346868
-4.306557625650749
-5.558210519205726
-7.8838143052088885
-7.117891835275495
-3.5884646285364274
-9.221184052760053
-4.360001592269389
-5.4091538515767645
-4.902078274669004
-5.083007746984066
-6.948388543605148
-4.883879830756887
-6.6017926837303955
-4.3885337829772935
-0.19945723162818219
-7.489112811612581
-4.524903272638214
-2.434645844486526
-5.707949684992698
-5.044893718764179
-2.842846210230445
-2.620594423081814
-5.026385585061699
-12.40604278815208
-6.2471312055822175
-4.301839433181673
-4.874840529707566
-7.987310644564505
-9.599452047899122
-5.514164608615524
-8.22448083715204
-6.592726993662849
-5.642939907363708
-9.069318760689509
-5.651418427667222
-8.60601485838769
-7.118492105071261
-6.797242929481277
-6.353321835757003
-6.8560198853643834
-8.0991037300425
-7.713354224105136
-3.85026659285625
-4.920897746100872
-6.817761892915647
-6.952335442576895
-3.4623009844240915
-3.6017952869454044
-3.43226426328176
-3.9718144613328166
-6.159662093100672
-4.063059314410733
-6.588714890254261
-8.014503590969984
-5.600515808868397
-9.686389355701076
-5.2719608565375715
-5.503990924547794
-5.799846089099623
-5.45831228313327
-5.491624090133627
-6.820057297367482
-6.917304477313376
-2.8569326024953146
-7.887950204531677
-1.2840828659103267
-1.880999338036832
-7.453381943993008
-4.72687200529433
-6.348979104368895
-4.385703944777806
-1.829565090575284
0.3634611835380599
-2.689575290549016
-5.272209166223313
-5.194556997304306
-2.0421824894926863
-5.9131416778117
-11.882777238300958
-5.065159961587782
-1.7513062966024489
-7.091665328144492
-5.497934898895048
-8.575370538424663
-6.115679542869507
-7.199088725905593
-4.8829569310849426
-4.804575913569778
-5.795418327476375
-8.033066464206748
-7.623642372287046
-5.942328074941613
-8.136057356256034
-3.960902076608953
-8.631386539776132
-8.1532306966934
-11.938710151421796
-9.559134026258436
-9.205032059289856
-9.628320065867157
-7.345385350649458
-6.548713769032618
-7.275870837429855
-4.373407050295695
-5.85061145634039
-2.4902905687156602
-7.916146491060769
-6.33548396320711
-6.789944836883033
-0.2609898849432424
-5.487949836007978
-3.335352332544924
-5.389655070386172
-5.001548753713298
-6.459683017592487
-7.2388407455128485
-6.616815920623775
-10.436630587648473
-5.893069448666933
-6.066806423780091
-6.99598425855634
-5.95792176686916
-3.0606491000021823
-5.068061702131447
-5.703973440497894
-3.916514891884792
-9.010270174981645
-7.6442305671852955
-6.477349639321652
-9.340065364083445
-7.6837821526746986
-8.517656864929421
-3.6059560113487743
-8.943833734055941
-5.363548589743559
-8.403227458294117
-7.628226133263937
-4.8615163672494415
-8.038025192053519
-10.029026085378437
-8.751598814154331
-4.658506436617703
-5.786840035258322
-8.237885057968848
-8.268143008757587
-10.189941037675911
-7.3347071574677205
-8.371743812611662
-8.859193005062734
-7.816352505534684
-7.267239878065726
-5.905267856686363
-8.030030081324469
-5.777812899511249
-9.13004283655792
-7.771581153995321
-3.8365146292709325
-4.354852087376415
-6.70609513830457
-3.4029961069265067
-8.145314814409362
-5.342674142224563
-2.3289662150130517
-9.394053787155869
-8.349860375761864
-4.220376824242164
-7.572299935432546
-5.832506808548387
-7.096971753384496
-7.730490545860883
-6.561397946614604
-6.404240209995158
-7.233911731155461
-8.161957540632923
-1.938947139707792
-7.25877226299564
-2.2812891464704976
-7.214791465171435
-7.699627595582835
-8.241181327410253
-7.454834587061651
-10.53308799180485
-0.44063811045100043
-1.0687603842274602
-8.193631218097984
-8.233630417769717
0.569462383617241
-7.884748563615106
-7.9220251688895065
-5.063875867494812
-9.13027382010047
-2.6451136251930674
-8.018479581383541
-8.091653794130313
-3.7121831349757564
-8.336642669497158
-9.264521825251249
-10.172848735102976
-6.725505855191291
-5.033851316817284
-1.0158442673835375
-8.105762535519387
-5.087471226134052
-3.7578390088543516
-9.706983066996774
-8.876129615857874
-6.057500896774682
-8.449018465234708
-5.001963207666283
-7.0376594449947
-6.896226506083262
-7.811010063452512
-5.666446954881966
-4.437996023896923
-8.356374632246144
-3.046198605766758
-6.24437688649248
-2.1892222648687216
-4.806548504596281
-9.687612480879027
-4.66796720098937
-7.766049574921895
-5.8766816127440435
-5.733832238070877
-5.2606735864619445
-8.384980452205667
-8.050825502283745
-6.090012890482265
-3.73773172368372
-10.32815280611919
-3.103658958176862
-1.565803740866059
-4.562175686488697
0.09690078098294497
-2.4590870151259936
-6.465992354442564
-2.464245912546073
-5.720903362488706
-5.427234338634152
-5.68695569358701
-1.6203287399978017
-0.622226908273253
-2.411000628341331
-4.727730131449276
-7.2792876513630205
-9.002877711753793
-4.506264602719896
-5.292754867293427
-2.599817370358233
-6.731029602453371
-1.1309483104936446
-7.425848320140243
-5.638730008970097
-6.776364036062311
-8.443185962609938
-5.502742768511856
-5.031903983591581
-6.056246331598125
-4.647559426726881
-4.580858998289027
-5.570350243289099
-4.519258041871344
-4.267051406725416
-8.75601755379759
-3.5657222920085996
-0.15469399150613028
-3.9330953281711594
-6.21145462134644
-8.215566793934212
-1.852082688864214
-4.839239558380621
-6.681384296112163
-6.7758826528280105
-6.304083310655459
-6.642181071415539
-7.5037776215131755
-7.064587891969261
-6.335093048172115
-6.1076734651521445
-7.563174958383903
-5.585538755964204
-5.360538302260524
-6.482794200366715
-9.264279373924253
-9.81047294596203
-9.062168713391847
-8.556555386526494
-7.798643035622289
-7.630511511371838
-6.074388267455576
-3.944339117712148
-7.9997103472220426
-6.886297312556897
-8.199223355510776
-12.083572401896143
-6.1900643629854235
-8.525889811478821
-9.280889491459524
-8.71146613937997
-11.052516282705568
-9.964632272730771
-10.205455345891778
-6.918627246916012
-5.929662998841499
-6.899311250268912
-4.7879158709741
-7.642828198749574
-6.29885551220323
-6.851502926627325
-8.283258044378105
-7.17408022554156
-7.5726307437167275
-7.308224761040278
-5.0054154496285275
-7.960126093643702
-8.235254921114302
-9.126942918699696
0.04245301472971219
-10.609240951474785
-10.133911092326489
-8.23966031781665
-9.980902561087735
-7.929112841933007
-9.520316709877132
-8.306746676704297
-9.3667968818743
-10.756268608930114
-10.544190534907745
-8.606070496976812
-8.108050607850988
-2.1096445493735434
-4.4507642729226
-11.500416854354553
-7.388987352491361
-8.642625803967734
-5.045976775187652
-7.86745049864316
-7.010054187461824
-8.000386344654006
-10.34547973757532
-9.008554557696167
-11.375295481274346
-8.861573824539935
-6.09195038344689
-9.109699898704587
-7.15448005989878
-6.422144792143778
-7.931774189873472
-9.590731378283985
-7.568707840893293
-8.437148646267303
-8.482578838203619
-7.335341053383855
-9.188500557857731
