-1.7546155656003382
-1.0684105072374603
-1.3476340149999306
-1.4536401317374747
-1.7474761180615062
-1.2782568940565184
-1.832410756279569
-1.9622885368099183
-0.8855579281468743
-1.4004155457905831
-1.600799233601738
-2.0905587278181113
-1.895069946798786
-2.1475383690116425
-1.7330466846057992
-1.5918197227788233
-1.7709043341692818
-1.988424290782144
-1.7596496110125261
-1.1019286192463893
-1.5064465571767292
-1.194195927795288
-1.1474870610047847
-1.3080477940176474
-1.5709895154954776
-1.782107800416716
-1.194029701727344
-1.4003242024007099
-1.827314336356535
-1.522874187772036
-1.8800598169693739
-1.7215346296700458
-1.5998835744845712
-1.5008356813451187
-1.7272432020752257
-1.8912938373170227
-1.6106253570424598
-1.8265172584438154
-1.5785771737363168
-1.6561784154463104
-1.5549537497019705
-1.5565270476570388
-1.8397043172854692
-1.2445988280073266
-1.9045855260364974
-1.2406278499196781
-1.1821705020362514
-1.2075244892275732
-1.62675636607696
-1.31698939140397
-1.7721871710738815
-1.61166430830742
-1.6497554169097337
-1.6947540546188173
-1.7044919503712956
-1.7335877181747301
-1.4571509793267579
-1.764478973586603
-1.6185997793722031
-1.029273470941326
-1.6098887533614072
-1.7462952335150943
-1.6449184196351623
-1.435189339320893
-1.6384739863423123
-1.0633516442585178
-1.5341729329940361
-1.496295974857544
-2.225192965366042
-1.3657597952177207
-2.013851708678428
-1.4601327363106291
-1.3817857952218064
-1.5813756454087693
-1.3951758776800653
-1.4195541923468689
-0.9410839376178853
-1.76478386929323
-1.6279449616010058
-1.4509215964815516
-1.657285722331292
-1.2095065544444412
-1.5244864194136265
-1.6047787658818613
-1.581809303126584
-1.5171333987329243
-1.7924373183906068
-1.6645982028924717
-1.4771268750294697
-1.4651639402457113
-1.73473181580637
-1.8232962292678088
-1.415515663113252
-1.7242326781084267
-1.7996261028928981
-1.27252880345127
-1.491908483182382
-1.2644584774502083
-1.6251254312108099
-1.2629513463443671
-1.602530826240824
-1.2744097006243629
-1.6038662246348865
-1.5324534618087697
-1.6300904904050493
-1.3783537312274592
-1.8840704467533052
-1.6649503476718128
-1.0590797129358103
-1.587641590091387
-1.5705598721632266
-1.757435539400717
-1.693652901335846
-1.447653450563116
-1.3502969238919373
-1.7495062418385252
-1.0942811329903686
-1.3064599488773843
-1.3221835294398632
-1.0089586615311155
-1.326188286436461
-1.255569438817544
-1.790564931763974
-1.1895397988262864
-1.699852953286388
-1.6672295571466471
-1.4040759834492689
-2.034182080008323
-1.307884576644973
-1.9683054116970133
-1.5821084507072756
-1.1534422364798271
-1.7200934438770303
-1.4475704435046537
-1.500577225816028
-1.4920839047793437
-1.7026567758335671
-1.340384828473184
-1.6906203108942066
-2.002607064341334
-1.4441980268602541
-1.5704082626983291
-1.5341932240618406
-1.9742572879453835
-1.6338443189410459
-1.7075160281790807
-1.8195127586431137
-1.4571061523934132
-2.221017606291714
-1.637497370681197
-1.4112059987183958
-1.525199067457661
-1.3300609385585442
-1.563250487540839
-1.8030623152249399
-1.4520972670091727
-1.7274214018117235
-1.8825792955674334
-1.5478794175617048
-1.644647902274953
-2.4012917788409873
-1.5933362564398386
-1.649340393008131
-1.5893454229299542
-1.6285880355534925
-1.4340171678288
-1.4758094076235793
-1.1655383632184604
-1.4333409911775692
-0.5985655289432077
-1.4085324939280128
-1.563081149871483
-1.7366905756015012
-1.0803585048056779
-1.6237380199786753
-2.021395237954267
-1.35814145065296
-1.89559959393352
-0.3075097420509947
-0.973797075611011
-1.9086041973649832
-1.3912657375851518
-1.594292059762926
-1.5921450674945572
-1.321732596733144
-1.636241047122357
-1.7824270500095696
-2.1051604015637495
-1.6933068324627467
-1.925611898685655
-1.6892886023829379
-1.4681521593613183
-1.740880550032898
-1.820186379653586
-1.9685072412164977
-1.6311243362997827
-1.293650393916543
-1.9227869804931754
-1.7913099711000962
-1.8625813897918395
-1.3910099239448888
-1.7695235310499258
-1.667430935076292
-2.0712855510753836
-1.4151054166519894
-1.5122491465244088
-1.9618022914696065
-0.8513728061750089
-1.4728581885353778
-1.6537360226033873
-1.6774753727278255
-1.4754456235995272
-1.8484829875160849
-1.6878729677250988
-1.7106392772284384
-1.3780874701413726
-1.8102721036204195
-1.5775417045361353
-1.354087282840077
-1.6327228164490764
-1.6128808508073607
-1.7899797315496146
-1.7904925431814132
-1.3640429542377392
-1.898336322918072
-1.965309711950803
-2.0405390300153825
-2.042484157561455
-1.6530403671314111
-1.5295547627779116
-1.5065736393076952
-1.5399142648967383
-1.5876410535451342
-1.3714298641170792
-1.498713317373115
-1.7232529178140998
-1.9120425978017057
-1.536937671828722
-1.6011365040509404
-1.2504429771150607
-1.734838243480979
-1.986259772696254
-1.5096714380087135
-1.4635524489259613
-1.325791316906076
-1.3041786575507324
-1.8954058734636894
-1.5019712925940696
-2.0812977024664634
-1.970473475339404
-0.43250781041139225
-2.0460098861972873
-1.8713587140096106
-1.6575467680062004
-1.2983386001085477
-1.1001554186153926
-1.8612547604717964
-1.5802713983572008
-1.933051484068142
-1.3614137763044347
-1.8011608765292748
-1.9487771364685147
-1.7348266277315465
-0.9188014239218264
-1.5474962071125096
-1.7685029517182724
-1.326199018919409
-1.649899205042603
-1.8953564968654812
-1.6800350948479765
-1.1342621744795116
-1.6586493922453391
-1.8822099752175399
-1.862590005656105
-1.6270039588954088
-1.8141545179976724
-1.9137932259520722
-2.2098363303944857
-0.9345021973974715
-1.5491697306611156
-1.6560269039067865
-1.7195139256354333
-1.806956189484748
-1.450816376741684
-1.3375046307766818
-1.5243719673185807
-1.8866812286887888
-1.5979147002764162
-1.642481401216251
-1.7717878432285417
-1.6955590204658815
-1.92474136998065
-1.5861501748476312
-1.9173253799228929
-1.4290286662148648
-1.1525278512729689
-1.2566205808562767
-1.5377764338608366
-1.8386278695294076
-1.998162124467711
-1.5966160826389366
-1.3608781686800746
-1.7937597795388476
-1.5960438037170137
-1.4732363408584224
-2.0502647866206734
-1.9641424721307545
-1.8597803834065212
-1.7322366290665627
-1.8177613184953394
-2.2634701202925425
-1.5646731170228239
-1.9763933869198327
-1.8446382526272211
-1.3572428010926245
-1.1945291648147496
-1.7845597067056491
-1.2939006631673498
-1.657614324872477
-1.8112761763315322
-1.6941884339687479
-1.980627563768982
-1.244366937956912
-1.5944771102032267
-1.6623123351325395
-1.4642814098615933
-2.1825416983599486
-1.263301656689207
-1.8130373561466615
-1.7825887309424477
-1.4646798252926825
-1.9327022705187464
-1.7297632468772144
-1.8213315689132303
-1.9504245848873918
-2.1615525486222382
-1.7306456636009773
-1.0091592478077884
-1.9348556974109001
-1.702376308235886
-2.043043257595506
-1.9977760715263175
-1.2838784878683447
-1.3763354791008455
-1.0850099996991418
-1.3266528530182573
-2.0637730014345252
-1.63047101555108
-2.2966146291869416
-2.0446523916961015
-1.8444431565209605
-1.841421068074569
-1.4879412745740541
-1.556690539705627
-2.1431986865497117
-2.1460524139374337
-2.421968717322414
-2.105971976968541
-1.9774341390154975
-1.508331884544897
-1.736767584596272
-2.0048910311639436
-1.940135996813236
-1.9792595646207631
-2.392492086780939
-1.5366733238011803
-1.6737327193305356
-1.7229827805637938
-1.9887719521770146
-2.402446833365935
-1.5328487548447693
-1.9578087998881675
-0.5872314209581627
-2.0166766531582696
-1.8319667764091405
-2.143737628562097
-1.797946440726644
-1.487772455911563
-1.5883985196963253
-1.995540339486902
-1.426673658447173
-2.436996319140538
-2.034992101349488
-1.8975801337738392
-2.1056567694426818
-1.7539022825848003
-2.178620319646424
-2.008232127426838
-1.5473543477782155
-1.3814200360600752
-1.4624956899312545
-1.5379553840163378
-1.8465591537055193
-1.8484475220760381
-2.0830339112312277
-2.062119047585799
-1.9067398364020591
-1.2012547352005372
-1.9227054570024702
-1.5559864342902279
-2.3122979952581884
-1.7140650453101982
-1.565283346288314
-1.6144248394024037
-1.4172519237168184
-1.7756408301728053
-1.7561962345260973
-0.6028292561625835
-1.9503934383012427
-1.7116488430359604
-1.760409537829834
-2.519347876661034
-2.1690608677661745
-1.6373740773104999
-1.7580834398046776
-1.7061113085761503
-1.9133242464458944
-1.973092631695677
-2.058883302129089
-1.9215205510830282
-2.0164152912263167
-1.938327024915823
-1.9155567646881206
-1.2576139577785874
-1.5480380826270574
-2.135630921364439
-1.9279965698033226
-1.7216262358414214
-2.1882651882341455
-1.49089543259204
-1.6725287139359675
-1.4003336670685014
-2.085533212644683
-1.4933002484609033
-2.0463361001762133
-1.981987507672418
-1.3637686799759023
-2.1259511557430772
-1.8966915589818252
-1.9262062175627828
-1.2939585496249546
-1.7598437148197204
-1.9705522301109135
-1.5840072237935976
-1.7556899497542937
-2.022206934173885
-1.7181938271332007
-1.766190631901417
-1.5277523688905308
-1.6844382518936667
-1.9409860060949726
-1.9963425456133932
-1.8346276886019786
-2.229772563120362
-1.7326833188547957
-1.8165710399472232
-1.9670688106588323
-1.8369519972293726
-1.786517593432228
-1.660133007641966
-1.9594724872375018
-1.9221607844898636
-1.9347009828288626
-2.0800266609594167
-1.8469501078708428
-1.7648644853062248
-2.018196310591743
-2.1155008780377984
-2.1259229212784736
-1.8067698793965352
-2.025231262705049
-2.171714866716512
-1.6712032367530076
-1.910294875113093
-1.4342988222711286
-1.8966545949004452
-1.5721215197627265
-1.7484500348304732
-1.9904685155125525
-1.6693687170606561
-1.7503049638189634
-1.827369592468286
-1.7884401269219306
-2.0709661478444863
-0.23416923874858825
-2.059168496399298
-1.8473490865043523
-0.9204307606906803
-2.036018014936677
-2.067160718227901
-1.4178322385963298
-1.7573029321348839
-1.8239180707982234
-1.9828743168992162
-1.6521111595235562
-1.4725415712950767
-2.029160812664771
-1.504649754498146
-1.7290291467042491
-1.9839008023144646
-1.7784077948710586
-1.8687299222200842
-1.6264138965822985
-1.7365292744472653
-1.909216516774436
-1.6796562873782723
-2.1916396579351716
-1.740365648201787
-1.775605466742015
-1.6699176181234647
-1.7679893357450804
-1.7862783460628087
-1.891140303492794
-1.870644789206284
-1.3529965183855788
-1.537455183420213
-2.1341406880500915
-1.9835135840114875
-1.180048960303368
-1.235619535772502
-1.897732370364411
-1.775215397421011
-1.9122875107579325
-1.5120856967548784
-1.522973480482491
-1.6016911333691166
-1.6584880640540873
-1.9214620089384147
-1.640456073573989
-1.580566311376216
-1.814538205218851
-1.4999357978529342
-2.147424586473103
-1.7041786265033143
-1.8166094013760063
-1.5159995578157395
-1.9512221669456382
-1.856587119930833
-1.9387651506883323
-1.5993726565928679
-1.7626951775552722
-1.7301746794201167
-1.5235289191376193
-1.5909945961087402
-1.7808940826920037
-1.660774544767085
-1.583510477215899
-1.9396708603439463
-2.1050532118892353
-1.7947977843837377
-1.7488534011365469
-1.3507055984664629
-1.605963078355932
-1.238294728702622
-1.654614277282218
-1.2769954971868458
-1.4109314009088498
-1.6171048781735902
-1.8654908649327822
-0.636217620437794
-2.100663989184018
-1.8310216818302167
-2.0165875683988923
-1.8320510852709293
-1.8429502567209546
-1.2470225162688
-1.75161551593033
-2.0446017632331484
-1.8524907202084309
-1.974274721004682
-1.8718618270929401
-0.676136580007123
-1.5658903106209658
-1.417371583926655
-1.4521850591514267
-1.3461664080729792
-1.5343639866217536
-1.339067101969087
-1.3996077090260153
-1.9853288271052805
-1.7023027887152187
-1.6446656391436798
-1.8073408187906401
-2.064145770006952
-1.844544936604193
-1.4852496810744693
-1.6814805246709215
-1.4848918216495766
-1.2780127153499614
-1.7722918384938233
-1.9110142215748185
-1.9085094740810025
-1.7762016610212656
-1.7956461395242216
-1.7303289170530494
-1.8546571886415657
-2.0498614790033285
-1.6011553791394508
-2.0427294151857533
-1.650911478304874
-2.1459131314161133
-1.8243912299885499
-1.7538448860949947
-1.5702082428825288
-1.4898272721495847
-1.3308561670829484
-1.0376232640127339
-1.6479869860000083
-1.4363588724364513
-1.0847025770144134
-1.6417395050640717
-0.6705352293962953
-1.5836475350701342
-1.8981864014905805
-1.8549092269455252
-1.968995288694518
-2.1388678568743695
-1.4847762317372493
-1.0735791137274193
-1.89962743625796
-1.4878681273984993
-2.0266564052237346
-1.7357477474428917
-1.6375338155036
-1.5724861235597423
-1.6037891923105463
-1.7535700938443932
-1.668842933523061
-1.363206798933052
-1.7379745462756213
-1.3483960041213103
-1.7045254410096706
-1.9733894446016582
-1.5843846284270835
-1.5032166774776883
-1.9530196079903366
-1.5915919370492118
-1.7346913844286866
-1.063202607390335
-1.6744611342272215
-1.260040222432918
-1.3239830728457296
-1.9309733237823736
-1.1848480707425653
-1.4348768979383744
-1.5592467238010606
-1.487582395847572
-1.3507177305646376
-1.5645936699041543
-1.6072175192285243
-1.343791965143085
-1.7293322036852183
-1.653106585759784
-1.81467599855372
-1.8325489509375592
-2.2016865192470285
-0.6601908458445039
-2.0315228618820433
-1.8443354723041663
-1.6699336860783651
-2.1126796215883825
-1.8553091434577014
-1.4875553830765353
-1.805750764153228
-2.0965428941735444
-1.7024674458861007
-1.635016021038742
-0.9090218241505372
-1.6922946934280452
-1.916883531890679
-2.0122748546671554
-2.151442746004538
-1.652749701851489
-2.108980629535625
-1.9542021307627455
-1.2305948276081935
1.6399385215225162
-2.0584934009568565
-1.6271633687141054
-1.9924268049530456
-1.9808155962328733
-1.8286715286644368
-2.1701313472662282
-2.1786983137578115
-2.1560753675408235
-2.117934121492867
-1.9742656692958678
-2.2572168715955137
-1.7902881618631514
-1.9413028006995598
-1.9273821355275824
-1.5138645329849132
-1.4100616972748419
-2.081983318566269
-1.7918430395578824
-1.4105525361319893
-1.7465428166576977
-2.0464201250017626
-1.3343455496741108
-1.769117498619265
-1.961518129455262
-2.1971422624511736
-1.2314734947587145
-2.078591632363231
-1.5420145779545245
-1.5077749042139945
-2.6139489677781698
-1.8015096382119176
-1.808421778144507
-1.825362290651516
-1.689446525666152
-1.995672527953809
-1.9516959870235815
-1.747694216135668
-1.9584019771158707
-1.977972214331172
-2.0150553443008214
-2.0388518462298926
-1.973355617295215
-1.90957162623948
-1.8673610972281975
-1.8313986368251756
-2.3013828765678066
-1.8087016240573408
-1.924086732737665
-1.7676048088612748
-1.6112521073688477
-1.8320938636043367
-2.007943225383798
-1.6550543184722906
-2.1495330358457094
-1.7802483312599617
-1.7805476460798917
-1.3732083379660358
-1.5668566634296912
-1.5781885212483402
-0.2313261971271954
-2.4535274007227157
-2.0652968484723373
-1.577495965516297
-1.3680652501912882
-1.8447923068803682
-1.6599416281961965
-1.925307306016637
-1.7903416758028643
-1.6846192471936579
-1.919227621529606
-1.7762960037777176
-1.839537593726246
-1.6929191315520256
-1.6957634213100299
-2.0154033512875253
-1.92913156452267
-2.2087813011455864
-1.3468651774703568
-1.9958410060625111
-1.7354621293538408
-2.109221968062546
-1.6507951558357552
-2.0408741875251457
-1.632316617659878
-1.7859740112907476
-1.944113999108436
-1.9149344173863305
-1.8026016325891734
-1.7409309435465514
-1.7512023946555437
-2.1232909925534393
-1.2001345915055057
-1.4064414483216785
-1.8234604801914611
-1.7625731806682658
-1.544244654318309
-1.431883275259098
-1.3791810127143216
-1.4180905068230774
-1.7809470040890178
-1.6105988564830753
-1.3728572690926304
-1.625950845741476
-1.376829797400824
-1.2863771567221667
-1.4300968091097008
-1.5546382052832637
-1.3621302654656033
-1.721092480901397
-1.4758908495924918
-1.9204476966770347
-1.4515202109350647
-1.7436735697187482
-1.6579876742508084
-1.8647384268617873
-1.9398379986203345
-1.5954385190960503
-1.5321775753727538
-1.6483786521778196
-1.6413578038372632
-1.7746870284121292
-1.6867441970371906
-1.7390848359796771
-1.5358742706925024
-1.761127427804182
-1.612114526677761
-1.4879194435980752
-1.8664755697442632
-2.3058736405378264
-1.5017236257441706
-1.1175272208528346
-1.4475130332112918
-2.168950807485814
-1.378506549033986
-2.0889468549731505
-1.5749214748327653
-1.7125206047031394
-1.8393689408831684
-1.992691510211219
-2.0373509583789158
-1.8841749175064586
-1.943081736097596
-2.191343683126896
-1.7376575385879303
-1.6061295728306035
-1.8714094210918317
-1.7119331279455057
-1.5922984651589638
-1.6382624523819085
-2.0429414540154474
-1.9258689579494708
-1.8626134542516717
-1.871200448585962
-1.3573415319736646
-1.3788046509313556
-1.909175393846798
-1.662248118705594
-1.8937464824576449
-1.626441226869594
-1.9489738928277687
-1.8661508371247653
-1.4327143048548294
-1.9539000382003506
-1.962177004538814
-1.7282834767132278
-1.5353080309258775
-1.7113788364766105
-1.3017247597227777
-1.2015395115078036
-1.5369845251194072
-1.5324494637935668
-1.4570716354915385
-1.621515926434322
-1.6677819402808773
-0.5318395645311718
-1.7819575899025508
-2.1378496095636716
-1.6893809902131725
-1.4342870552404712
-1.6076738928722953
-1.9130554631346581
-2.0107031030182565
-1.5828859023380726
-1.2761555938034304
-2.107076603664288
-1.3058823833979425
-1.517098471704988
-1.1577122327332867
-1.4632444226584564
-1.9915295612718025
-1.6297454422844828
-1.5636091702377997
-1.6447871019371718
-1.9344467295388443
-1.7148594943882827
-1.9009172172942794
-1.6080612554972018
-1.5744859196325254
-1.6756576915296644
-1.5463653925389638
-1.3706589400430573
-1.7651096437027787
-1.9108954438441046
-1.2337133253422807
-1.327913458134937
-0.3500450134227071
-1.7852886713764995
-1.8433960262513815
-1.778185707342296
-1.7237818169845105
-1.8775581844932538
-1.3923539577323627
-1.9429604548696884
-1.5354212154704256
-1.5719135986517314
-1.6649797430582098
-1.726296227429785
-1.733699715460315
-1.907916298960317
-1.7351159237804492
-1.888126704761837
-2.090071909016283
-1.5319626449542412
-1.4371698730430864
-1.3922057790909899
-2.1189054478218656
-1.2275894515703956
-1.7820645875591699
-1.9773591705872031
-1.6367899578074352
-2.059087388617636
-2.3706164656578186
-1.6981716583707072
-1.9814898052797842
-2.1157492482845544
-1.798015722069177
-1.808400933675499
-1.8306646559757562
-1.0302298052662247
-1.9391313278034064
-1.616394903372287
-1.9585249976120978
-1.45738204967619
-1.6273828538991162
-1.7381751962987428
-1.8037501310839446
-1.8278366134853885
-1.4871365143127195
-1.8163974247685157
-1.8194267640173218
-1.9676034862852347
-1.9122280437708614
-1.840337193455334
-1.7781953199491094
-1.7266343115192204
-1.4501041460108917
-1.565023570967558
-1.7230570297574441
-2.072611088699047
-1.738208987867839
-1.75351095588868
-2.0364925019052302
-2.09431795180554
-1.6777055634465297
-1.4509242403914389
-1.5582263202925128
-1.4400621273246064
-2.127910054210793
-1.8692217446784467
-1.6730481642569546
-1.9734061287476734
-1.9016859318179677
-1.8581931345818983
-2.1048759829075157
-2.1059223191869414
-1.8903772424794356
-1.4510924411722994
-1.7171117096811122
-1.5376813310040787
-1.777164601298763
-1.0354263162428576
-1.7941113523205223
-1.8664575770980554
-2.078820257284574
-1.6145158742479955
-1.6673527459919812
-1.6777970945883636
-1.8885240478745893
-1.7410097603981007
-1.8230511743634112
-1.6917692983365964
-1.8196835301371233
-1.6465464243193748
-2.012641958407898
-1.1951370461612105
-1.6853961423654094
-1.7487175216052704
-2.1026098403284776
-1.3885158520768155
-1.4194955149348583
-1.9054977892470122
-1.6701830393438741
-1.7962752619966331
-1.6531043211638674
-1.9229825786705081
-1.0238220629891965
-1.6864103533521406
-1.944957367860198
-0.8764711774202253
-1.5376157784307842
-1.5511384988087344
-1.9346580241998308
-1.7824077418490143
-1.2268245420519885
-1.6043984280030679
-1.5023804880047227
-1.9858643080660205
-2.3335224836574144
-1.2770968332114632
-1.870941083101777
-1.4993635247592867
-2.0585706892502764
-1.9194489263913708
-1.8352040978729383
-1.4721018665844303
-2.084995934881344
-2.023409032883551
-1.8521145555921728
-1.9250909308928916
-2.098368452393202
-1.7351125498556723
-1.9261892084158991
-1.6150772854838016
-1.8055312809352366
-1.8059784330904778
-1.6320385733627596
-1.5749165988071576
-1.8168261381132453
-1.6575141400947224
-1.819343174030376
-2.1856355657049287
-1.5155484910839696
-1.8644637952981622
-1.541792739909242
-1.8078806467750579
-1.9175725457225208
-1.4776480517055772
-1.7244083628760511
-1.7098940998721126
-1.5113727545899729
-1.6366776404836865
-2.230915557118136
-1.6104336543967273
-1.7402293987660509
-1.2803507926581543
-1.9562282902702
-1.5302833088974754
-1.8058398548356491
-1.810217183866791
-1.7237865155968513
-2.1682829766880714
-1.8721755885848774
-1.7068453526456218
-1.7388443264253224
-1.5803504450397783
-1.5516011355847346
-1.6983544853005388
-2.0069477906468474
-2.375612822206353
-1.7162561804398737
-1.2214625553692116
-1.6746009601549254
-1.63362114220997
-1.4684181650360741
-1.3211350294421453
-1.4196660062809803
-1.594378226746031
-1.4647103060360667
-1.8471962699974183
-1.957309890539671
-1.8369682274564822
-1.616288971873333
-1.8328395694701551
-1.9394922782755928
-1.3685773636541956
-1.4479763614109726
-1.4283563341699188
-1.5168670698728572
-2.1498566946340847
-1.786467922414798
-1.9721656325394856
-1.975449693349492
-2.072008798341224
-1.4829533887949455
-1.7381176549310033
-1.7229769654913971
-1.7996911547903893
-1.90458309435606
-2.4002848231877176
-1.6436462672377006
-1.830433083092633
-1.6866939094658606
-1.716430303202452
-2.049638772835671
-2.478570045654655
-1.7209305967911663
-1.5285418191630942
-1.2354113896304202
-1.882759991333357
-1.4850992257214952
-2.188246896165951
-1.7173815460807627
-1.7672750199474567
-1.8052404939785762
-1.9640469957770952
-1.8026632590275355
-2.0928217253988866
-1.8968827937755595
-1.6806037372192284
-1.690908168384947
-2.0909894491010745
-1.7537967291490966
-1.8380446044042373
-2.0476631138623937
-1.9019182491088253
-1.648048482890128
-1.7464577414197588
-2.053810416713801
-1.9517777750788026
-2.109164162781483
-1.9198491564175708
-2.053431430095858
-1.6437187579956543
-1.552636261307925
-1.6412092514698082
-2.0544278969518723
-2.049227799544584
-1.4931203376027162
-1.9027580675172049
-1.7331620354853219
-2.0837804871188688
-1.793648428218257
-1.7520011742551433
-1.5109368283533076
-1.8527200207405599
-1.837942904207304
-2.0572751627475085
-1.8749204814779317
-1.7929234523733626
-1.4444796079105575
-1.811733115330785
-1.787153777961394
-1.6237977083777124
-2.158389294455492
-2.0389818825015023
-1.6243422207350056
-1.8013354274308981
-1.8673265517333464
-1.3026501006668108
-2.131699227343085
-2.067352064748388
-2.04333380082157
-2.081655613444637
-0.923733390050394
-0.6229210356225309
-2.103064433429033
-1.6969474223516026
-1.0788212228413763
-1.2037760567680342
-1.7733764567292618
-1.8697690796948747
-2.0840082502512423
-2.0621782560116246
-1.637968035018707
-1.7808399660780447
-2.0737306330563996
-2.154122262442339
-1.6210048085244004
-2.2559183851344304
-2.1836858867012805
-1.8958235003975923
-1.8261527959514874
-1.5144412730346466
-1.7830623470902014
-1.8968523683785714
-2.0407647821761086
-0.864898253272045
-1.268446643078129
-2.06139205133235
-1.7461682108996586
-1.4685458575828876
-1.687169526359337
-1.5558746959653424
-2.1488600743975947
-1.9906603114468042
-1.8254858318978848
-1.677233215678139
-1.8216270491073643
-1.227367604825929
-1.891009351194903
-1.998316298848945
-1.7668897363967442
-1.4859990477572325
-1.258623282198807
-1.6512875385191632
-2.286297791691751
-1.7914823403023898
-1.8046504309651907
-2.174476496748667
-2.032906463413768
-1.7831854381220926
-1.9667321554862285
-1.9008365040837805
-0.11232430241775072
-1.8878654487324247
-2.2208349005847907
-1.9444015584371441
-2.0917250361324533
-1.77535596918165
-1.8365082906213464
-1.7229521933529333
-1.757380704295933
-1.930542128546006
-1.9183178512035346
-1.5019768747538713
-2.00266836819914
-1.636037343003413
-1.8541376186067469
-1.5800544877965879
-1.8446173410964386
-1.845667936631921
-1.3303052033511842
-1.775036636463659
-2.1370798152332626
-1.8469062282550022
-2.0087854176584403
-1.7343486176265013
-2.246572160999475
-2.1528758775356875
-2.1147106605910055
-1.7541955864977938
-1.8537888804047666
-1.7253441813304213
-2.0854101601364126
-1.7979829521918829
-1.4799202835799259
-1.4496541747333833
-1.9371366183128167
-1.5006719309702723
-2.0281747705355104
-2.186468345644109
-1.701015847399651
-1.4586231249505608
-1.820988820520931
-1.8537896549838775
-1.241245153023169
-1.5437792572691493
-1.4881487986886481
-1.757239315733559
-2.2206483182962526
-1.4940026012874486
-1.698497608693791
-1.3437119609006307
-2.1608439464267226
-1.5434945919616894
-1.9634601726459453
-1.8560873207635182
-1.771367537214602
-1.3145571716832993
-1.5441401524555738
-2.2722028307476902
-2.014164038742441
-2.038236603689154
-1.4083465751368724
-2.0959450652123714
-2.4049851669847784
-1.9079080438717453
-2.2841142988622645
-2.054549763433214
-1.6618930822581455
-1.564285697363821
-2.151145903277423
-1.984539305121843
-1.42626664327471
-1.727355312009312
-1.4110073399738394
-1.832167274369469
-1.9513020285064087
-2.061858539562379
-1.6903146298358676
-1.7937061776252443
-1.9774644167598034
-2.0445793861403874
-1.9330565060891494
-1.029496176592897
-1.8333164519300538
-1.7582760201637695
-1.5579400344037153
-2.000534052254275
-2.18019859341356
-2.365296169881017
-1.8811444727204498
-2.49714751598026
-1.9165596041072885
-2.303504745541382
-1.9205194515734352
-2.0704298855386627
-1.9369579133857853
-1.742332194657632
-1.8596245388694128
-1.9366961712485826
-1.764680145838934
-1.4872256543094458
-1.8965536332476671
-1.5431059403391465
-1.7743763399209385
-2.2722829624556957
-1.8876693966685216
-2.2211448658438675
-1.580008641948366
-1.639583676901277
-1.9556764560295736
-1.8894841150745671
-1.8022610465214572
-2.168992800644487
-1.9339173445435294
-1.863851293748053
-1.8485839480924116
-1.671478646741457
-2.095831589707215
-1.8980109238074274
-1.8000803170233892
-2.082397240392687
-2.166763945603073
-1.9322022884749148
-0.5413831907692949
-1.7800712143138824
-1.8722844249294042
-0.6567775923562446
-0.30292682918953767
-1.759398668902087
-1.8433716798308337
-1.815434998280956
-1.8035834766532866
-2.1324266031056704
-1.7051915292364836
-2.156185687319309
-1.908813979976332
-0.8421615974930428
-2.291614699123896
-1.5816731357673266
-2.1025087856395337
-1.959376387999967
-1.7761020861709709
-2.320928519589094
-1.9433449361641848
-2.445131842157177
-1.1382032798223838
-2.0146853061459695
-1.584295922383015
-1.9380639503114534
-2.02769966287519
-2.1625705810076696
-2.0288287686620143
-1.7587289148081462
-1.8837316327237728
-1.7273451291038717
-2.0172557723994635
-1.712792765648131
-1.954524445375613
-2.364066997778656
-2.271307643745876
-1.9954731198970692
-1.4698194316823776
-1.5790611228969522
-2.027140602599697
-1.7588028974101195
-1.7782969722930566
-1.7923224458525124
-1.6547835336315082
-1.7613906545732687
-1.9665899451586208
-2.139024032586987
-2.177702072852966
-2.0022408025321097
-2.024640603111146
-1.9495594761504018
-1.6525849913372237
-1.7739354779099354
-1.814341894296361
-2.1430774907799073
-2.061266923383027
-1.8920462086417416
-1.93557717027892
-2.0110022536325554
-1.8795585875662089
-1.9327024326638627
-1.7101814966131832
-2.3074102808549717
-1.344490900566063
-0.9582150507592462
-2.247836237315918
-2.184713787628805
-2.258300912681156
-1.7860350922490462
-2.02251717530078
-1.7113251827698608
-2.0176146586986854
-2.1791072585847684
-2.2336700168976544
-1.8585312390667938
-2.175660445838122
-2.297188797645041
-1.7344815116841668
-2.0644720617138783
-1.9967395308900895
-1.6021321265697663
-2.3967063544497997
-2.1121401601056764
-2.448896490593823
-2.016574629222088
-1.8194774045133224
-1.6827187939649992
-2.050956608863163
-2.1710705475079677
-2.2558448557842468
-1.7775826949215996
-2.5729510583839175
-2.179248321708814
-1.668464858988526
-2.2059281925359366
-2.257069261096352
-1.5083908454259756
-1.9736427348554058
-1.7042031090301208
-1.8384418089456573
-2.6933942330315825
-1.7369435871785588
-1.6838790520339784
-2.076105038473134
-1.8059525914041807
-2.1661950446070093
-1.9527940885411483
-1.5591567546675353
-1.909744022051703
-1.9442930466080133
-1.8653222437840031
-2.00065046247024
-1.8295496646709395
-1.0977104937090112
-1.85446604667462
-1.832390897700648
-1.7071243767863302
-1.910191349200786
-2.2068818584599335
-1.898669581991017
-1.9344590369247285
-2.0154649392418724
-2.0083188365594467
-2.0968649610816676
-1.6823527799500988
-2.195876056949969
-1.9663717299445103
-1.9176053920401206
-1.7013308033323993
-1.483285805392967
-1.9655059112156374
-1.322014876923611
-1.3618107537787885
-1.6274663531938542
-1.78213305037691
-1.7146698153508253
-1.9394317302056856
-1.882259712426936
-1.7964281214727744
-0.9377293830561577
-2.0667552505210938
-1.6235406556695045
-1.1266578943464685
-2.0090242901965674
-1.887619463566659
-2.1305294571281914
-1.9912368851383175
-1.9127373613860985
-2.0876750270506186
-1.8773856149209818
-2.0180456468720283
-1.668889389327634
-2.1688733761464922
-2.4247590109047636
-2.1564764288372666
-1.6165514031829
-1.7111672801818205
-1.9348147248188832
-1.9894338130987015
-1.7267230589990428
-1.6769253378918159
-1.2690807115561884
-2.0774336612938096
-1.5911811291264322
-2.0491487321411537
-1.9766901233185592
-2.1095814132156385
-1.9108520156264586
-1.6239074511647356
-2.3343498204936375
-1.7588656858000966
-2.2155393928969676
-2.3290985700859044
-1.77910849929581
-2.2068307397959535
-1.7554761514434707
-2.055231139587344
-1.4771978735749012
-1.889752870809517
-2.251945822611772
-1.4045078838467824
-2.0936340929289265
-1.7590949222642163
-1.8235396709071414
-2.1497541454224245
-1.2801307031637772
-1.7371585061957606
-1.3489422684289645
-1.4868179170566762
-1.7443811289169073
-1.8214665803242411
-2.0460157370568415
-1.973766108238946
-1.7659869153472605
-1.9682839847207156
-2.144636652687197
-2.0063884712166202
-1.7456623917667409
-1.9718317415163558
-2.223386876010524
-1.323795331120279
-1.4501694369168372
-1.3795371854718597
-1.5142998168718875
-1.312010877108504
-2.1704436879119955
-2.032160951164178
-2.030338215520276
-1.9468511823005077
-1.9834857505791739
-1.971898395577798
-1.5079626383983311
-1.714399770556445
-1.7121886608275054
-1.9417521626201748
-2.074367290285355
-1.6480213236766825
-1.6650594816490714
-1.490615893163402
-1.9003626901105344
-1.8818718924263103
-1.52753629490036
-1.6151434420462227
-1.7797364788752346
-1.5600535492869827
-1.7779493862135036
-1.8269509118694687
-2.0063667299365804
-1.531484170215203
-1.6855901046125283
-1.8255420644737737
-1.9413382115089137
-2.109110289863289
-1.7680415259326852
-1.9903774905103904
-1.5650764758586733
-1.7315625013543139
-1.5437433840953974
-2.022896270732509
-1.762581237595823
-1.6147404132054761
-1.6634258238845119
-1.8370584143828794
-1.8972851608449137
-2.012261706816696
-1.8924094702846477
-1.8011994777133045
-1.9167558025141287
-1.9998094549524421
-1.6927933760337288
-1.6477876809006897
-1.867739310981643
-1.715216618021758
-1.9555340833491537
-2.359235058942999
-1.4807919515724777
-1.5128834790348795
-1.7922291670266333
-2.1978063896269258
-1.4540751974206472
-1.5130189662041948
-1.8713681926497645
-1.7453438542134556
-1.864614618501035
-1.6937398033704516
-1.5331023353081736
-1.8323058744834608
-1.712555020946205
-1.9441429134597816
-2.0109533160446778
-1.9090729260529802
-1.6846325373443913
-1.6810654832621825
-1.7155677587728073
-2.100475645708889
-2.24486433138518
-2.2267885510071452
-1.7043377815645948
-2.0250418706204574
-1.9741047864505117
-1.9479066034325094
-1.9052114205590789
-1.6851087573260284
-1.749671484013887
-1.8812883424201505
-0.8236011637044028
-1.7289099904030742
-2.0486119846515263
-1.946971254835537
-1.5730704780283895
-1.728295639106152
-1.387624461655864
-1.2307213139974484
-2.0005209446768344
-1.7510053206974536
-1.869601595234361
-1.3654463915740545
-1.8245621016532136
-1.8307399372218909
-2.0413181964423828
-2.1717407192832328
-1.0604722422842472
-1.5796681021155332
-1.8262920418995652
-1.58613959165327
-1.8906246791009638
-1.7054266622575194
-2.26860421837232
-1.7141768591648405
-1.9456270941542837
-1.7176571519797437
-2.0651715194432074
-2.1150930444522245
-0.5671225688117597
-1.423797245235374
-1.6770594563790024
-1.3467257808198683
-1.6638697924050274
-1.9661577157502104
-1.858981093221486
-1.6377790745940912
-1.9955217741976254
-2.027236368858813
-1.7183337822301084
-1.738693778368301
-1.697911851125507
-2.0301061226164303
-1.534183652476569
-1.596916244458482
-1.8239578306110154
-1.3236206157304284
-1.4355512807282194
-1.4440304736728733
-1.754094895564723
-1.7088524108111378
-1.7689156515572768
-1.7525795316444963
-1.4392526800356675
-1.8604699189393188
-1.4870129947601305
-1.896525913049134
-1.8074527477815174
-1.5816258628863018
-1.5264861751434167
-1.3831612608645403
-1.7247376316292293
-1.7707825496706648
-1.6386917489356947
-1.5850529067309305
-1.326514254162088
-2.2251286325509336
-2.9616876486784354
-2.625859653778909
-2.711182892062188
-2.414716088920735
-2.3311460251526963
-1.97621636223976
-1.5030255201725682
-1.7033112678265971
-1.4078683207353309
-1.7290822333773828
-2.1525211393672765
-2.191370449974987
-1.6287223749203252
-1.5947381549153659
-1.7506413787581214
-1.5279390041841845
-1.782023195258116
-1.539203413681719
-1.590400319920734
-1.4771209599228279
-1.8740433061464759
-1.7550197370783351
-2.2846561716974256
-1.8942815978982614
-1.9284492393174295
-2.0045658667436017
-2.13070157528722
-2.2626315638533603
-1.9631740150359347
-1.5127930489580264
-2.6617833212467215
-2.1117951514007602
-2.2850957781029244
-2.3217850481355624
-1.8838766380328207
-1.8349185596764297
-1.584205473960473
-1.6609591073920245
-1.6054342483989799
-1.954744542438413
-1.5144737236834924
-1.8668247005928178
-1.4152072045811734
-1.1267018719678237
-1.5575690519396972
-1.5007541790762766
-1.7999322748097832
-1.462165138796633
-1.4491144268221952
-1.8741487337720102
-1.5953106704006572
-1.990024151947914
-1.7843794525388728
-1.856645750845167
-1.9942033451817287
-1.6998773180561175
-1.827725079501263
-1.7046207503295585
-1.989557042804281
-1.8369741901053087
-1.3941700894861886
-1.9881716129845857
-1.95989522463234
-1.9369749521726876
-1.4230265111147804
-1.9609830252472822
-1.8914032819848958
-1.622153391690371
-2.081921952343975
-1.7087822746969739
-1.818618609016628
-1.55691241250807
-1.77946933793938
-1.8680921817022227
-1.9415919722932837
-1.9248263405445065
-1.9749308078451977
-1.5667959718398774
-1.5319100115309217
-1.7818895846390217
-1.9909716681616996
-1.6855395027397013
-1.9087013834379307
-2.0560755230462786
-1.9751831913124187
-1.9559519457364714
-2.1279886737627707
-2.1918619311241367
-1.1797755636488036
-1.8121887302140305
-1.8851564992588727
-2.0809516366420358
-1.9705144194948545
-1.6309788511024061
-1.515744256139747
-1.7505841669881295
-1.8359724184904307
-2.208487254892103
-1.6927353194247778
-1.8915483516168714
-1.77588621066915
-1.9397925478259672
-2.027889052443758
-1.620509543802853
-1.5873122790540013
-1.5791834592661413
-1.6021025568021332
-1.5175155664954538
-1.9624014438536368
-2.0157491718578244
-1.5597954397267757
-1.7156049023637714
-1.7372191662738785
-1.7377144796501007
-1.9458211924846973
-1.5829650340398969
-0.8067739589260591
-1.5939948790872394
-1.7700784748582976
-1.1340057528076386
-2.008486004811395
-1.8874693366764403
-1.98333521872143
-0.6926439052485646
-1.4770467435183319
-1.8659389523639245
-2.3099565704974325
-1.5820324136911967
-1.8313790904310892
-1.8298451858530387
-1.448108687539526
-1.5973548217095275
-1.5108104202769748
-1.2848214982359856
-1.4090131279072802
-1.691264473404905
-1.3835895154992313
-2.079144858417008
-2.0950402669814188
-1.6111951298702323
-1.4554057328845975
-1.825142716450133
-1.9619619077902068
-1.9405120715505508
-1.7017392662572328
-1.4412336372903738
-1.2837454321642339
-1.5965391968571483
-1.6160498579981861
-1.4577330760318383
-1.7872095588974042
-1.3605840390423698
-1.9584778728582768
-2.118007403693063
-1.4188386548460092
-1.3327413243234418
-1.044450178293885
-0.9157540953228599
-1.4268012639268552
-1.3136318283028536
-1.6640074451053213
-0.27313407629962044
-2.0359412699667447
-1.564961463054636
-2.176609024362349
0.40798639083922345
-2.1271792611103857
-1.6019521740891713
0.6895720213880645
-0.7970642087946044
-0.4331303895705728
-0.5751120125426041
-1.4988900859207348
-0.9714130607773276
-0.019565228510161865
-1.1885779034291477
-0.2408340928955652
-2.2295422342622717
-0.4576899356637183
-1.9986988699410608
-2.1077311905530762
-1.6939585784728874
-1.6344135628681071
-1.5180940803632912
-2.0171124876977475
-1.6809255729992751
-2.202818908775163
-1.5374152402084447
-1.8617708254351448
-1.931359125997142
-1.977162965370803
-1.713702660085247
-1.7244498556684336
-0.6805908383536424
-0.42525177467141034
-2.1113191047171136
-2.2106263960297396
-2.019364821003674
-1.5781362743045422
-0.32580760326317243
-1.9209105158636075
-2.030184481123084
1.8289179547039471
-2.298113021031658
-1.896912459477548
-1.598012867785632
-1.752369437316067
-1.7661310053438117
0.42970786337768696
-1.8813065063079475
-2.016316084928384
-1.5485127162553456
-1.8178067084245342
-1.5565620205884931
-1.7408838871730015
-0.35332893519596326
-2.2635369914673826
-1.8297264195465797
-2.173177679976222
-1.3115276605813195
-1.4637891278083912
-1.955785547741331
-1.6128679787017282
-1.6095251963424713
-1.7898799468826594
-0.9736382454064609
-1.5293935937377225
-0.3472444844143924
-1.714961617743598
-1.786940233559196
-2.287296667629111
-2.2929999057943005
-1.9961839155099332
-2.5704800127162657
-1.9328652417034282
-1.9666390683737227
-2.0580837563323433
-2.354270059931535
-2.389807968784035
-1.820107831948685
-1.6235982062104113
-1.8282478607254906
-1.5724711016222939
-1.732884343966055
-2.1178017511490013
-1.9454409929087966
-2.1609460235392137
-2.08988498912761
-1.9560689685053567
-1.8440323014176787
-1.2709414415605507
-2.1053005728447536
-1.983594894838037
-1.6818622453363439
-1.961076399457553
-1.9394989229284099
-2.008431039524254
-2.1812238825019916
-1.7022899025574054
-2.0127896513812087
-1.5113778591965379
-1.7832570104814578
-1.9327881176941721
-1.6693510540974548
-1.6932162672996054
-1.8864110947072832
-1.9058240198115886
-1.5598193753449552
-1.868611727246871
-2.013774056806635
-1.8685422480092755
-1.983590458620862
-2.008620408304822
-1.549808199979201
-1.8419733731448364
-1.9817758624051243
-1.6342400568436468
-1.8068327493026533
-1.8352115426002515
-1.8286757670167446
-1.906770611937056
-1.7627608288381438
-2.0135462942137496
-1.2339943104540891
-1.9517672035650027
-1.6574271161560818
-1.3041617361098117
-1.9858264975364188
-1.819183151491792
-1.8494819749145615
-2.211099261557955
-1.7033318836433768
-1.5429311471618021
-1.3339578384237285
-1.9972008347982395
-1.515142780040696
-2.087710816389759
-2.0409484493426393
-1.845739814496541
-2.0708857438939288
-1.7760830790122646
-1.8995920852378916
-2.061862942654084
-1.6691332094546545
-1.8606545081289365
-0.8212519193001551
-1.952972261105542
-2.049827501860917
-1.8280229939334325
-2.3287448933065775
-1.4872448842572847
-1.5973070292991343
-2.058357959531918
-1.5955267070325598
-1.8273109861014745
-1.6797220115481235
-1.4871021480814408
-1.8909899651746143
-1.5177075844241794
-1.6949363434501878
-1.9123548056782211
-1.8243490034266994
-1.9825670890790388
-1.7429940996837723
-1.6482314376603764
-1.912881812548844
-1.6918447119570723
-1.8240537820494964
-1.8340446670915718
-1.7260737284508323
-1.7920899483468336
-1.5586931341108958
-1.5848498566975744
-1.6317006839838626
-1.482984117608866
-1.554727597599323
-2.1535949593667905
-1.9147034623917698
-1.6033211016067523
-1.4412095737527035
-2.1454976886786294
-1.6778264583395122
-1.82673824346336
-1.9297770270501495
-2.000251084447745
-2.052583705786652
-1.8624895794476284
-1.533028881565154
-1.79521602853571
-1.8458476891100661
-1.6031253988299772
-1.9479843825805323
-1.7181610566388241
-1.9167180349145716
-1.8607546664894703
-1.9629301836986792
-1.4469942860654446
-1.489319460963138
-1.4947005305790435
-2.0284422221565763
-2.053067106138963
-1.8427696925494157
-1.5609031093389483
-1.8626704756483354
-2.259807574781364
-1.8017232827796879
-1.396586096348244
-1.7510449707564746
-1.874109387346998
-1.664672686408635
-1.5960915953649186
-1.6225226748786858
-1.7704051719450125
-1.8533791578651015
-1.670424256180635
-1.596753562342848
-1.7115931973476326
-1.5877979802581916
-1.250067016047466
-1.2631761506110906
-1.3210826605392616
-1.645261757633533
-1.6531226429936723
-1.6004105816110559
-2.6759192152561635
-1.8810473030877113
-1.9728721014185195
-1.9402003769885048
-2.2435900078571347
-2.0850550666101273
-2.100563325987921
-1.9392071974356149
-2.1511003074149264
-2.101088858449042
-2.6020951960876815
-2.58491476592821
-1.8172508212939316
-2.374221782165667
-2.7784600508028525
-2.1677129676028004
-2.0314403452515704
-1.6920714952308664
-1.6755994897576156
-1.912788215420658
-1.6689445488582115
-1.8201782069665553
-2.195925581405794
-2.0625130087073194
-1.748803646342087
-1.9020293799623758
-1.701419348603107
-1.500419990542956
-1.4403707952355957
-1.6158850064557706
-1.6235290714965367
-1.4779444230898409
-2.0862441838284247
-1.8727751321550439
-2.3045246127899155
-1.942987421991178
-1.9042710685913657
-1.717250972505198
-1.980061239472465
-1.9678878269288478
-1.9005338811146908
-2.1716848334427583
-1.9870081575305525
-2.183280990380262
-1.849012362982988
-1.9094935920941731
-1.8110986901175952
-1.9504911602231294
-1.8237590090246778
-1.9401873987522282
-1.8717880843122714
-2.272432151692317
-1.8035407134184391
-1.4393663170089364
-1.7086960767428523
-1.6914392495979762
-1.6087995990895434
-1.909277881848057
-1.5497523865504559
-2.0328386469759034
-1.9436607901890346
-1.656960184507713
-1.6501743172680368
-1.923015348583345
-1.8851344068520561
-1.669000569532072
-1.3968486632370647
-1.7871814907116097
-1.8355291385933583
-1.7392077493531615
-1.748608756402483
-1.9565797136970051
-1.8833435898420177
-1.7890480838215772
-1.9957139893269125
-1.7171357306938244
-1.8732983719794463
-1.984681070261033
-1.9221881807510413
-1.9708576029014144
-1.6261218755532023
-2.478721712369082
-1.9613187796795146
-1.8029615659493146
-2.0331332496168866
-1.8006617131280287
-2.1031510631229753
-1.68003093556132
-1.760836596967067
-2.2628414604821514
-1.5870221725680413
-1.595005414674454
-1.9203093968028515
-1.8472921999880827
-0.11635496445916643
-2.056615061270208
-1.76543731599945
-1.7933448818036706
-1.7568470425716685
-1.8883462416698567
-1.573580265786428
1.0241969350466325
-1.7041195903439637
-0.8378777052526253
0.5567782223620823
0.8386334907403286
-0.864698506042967
-1.5913936470054346
-1.7322410812967117
-0.6007576403816374
-2.347276209465044
-2.013277562103468
-2.4936147057918436
-1.5329494335858698
-2.0960456644499534
-0.5929930854914217
-1.1627807269275634
-0.025166300120584087
-1.9787169778740834
-0.8951439705025157
0.3871089865041395
-0.7772453762389976
-2.0429054036353933
-2.117195061512772
-1.5283070904092457
-0.7474874529936846
-0.06742153792024241
-0.21244132214534234
-1.2158786015755783
-1.7510257695037532
-1.5856257586209201
-1.593405060608691
-2.036265469303308
-1.6398044772973062
-1.2578801427457265
-2.2663680298387
-2.4315014091687748
-1.0051936608145207
-1.8976519136931669
-2.297921825619358
-1.2385764905712555
-2.0156116860824596
-1.6719611759871278
-1.9868221731941043
-2.131361152901393
-1.3508624610057387
-1.8083370642040426
-0.5855086688975838
-2.1635865916149477
0.08863884080636203
-1.4837252006961086
-1.1300477057246407
-2.057534052882448
-2.290593660563294
-1.26006363780603
0.04799112672336033
-1.968979106269084
-0.23395847640882728
0.8463354951012502
-1.6458046412637812
-1.4781018653213305
-1.97828511775935
-1.3258111185017751
-1.813988975923282
-1.7780832883058155
-1.551488888327439
0.1836936913789441
-0.7436231874496898
-1.7083843352840449
-0.20360613540545025
2.460065592780286
-1.6509691666199757
-1.7009059345752338
-1.0881280485102272
-1.8765340435210192
-1.5193867545734925
-1.4794949412426175
-1.8703818769958638
-0.5625038290369805
-0.9069665548000879
-1.5807779796860801
-2.4406082943236123
-1.7061007722056563
-2.0960860963809242
-1.8659821408840565
-1.551652746257046
-1.556201036450525
0.41069660401888414
-2.0016595128459933
-1.8553727854838515
-0.7521863780408891
-0.6542515936730916
-0.2539865292557648
1.456119349329687
-2.357509592168637
-0.36016603166421046
-2.2865721721495738
-0.8250110621989418
-2.236643592444935
0.1857381475276899
0.14733132501249346
0.591860574236591
-0.6358937462489406
-2.1639885418350087
-2.366540172002934
-2.230511489683206
-1.9694098027916482
-2.0409999310704823
-0.8204785219619515
1.0441915142313252
-0.9737625513535807
-0.2307008804179959
-1.0479767436563447
-1.4122172687733279
-1.0531027303334113
-0.9851477517797829
-1.4446039644498894
-1.9926055486029945
1.1216341218029873
-0.9716596730212411
-2.226020482157738
-0.8070901901553896
-1.7717852021880989
-1.94648798887421
-1.517685996366133
-1.571091521906534
-1.7603729135017898
-1.7393824708450736
-0.454974262323253
-1.0099689250493948
-1.995171703184605
-1.589659358111779
-1.0752563007758982
-0.6165902866588199
-2.1290593473900987
-1.6467820599638665
-1.1910989572373971
-2.2983192657099485
-1.4790644321634072
0.75074587912503
-2.101344232127881
-1.207096720126631
-1.1996182072062405
0.8186715679001142
-1.818286295913605
0.5226359720772155
0.613402471022231
-0.9409483647625533
-1.1904460167630528
-0.12757186703043055
-1.1333937600323316
-1.6837509706122376
-1.6716432972322652
-1.264537630801692
0.45432406043457135
-1.5531736820990283
-2.030271314150941
-1.308417772874528
-1.5930624308994894
-0.8762960666160091
-1.1984113226638324
-1.7940565009288052
-0.08433603831390432
-0.9683827449010937
-1.789278930549286
0.5713581682353486
2.4192134925913984
0.5849701264337245
-1.6173833395959558
-1.077110368771545
-1.6302812224505834
-1.2015564475591918
-1.7958087938043137
0.7441797132592916
2.5481561994602098
0.35822533743954577
-1.2657274372139296
-1.8718348247359398
-1.15788356171927
-2.1742215070904676
-0.8063948884705077
-1.4254095259348623
-2.0535148405169608
-2.16859550625577
-2.0629570694404893
-2.154297988202439
-1.975789466038657
-1.3031681469338203
-2.4768821411874793
-0.5137027355960582
-0.5837774910873598
-1.2411724072386388
-0.3789738586318627
-1.5652439766330903
-2.410794575000193
-0.09861919175239207
-0.7522073692257814
-0.4920556617157633
-2.464847191130663
0.8820508688534227
-1.9151981584587061
2.9937587610809375
-1.9751089045476207
-1.5673762327908023
-0.3831014476276889
-0.21278531104596693
-0.540421152062441
-2.533160163927249
-2.149981414517757
-1.8658807908073685
-0.6418335765957675
0.5401633824864184
-1.7923899462761277
-0.053972360593429435
-2.1581917339348737
-2.509516276015501
-2.7238986643319993
-1.8700447667116238
-2.5665485442699634
-1.6076264602518489
-2.4232494690187605
-0.8727024338254237
-2.009755009315407
-1.7480831747139385
-2.0289716237259885
-2.0738426193886164
-1.6633378441677966
-2.289539638281156
-1.8345077105847771
-2.4437575762209516
0.9942064540233996
-2.1302334387512647
-2.1103530656053304
-1.7218912092960434
-2.1756392615022393
-2.854685927026687
-1.6277086898211983
-2.000121932700146
-1.1119024333289016
-0.4876094528850003
-0.535648901633536
0.008800139860796533
-0.7752739594086963
-0.3398492127188846
0.028421224078138796
-2.1091111803843554
-2.2402767374436223
-1.2357457979591369
-1.1027834809062138
-1.2614218948307043
-1.5519191854449683
-1.2705335302167864
-0.6342059625345261
-1.6862317045394308
-0.7479378135283367
0.4180188327509488
-0.6251798393590824
-1.6902922297615177
-1.304120069198725
-1.7175123900621518
-1.9999565718615
-1.70224187899469
-1.382548656473162
-1.7125222460529714
-1.87625042935565
-1.853500505955155
-1.618015588470612
-1.5879837100957455
-1.9181012334211431
-2.1936962108540112
-1.6635134815505552
-2.3408500451099483
-1.6463709086337908
-1.6960745813788738
-1.3505227473527979
-1.8246895496809663
-2.2187215769109176
-1.515217159682223
-1.8215940438114302
-1.9481113723246326
-1.8623182085311487
-1.875009046041552
-0.4870394704178434
-1.540251288927549
-1.6405582766380362
-2.0661988827871833
0.896245980562297
-0.9754066547745244
-1.7421603382511675
-2.2799789969141497
-1.1625307024564087
-1.7363034641558648
-1.843206547287011
-1.5927516899946081
-1.9272236260129818
-1.2292901866656072
-2.2638675565347235
-0.3220714010587667
-1.9430899696082526
-2.1572351607333538
-1.3169578426300224
-1.354932349143844
-1.7398145716459064
-1.257049254378521
-0.998321219758003
-1.682250767626804
-2.1101502683771787
-1.6536592974993836
-2.2195010492371985
-1.553294432391106
-0.4088458625766214
-2.0180229553923583
-2.0954187807448785
-1.764816834363739
-0.6287427689234103
-1.889906596587253
-0.8109166390121608
-2.0973557995798067
1.9842768642073139
-1.5945834645649404
-0.7820808094543462
0.3700792464378085
-1.362501770634597
-0.9541997516863605
-1.7242641816535345
-0.53577653260497
-1.5119488504240732
-0.16100222193155464
-1.3832761060730023
-1.651243125749695
0.9312257811637137
0.7678094644941595
-1.3131255226419025
-0.9254220915014789
1.4301899862213518
-1.4894365771730262
-1.5934546289912197
-0.1595564225037738
-0.33831410579721266
-0.8523368731622787
-2.13103183862948
-0.9587735785615206
-0.6222382533590046
-0.9352712197267338
-2.025502506265071
-0.8796050049104389
-1.008902198732004
0.23433875292865877
-1.1366402888339762
-1.7573950180412308
-1.727434584487575
0.2987342923940589
-0.31044996120005636
-1.5171774593308436
-1.3239024784690443
-1.156602543891687
-2.089251368629699
-1.6351772844189745
-2.0536103936979195
-2.3068281266323525
0.29627066577151423
0.2791690680086501
1.1383006451956874
-1.5763999466527954
-0.022983916930837355
-0.4948509934329369
-2.126748662531513
-1.506007149560165
0.8998206591552129
-0.10923530908422627
-2.201852751943437
-1.701039296498522
-1.6965059591659908
-0.7911628245711682
-1.8655924847336605
-2.1929457116832123
1.8915600819986407
-0.7761452946407059
-1.6387158455603636
-1.3504010149103458
-0.1441187226495219
-0.5403866933677176
-0.6275159043356126
-0.6674813063188056
-1.9492231832148361
-0.01968180225855389
-2.0639790971359036
-1.7609475500715706
-2.3802869394607864
-1.932280845468749
-2.3715349589780708
-1.6238094867048272
-0.5326033288254601
-0.8680759485526462
0.07305171831128941
-0.814581372129509
-0.3923242855555494
-0.6246632333865065
-1.7309435717365174
-1.739592549747348
-1.8018621739837044
-0.9644396845841477
-1.9045389459644446
-0.18955019497518316
1.4339740366605265
-1.532979476040505
2.761620594170772
-1.4132344653453082
-1.0661706320248643
-1.180736076179121
-2.1161008861572825
1.6182178964967733
-0.23949648197999038
-1.215830970537246
-1.895111370773583
0.03933392827283299
-1.7120070350109675
-0.8258033456356543
-0.22529131564517488
-1.7809979086964993
-0.03708318971139503
-0.20328634571395351
-1.0397961230193888
-0.7095554295672126
-1.2392190836403785
-0.9836847110949295
-0.478753887842313
-1.5885365452507862
0.7458476098513617
-1.2264677719661359
-1.9584224073822423
-2.058755797387115
-0.4820855396818967
-0.5815715423503459
-2.1672036321219634
-1.421282085750225
-0.11688918750563601
-1.4508106532247669
-1.195688323636999
-1.4995386676222202
-1.7712563355513071
1.1585859305300557
-0.23685566216362486
-0.6455803239129018
2.919109356923408
-1.253810438965018
-2.10060878621227
-0.3073479301222001
-2.234031616275183
-1.690429337626048
-0.1943419825149671
-1.607711537317683
-2.0685323870260772
-2.27641650828389
0.22233657632123408
-1.5657133308622009
-1.1774719050049791
-1.1867714381746506
-1.0160468402525857
-1.4855675223966842
-1.3132494477210575
-0.7820595460128874
-1.4852359538068967
-1.5495644159038804
-2.0615877188122993
-0.41203773418143996
-0.83954897157356
-0.5691397756720352
-1.4024478080971023
-1.592077832051952
-1.9396315268831568
-2.2729865459765874
-0.8239168688828709
-0.28319713346159064
-1.2688021688673323
-0.14906707754895437
-1.7089564431117537
-1.102681531392652
0.025091588911749903
-1.3309869947222837
-2.211202734124228
-1.9171054806545005
-0.7193193892451075
0.5619435368284296
-2.2950495966086373
-2.1613040635012943
-1.805297694415203
-1.4683382705735677
-1.985728245425864
-1.2420026227931837
-1.3800651695492867
-2.126651194341143
-1.286668027760073
-1.5381088474319997
0.9521632557973623
-1.6048808362115716
-0.4967212299793585
-2.0116934367573838
-2.007014025720873
-2.2337703021765822
-2.18618115158369
-1.8189925481602214
-2.245217098920009
-2.0158208055629103
-2.1615678347370846
-2.8033407572210542
-1.1291789789916316
-1.9584523551023523
-1.2716700794278715
-2.1692756894777565
-2.068664228731103
-2.2410994200810395
-0.6381076486393418
-0.4157940857392383
-1.0589944115768617
-1.374457181238344
-0.7569560250498906
-2.484356533681923
-2.1808042982817977
-1.839008831501335
-0.7359825468046304
-1.4585299491659194
-0.5112002268526357
-0.7233618447651042
-1.0800673639052503
-1.1534697587769458
0.987528061376473
-1.279345693476726
1.3426755528682206
-1.432929884823309
1.7036150692104428
1.961100728745403
-2.1172758179960436
-2.418357745800196
-1.7452979956976102
-2.461657567579685
0.19407969203912495
-1.088073233449156
-1.7638497969135205
-1.9300849048159945
-1.9531356848551595
1.4867435171316357
-0.8113978516886801
-1.27973717070192
-1.353980097777314
-1.7433329559894597
-0.9419295011612395
-0.15117408260629772
-1.4829518221146245
-2.1217382714791904
-1.3487189347280286
1.0639280257198613
3.5611608915242594
-1.948315647069436
-0.9486524361622383
-2.056651211125336
0.6011009556092561
1.2254770147475897
-1.9612184802169559
-1.5886403821228186
-1.903936455775409
-1.5288005978140646
-2.13851463789252
-2.07580255402953
-1.5311645033303436
-1.9143871844382248
-2.241435367406644
-1.2015601737457853
-1.0504657516037375
-2.0555046653698654
-1.6300195954769772
-0.7046838061028012
0.9639660220509779
0.21323791698093286
-0.9901505281372704
-2.4822696070345796
-0.27998068171671003
-1.7155402703712546
-2.0503948361698385
-0.930495118943268
-0.8698523715887218
-1.483338321872904
-1.676430894725572
-0.9806516051943289
-2.8449017168389403
1.5296480344284296
-1.6400866931347733
-0.4731572968132525
-0.9553900194777237
-1.041762957735236
-1.6398815490567515
-1.7262767918364863
-1.993483223235929
-1.75870073296338
-2.223828011148635
-2.4700447309377718
-2.066808911680684
-1.6671054569376642
-1.7237710267545134
-1.7828475835299142
-1.7006100806296567
-1.6167629304079925
-1.5029181463560022
-1.9729818195209101
-1.5007638711277012
-2.1782408970175076
-2.3008507772288125
-0.2150354302965584
-2.180724945695022
-2.0863267415666944
-1.87935094692427
-2.3657942514086714
-2.140013159384467
-2.295017443135428
-2.311992491726619
-0.4317753845627614
-1.3901684724613494
-0.45108734960478075
-1.003179886425462
-1.9564071262374478
-1.40597193116554
-2.0322044311882275
-2.097035306179503
-2.676651390178804
-1.519599059017276
-1.0596966639426988
-1.1933329826981376
-1.6465636160008448
-1.8488693157831122
-1.02346052911636
-2.066799949624439
-1.4751879747044674
-1.7774739489042832
-1.7826664450404905
-1.6808936772785885
-1.6539166036153508
0.6676943822527988
-2.6103667261784826
-2.0860806676402754
-3.0202908021311177
-1.132274408951907
-1.0610777685440296
-1.3340623988588423
-0.8028853525095461
-1.461894851072122
-1.9361192748487823
-2.001339886606159
0.8447024177508549
-1.8932914444115725
-1.8579979074960948
-0.8948607072404777
-1.5992917461374236
-0.18059052941926937
-1.469203926115941
-1.13525040471001
-2.128806856605585
-1.1807996460906196
-0.7632672806840286
2.7427308941717614
-1.408895279471382
-2.059462968454958
-2.081070411486556
-1.4329691897329055
-0.3221654219312904
-1.3360669470981992
-1.3201042182267546
-1.3430023807179456
-2.3494010218452295
-2.227434638686806
-1.5557263417735752
-1.6776879239604685
-0.06399556034063951
3.3831128010281133
-0.9447539890459209
-1.9456050561142189
-1.292086682030925
-1.942049742958355
-2.0537052313862527
-0.2644481553066088
-1.7212351812215025
-2.214308899985609
-0.028813230830975495
-2.2362198238362625
-2.416292549453164
-1.9769154697157436
-1.7471101710548007
-1.7959798301791219
-1.9142948105771072
-0.44449600449748655
-0.36912188775655047
2.051486302842511
-2.1181450446348036
-1.0519896507330762
-2.164496032952144
0.14533026776019553
0.5972113864588103
-1.532062609313456
-1.5844137178299773
2.916730422719567
-1.4388096993592072
-2.1576713005688504
-1.4523069783427065
-0.4829367800058124
-2.1837256903203
-1.1322280089062116
0.4516203578011645
-1.853027921003579
-1.5908438742996909
-1.1304090109034726
-1.7169724679917608
-1.0092568861700633
-1.7595817886455425
-2.121608967440373
0.019222019379225234
-1.8612843984660594
-1.6658318830195136
-1.7657065588440921
-1.8218090152376392
-0.15724862851612553
-1.6693851993018611
0.5109883849298753
1.1010666316807696
-0.36552824432236036
0.24347293047976992
5.080866160447947
-1.8971107942648915
-2.146428926438911
-1.6779452689149472
-1.7638830318272143
-0.42850931484695753
-1.6003225920334911
2.508895751504579
-1.7665910679465542
-1.2766768572690481
-1.3433418600688285
-2.8249159623300626
-0.9859270675768796
-2.2642297203055257
-1.5580660897759429
-2.0283563172511574
-2.135698120244519
-1.968181147870495
-1.8699873021479216
-2.1549015294620335
-1.8225516091687772
-1.7191172952917013
-0.37696712185109993
-2.0425916518764584
-0.16319590011280985
-2.274449713612043
-1.9237114220108893
-1.8160952626611184
1.226382277474355
0.8336600037012565
-0.3632641515381848
-1.3433630910302994
-1.2810763794419624
-2.4136714758240156
-2.2163972173272968
-1.6160924988560088
-1.5665493513130822
-2.160332731392488
-0.7037320326944781
-1.396147500225228
-0.7850032051584787
-1.3504008795647353
1.22202036553062
-2.013741382495798
-1.6123624429291792
-2.2554162872228245
-0.8839689612085656
3.1608470114454024
-0.41096139146408567
-0.4080749635634712
-0.8341458757737853
-0.5980741464786561
-1.859405980452005
-2.5358539927613424
-1.5472680340424338
-1.7662264269845283
-0.34039781278230985
-1.5758117605080284
-1.4335492479294005
-1.1560125618508963
-1.6517933852674318
-0.3424763705142242
-1.8942295547319672
-2.3024421542458855
-0.047169755700603694
0.3600276286065394
-1.867164987644776
-1.4736899073005856
-1.8148869622944537
-1.5742842557072698
-2.30704091716834
-1.8102522753123207
-1.7461105992449206
-0.7678127018073578
-1.3813997818103312
-2.1463358180040464
-1.6999145336063408
2.3393258691826766
-2.0087224673182744
-2.102565881670607
-0.3496171450210701
3.2451104514823363
-1.5532364553676832
-1.8486702050957429
-0.509249614287166
-2.3158332443907876
-1.4693418500728024
-1.8138613250573146
-0.9638434887159072
-0.5873200449022433
-1.0717705961710977
-1.9732355003448434
-1.699247450265958
-0.1045846744845056
-0.3166697453645834
0.2989152673869537
0.18323250559792453
-1.485408444143431
-1.4989457057012823
-1.2973192084655676
-2.2374829092176176
-2.0571084883973207
-0.5609700883887696
-1.9194002345327679
-1.8084815488385197
-1.4021138488627554
-1.241411030913816
-1.4098215767887519
-2.3698582701500226
-1.7817197758952803
-2.3150559216879114
-1.1937886833610178
-2.6875313328469876
-0.10172184449585159
-0.08593596326177838
-1.6359368718584313
-0.8690259166372054
1.5574087542345718
0.12300682952529735
0.44249772559486583
-2.2838469389328115
-1.980243159849427
-0.04231309419832305
-2.34964003066349
-1.0266771328706275
-2.0885305689705396
-2.1268164162994507
-1.057582853297933
-1.1227773318794394
-2.2208098166032153
-0.7572238456105039
-1.4873232102437255
-0.923193931447522
1.2500337282835416
-1.2678686117224294
-1.2047470296552034
-1.720364003228925
-2.0889824735379987
-2.579092317628432
-1.4222424979133759
-2.3936141115423992
-1.9278765116802665
-2.3405972064533986
-2.1078092786231473
-1.3646410519616827
-1.185647528605574
-0.8349187058069829
-2.7020685806676137
-1.432570310043595
-1.679619035340109
-2.3076731815212206
-1.7871489909694103
-2.324529016746373
-2.2756309315332897
-2.3352314668108494
0.10400899389550312
-2.243965757514217
-2.3822492911335975
-2.161073869794245
-1.860068474216707
0.006249648756478436
3.4952718207790388
-1.7969207660122497
-0.20445849241404143
-2.288556353376333
-0.2731964031511855
-1.5073250448663014
-2.3922962488566797
-1.4188466685965047
-2.0431049638537604
-1.999106735521944
0.4665840320392848
0.3049993516559252
-0.8706168825070864
0.8229055980246711
-1.0768746007620746
-0.16164653809012794
-2.396342995455845
-1.1084911754605749
-1.8646480758811372
-1.9166226788706822
-1.6327813796492736
-1.7764017778583219
-2.1944425222503
-1.483038179104329
-1.7396387674293496
-1.869422550983486
-1.0489560380662297
-2.152834739941681
-0.9964824861203031
-0.573092135300895
-2.0120048203155374
-1.108905390998074
0.8126595289761298
0.8804776926823821
-2.4608597785292283
-1.0383159478904433
-1.2127071848665598
-1.8085478350644957
1.1518493297779953
0.7012313184014893
0.8301243450378605
-1.6105057554229119
0.25460106481199735
-1.3357791720313188
0.3924386861503873
-0.497115656595215
-2.3546233607638953
0.2336274853885311
1.1504997274382076
-2.313296061232405
-0.8672703093094092
-2.1315922495628423
-1.611055645885257
-2.217102310161241
-0.9997173587404578
-1.4370284150428219
-0.6764460475969527
1.2540500637129641
-0.23762670796620294
-1.2100814530696296
-1.6908198738059552
0.8048264665307889
-1.8765275980706402
-1.4756692685067172
-1.4960035347856164
-2.1453928604599586
0.5597950701380161
0.6121187581031393
1.6203536424685436
-1.5422552951351396
-1.143835088906954
-1.016350075043358
-1.2244675440544708
-2.491816636207822
-2.323918575019109
-2.1096511168512833
-2.0680512379568574
-1.535746527928267
-1.4557661188175353
-2.069086733729373
-0.18651448540220947
-2.4759782087495763
-1.724929706225379
-1.7997050110478217
-1.9330884861444415
-1.3031275661661488
-2.5388282586177526
-2.147935904459426
-1.7917408315115995
-2.242146776550071
-1.359580332135315
-1.738769853507082
-1.6915389757810957
-1.0532646835060957
-1.6150205673327178
-2.43422857621052
-0.5657039578028342
0.22746960230385446
-1.8594069242420135
-0.6652502610597902
-0.10390321483698611
-2.2730165610910484
-1.0150579491512057
-2.2392368256535953
-0.41188758209960424
-2.139939218421789
-2.156229191394666
-2.329893937125905
-0.6665776810292809
-1.9730487625549074
0.07242910213255509
-1.964381774122686
-2.4539981405007505
-1.5349287951597832
0.3444007764338353
-1.8216696673416215
0.14622552679429682
-2.084999670777302
-2.1884192085213323
-2.894236423785686
-2.1716104570079566
-1.7190222920534899
-2.3151319982858696
-2.0976211559204856
-1.5279423195264419
-1.3552747209550406
-0.8812384117842434
-1.6087835557285695
-1.7442509328739098
-2.2289225787130476
-2.4608793876771555
-2.063876033614473
-2.4049325163695343
0.08898893205330374
-0.27044538435067805
-1.5015911696621838
-1.9462490662392546
-1.3572843077240186
-1.4821037447167171
-2.313005133602583
-1.8978607493774895
-0.5198690900755707
-2.013823606128682
0.8173590455310463
-0.6777754396537483
-0.738967030917886
-1.0334693181724575
-1.0622821952351096
-2.230135123027346
-0.9361865417913403
-2.3630736736525124
-2.0152456196803548
-2.208043337918051
-1.617845845313136
-2.2649139795016766
-1.6301816967835543
1.3227548820304782
-1.695369319539025
-2.0905289848968187
-2.1361685058908546
-1.4993332615146648
-1.0575167226002977
-1.657533828993291
-2.307974700308424
0.010454239363820715
-0.38303673423643575
-1.6301448843601716
-1.7382292183109855
-1.683667025093249
-2.0644412458720383
-1.975088193366831
-2.706656371107362
-2.1716148881926483
-2.165558572772174
-2.0793404505715682
0.20138830614659275
-0.12858883954017605
-2.2916009283353875
1.6122045966435148
-1.5372361369607008
-1.652152204801001
-0.9599351955216324
-2.2993158429972813
0.4879220327575206
-1.8346435510513042
-1.7526967541249645
-1.2592341181826088
-1.837036226853642
2.169715611725844
-2.222225751011842
-0.45471028263069013
2.651761133069244
-1.805587719878283
-1.1156342894877909
-2.122250673878577
-2.2103553999868897
-1.7782280741859366
-1.5946189466171639
-1.5237608739305641
-1.8424397466587532
-2.041150597126671
-2.5287450798288473
-1.7349900531405262
-0.11379710325207394
-0.6797555391470975
-1.5573301516914684
-1.1450233715129878
-2.1318881819538325
-1.9530023692952805
0.29107744554101067
-1.8711378474761626
-0.733657144627978
-1.811549891515892
0.55147399287515
-0.9115542680271144
-1.6118647504709394
-1.652931050189873
-2.0692033781931016
-2.066027795562708
-2.2916171612249663
1.9294678842454664
-1.1918009251615718
0.36947978654552266
-2.096691166876833
-1.5579870596213672
-2.282127013379253
2.391564345655534
-1.4796199626151276
-0.882930427027419
1.4085287485460796
-0.3226301005528303
-1.889817684025124
-1.0101155533300952
-2.3564956722603947
-2.3465580892771944
-2.3472316986269686
-0.5913935332045644
-1.5092902745548156
-1.839884658873075
-1.4911318685873807
-1.7479739829523628
-2.5987322841813407
-2.580866571627218
-0.48566374799451495
-1.8879402941407526
-0.6376254407956692
-2.4949732050581392
-2.401613888160613
-2.2435466254725145
-0.125412933170545
0.08439069538231408
-2.4346948950201925
-2.0195447912469096
-1.9678617483370968
-1.1269278161989393
-1.9446382426347146
-2.091743493616572
-2.462484298395816
-0.39853746186787115
-0.6774108423257084
-2.4771796661205387
-1.7751595802512328
-2.728198464779619
-2.449758999856544
-1.5713005663977309
-0.8666633875240769
-0.9342970933268271
-1.3318420362830408
-1.567395949179466
0.6510432289701655
-0.34605576191281023
-1.842763116642002
-2.2105631030313164
0.45412371496678705
-1.647500477680825
-0.12553131868652692
-1.6789627952397346
-0.6331234528481577
-1.8484581413197743
-1.8841610432716738
-0.062290791479876505
-1.3900508314876683
-1.732294571959297
-2.2159220941705833
-2.0072755409801957
-1.6019879052793402
-1.605326696624812
-2.065753586531409
-0.3543599658591274
-1.5407769121154657
-1.5005637666664973
-2.3130439456219363
-2.2870376810799122
-0.9280991468082622
-1.205637297068081
-1.7065129822220082
-1.6303400174394655
-0.9994745497534472
-0.07111366811423175
0.03056112258816103
-2.6750140254187516
-2.1612644733071247
-2.2161624228193033
-0.8708334178796969
-1.611419535175779
-1.435333883166823
-2.2863201669442983
-2.2962947950547252
-0.9533848173522289
-2.035214195708334
-1.6568966128023617
-1.7884578384486511
-2.3048052096456724
-1.654169288492344
0.21274080423817987
-2.088895521626362
-0.16521762485050095
-2.22725650927126
-0.3787563334743502
-1.6173279308447357
0.6640838898951169
-1.7735657785589476
-2.121901786128078
1.5218291495105298
-0.9795395638569678
-0.12509866048010562
-1.9019809577544877
-1.8056081248291984
-2.075532141380923
-1.9736657804218036
-1.4380103202054118
-2.2866567897347263
-2.1892054927321674
-1.9620958415277583
-2.3005326205818806
-2.141899198320247
-2.072106578556565
-1.9361115042997978
-2.1274118158100643
-1.704322769507841
-2.183692198402797
-1.7493262744603078
-1.646744356339225
-1.0511476490280731
-1.6994605757465528
-1.3631265480055321
-0.7435571369889897
-2.3076781652419287
-2.5032592978632144
-2.133587318459897
-2.244708580168934
-0.5153189635267421
2.038416056230117
-2.1831720353666224
-0.4291887237298152
-1.488841243517287
-1.6038381721933186
-1.1413214170342545
0.46941029290316455
-2.1571395112934577
-2.148288696451798
-1.4086851633751596
-0.16187774986255973
-2.199969918115382
-2.0519007352564693
-2.0289239795301213
-0.31903201161460837
-1.588758652356031
-1.8906103100909661
-1.9795543503742399
0.8949508583361893
-1.5009209715159253
-1.1622867436645938
-2.0742580981174084
-1.240877578700762
-1.2939490875085373
0.3358171568189091
-2.0698211160986193
-2.507660272545896
0.25337063689706635
-0.32572205858678305
-0.20158934791497463
0.5459090307822901
-1.1793943228096833
0.22178030598032686
-1.3120003322728273
-0.5553245950368826
-1.149776554935176
-1.8577550714750364
3.1377940147663823
-0.972403324229773
-0.5115717852079427
-1.7532750510390587
0.49559914854876097
-1.8981513260766756
-1.296400998700092
-2.1304093840041514
-2.053416315696508
-2.5317003366837025
-2.1108385213618566
-2.3062120220539093
-2.198738727835978
-2.0501709204661047
-2.2273379810443443
-1.7290877408734766
-2.197371201567883
-1.4899051616689762
-1.7344335747431334
-1.9949494931839962
-1.7710852571629292
-0.10213308598795326
-0.9977825634535789
0.3828760579412013
-2.2477614551234923
-1.2755751670975992
-1.147049317945868
-1.361532196785495
-0.6226516123882748
-1.941695875028469
-1.9740310122028784
-2.2374349712658446
-1.9389174146196506
-0.7877439353575523
-2.6252861621167516
-1.854288463690939
0.918096331376011
-1.2629147547817674
-2.691143721241664
-2.7461847016234286
-0.9616905122262221
-1.998038896545024
-2.34040944065357
-1.9059057245042512
-1.7283402251009097
-1.3858832765918376
-1.7602310642829675
-2.1612429259242094
-1.8805099442957587
-0.7377717246009236
-2.1328044032029165
-1.7435882006604488
-0.20062526893444882
-2.0301220361001673
-1.6013978164463785
-2.0418201805243554
-2.0205885089462283
-1.7134652218692856
0.006722241214098482
0.8435064624021514
-1.6047760075972914
-1.5195907451922999
-2.0073570041542843
-1.1976516079170982
-1.477647876225137
-1.9023510232330627
-1.87026256392893
-1.8652095120024539
-1.8307371508132615
-0.7069546126522038
-0.7085694465253732
-0.5666785331527154
-2.0659299780314644
-1.3830289630305481
-1.8818256041889314
-1.9660800840343289
-2.4656637013583724
-1.55986978571141
-1.7358011781723663
-0.7824270189979008
-1.8211544919796177
-2.26614393972948
-1.7932159316587133
-2.3099966461842825
0.676943139726637
-2.3233185346327403
-1.125789204655311
-0.6676028134227593
-0.0727905772446285
-2.1197716919172036
-1.583524670359439
-1.5550148409834754
-1.929123780699319
-2.3905469464360882
-1.9093934992801553
-1.5069804913293727
-2.000518583275965
-1.3836724932233582
-0.4254528568828169
-2.048633381640426
-2.1860062134004843
-0.9864603124490333
-1.577898756885528
-0.8002393512542336
-1.1659328768005581
-1.6415492156963993
-1.614409121002398
-2.312324832704211
0.1486194242511255
-1.5894066206441675
-1.4339765009058418
-0.40647511850308404
0.16134829221960878
-1.6641260512641138
-0.7880099833728531
-1.4687482448881988
-2.0311172662023917
-0.48272198097001356
-0.8101558522882716
-1.6842791915464375
-1.6068686395578626
0.19813542993772945
1.8117103091955442
-1.9390784496855036
-2.380835396744673
-0.5570561392644227
-1.8061455628395278
-1.350085420730484
-1.6745609172516398
-0.6331290843448646
-0.5000710585072692
-1.936193012488052
-2.1029772166284784
-1.4802044384651027
-1.6781775949053566
-0.9620515785071642
-0.4343369611090797
-1.9273055531827403
-2.0307901631567873
-0.6447880463460266
0.4111819437675639
-2.188661722931428
-1.7690743039341381
-1.462054268612256
-2.2515034064755857
0.0005677061499725753
-1.6078624129102606
-2.127354840093741
-1.8212753519225704
-1.8503170870107217
-0.28029225969758376
-0.767166448255629
-1.8270496710819968
-0.9685183529985669
0.12982310926958954
-1.182689193915089
0.39571020179573146
-1.5380811091917708
-0.43925598058929105
-0.9767932445697162
-1.2765370596674384
-2.398555903318686
0.21809931935095422
-0.16613863329553236
-0.7993833414775778
-1.5431143607961537
-1.9239645136632222
-1.9703256463417902
-1.909606035899752
-0.6603935059967792
-0.9768167702912156
-2.2864229640562
-1.827986317606712
-2.040754315358235
-2.0729535936126067
-2.0906514366088937
-1.8607715696310845
-0.8758736034921961
-1.7979560593628827
-1.5273972845778332
-1.659721584314157
-1.709140359763659
-1.75876730950676
-1.9709217848751277
-1.7735868430309254
-1.30721937590368
-1.2055359642195083
-0.026552570145027057
-1.9015071494604516
-1.8098243063911803
-1.8984910424644055
-1.8092133947289093
-1.898868747144834
-2.2356508226965066
-1.76082187029828
-1.9190821084035445
-1.9044755987077098
-1.9270275608617995
-1.9282513627538398
-2.0527267763422987
-2.280364117577105
-2.232701665750994
-2.2756865713930146
-2.100214598595757
-1.023010514600393
-2.656325818348405
-1.7418856876354414
-3.0361983683030243
-2.2357226426489456
-1.7964852228702166
-1.899349503928147
-1.5481335410343535
-1.9211370267379162
-1.697232219236338
-1.776456984406713
-1.856234729125931
-0.5151200282535896
-0.419873970636671
-1.9007693044427625
-1.02586370944628
-0.7700146808325364
-0.5676804665853513
-1.1156179663190025
-1.7223701495565888
-1.7183953983714673
-1.259083175061814
-2.3495646425049097
-2.0751373635817347
-2.0234055455935818
-1.9295721625281745
0.5079073955150238
-2.276579403175018
-2.1849725358960437
-1.9086134973181186
-1.6608238698200657
-0.6064453564851785
-2.357441533437384
-1.8367575855257776
-2.15043967380874
-1.4993100942601612
-2.2602894155151856
-2.1202883868698312
-1.6499922207577478
-1.7998906367124967
-2.295169667128926
-0.7174016854062567
-1.7641314892561268
-2.059546623549383
-2.0615009547792766
-1.9664924734409797
-1.7153002808708602
-1.9009843479282502
-2.1184904903206503
-2.0503841421762914
-2.4696645593832374
-2.373938626556646
0.3544551477854682
-0.24039469974473107
-1.9290644163336594
-1.901771172767002
-1.7033462257283178
-1.7471599605903334
-1.98470275425065
-2.2533841469990117
-1.8053132793360684
-2.235708623215026
0.6487323949818866
-1.5219512495458594
-1.6894077813400985
-1.6486306068530758
-1.5617661746450862
-2.2257620565152654
-1.9909613105554282
-2.0454285047330147
-1.854312152732904
-1.2815547341906812
-1.455060938645095
-1.735009881098737
-1.8900959037426648
-2.0321511410741095
-1.907906158823475
-1.7274921450370335
-1.7318807605725766
-0.8170038473594765
-0.8762417184871868
-0.5457549084622656
-1.696387767792627
-1.75901300624485
-1.6984930352156389
-1.5771355026618465
-1.6082501261457205
-1.2300379553346956
-2.000299056778804
-2.238422722948403
-1.560462829861561
-1.8665917513790993
-1.9913052343928805
-1.9785933696775018
-2.0112451508256846
-1.0140837134734086
-1.9968365803191062
-1.5429901150784133
-2.474122633115943
-2.3808897875286466
-1.7619597100586337
-2.311890209055367
-1.8647405831316872
-1.2898921890404513
-0.03950287668718531
-1.2692457009123779
-1.8988189193511267
-2.328425107847212
-1.57390048250819
-2.234394417691018
-1.804489878294921
-2.0281111552288236
-1.7316968469231493
-1.6869262193249352
-1.9608736645242937
-1.8978492991195244
-0.3426983164316592
-2.1305005473851977
-1.6237288919885196
-1.0917122637347638
-1.685032295582085
-0.005229895267465051
-0.3095325649301582
0.2757237232104272
-2.054269722626374
-1.4502253229712117
-2.1295629042084516
-1.6415617911608849
0.49022025731994284
-0.45334369600858926
-0.3612863144959947
-1.2435390472616168
-0.42059960056210044
-0.6651481603105149
-0.9768572763807649
-2.0225667940609706
-2.3748895950999165
-2.002255872337116
-0.5348186521080477
-0.2677373915727882
-1.725035245163362
-1.4594782283449546
-0.23925145342386073
-1.5933477707525827
-0.970029854183719
0.29101864752276696
-2.5529731080750833
-0.6965151311781888
-1.3878972670532388
-1.4907956255439812
-1.1122277962104072
-0.9190398095934885
-1.7929754818916488
-1.9803541500371937
-1.7491504037824819
-1.980844436760827
-1.6000334278198438
0.5260657307800292
-0.1775864001785246
-2.1905339640849637
-1.5436218696763901
-1.7762730005776364
-1.8161590257477993
-1.6677880991013094
-1.9593131776756942
-1.663915001197238
-1.6567753379773638
-1.5731463890724193
-1.6675956276127404
-1.5554568282777939
-1.3973224907448634
-1.6332626702308652
-1.1576843341356828
0.963523103165039
-1.5918419794694572
1.92607229541125
-1.9761584125806546
-2.044431632926274
-1.9145195266300985
-1.3505252667913636
-1.8881096939177546
-1.4597637043833234
-2.0030719210369856
-1.8641850415067487
-1.9736456525367834
-1.9729549876901578
-2.172878457191364
-2.006897098155231
-1.7151841631406088
-2.255307021693109
-0.3043092232449429
-1.9347254181997993
-2.155761416985525
-2.232145548371367
-1.772019319660006
-2.0184139893716493
-2.0860434368117255
-2.142885549651189
-2.1876037021543397
-1.9446595699141398
-2.180072408465096
-1.9553138264073349
0.0721336489335181
-1.802589611573603
-1.1681960799738724
-1.6592703053977809
0.6460515081787535
-2.0625536102393642
-2.0913807785331797
-1.6445932403466896
-1.6710068470226036
-1.7331767637230677
-1.7398227210416402
-1.5886802519390308
-2.419710444244359
-1.6914409291971295
0.298414781186684
-1.6167734021563425
-0.9614358360274028
1.6340037920697312
-1.4285597920406263
-1.9959579016181836
-2.0794948525350883
-2.029426908701863
-2.1761350398090515
-1.6856914969473409
-1.8413694911568215
-0.8693850030468455
-1.7180934177161604
-1.2922133573046497
-2.2485074161060745
-1.7559208215085194
-1.1696759390454476
-1.8446673514670073
-1.1114323877582453
-1.5893593043750436
-2.3650929908363167
-1.7517755528587748
-0.3528889813812352
-1.4033235168354259
-1.297341126164745
-0.4049933556104385
-0.9556884693016204
-2.1119818017111025
1.5613058176454315
-0.6264089183100877
-0.4324561557292563
-0.19020087899938518
1.0760903093388887
-2.1447415417949793
-1.8099922984542494
-2.07264295976547
-1.902627221120791
0.3188825638127016
-1.9768748501474942
-2.1491000600502588
-1.722830359165944
-2.036569455970232
-1.0754687013811588
1.7340247605317594
-2.0861580610432853
-0.46100673999212427
-1.7782880854368806
-2.202664966245437
-1.6033096826485604
-1.8708075328278357
-1.7306026358006723
-1.4265342893445219
-0.23899722599391401
-1.9572220278986125
-1.7140385436462988
-1.969827923333228
0.41462161173608336
-1.493368307051162
0.6368578453997731
-2.0401884852450425
-2.305254287563639
-1.5681041205288289
-1.69758504787376
-1.9095063383338016
-1.947974703045269
-2.153949576014318
-1.6373536574450915
-1.9219306711767918
-2.3084900115229887
-1.9022913682846756
-1.695127121062588
-0.10653664706502106
-2.1857382453945586
-2.018254683144134
-2.102904622828837
-1.7755105961095272
-1.3344463884517808
-2.1284564667285806
1.685371842477426
0.4337124698642169
-1.9012707295200877
-1.8483509285673843
-2.0220403218180225
-2.007173272425522
-2.139235530833223
-1.995150258696618
-1.9452742910389804
-2.2224833636303383
-2.0376577370900453
-1.8940857977836079
0.14870733703651
-1.83760680932172
-1.6412516139531763
-2.1451514332202475
-1.4793331182715708
-1.473749967345436
-1.6098732260394444
-1.7173145103579253
-1.450130026427725
-1.7403270395444532
-1.776534837313861
-1.6441879365210825
-1.8855940695097193
-1.9242788390921284
-1.8347591896220277
-1.5739395504765166
-1.6151038913947873
-2.150182229652257
-2.147297458226662
-1.755818952247199
-2.086724321379279
-1.67819052178226
-1.6579475985427126
-0.7226333415689751
0.44843822945395173
-0.7863532281406823
-1.9929976161981786
