4.814750652655709
2.910685480677358
1.5379071373464726
0.37924158205121605
2.5038362688477607
5.579553611507764
1.9974014192013216
7.155269098120127
-0.0752370753465964
2.759752070293266
2.069926939407104
5.264236733216424
2.75314460224219
10.27410665241777
3.708594118165507
2.824491069120495
1.1160808562008846
2.2023175442595426
8.80273559715424
2.7001030799200527
6.003427978093468
3.4204292385266064
7.157938485788218
1.0528478167503272
0.45769451936563077
4.6579369137016045
5.746357277975008
4.351208026296186
3.853049178861026
1.1072399463766012
4.417432749597292
1.936023241020749
0.6807635502273972
3.3665064469592867
0.32735337999455427
-1.0415766302891423
0.7005177092252316
5.6205160341077
-0.3168990347525753
0.6088540651166834
1.9172877577568643
-0.3871369231444912
0.30976269684909774
1.7706315808956044
2.1904345505745653
0.6588713392490928
0.12732931680220516
2.1375114613932222
3.014432614536944
2.8305521326638137
4.796472811287578
1.087721103319724
6.426900963000656
3.1881372544380033
2.3386113070503916
8.42622310300552
2.348948226185481
4.518420876903116
4.380008061285759
1.5288198232854664
3.9414627119489243
1.9892183227438536
0.8920684341662083
1.8189480348521934
1.9594505601261147
1.5125388303754477
-0.30390782860849985
4.7434512722444335
1.5743859908141509
2.2183988961859296
7.067524960556004
2.6353181150150435
1.0382103984153495
3.4864187410445853
2.263703930869602
1.146284315372629
6.718739627115995
3.363256968635249
1.6781084168602856
3.0773742213017643
3.1908186685560063
2.459727371213007
5.53601467330118
3.0958426331779663
0.1158200843580715
3.2924768413642904
4.060246280845983
1.3695307119152926
3.232316713639672
5.284270052245092
5.267619814865191
0.2992978282215594
1.336087492067352
4.231205311392283
0.03613384045399792
2.405838557168733
4.644712763384006
4.405104059036367
2.215234586719909
0.8074343127226806
3.93742106154842
1.117848617880689
4.105991371001348
6.602788971351021
0.4854412732929818
0.2960211622892173
2.7855973920291355
0.8845942361646075
0.7188372214797926
6.42106569950272
1.0179085994493904
2.005145275272377
7.164911683546432
4.213764882478064
5.116474399037263
1.427033473120334
1.71059660313038
0.583191090559722
5.111701730811947
4.9367976004807685
1.2125857272437466
3.3437087343032035
2.672435114790245
3.395540753854413
3.582874424898397
5.935281565292186
3.8309592953820073
5.32049497927196
3.5933742394960433
1.6467090417519297
6.4028131462120434
2.375431562873365
1.3317434520317197
1.6711691528081452
2.481015174918785
4.425806001161848
0.73620007914168
4.572103252440306
2.3941756461307584
2.911669868943303
7.337233726540278
6.216235573869823
4.22810521028624
1.3759085408975267
3.796707087282554
4.01736127390004
0.9030758286886955
0.7851437361356011
4.423500889199504
-1.1150803137743936
3.201113616346519
1.2428241784794323
1.4434812229776313
3.3130489631298894
1.447228768527873
2.0815960377019245
0.3925054076821055
3.5523636315133293
3.1254635216121485
1.967813001879589
-0.3902476456044091
1.7051964098501728
3.9309979312943413
5.18385945104931
4.644217357669621
3.842500915371946
7.408158418251627
5.704586513546218
9.580022818791537
5.15633562562254
1.580955200218875
5.264069929087816
3.497871971429776
1.8549290841401223
-0.1783541667364858
2.543517907379932
2.265426781410553
5.825863580975504
6.0520770316135755
4.436713116948112
3.9713359112631084
4.428371592546796
3.401818779579431
1.9900929158903455
2.007099953066386
2.449382132207231
2.347725568868047
4.545053147092507
1.189967220891659
6.691786876739064
2.959046899862596
2.3344770261780927
5.511467683019921
3.835547391403667
6.127406345845396
5.719337129302949
3.0727093031875703
0.3940711249528971
0.6998731370758351
1.7775641519405405
2.6180116642666666
3.1599289087603672
7.256389216040947
2.7085671682366232
3.6452621280819395
4.603975503809225
2.4710436516667587
7.906953603017914
1.8939533508389614
1.6009176590724745
2.9928372248422237
-0.13783240089727095
4.716096426398862
2.799693836528334
3.9469207352553624
2.0603967485553607
-0.3704716636386937
-0.909882365682602
6.5113891240024975
8.430633486677067
6.272747975761088
1.7008580903375032
3.2649642540835893
2.662787338048409
4.5752211882990315
1.659166337361769
0.08568306995993424
2.5487434156896316
4.4394102538406095
2.7319875336679473
3.1559927744813336
3.876323037200957
3.2144996875407696
0.5673043530802047
4.667778908579967
3.787748793627733
3.5657190439204167
5.347223533620643
-0.5008678021299293
0.010955937260713774
0.35698339520933914
2.3228189092647114
4.095920086123352
-0.9880438915209854
0.9015773196196198
8.114629631628022
5.764901423463319
2.2253033012084797
0.40138301281862365
1.420781189210299
-0.7484102855291147
3.832578365629921
0.10013734455454472
2.3398027127102905
2.356806272827993
0.5610255096965696
1.731812697366468
4.031597940310939
5.132290661416301
1.8765592511523024
1.363704016232391
4.366965039166533
-0.403208268070255
2.532820170100912
1.7785891957904059
1.0757916416755304
4.53483027572385
3.6451092858395127
3.627533576064229
0.9006892243907373
-0.7155789502609275
0.6446389401634981
12.771632046541907
3.1219383205453504
1.3944819241500621
-0.3974496555607885
-0.20554236905679568
2.8151618072365956
2.3974806154692434
2.7165903681089234
3.4630877244696965
4.491786406304387
7.369405947385472
6.090306680600454
3.0034787280513098
4.928334080881636
3.1072488141584786
1.923123110895474
1.7074900826564368
1.1639824378739547
-1.0966557072792698
2.1281135326380243
3.870957618722343
3.3398222766838175
3.602261582617934
2.386316787418012
2.370133948782259
1.0887027679807242
-1.1339777017253827
2.2400645922100972
1.2136879009435484
4.157240792351636
2.054184515814527
-0.1989162651140754
2.380605977911949
0.4203360956791511
1.3975049790372593
2.3891296001662963
2.0643300602927384
4.753835094929357
0.8943740168977155
1.504917161068812
1.235887746652939
4.616475214036093
2.6456059785554116
3.1329399279230543
2.5624847504720516
2.578550574640306
2.764853334206008
5.604992296069886
2.076603510417641
4.798490196321981
2.470612544836587
2.0988049404905005
4.262629190265965
2.8966294884723607
4.199739485917706
4.174009073202318
3.966299996489576
6.304769708243702
4.671334956642269
2.940154629411437
2.974332760458193
2.448514881678488
4.3429591445407585
4.639537372827237
-1.039477978289126
3.4050380141250165
0.8010079123138538
2.5677322405585055
6.199787514701438
7.072484674067591
3.719818177838097
1.1278753365358578
4.5622501798814925
8.65888787260538
3.8199903257852625
7.90978810441805
1.4140880121136914
6.042242781294773
-0.5108164784775174
4.447215924965699
0.8637060290914789
3.1317396743029313
8.310237753435839
3.1887579813319284
0.9811859485027838
1.2892511532982516
3.460118433267988
3.18380371485759
0.43367677311626235
0.092626257249183
1.495465951462138
-1.3836752502588157
6.547290079712658
2.9298728849970956
3.8997790043799982
3.278820126532882
6.160354038758198
4.272858098713196
6.243352373132154
3.1298378479916695
2.9078593785278297
4.977299912732012
4.747240758670011
3.4150088022086464
2.285982978487921
2.946541869617099
3.2472014652667394
3.6146608377216176
3.8106411080759157
1.283918605878134
3.702305345678501
4.353116476591708
0.1067293270943247
-0.9922042041118503
2.1944348156611055
4.495642464003132
-0.9689852179993419
2.625330988443398
-0.2694711284774386
6.511775781994639
4.080556025606634
3.146244299970907
1.8658717287046862
5.495361116817515
3.9075884528431275
1.7289556841638356
10.293917615071338
4.926402661318753
6.389337024361955
3.0653099660354832
3.170402478832365
2.00213179424564
0.7473966801683267
2.5973815706934866
6.987813165971364
0.7702176977120603
4.000080584445788
0.2491581464545241
4.89175477034905
4.659832511023009
1.1628021242884417
3.095868708360057
5.7507517639111985
5.928064441130072
11.822018152516158
6.097729800274744
3.88841895267137
4.290152785468498
3.446809172011376
2.068254111398977
0.21847993880873082
3.3741018639366844
1.6750642605054606
3.1505369512730597
2.0171954750145553
2.175534494959143
6.061825721528959
2.928513812713205
5.071862688351538
5.104671333059327
4.869233055250931
7.225604096582458
1.3386091531705497
7.260585867807133
4.959832242867737
8.50590346855358
3.987186408389479
2.932406999867873
7.541204044916305
1.7238994997997081
0.11880550786026635
1.0745880285700262
1.3975098574940608
8.340613986550366
1.206270930683942
4.110958996618604
1.0903031399503125
1.8240077028517943
0.9415157149716907
1.849293211348821
6.154960038463593
-0.23888868273332908
10.481303886178031
6.494678243987537
0.9971870242335018
8.699874196566503
-0.6653646266007998
0.17697216499888457
3.5993254069183584
6.06347856770999
5.0866820765675325
11.216721654310138
3.0690594473340345
0.9504106875598185
5.962174848292563
1.3895282884924878
-0.8604145117770511
-0.40791466769884704
-0.33878139501632953
-0.9380516607974458
5.511201392375965
6.132383276212244
1.2981467784010285
13.096408415103149
2.4027601972464407
10.142093413362252
2.9863868952068637
1.0713574766735072
2.0452398692824576
5.193895125413973
2.5462051612239653
1.562838402219529
0.9872304582104909
6.329221429601388
0.6049648387097881
1.9736355790957718
2.886874748377174
0.30386922734351507
3.4959305588316045
5.67897578911539
1.6168419134586332
5.6692571364748785
5.938240226097762
2.605400639869013
6.901196437209443
3.139884769812024
6.2088621386704865
2.316373387627844
2.362048926062705
2.4068366592734427
2.3578205074759766
3.901940597690763
0.30019373976980535
3.4525180560879702
4.77137130484547
1.1733967738715192
1.9686127948282255
-0.3859381091637656
1.9906264689438795
6.82620714199969
4.411170592428812
5.497359637331118
1.1769143192414577
1.0850001891886634
2.7685915507072885
3.1847926207008284
0.44039302493174465
3.7006717843526022
3.574239103348953
2.339898587533383
0.9098459440899255
-0.027195494962837796
2.5006214500065447
-0.19325147746133242
-0.16922963493095733
0.7700393531440493
0.4509716794941587
2.6778505982279026
3.911118861781106
1.8990366635411686
0.13154258834100707
5.123925534154962
-0.019214582512039113
-0.01542458218898124
-1.3087735223313675
1.1501578955388712
2.2673677282154205
6.447704808288295
5.153723953070513
1.4213541150804185
1.324506425862174
3.09595570264268
5.49136050869546
1.9117310228381812
5.843396142362819
2.6791886993195884
1.7562063168247692
0.5414437144626983
6.879395160559787
3.8542350811730444
3.7620177209671115
1.2681699067839585
6.060041614384077
3.9730754882243513
1.2248268000793407
8.937503560890793
6.658346934407401
3.7615131085131166
4.7509267738704555
0.14393342340160042
6.679027028518368
3.318709124333208
1.5294453381600606
-0.30762172634379503
9.279600727608603
4.311426470101251
6.216002064103294
0.27133146274749936
2.605668240626715
5.559416134926496
0.35989227790094913
0.9044414803130711
7.0069786933022264
2.2770159020885115
1.1397732467450927
0.9060160164498349
-0.31255171393152026
-0.39401087373673255
1.1791943284626727
4.461823397528282
3.1479272699128114
4.502236277592958
4.927655891320235
6.753096530630081
1.6013267107636535
3.737576034253559
7.075132073391155
4.560757203095064
1.9112530366376257
0.9798281084410996
-0.5670998519351005
1.6670957919925802
5.436938861761019
6.408485333297979
1.0885418589449776
5.899625081403187
2.207333326290862
6.217193523064939
4.069649802333343
4.9502370486159
0.09497154025049465
0.06644268968165823
0.31919128846261496
3.4092193392051793
1.8341889981763209
1.8245501058969102
2.6003444329529293
3.5843221000492713
2.084003257349921
6.528773438149898
2.137267485215392
3.5384611101699077
1.4057765581267423
-1.3729275905422247
0.8774499324783479
1.6293530641186176
6.132273804510468
4.281961895904283
2.965204958418851
7.142034997808497
3.5769194287372397
1.229171062032532
3.410791925408988
2.348790171636923
3.0012297158207244
4.49534085132559
0.4534397818838236
-0.08054160835385188
7.85775333771735
2.3749894812953944
4.936054386994092
1.712756873257143
2.572398812842024
6.127753430354913
2.8957602358349126
4.692928958519902
0.18280137526228465
1.0007228387174725
1.755622006615782
2.0302271243284435
6.636588489789145
1.9639471608695749
4.169186510424288
2.6621272496855295
1.9355976088535565
2.2971546344525087
-0.5189959383933334
2.2961816325378646
8.768690464103726
3.177165562433717
1.7341029201199456
4.049809035476921
1.7844728967411534
3.6063568212329025
1.635074223566754
10.439476998686038
-0.7817460396508324
3.082361536770958
3.6809678850834264
5.4121453739308585
-1.0632628172259913
2.3954819414460893
1.1452297630406645
5.884714420200739
3.9841579799809197
3.9330120899258425
0.7090389136128017
2.7406026216559765
5.642879207878698
4.626641916661754
2.2321740314053464
3.9031187987755556
4.2347338603074425
0.2622170634293687
-1.036979496470587
-0.6146263892246305
0.06531935914803289
9.244185293841296
4.144554888486186
-0.4346071150395423
4.508165457019571
1.5886254779560347
5.2633874969309575
7.081963603428443
2.416678016192433
4.001632800972885
5.580984019517674
3.00845815016225
1.8835863847479053
7.946795688857008
2.1900231789909568
3.439060820692122
3.8487181999739284
2.7731294120258765
2.339434542177367
5.889389806195731
4.078811999649883
2.450411136780651
4.085143053372801
4.220393589192457
4.960765386151741
1.468889181872134
2.849612773606069
6.537747185236767
0.9840800020954448
1.5107980225999078
3.492640580913089
1.7005231418362587
10.746318161510704
5.947534950019533
2.2986693332447574
5.4916824727252
5.393876019645319
5.306063727601418
8.898123674513313
2.1927033838307857
6.248666093344693
5.883919478022893
5.69518938746632
3.2402566240927713
5.944614427533669
5.557413575665089
1.0353289840895914
4.457372399519599
5.745611451232769
2.1162736955037413
8.641817884093912
4.536557793169436
3.5031313424466
3.244814354100448
4.53363299470386
-0.06962592112318244
8.958630523088516
10.848297755938525
8.8433891431633
1.4724898811706055
5.928612879436914
1.0909703600107066
-1.001294300455361
5.948887306929303
4.546608200784591
7.238135547148572
2.1591654868202164
5.11063924102208
6.561521725044104
2.7557730648523298
2.259321281315756
2.734450821078492
-1.013398303855372
2.1227561003673587
5.146988976406998
1.7092469025193218
8.618701586185102
7.874948790364996
6.073254850981528
5.149753887700218
0.2782536598950799
1.3159096345583223
4.205386701025749
2.7775453962742653
1.5057635512463936
2.8457481335884993
0.4018808126550202
2.3634059550587483
5.946406871721622
-0.08576995511463681
-0.035526730751167745
0.8323584467098835
2.6215231956808207
2.6060896923075414
5.446116367247832
4.216313878312775
5.0453366451038875
0.9907167628768784
3.9528665783819497
4.5366739015693325
0.40367825450789807
0.39154108866931236
3.1033882212029686
3.1999350105771622
1.0350845480576454
9.85132360862558
1.629383288592157
3.825153704553263
3.891712601116514
2.8067486948267963
3.8971036469958937
5.062301993893581
0.011492861492870432
2.8394810157370216
4.652782827319763
4.931338872377504
1.5935659405931024
0.44289067355183764
5.030313743083179
0.9949528070835929
2.1975537817157487
5.417666166563731
2.1695254114796683
0.9865779524452865
3.0648434430030402
3.1667164273117345
1.4656825289066633
0.153288744723768
3.2848029473835023
2.770991333775429
1.4277940290549105
7.094846774858406
2.0095869018104824
6.004920488776297
5.2503256576501025
2.615389548152879
1.229866493568677
1.96804769946092
5.744145117471614
1.8398017280978665
2.299537136601364
7.018318106559957
3.093036839233798
2.215449181875659
4.730812892702039
8.931094404973603
1.3054997185141737
0.6810156383575725
6.717399366586267
0.9321291637978525
3.336022677454359
1.6397745942214517
0.8284249874060581
1.2760247274593686
4.702782832671687
0.22832697074611785
4.495315645415982
1.5603846028003534
8.883696776476551
5.240994574281563
4.8641653379295935
2.964177119724372
3.609151381767943
3.1470205745418696
3.9010770013045786
0.8419757690550127
4.418576049410641
2.887705761540966
3.2447894810818405
5.185033375683252
4.264403010178178
4.266680257738187
-1.0587885398647612
-0.1513458377781778
1.8667567163576189
9.190277730557412
-0.3486298625245258
-0.4802519502915915
1.3894145567814586
6.679558600341709
-0.6554863608686237
0.07783479932189658
3.827038950261075
5.073132618410667
1.006460001403513
7.340504692529185
4.213226841526966
1.9712817746544584
5.3429374566762
1.0469444950725937
3.762218064068259
4.196851599645486
6.643116652947381
3.98814974511506
6.827224382462882
1.816836611954858
2.9073700124357056
10.38696284285892
4.026181314429184
6.765042077529451
0.6229930111431994
2.774832374092523
8.251800383208135
5.1723723205624665
4.47659098383868
2.8510810275438185
4.400458509934778
3.3776304267760393
0.7826904212657956
1.1825904949228891
1.7004852359188547
3.324976161169551
-0.5985730726725914
2.8326133565102403
1.994479561293828
4.2880767425116995
-0.20779500509932636
-1.1090451192367445
0.5862695887327487
4.584213443805327
2.1054438620956004
3.7391061888237735
4.00239964538737
4.832586969561554
0.5558430702417407
2.6821223782750394
3.88601831550518
0.7229680707780018
1.5272938372735791
4.001856791180715
2.916456468946001
2.176557410453648
3.811851516466618
-0.8686051208565233
4.162244193111472
3.8764151239801916
0.6145749362130954
2.8870335088715464
10.418013783891766
2.4073224838379192
1.8455709936231321
9.854823222727468
5.259149518740493
3.875694724392956
5.706791871830619
2.74678953492605
4.160766577025064
3.591946564543265
3.1419017378379652
1.984398693130262
3.1840861244518113
3.6677034235306323
1.239842465842576
9.36583392551824
3.554597762401402
1.1857484925252315
4.347978026335844
3.5170614691179694
3.0830535279354327
4.130663705707507
5.384204064927389
3.33431699467898
-0.7822230079967023
1.2604165604973852
3.3099362817851175
2.215056096142927
2.282802326794419
0.7913937077435712
6.946539504332517
2.0704598036752726
-0.28712981518646585
-0.5335496377216552
4.829027099178153
4.581813225669491
8.036141363623505
3.7772848888629427
1.5700689760243287
1.8579195830838517
3.0975336085960117
3.290571343128623
2.970412310310708
2.56756271579693
2.323482975384702
2.8380571781647213
7.378306952755073
1.7218655661439017
4.670630887069925
1.9397880855015575
2.8635284919128567
3.2278871123540207
-0.36248732009478435
0.5606667172226827
3.326321639037071
0.13897901849641991
2.6961665895571665
5.101258624730771
1.9828448426269767
3.0874232371702295
4.857097566106448
1.3296688020067995
1.564516809760541
4.69010981907695
7.319159705217467
8.832656670857165
-1.1146044973790075
6.226386081177805
0.7022743207306618
-0.317510768652184
4.492362353099283
3.5852250055981463
1.8665638991568876
2.40683329592578
0.18774518390132872
0.8004411534049309
2.62680040751475
6.418830249903952
9.348507616502882
1.9510269470930794
3.5897186944385853
0.8979115795059859
5.778895064285891
1.742600316824792
1.093204376148311
3.371422981169054
1.3913037329001214
1.9609746256646758
4.8564685277499295
4.650466751185747
4.155813281694516
0.10253322574517873
1.3035288084957433
8.100906114293139
11.036578340489582
0.808897221033418
8.351407746519605
5.296368877686171
4.091812773855268
0.9492546917982213
6.125324225510136
1.1627114166264512
1.2753094463234094
6.571641913775497
0.8614415254743917
2.782338773348604
1.4013623516558869
1.9446612885112813
-0.38111768683969127
0.5984959686542908
5.9574136430567535
2.023320186951132
2.4875885115819396
2.013595635304019
3.3689919267976887
6.674202385720539
3.701243583441545
5.044032992155769
4.8245924582812805
1.816105586994895
0.5811261297053435
4.096582418512264
0.5423930363575088
3.0688733406302138
1.3706714947269687
3.344841558667619
0.24644528999248985
-0.7633756101390236
1.846889439346115
1.8825788732005946
2.6547465173085865
3.282682422305917
1.639716863101504
1.057698662681747
4.171722452305382
7.703837490587992
3.102715706569972
2.2856398792505903
5.436705460760084
1.5294278886733494
2.0484004182663007
0.14369725005621603
0.12460180210667328
2.9816579090793582
4.69419107412243
2.430765111805886
5.615888175202318
6.443898264941684
-0.5146188266817145
4.5247395566522925
2.284634429553936
6.824835886558073
2.6920762106799603
6.838306824571521
3.0376296312903617
2.7588865095903676
3.7396722103713076
2.6292696359397976
5.886256546658242
7.551194528559106
1.2203287223758148
3.353852629770007
3.735570975393142
2.6701143567320633
1.466406655226418
0.41420036222584605
-1.674125814482628
3.435000924334852
0.9599339233466528
0.20872359374955818
7.107239656852135
3.3307679526175824
1.3108863064349483
1.7135519105792336
3.424870138397781
0.10618273151678563
0.6852075829625429
0.6541773808780142
1.9043368701346386
7.8338343314184655
1.4611401786786786
7.679397799354104
1.8660377512977906
4.204925384810093
2.4033943721459705
-0.07157387062668111
2.1488478162905547
-1.27980442176515
3.8659066332623673
3.2006041355241224
4.351538805841005
5.212806650736691
1.4159613754122429
6.95760845046003
4.423210074410309
4.769000238845925
3.0002776376819633
7.1726227075548055
3.0543843734293246
0.5496050458828106
0.6167884172698279
2.3609946687072707
0.20123062464689626
3.57873139207179
3.7789384060463203
1.7425216999150024
2.514768809252147
1.8570983077837284
1.5989510860377105
4.600948013570654
6.728205999505451
3.958134206143862
8.170513643372422
2.1406327858079743
8.065778710838202
2.238216222565588
5.088073751466338
1.7933262603885627
9.355473828400914
7.0290972096879525
1.6815669307394823
0.8098947235318031
4.506478738987226
1.7405236421001777
3.1895577264489976
3.480356989623516
1.7866447848786493
1.6436091688741752
2.849060826091482
-0.45218466954291325
1.4831345752447622
2.088180916798786
3.1015578639303785
1.3437993893963405
1.3620217117200395
0.40427390043071365
2.6410645856219013
0.36140950484593104
-0.20683180431745507
1.2571852948477091
1.832741846634345
3.849005279908573
4.282947878396648
1.8791949643287826
4.384709939941185
4.225798389676972
-0.35806390318048464
2.135387158100156
2.857168485014449
4.5518428800424555
3.7116778824033823
4.138454736553547
8.688795978121512
9.530608754614974
3.882801713915513
1.4934689783952928
3.4343315685623907
1.1576575915406262
0.3806874673355226
3.622722422748377
1.461751932781115
5.093569750157051
5.56699760221965
6.716974022699469
4.208525261894167
5.129146973797846
6.6049812647281705
4.103417959701167
4.383610394654365
5.534201826150433
5.885072717279616
6.8335229209632224
3.2715317808302817
4.1670271215877
4.843435000546069
2.6984343621553055
2.1491516056927717
3.914162595249605
-0.4058831613668174
1.457683085211547
3.242860869165668
-0.6092692419551173
1.9686777625754435
7.172651692026879
2.1480289263874095
4.985310251565573
7.377897749269003
2.301978820044032
5.208286606075939
6.2666576155045455
3.0457732905018826
9.33045064848284
1.5510658741939634
1.6920345716434257
2.8150159643452914
5.69541289968772
5.986055829029281
3.5027502595797175
3.226556370276552
4.3595622716511375
8.736986389146965
6.182062723191796
7.007785884971327
1.0370522655268468
4.765609291522713
2.9310960423244476
2.145769151354634
1.3486205431535974
5.688437591751999
6.515468066237233
7.748853650917947
3.61605096506645
4.266665406202858
4.815707518847319
7.546470178182933
0.700074151430152
1.6388831757974645
3.0279218283882554
2.1914505197413465
1.6426172349553358
-0.1570866239095472
8.051717030838564
10.135817156721481
7.068155662116661
2.2690818911839883
1.522739017219456
4.97488357860003
3.849774250559181
3.09747619826434
1.232578497672712
6.289428127448801
2.8327733631874947
3.818129471257074
3.297456030675751
2.405970489191108
-0.8620730450603737
1.0252152590624264
4.273095565729701
1.1214297824445294
2.2897797033392573
4.93133469285022
0.9915048777690817
1.4834321374187873
-0.04000817579698715
6.729317734805533
4.251155610175824
-0.150678390286438
3.8298714824503213
2.59496341983988
3.0308335862822364
8.344900123922683
4.251966711643718
7.237208618324361
3.0697644026290893
0.7079066106653258
2.7277070943204103
1.4296987236360823
7.477664692081127
8.319225500811962
3.4861193115532627
2.1346390038055354
5.783040003674862
4.86084635394033
3.6404383368328177
0.6555608417906131
-0.04400379174300728
1.6782791706191418
3.167222808396838
-0.12364001860028506
5.354921489695147
1.7911335483419288
1.0187953465608848
3.033409285324235
-0.053000367856974845
-0.8450960169436885
2.133391588061816
4.194216441007059
3.287790119936666
5.942809512975429
0.8195141803597445
1.208553024825071
3.7696887435229307
-0.427324475821716
1.7258976654029003
1.6175001437884702
3.109210445159328
1.1536265510374895
2.387278135300893
1.36226783696014
1.8687651115068205
2.594691602825663
1.0662355897567044
0.12145016730530188
0.8878879581301556
3.4573771079500006
6.6219436355528005
-0.012674809137256568
5.558374027595175
6.709032261930796
-0.5063261445070126
6.485095454355491
1.2159678879816709
2.5075342977617843
4.316184806264732
0.1466562172523117
6.887522302913846
2.7010176024180255
1.0073846603047436
1.880431597448958
5.144284924927617
1.3436666520500158
4.761254652175719
8.76835824897489
1.0168609770193804
1.9427313649458975
3.5998718893230275
2.024959475643721
1.764416442225909
-0.2775941501899915
3.0075995372164566
2.5322105258052923
0.6023753643209135
2.338503015838169
3.218628570164301
1.9013663180530267
5.271681691029251
-0.681246890858569
6.055777846139258
7.201657468177281
2.037795381431396
3.6012160545592025
-0.49134624175771685
1.8132948131665363
-0.5629016724973859
1.76803000601884
3.0481021375148565
2.5055920673623295
4.159284798570676
2.0600644273986557
1.6002168893842077
3.243396471983251
0.6188037711971625
3.9348354735714937
-0.7090979367842077
6.546370322469651
2.7424374854040705
4.054568691573618
12.201989429372194
1.713563750891024
6.076713943863721
5.0374510044910545
2.356221867271852
5.108122954829103
8.387138657605087
3.034452315837742
-1.628016029152607
1.7459092374505565
3.4492501456244633
4.106532665831365
1.530522581108463
2.4129261281962036
6.342727820274099
6.041466031976876
1.4826428715460858
2.122174462963868
0.8524169103873959
3.8759073882184225
9.774957058795685
4.748033353764899
3.1889999736043997
2.9279166591661268
5.979657348259302
3.0246627280484013
3.9860746849755797
0.3950691755280951
1.7712935603025541
0.8182187681400154
0.5497115380006333
3.9338758138499528
2.678687399601889
3.4954575539387163
6.018598148411299
5.0484284715911825
3.3452567176257437
6.9764390928300095
5.43083894694634
2.9307171560598326
-0.6596998319067492
-0.21953233317461845
2.848034824585862
0.26315565929830936
7.8577694676260625
7.191393360809079
4.769846707195396
8.40620393303814
0.5693754474878387
0.31500600234400805
4.744674587405057
5.0460709138680615
2.782634575916526
1.2702889580231351
7.031540737735072
3.833752346861122
1.391237236657111
1.2928236204333643
3.4335978554929474
3.038542054704795
3.338912868309038
4.448829453631672
7.706654706996663
2.83422931386602
7.071903814511339
2.1917382863873756
4.278732229542244
3.1885526644989666
2.948219570397022
1.5388771498167162
-0.27736703983873273
1.7100703610778507
9.085064253421445
0.1716857274444149
1.3994011720656547
0.7581165568870275
0.8374857484594417
0.16463921683605925
2.0554111552146
8.450220101653107
2.4492987371952664
11.587752390185685
4.970504834069794
1.9427415468282407
3.0126162002340147
3.0105087675185365
8.674949329975565
1.2954558005347179
2.7998116680333744
1.6489712508088552
0.8807276045523087
4.39104671926999
4.3917116709212625
1.9518224918680835
2.657301833366442
1.78721616225591
2.174119959591128
1.8351416768095115
5.878808268399996
6.287756088654673
4.931805835213465
5.659242839197685
5.026226777969988
1.0776069294896642
2.054430297939062
3.5088298945949994
4.746899298184747
0.5625705332720075
2.769820152230063
1.373166445692311
3.47445291900135
7.07896255104634
0.4210878403137964
0.7239234813233624
4.043830488656443
2.588125423342963
1.9753791062219956
6.053072356014911
2.936878855683307
2.853345252357158
1.9102278616643804
5.106234245248146
-0.5611892200555029
2.253193569691334
3.2748351638809945
0.6827102037710204
2.22019917280887
6.512319989166105
7.642452118549499
7.18220133894188
8.706788476985748
3.220017869006247
6.444030322560486
9.079016500307954
3.493521643659948
4.159413323399795
7.793880105009912
12.739448757083274
8.768982007514376
5.847097419049479
2.771191648779208
2.043077910923668
6.1456036183841505
5.306889147504068
3.5484457591740304
0.9788658942933777
3.091246962836631
5.370116311100711
0.697689462067497
6.3413832000124595
3.450762644518009
2.530347079921637
0.4554150593699727
1.6420586386709601
2.6789237047686867
1.0244185021113317
6.270989008439381
9.704250751899183
4.547111070265837
2.757097176111898
3.328739710317987
5.347640351970767
5.0196788972790625
2.5311558240145913
6.793685886144734
2.105945568728746
4.486293728147947
2.9397634395582273
6.167413156439379
4.952160754128947
6.8948478220558975
3.615168188369125
1.860674266442054
10.441183489812918
0.2735741172535383
0.8057732298910957
3.877592018967645
-1.8252809143211115
-1.244161210306277
2.075461297055343
0.9982077801766123
1.357933289310506
2.5800716061114963
2.5524602950141446
1.9733122453544751
1.3462595922090366
3.4964605953246655
1.8573649452387153
2.535654625978488
2.8004807096721436
0.2238822937873575
1.9278987727117107
2.037256801305608
3.076111688318632
-0.7332841100544852
1.8518790919602859
-0.25952809011816985
-0.6420536645566773
7.641971095661402
2.82035350582238
5.335788850664203
-0.2876913913569372
0.683587808158056
2.7120419407089558
2.5301075862206095
8.70994363604342
3.2120976225315485
1.7243803200140346
3.590970633922206
3.443376525264625
3.196588465347465
1.6522893461394579
0.07739210936727724
6.3249273657304395
1.1908547455464076
3.230431049819865
0.8115989175549062
3.203436222212962
1.8736336103923303
3.7535010404304474
2.2048146260421806
3.1125817753493314
0.10338859478489226
7.319434830043753
8.481959223534998
3.532466431956185
8.401394215353152
2.333539704475614
5.978833124124024
3.8934724525252578
7.401361201995873
3.139253685523461
7.01191227884714
0.43587258115181926
3.6025810928680824
8.23598921972258
4.289602710631792
3.8539389509535935
2.166113359832354
7.294960370399002
2.8755023135406512
1.4029316457852106
5.8166042885313995
2.9533740676813687
3.046839166219709
5.064743514064607
6.9828662211046595
3.304959878776864
2.2683298221954558
2.360719904459045
4.479233211187222
5.939388465171867
4.088162241879041
3.9474555933929154
2.4655414023711835
1.894244101948072
5.251562352941484
6.9496357931142665
3.416369663064204
8.155663904495473
1.702438634566352
0.4968879169463638
1.5719960678231235
2.3682394349147113
0.5596770551078797
9.108057627655747
3.4468874084844403
9.670972045703735
3.5818646642086542
1.2529848808518695
0.021404912163446976
2.899496867455629
1.4984510127559298
-1.0480880824534924
2.257665673053917
0.09978193538210267
1.9213600396990935
2.569303984196548
2.705714056764306
0.15324001870435122
-1.5038111195860118
1.9437519333192816
2.145036535687379
2.937136664524818
3.4993078595422933
2.4224989630220697
3.9648261168521364
1.2501394554892253
6.412756658285265
2.9814863232104485
4.146954581365907
7.53744212666444
3.7111508815262835
1.3603607682427286
5.8337005541352065
9.080486187704471
3.0157922059198894
-0.17786586468632815
1.4426438523571041
1.641800543840866
1.0383009277954505
4.6755763252275635
3.085892775185398
0.7919546383146168
1.245545309409119
2.9366489670687175
-0.05744408082264896
-0.4766921140351469
3.809057959505963
2.008108957091552
7.2484158993570835
0.09022554108915502
-0.012678440295696536
7.19458599430379
4.679141274918295
0.053020893678698
2.2843955046447153
1.75576712508186
3.704502313879681
4.065157885502641
2.2291263697908454
3.4650170707208345
3.285213538365131
4.090859303099288
5.981197762832171
5.667488842337146
3.3241685825968506
2.4255362801682057
1.6190079114849274
4.927979399826649
7.399802201506373
2.7896210839060873
0.036726011280975565
3.212554080450899
3.3736903939907257
5.019950048209008
-0.18595267427889003
2.643627626220704
1.0805268339592586
2.4847595046695914
6.845022776305229
1.5419046767359397
1.004951045301851
6.029924452839187
1.2605235047637666
2.1801751578092983
-0.34129119349842596
0.045968212553988544
5.428376405797392
5.360537090699181
3.372686357401209
-1.0845990853403906
5.668583613846883
3.3245189132005373
7.323514073373324
3.7973695772956515
3.6494647144639294
4.639169686915182
2.1136232980378744
1.9224270641706216
2.5661830005893624
6.948612609287449
2.8725561187017825
-0.08092864766160843
0.7297159598911652
8.315183460060885
0.7360231509905126
4.162648811511218
11.140530366281673
4.5843110295084095
2.2247830836332945
0.7199620866181524
3.0110243627832842
4.75628516490889
5.111484655692559
-1.2160991283140175
2.5907858448905707
6.738979083084649
1.7453138285268062
0.05445601844127862
8.088671399635265
2.5975174190852712
6.991797845502572
5.275642553205772
1.1404008532432952
5.607021020023769
2.1980339551773733
5.2505110540063455
2.4504963881192188
1.2171086617004645
2.5947245103506678
3.0214935652980865
4.923077461585386
3.2083965497015
0.0607247749146691
2.0465418002204228
7.515137376480591
4.6744110114116655
-0.524233446098443
4.968024128219639
5.302224462636236
0.9637188389672486
-0.06444091628997871
3.7734585113994865
9.337621597394701
5.084260952350945
5.943018850256845
7.220510957374302
8.731326496052555
2.9575161451034453
1.2499930379615014
2.198298014433119
7.404544784896078
3.3736911848716553
3.413471984312212
1.1275751238535476
0.6927355598724103
3.3640576088495755
3.910174164542584
3.47404044237186
3.515771727793341
0.6610937756452853
4.316278056046309
2.9378917916002836
-1.3083231385771112
3.012859290573503
-0.410203009609099
1.409817649357419
2.6748246409556016
3.2863946721021184
3.4265987254471
2.8917888204868953
3.017424211440745
5.351704725746577
3.6640942966445986
0.47140923731518547
1.8968398895923573
0.18065763997066558
-0.47425692626666316
1.268166621791832
1.4010565688193846
0.6853437670614263
1.755377410596492
1.7872898135143713
0.6302532743285052
1.3565114294169436
2.8371682336577866
7.172408592481595
2.7985573486515745
1.5071812171487196
4.452446892714803
0.8402809338297323
-0.8260053784514427
3.095558026306904
2.4371417920440095
3.967316259493235
5.212769381964496
8.336049564065588
1.8196213766509635
1.9239081481564444
2.91197783124014
7.687780562788884
3.3781058942136197
-1.332653051863244
3.018080982527303
8.065936514992298
1.2606542919196269
8.106692610354804
0.22670560141130602
0.5177498880236149
4.169271087919712
5.038424262127204
0.785692233194581
1.958188383791681
2.8909649276194544
0.14947277749246876
1.9724134798768764
3.50629234826531
0.8186886719688256
4.107914654730695
2.119461233693331
0.030707599642310623
5.3846984290952955
7.577900253210391
2.9050336159881516
1.8353565171299382
-0.22948209584409857
2.1175446100124686
1.4361732279045136
0.17985909605438177
2.05561926135368
0.8857813319281365
1.903114295150251
-0.6149253678561506
2.811966427108841
2.4447134518573774
1.9560356269175099
3.7986666729179825
0.5439731150190744
5.829871879264428
3.5391305893913914
1.1027315736475902
4.375662162268079
3.4541075090263984
7.313719664051104
1.827182099059057
2.587044859609157
7.371435799817393
3.6959149478172466
5.89354406908229
1.4469369805281858
3.361532829424536
3.949948937969954
8.082069875552614
2.129085676282893
7.257031611792879
9.49348558957154
6.077070461083352
3.9602363329718484
2.679414417520389
0.8268487576030218
5.009619213841452
0.4403086434713459
2.8493439103467386
1.4011920382327174
1.6366512536888875
0.8886597093841102
4.692604348385531
0.37430535155964456
3.697586949576418
2.2178288214261057
5.358277350182053
-0.04948117897047433
-0.4026891817015852
7.670257131214264
-0.05177674118392894
0.3747283514401002
-1.4733343583937353
2.772271295877073
8.509357378596594
1.4936212249459886
4.294776471202279
3.8727160524195003
3.1689804658007894
1.159987397000005
4.008176256453561
2.982305161668026
5.366200386733784
4.385511666761529
4.934463253577816
5.867565034204134
6.553922148773831
3.4377679474234424
2.006476589974413
2.9688168260168744
-0.39622415705550784
0.35460396178327436
1.0354882780926444
0.8174576096622495
0.9696391593435669
3.021673668963879
2.8041026737892536
3.480400658574252
4.336238021120616
3.5025825213889865
2.6185119611931764
1.5356941181712616
6.1546180887953295
3.1508888569402167
1.374851283736465
1.3171795607303196
2.0382410374420097
1.307338900720859
0.7534381198147665
1.989064016668839
2.2402300713033574
0.38887988760499514
5.412942767834399
5.178066341303589
2.861605045131141
0.4424939494477761
3.509436819099693
4.311645965730942
3.320986498658405
-0.13880120530010145
6.4914977437881625
6.316207290913746
4.847134380698044
1.9102835808816012
2.2772030035673887
4.009594361185253
8.706882271740499
4.580096737736358
3.990770610665073
0.5784988657754287
0.21947143994419813
2.5700727796361997
3.5603429600675223
3.6306602052331156
3.3424333658430707
8.546702751407881
1.2541895117982038
5.012501765393881
0.8983268297454469
1.0454565121646386
2.402121468831328
1.2536377703910355
2.8734252608869695
4.3524888206893495
2.695958744859791
1.3589251134593054
-0.8134949749005536
3.3361971337694283
1.4649458601890746
0.6920998969710843
3.766729816766052
2.8601790808366054
-1.1496223999877997
5.202796420772689
1.760424468667197
2.115884160793167
2.0939207675598843
1.0840928800704117
1.0963617784907917
5.736142429852738
2.3204394506493866
4.147151726174768
1.7808755118970896
1.640702289034638
3.5427917677352556
1.1886154536990117
4.382532160800962
1.8645961575740337
6.641911911788569
0.6648924933463737
0.4926512487257253
4.341959273721661
2.355512662644492
4.2613222553246555
2.77873917013182
2.007775686744146
-0.22081772984785464
4.66665511794303
0.7399383730761685
2.510606398329382
2.5895073323111797
0.7519438959019905
8.136722285603883
3.2922824131367108
2.6311650793132504
4.812108006706362
5.874441151565131
7.559828282731932
1.1911196945673697
6.155773219852026
6.853560935634076
-0.042477183780822936
1.9675294292911216
4.595455263377936
8.974599736991665
3.632369879416937
4.8720648370283035
1.0763529467077815
3.31776951073789
3.2697282042384708
11.255355451928194
4.387358083792042
1.8781981466827289
2.4240331765880696
0.035108567791265505
7.103864601962352
4.7389334034246255
1.8459549807967979
1.19735191968014
0.08459207471307183
0.922522468217318
-1.1214776255175523
5.416649996132041
0.5504956479422635
-1.7758555235038627
0.5063914641165661
0.8149600005073634
4.102187935738692
-0.2199278621105743
6.527814058288107
3.319739320997948
5.944037032656289
0.09356430611943634
0.7101127841862875
0.973569031624511
0.14233342484863631
1.9458015305862268
6.029087035695825
1.878034105609453
0.5116095275751843
4.675578411145219
3.4006372983508375
2.410087097719826
6.529211921378764
1.990759101463238
2.5109610380974603
0.021423134772603908
5.430140119508582
3.480610457667013
14.013877023744403
0.7679862383513313
5.927601209961974
2.0723742366937463
4.371728759037217
3.29327569094825
0.46424881550039293
-0.9487934917018981
0.6355866037156279
3.4749656783298173
2.8025996621459233
0.8770470054918056
5.003602719271499
4.838303324690525
3.7963405244458635
3.8651486372215365
1.5823727898270397
1.0275463317734044
0.5757372451607042
1.3299084157037977
10.103907315971966
1.7958816942021891
3.8511311211047126
6.472079838329098
1.9466911916062752
3.203461553892682
-0.2053270789391433
1.1013211122808255
2.309002740701987
4.19322597920998
2.520230700009749
4.522895792166971
0.2988080120359362
3.16220584906414
6.484952141128597
1.2114850391606549
7.888838361905057
1.5710463997725332
1.18931929696988
0.06789257229536116
4.617891049804293
2.9945012833074407
1.0696033214736238
-0.8611017286136959
2.523643959768269
2.1363049236089555
3.920877897357053
4.5943431316606915
3.5101890165306715
2.001029329244601
6.423259275669018
2.182618902461912
4.872193466652586
1.7673668225647379
5.449114663360422
3.852444568048397
4.467164645617132
7.87187040535177
3.3784008846676596
1.7897244033403612
9.726551727413085
2.302949787369565
1.5536198313583982
2.7616908096672432
2.791821030390562
10.502546535291408
2.7202388913685187
16.253184149448074
-0.6346557512436435
8.304886302130987
1.1153236870775793
2.587149459168984
2.890573113022463
1.5664114555738802
2.6509579746419796
5.48355196611752
6.423782174567826
-0.2872003694245883
-0.8929817671179925
9.826025229366957
4.880641756775581
4.9385538378670795
3.2628202328537954
1.4399075663088443
3.8740475876979685
2.449691893718466
0.08964420534787976
5.685684284828109
8.761124802451695
2.206403441596096
1.100622001467074
1.716576680050653
0.28165707224981795
5.588672041354804
1.860605677973068
2.5326499463366297
5.360800272761361
7.525685824049407
1.4913816018244899
3.145931207148196
0.8138413160944116
3.5284981661889
6.521946812526555
4.786978058523727
4.579780363578223
4.742817401687986
1.1329093663906966
3.6962842692862634
-0.25177689835349876
7.786492223914616
4.8338442683816805
3.7203143632824816
1.7642777897459847
3.1012779959474535
5.467409694791032
-0.02058020902375038
4.9446040923843215
6.053351890576371
2.444825926540233
4.302200351945704
6.943988667349152
0.36344006057350764
0.25125517290395455
2.132661224114436
4.936870539793659
-1.885315279196125
1.480569530794096
1.8344347716035494
-0.43186516363980154
4.318939253199883
3.868946595360989
1.7891401445701995
5.907536594529287
5.550088154939886
6.494685710396896
4.272046151022786
2.6607832858149743
5.839206861163427
3.457707098974343
3.6051826785266
5.465262584725838
8.099536144956218
3.289312952834192
3.7480868289887406
3.052711994979822
6.558490064894169
3.187574770352536
4.09550743649959
5.161099992146883
3.2312724159686708
0.7067734136014018
0.09505283568923614
-0.27050328270968227
0.13120470351078742
4.689879026161229
2.4770221207709398
1.5732025017956024
2.5815208851968636
6.122606886764425
-0.3069831602231984
1.2441524842225578
3.3587281820483654
2.0544713062101154
7.006073749375805
3.8314575078387487
5.356584890343537
8.589660791300746
1.1101156059287463
2.0908915281725684
8.11448686388125
0.9664507597503292
1.9474856380454104
7.588574370312324
3.080801631569551
1.5457583322668373
2.932182773912805
1.7895614949147687
4.608280364159838
4.604840269002186
1.1759352989203966
2.278430106109142
0.6472091863532947
3.1833988567087053
0.3169163646794609
2.301479593045964
5.9537972082538975
3.5741508244344558
3.895584046198799
4.354603108139916
2.705513724256009
1.811483722252767
1.5709665216028195
5.819757644685721
2.1146431983786647
1.2820767981817993
3.6394711631563896
6.777317141384769
3.40391346391088
4.341442209281317
2.776861928214135
1.8501506959026055
1.2580310205005403
0.08101569769304884
4.477448756196685
7.83252741040166
4.296869712965564
0.6590100043736581
0.6502173266044007
10.954160427034573
5.346558685960033
0.7601865858710772
3.3993710967190687
5.084348561774115
1.9429282702246446
1.2954468219128525
1.4791136927739676
2.1973648333777724
5.3075159745086005
1.4903353717754573
6.497322126274555
6.763373234437662
2.7967490444241303
2.1528702846869696
6.956324306762481
0.8389114070471461
4.4364537458881745
6.076864886270939
0.7695132599096945
1.5945052747864938
2.1493917739185964
8.586723246505727
1.0866621946707105
5.654250117510601
2.0435340534846778
12.495874963435014
1.0009357323070711
7.229566665233323
7.336265450080801
1.5099518832916812
5.399225806164249
1.7209035534329828
0.8926464682045933
-0.041655345407634714
0.6687969372106364
5.154622221653711
7.140729211105055
1.871273338020842
1.8836895175537587
1.6926290249432685
11.665301837851088
6.72866999531215
4.311004260132886
5.561653859444071
4.450166961669714
0.07870062550192075
6.51442398512317
6.653569107197666
1.7091915371268533
0.41977449245269216
-0.07783933256367687
-0.8766509454398468
1.4136700674311942
-0.26200798126117564
2.084610706432123
6.773944304604884
3.5156463956052733
1.5753086124733404
11.016517593519277
0.9005593596577453
0.2863260771184635
0.8877929542109722
0.1932586333359636
1.7653198306410214
4.332581194432315
0.548364072929185
3.987719429195847
3.503157931160848
4.897390324414412
0.04146277196341103
1.8515227675499675
5.63037381111333
2.7043585941717296
7.223193051922299
6.562201407595335
3.201923926829638
5.012354467551094
1.1814670555322924
1.2542030066381462
1.1729538717811923
2.0057468500632982
4.636299576834474
8.380739257828656
6.103560336938689
5.706316188285934
4.715780889420824
1.8012818783357705
2.8831700206146946
7.195362542326501
2.8821554370514484
-0.16805770262943936
5.17279373017498
2.471659058744665
2.7590001650319675
1.5365225810750789
3.0344024520082002
2.0848128280637477
2.187087907633039
4.553738740713623
2.8014374012594647
4.58070564124832
3.6182772781509103
4.954874710821266
3.9020809730118677
3.221117062290336
2.7834992708383672
2.599877911635281
2.7408184983380357
9.059738157513689
8.870772114441774
8.819731621603527
1.661054017006757
1.9595917142037458
0.8830732597640705
5.939972059119938
3.902925056067923
8.715708910568972
0.8071436395751209
10.028926759307094
3.7253279244671
2.4867856494683
7.079877770176419
5.818643017623128
7.291012724946178
1.991037767582637
8.740913405450625
6.367640074688627
3.5947804352549375
2.08605670961518
6.980790568958492
4.9058887875108415
2.8354174845815496
3.5699271159768715
5.070896305772297
0.16941384491535563
2.247580769019877
-0.5739994908131943
6.710777737828691
3.5097405071800436
2.938925101550398
6.857141736477109
4.851629275793421
6.517735418842734
0.6447004879618925
2.1848747412086005
1.5930021702758657
4.289082947734853
4.919877550108927
2.1564389682157152
2.706909521870913
5.198415947232954
2.544137461932622
0.6510568875625005
3.315286900102188
2.0603987600264473
2.075226860476887
3.691906553535394
7.170022957164107
8.743604730583952
1.9095086714537814
3.580104488964879
3.869510368635691
3.019052019345823
4.022216734480056
3.756426429934339
0.9915951131681027
4.012613831554567
2.9597753318761666
2.5071815579034653
8.032055930408866
5.40772528857228
3.6554659293437224
2.988355398332473
7.7983384716490445
2.499334950653945
4.616284802373142
1.9675454002495714
1.4790911469412658
2.508814789414218
1.4287970625315407
0.5606789451472394
4.3456347827026445
3.034573744165127
7.294693336886971
7.597430006163224
0.4727764025235698
1.0010648980696328
-1.0583981096781254
6.522159520870662
3.045552204372736
4.239418701812308
3.502994696354585
2.7908478114181814
4.195899379879244
2.331588919443429
3.795124620768572
-1.1747418880050868
4.44526638542446
1.3726397766323521
3.2742642399294324
4.786714341961803
8.22508687657379
4.892648670798278
3.0780920656153485
1.119306954241946
1.294626337979115
10.567152412417155
4.7346101416960495
6.704587816149455
2.1223861600471983
2.9961982939136194
1.797120769191178
1.331729585064991
-0.915069360211241
4.536004863165614
7.478979984960882
9.985289579871933
-0.5329211844006145
5.752035563988815
2.1536094925997333
1.2498310744959316
3.3544419640646597
2.6565617029661004
3.318908520337553
6.244963712816787
-1.177772078697213
3.400719286028659
3.7112323163210488
3.203179355065055
0.9982261438687557
-0.19821061148559704
-0.7715771857892139
-0.02346655157809674
1.6533933870090023
4.527511066231374
10.576170190062111
4.497663296324793
3.2483361551139804
7.991777443422319
1.6640281334412999
3.90078586061502
2.9285148746945513
3.885498972591696
8.336193643971976
3.4084450022612165
0.5998184585740196
3.136560946414332
3.961429198692011
-0.8716165830678433
3.0857076183504666
1.8794766435541117
3.3139512694136064
2.58248716562359
2.1299345452548586
4.510219935261451
1.2734290828392534
3.7434049870076294
3.1497540445733936
2.892776024262595
2.2425610110540997
7.218274170186239
-0.005317132070162822
6.634966461231392
5.69603544069809
5.052188277831586
5.8091302341262825
-0.7582749361121592
0.5241233380561132
3.751952328652248
6.5960569881447295
1.1742239791660594
1.0315325162970277
2.4960177032755015
0.24968027484641792
2.7796312377846943
3.163319305272124
1.9251526865380622
6.247455452495563
7.677120931707507
6.279127661142684
1.5427386462530406
5.265996688517109
7.907993290593814
3.3246435963232375
2.0994679529832942
0.8094269278550649
10.017463061719614
2.9791213475249325
6.356029324318173
2.5467974596034213
2.3317542408795804
2.280097883025255
3.351241955809776
1.5424468502095103
0.9586136150201221
-0.86745282207517
1.762619023697364
-0.3321431906447869
1.3993076799465698
5.890195742833773
1.8610350032518743
7.29961281921625
2.3757577002877053
0.21336066174379625
3.622093065973473
3.6847216770148497
3.3802613591133253
0.2782056628005416
3.745968908096895
5.2728411236387
1.2023972717401221
1.6101188667355644
7.8814073490261825
7.498411301823239
2.680944468444285
0.7320768183916552
4.483318203102563
0.7586132096173841
1.9174857143253974
1.9769233842240457
0.33553249587063055
4.062493000163906
6.702522066330233
6.008523566089084
4.905696265468534
6.184969527375104
3.3945303995011935
4.974855782420784
6.5624360220683915
4.372789339100193
5.517619970975015
2.628214139465195
3.6743133768399643
2.5240693466679778
5.55053329173335
3.040418589570107
0.48854709067212176
6.087836573004924
11.002001613225698
6.045475243055145
5.1415981932673525
3.933500640648775
2.6307486400374245
-0.12050818544737474
3.930380604510167
6.997257940484689
0.9945884489032197
3.156885927060192
2.0083744342409453
4.27823570428437
1.6875969431654445
0.060616725385089554
8.319905920574776
5.079656684437106
2.5669679266743364
3.1284669624040546
4.250856095701073
0.8407603882326111
4.532291902667544
7.729912930346465
2.9853536965106433
-0.48672575716356337
9.838992093422506
1.565475102501009
5.145499484947777
5.370338414472682
0.5007079398011327
7.595735719741796
5.412679349588376
2.5633494001293076
1.4121144314644567
2.4179011456164474
0.8705835216241977
2.9396861823248
0.11829231769376261
2.2665207244731427
3.809342673301925
4.572420390912163
-0.20334821920799034
6.056565321520599
2.099642445021519
6.92344330335582
8.538520088300443
3.071796485716985
0.24425138997922702
5.950759630640981
2.651717037478524
-0.22559515717746093
6.271745914753891
5.627161740716636
1.187014196090458
3.1951993238869347
5.7431331715601965
10.46316252968009
5.064495185386359
4.184908701791251
5.608556491737895
3.3401317903109975
6.884859288604987
5.986624256620438
7.27769607406349
3.7836298162826267
3.343496428159792
6.980151711770647
6.087071766923604
3.533261286963398
2.340722615213576
0.38166893090323384
0.14704289333977846
2.2231022868024697
0.9474250493493179
3.2360465483095666
6.616867415126756
5.499632453028864
3.4122393723753506
2.955407457924286
3.2682931177537173
5.065653465512731
2.249466070329554
0.154639797963424
0.9717147347368276
5.657313213019289
5.791321592826197
3.859346393748649
0.9655184900923304
3.0813627108216535
1.5959200209093003
-0.10194581337978781
2.732461311793884
4.943075681572416
2.56251327384216
0.5008414979444296
1.2535222984822234
5.447917588664319
0.20021604976967577
4.443226410690589
2.5044910679137136
-0.7454778459757853
4.478426974846364
6.090293822317142
3.865074361247704
-0.14300459435714416
4.984260220192345
-0.6679015730859506
9.164752298382
3.983271906654298
1.075697318179461
1.0205560569157566
-0.460987589481479
0.629048310245125
2.0611122752499416
3.2976096950546245
3.7828785216148857
5.776415732381186
-0.1734904574747098
4.850468434521842
5.041310138340827
1.902850953660316
4.991293232166951
2.735783189502932
1.9332088519135653
3.5520584569364217
5.3328272970756805
1.9648884585492337
3.5791388064929355
6.288959778653671
0.7291198397648931
3.946760019207223
0.8928049592164012
7.357473253357733
3.6205686627128775
4.084852639206135
6.207401195362946
4.63643223389188
2.6611235795459796
1.3204012154843165
1.0209201795849114
3.3776969080400954
0.4657723033611888
-0.7339332504977304
-0.19910210088149652
2.276432060487212
1.6541049954990017
2.778812620789666
-0.3562242301080315
4.598275503091879
1.4864676466236582
0.7488537070762953
4.634646363747817
2.6387640259787597
-0.02391707973402212
2.059439031854462
6.175353230879593
8.702737367009425
4.644233810104659
0.789273328166448
10.83558460440185
3.974741495808263
11.254236704062304
7.62489625242968
5.334007708347561
0.10727939338406739
1.3547440317752615
7.0903035912861885
-0.4849644805986887
3.6408128289535777
4.618273040385352
7.078507991243298
0.32093536676859385
4.7207434114781766
4.249659668294955
2.507464325496412
2.2328175118524283
3.425150553436449
4.495900167247141
5.509296463235376
6.9277660838620925
2.6311843723918757
2.1337974307355623
5.423339211469385
4.826964632577443
1.6366986856909809
5.047437303769515
4.460880740497837
1.4720612367666421
9.29210660210364
3.7396090582843313
1.766965766358262
0.7260419990798416
5.82707658262076
5.20637927332347
6.643111776646333
5.559869949245874
4.087839520560078
4.41332345897435
1.3074873317826807
2.5925702107457074
4.033260759571742
3.9797554379736457
1.475014819018493
3.0227888835089027
1.896563147802465
6.9693256240008115
1.477830576586407
2.061585259784315
3.3264408740994487
-0.15587062959785403
0.9256477266753723
1.6910443647648403
3.76943581769292
3.6074134165811325
5.434894576221651
3.6173546474638063
4.225720971386833
5.642282887668249
2.8042619650822527
2.9511482644446874
0.2237639528935571
3.6857115297494136
6.534488878974873
-0.05136941771704906
2.7461149530195095
3.883511062641358
0.30238192093308386
3.5736867874268454
4.421233317484838
8.460036398315518
7.201235419715866
11.454699986723126
2.8917800331887777
3.217285495453005
3.324915153615967
3.64045384249445
0.4416315149110563
2.2858068164318404
3.1000993644554597
6.676623379410402
3.0241761478045386
2.5741474830584603
1.983919109069033
8.27400221837698
1.4404387967955758
3.405313860342658
6.498878182100664
4.47424554726076
4.95510207636918
1.6540492168134373
3.8574246623463555
4.975671485485176
6.336570514669305
7.660896185783418
1.5520143093388625
1.1913155333994732
3.9995711069201327
0.9283446019696106
7.952077795178889
1.8080746106108239
3.3854691966472616
4.905313358985961
4.167310704703876
5.808770817896779
9.546109211405927
6.464737096712895
3.4593080775102685
2.169593251588208
8.134091528656953
2.884262229732088
2.37866069452503
2.765033448546036
4.508530351585766
1.4601756447638734
7.627801972808567
0.02169937718591458
6.000816890650739
4.222046520703807
7.458204926798364
0.9881433611511115
9.606143043706929
4.384654441902047
4.136671014664391
3.152205312837669
1.9754356824980914
3.2470938363784363
1.6487755801873751
3.2879826683673845
4.809451146223209
7.883692597777225
3.112822993263709
2.9088794658589814
3.2102627488604343
4.392261087200224
-0.8121981906328889
2.6975887288287814
1.984586938263774
2.0401556922532946
5.971818928956434
1.6465780375610006
0.701502354153678
0.30243816133009704
0.30024249520769886
3.332711892235812
5.170829661036322
4.009889636209888
1.7708822345944317
1.4080395300054578
3.40641815458379
5.39168773891568
4.854311588219899
8.802671362138758
4.856763175880575
0.06460594122036328
5.891491331651416
2.8391063552752986
6.693510016321171
3.4042515023701365
8.340299552661316
4.816604319228967
6.969051751971723
3.658218645533938
5.6199233344961765
4.369883551405703
-0.2149989795155644
4.379048200532655
-0.17629737109539934
4.841571502633801
4.969638840880538
3.963235644214973
3.265096904046473
6.741217110382366
1.0608810417226577
5.425586814375909
7.425640411768416
6.208254820132825
4.486777631480362
2.549143027367565
2.7700646632892436
4.997817927219096
-0.16919008861250134
0.045809983709145206
3.4638845968304937
4.86936947488995
0.3624983412914087
-0.5813592724867522
5.955183113528598
5.335169257728062
5.377214953591778
4.280838870792552
5.637004384810382
1.250812659922225
5.5132515336693775
6.588349194729113
-0.3649033472688141
6.3435264482114935
2.092921629129318
0.2691581450492121
5.319229794148512
-0.38709504598706834
1.0452002131870755
8.803075714917536
3.261571393687592
0.16900840012509288
3.33496933814866
1.6252826733075563
3.3481306226803405
0.013185408635966178
3.3114298820729435
3.558750074632802
1.688300638027625
0.7377617440985562
6.4971975915044355
3.1002680752212433
6.523706592623595
9.82065718525319
3.8787103166716905
0.8573813597205756
1.3393792221455032
0.21176881171640669
6.378687116803712
-1.062692501724593
0.7295971869742297
9.145215508671182
4.965410190231771
6.799281214646669
4.98406934698672
2.98057758452455
1.4564150232334272
3.37177234227837
1.5500653427818643
4.493663962376538
7.820824430128892
2.9832979516567737
6.084191849062009
3.3930142643655974
3.7080423215336165
4.222064973120454
8.247363806682747
3.1162865455675517
3.287854951766204
7.888902538672791
5.885332907821076
2.7672284893300567
2.27553379323336
5.111550319198786
3.6395327182514823
5.727656754910942
2.5110374009313414
2.721095645206965
3.7971715335498066
10.488069391297739
6.010160321501429
7.543837935182647
5.737729267071359
6.710602877572568
4.549329342985515
6.4838831954679
1.928491177064327
4.807266904105839
3.193498882675428
5.536932848774781
4.318993583790476
1.8978366554944424
-0.0447034088872203
1.2787108932802336
8.462642504560293
-0.03309125922060849
2.5636292521421393
3.886642293902711
2.764484995645236
4.8086064177826
3.131767157462146
7.388801498365433
5.294139913878031
6.4487770519201995
0.6431576460140156
5.907065790049844
4.326508422607706
3.120297688543304
10.275008639166543
2.9855872700274038
7.697690878322118
8.375707804328492
4.43290066871322
1.9477612515674587
1.9148784386348574
3.0247066257622723
-0.19317386727808838
5.70567772348554
5.815992222413023
5.975072604135583
1.5614749376861004
1.323963585334641
8.623269023016256
13.000203535014212
0.6721749353451008
5.7326737234761085
3.974255268925527
4.806562829071655
3.9936330794885038
5.234073034744995
4.371917773818923
1.8143389850665679
6.426846560784745
1.544316534246101
2.259318288405351
2.6745917318200907
2.996802635706313
3.5943023681054167
3.4328069236188035
2.7653567579889886
5.335714692087665
4.538427062778101
4.922629414015519
3.9067803681840267
3.322808269795363
2.4597467737998233
6.900043626240603
2.3487481248273054
5.928274453928239
13.950788760306963
2.4249952888661657
4.27190043689685
5.727960738612426
4.035267609747791
1.288022315890256
4.499696963787161
4.313547579790006
7.197351538755572
4.224228240851235
2.9351602311519733
8.728747418948762
8.610550522497256
2.897705803891846
2.10937131940925
2.76543207193493
2.7687029745194285
3.922831308853881
4.429065324528426
4.4281420081489244
4.596867263856803
5.696883227499189
3.403716430737623
1.3940197784002628
6.321575860934821
1.1839938136253192
3.8365505011891514
6.460002876376539
4.254729686524634
2.964220349247209
3.725801050957183
6.910384053647642
0.4031021585586997
1.1842495818939411
1.9648782623626988
6.055719392449418
0.35701579999764077
1.0576057884565138
3.6676068789081913
2.1515305626509944
2.2293521202522792
0.6229086094024981
0.8569782031691873
4.475072148487892
3.3277412528442842
4.522795869181714
-0.27780174947894637
1.808331574262033
12.345999130341264
3.4260069146904772
1.2221809241393458
2.01721898222067
1.930353842322034
3.458520942081526
6.303649213504916
5.36219328351131
4.639009152067465
-0.2744022440601256
3.630062013357456
1.3556762121830777
4.248220137033625
2.7995037515402714
3.0687442156585227
2.6769251902331854
5.613412046228615
1.9902707732906966
2.7070238098422204
3.9068219770983674
4.4443058946885206
8.048214081557262
5.601352663588189
2.617185140993325
2.9413346786351537
5.944023943202817
2.431133192608105
3.3754180631319386
2.2756757991852616
4.990859189069491
7.323181487112255
3.2245888576553003
5.010805093541335
6.6839518461686085
1.4817296803546887
0.5350645784674544
7.875967474063232
2.1643170799429785
6.923546027621358
5.404946075019268
0.5174693528242217
0.5941805237565663
2.2535564196828624
2.972225135785087
3.5860400506286028
1.956226963627364
0.4849366812410596
2.474384361365452
1.6893215181274792
0.7881245114468107
0.5775900876024701
2.345296111247359
5.420475394814361
3.846901446057004
8.587623536873643
2.499966946799365
-1.3655181377857852
0.9391425013398322
3.738044137530257
2.949954181246141
3.018825236336513
2.7394429326408742
2.537825375982644
4.688575555947376
7.330729918195006
1.4359926666675906
6.600227935531391
5.944539954498059
4.970304513721131
2.781447662029393
3.8490252830646563
1.1332263645596372
5.148656852231893
2.2768829979731127
1.2494915191175318
0.899343806023431
1.6104669719592932
9.80863052765234
3.7677644835820403
5.982644820133716
3.5752067599791415
3.710845224291081
5.174598705652635
5.39986350030494
3.352613676860747
-1.0962022162221778
5.096001155182947
6.482280825900254
14.777843286066975
2.1539009156199733
2.816674474323148
3.2458221611869806
4.536422313693648
6.279303365806971
1.104705177131998
3.601791768363304
2.2547724591375995
4.101503039645905
6.7883570895563805
5.884997215438759
7.925824708570828
1.5683857957049678
5.050653909023991
2.4758178462232787
8.50165238622188
5.348384329267446
4.637316837875321
1.5139084735086048
0.6825221469777237
2.5284113933521173
7.530187734323034
1.3450800465775283
3.825966540524919
2.196474490563461
4.63440469590634
5.6868442664531464
6.112668694559582
5.127087039981854
2.796682512293177
3.7129493399309426
2.551436329607742
11.111711560022446
12.593457931016216
1.678933565814137
3.0651724599275885
2.428592657111133
-0.14115451916656052
1.760209173669733
3.002706332216759
5.679554038828571
4.024919636079479
2.544192152312767
7.271247169268425
3.357208221495682
1.1658312500566872
2.154813485062328
5.108572507781447
5.207030504920428
4.116688920656589
4.49778977751914
1.6924960763206474
5.299732893594977
2.4144498461312804
-0.3186733240524448
4.558173549144902
4.534531979794265
0.45028361546263207
4.475092585758845
0.7004896025400528
3.41273010898362
1.6845573944448031
1.7247627546402333
10.855158210758578
4.856480427447164
3.0714116190757292
11.748766262814073
10.353618917853593
0.5979586819324153
7.659640727171837
3.7325440970920627
5.890727785298214
4.074584236781152
4.433992445589541
9.714551079637356
9.099979138325686
7.52370525928846
6.464739937821619
2.598281428781507
1.5998657338001938
0.4975358874685162
-0.025395836536471372
3.6397397182513203
4.32560410396557
7.647164778922403
0.5946723286551954
7.301899122707904
1.136287509340057
7.764887596726002
6.905774749186277
4.999954544076317
4.224982326638471
0.04577170821033696
2.625308022186055
-0.4684672088023421
1.5234610458426947
7.410779425655513
8.021771801246329
5.403719542638171
4.408391221564593
3.6109875803106113
5.31872964507938
3.7003706313567477
0.5032385907620132
7.48380177096402
9.230642577459722
7.587761842238457
2.3322396634419
1.3820185805063336
1.4358576195936248
6.404314762732352
5.331595774491786
0.1253823054184799
4.880188275151397
4.946174137743421
7.815582082142672
4.135673885000095
4.741910724559346
2.0828599790007374
4.089413603505143
1.4656165049469647
4.408117302317535
1.2468877430943126
2.793233136717467
7.839212322795177
6.980639017046464
3.709854389704839
4.396186845389836
5.875589716617277
1.0806614309470746
-0.7100423385445487
6.889055563447667
3.844256751398858
2.2489298441580825
1.9529124346789397
7.542686839929386
6.738695754464842
5.446647055686713
8.859599755657511
1.0087369618347446
2.895766857156449
4.628204116491964
5.020260214665099
2.804090962190093
2.3571534393244096
1.911299787319999
7.337687375632365
0.390189717722222
2.1230579012766655
1.129821647226884
1.1975569288328005
0.8637578887445745
-0.18045333354807436
6.555651494342131
8.156047568692674
0.8912910522299609
2.6051122122262442
4.5742109491557965
3.8544743062344407
2.1445231493610493
5.395919168806127
4.8301600949697505
1.6554007152859962
2.6584206761123275
4.841532379578241
-0.5451926094560187
3.683825583370713
2.553924025595834
5.335498053315353
