-2.4241556311048127
-1.3622583024057446
-0.8789774838520356
-1.8170304867202454
0.9769466710620249
-0.8978339229955219
-0.8936309074964333
-1.4093708638816707
-0.004884954576105882
-1.9504671061002892
-4.699992529071405
-2.910707510635747
5.00437645048925
1.579806276237009
-0.2044545512339248
0.7729329689948019
-0.5747587052948225
0.18617407388296758
5.08930249150646
1.4868790324600392
1.6151038618727036
1.9007502229624758
2.038997675852446
0.5107010613586869
-0.6658493820374638
2.2725138626392436
0.6369780312935338
-0.6539075832763336
1.4305757459520518
1.920015695388849
1.6385392643054733
1.8277143717785762
1.4206184841075562
0.9478887935797267
-1.2585831831128953
1.1816007695793334
1.0585299722351214
1.1271680920129306
3.0826869637698406
4.551817700368559
3.6847395413280513
3.66479264485223
2.3707987294974595
2.025568837664557
2.4337584713522076
2.4736979331651074
0.8413905091250786
1.6326587601796922
0.410881376271778
1.355911330757466
1.4811818269165602
1.6037007358099211
2.274534996163146
2.353156446333855
2.360836398439859
1.9044326204205242
0.9031881967804493
0.16226737572519684
1.4140590958762247
1.0408385828446551
1.7343955787327447
0.6850290658415079
1.3258979417189098
3.712184095570282
1.2492306647740532
2.732871037824192
4.00833071324376
0.6251791985683955
0.4111201310088364
0.3523161604964741
-0.5514934211379126
-1.3690853310889894
-0.8942376471854192
0.8383554286244161
-0.218119992547897
0.3070317231586952
2.449737207011214
-0.30956737188017186
0.49900426813576454
2.7552137468461586
1.947297382463598
1.7557051683862759
1.3417327156171845
-0.3699988087354946
-0.6682761658861069
-1.001839158961775
-1.5924649264477195
-1.054500520806392
2.066006268984564
0.9906250176567077
1.159691749940122
2.0946749082780536
-1.9989310510224594
-3.0244380449007844
-2.4573357310910864
-1.7637335333209665
-1.3853547286263908
-5.219522645460309
-2.3895778547708817
0.25261127429478614
-0.7842443208357412
1.9763042468719687
2.8793600069165395
3.572657555781892
1.1790502223644515
-0.25128652495234444
-0.9420517058526454
0.6261399243042216
-0.3760020137492927
0.23353251646102807
1.2255877663506631
1.2265316764968546
-0.1480934697781957
-0.02640367512350661
1.5487995838166402
-1.062865681035512
-2.27152849143805
-1.4123547350158312
-2.5833436679765556
-1.5484412509893213
-2.409821640198323
-1.4662190163531763
-1.3498202754767465
-1.0763683311760464
-0.7952845191760114
-0.3587114165148211
-0.840562529315851
-0.9152672729838495
-0.5679746960047933
-0.5846697753581338
-2.0496385542821893
-1.2470056846555346
-0.7779907190784636
-0.6948321418381056
-1.3195366500047656
-1.2782345518618357
-0.4365603679693486
-1.7243745448092598
-1.1046947366662692
-2.6275101387150497
-0.7100862650952111
-2.422796043770159
-1.4464422947644566
-0.9838220235583461
-1.6080809285893338
-0.9748256100209272
-2.0207272904832823
-2.4338937125307085
-2.9317520319095403
-2.9500909238039768
-1.251539789653575
-1.664699950622111
1.1887203106646993
0.9283489681137325
0.9616095771733335
0.3898246420876051
0.6474883341191955
1.3558248951901524
-2.5196175011481157
-1.5036419985569338
0.6823308099060861
-4.03034282123015
-5.157650022388959
-4.340560126125564
-3.6897010123245626
-3.8125191685831314
-2.3119323903188214
-3.2505482308739166
-2.6327774832080646
-3.7483456995119906
-1.6287382639600063
-2.1362047413744873
-1.759211223451837
-2.1348789861700253
2.409715715302448
-4.129937361762423
-2.6391802259671064
-2.1830598487424697
-3.169768207681912
-2.1595459549610396
-3.200369039714596
-2.677061379931794
-0.977074212613972
-1.5833410544462498
-1.3204391401048154
-1.3615828981775178
-1.6686447055243876
-1.759202616731974
-2.17574937588014
-0.1942721834412724
-0.4958865945150114
-1.7990866604527613
-1.4679855685498389
-1.1415834986381843
-0.7227452981753169
-1.924404926329938
-4.466272153031606
-2.353399604355907
-2.0653931792633395
-3.379826270498231
-2.602746672032538
-2.520319692075312
-3.5920540138126547
-0.20332344533985808
-0.0651349551828504
-1.5499391647460754
-0.9524392800779642
-0.3234511240284113
-0.7821944816033997
-0.4981673070473552
-0.852336059107297
-2.673836030298104
-2.439788302985089
-3.5771344381255994
-2.124489183045326
-1.992738810727741
-2.7609673769607186
0.8319404550231606
2.0968280779821047
1.7361407188867992
1.8043667155626162
-2.4548593379355363
-3.8338863607208427
-2.5847369009042724
-2.233007327024407
-2.2898572755881745
-2.260871397895534
-5.513520185947181
-2.473143424044176
-4.531523342928968
-1.6138511232382586
-5.286203946506589
-1.902066405885582
-2.9896845830190704
-4.163065503583569
-3.6626989437556032
-2.6253765371957987
-3.7034197130979303
-5.211785658697054
-3.0262711391145167
-2.948220780526693
-2.987131107324796
-3.1085018064575336
-2.156517518609522
-4.90051012050167
-2.0901915367522594
-1.0901209762945485
-2.1254770731018904
-3.2917804368075956
-1.6346937633181235
-2.9268221754039336
-1.961158366045274
-2.6404557798774793
-4.204605339703213
-2.628175288434532
-1.1453166415403953
-1.1602540238503924
-3.333309239622702
-0.9041012387504255
-2.774994152577669
-1.4748176496559158
-1.8513577378674184
-1.6743187028000521
-2.6003841161897894
-4.350867286270215
-4.09933563602355
-2.5391757152270635
-3.6678518116807775
-5.145851382798589
-2.6006635757131527
-0.6455093869561913
-5.589642712933619
-3.5433163380335344
-1.5499235632716588
-1.7292844550372968
-2.534784498503632
-1.0691627714749417
0.24867899499674095
-2.8488292820816388
-1.788587955755777
-4.544923065660118
-2.938023362645591
-1.1121595163197557
-3.161411288424359
-1.8075526109466984
-3.188044358671026
-4.623740268772442
-4.419356339012813
-5.844838808064499
-3.1056367038869377
-3.8285345757522404
-4.316548777432345
-2.977311487108335
-1.84425807787927
0.8325837398418205
-1.61511087339711
-0.8538947209133954
-5.710790875300019
-4.388661704557201
-3.894029266937608
-4.164203188180593
-3.421550867682448
-5.157269158875699
-1.4134981663603563
-3.6326937544992264
-3.9268816715614183
-4.308539988801061
-1.9587948942958326
-1.5870520147381768
-0.7974119847081027
-2.9706226724795015
-3.034887819524772
-0.6824952640519972
-3.455778429252796
-2.163282147845876
-3.239599795130532
-3.3160259856587624
-3.605257468110261
-3.2237091879097313
-3.7768812492639796
-2.5193409743008908
-2.6598275517782715
-2.497474877868399
-4.225371657216263
-4.174071712222097
-2.1063451521801357
-1.1237139469292408
1.039029427443608
-2.3710128418457708
1.407567965754199
-1.2257069956694637
-2.8002270131220577
-4.228953182509007
-2.8093968804252816
-4.748612675976556
-4.511655034495635
-3.4618982920004306
-4.439192671074274
-3.439830558715851
-3.7466915697879104
-2.599737542925873
-1.9671384402370276
-3.398652633471957
-2.306616152776069
-1.6807801092941157
-1.6398014549502642
-2.8319446741615395
-3.4304951640061683
-3.523259497937135
-1.1072379362507467
0.535204055408494
-1.5450527652492125
-3.3966746047119014
-3.366943171146851
-3.3352587672810077
-0.21298623854825544
-2.689934655139162
-2.7646177640899676
-2.129740086828832
-0.8746075531607131
-0.2982828691616419
-3.2259580456787065
3.317054930755083
-0.41622317538232173
0.9579070530034397
2.546825919446696
1.0987532983120487
0.316813647606483
-2.3323294894369395
0.7561564574583948
-1.0740061351299945
-1.833810386846193
-6.775095840773816
-2.6909133446795197
-0.861807288125628
0.8564553185095816
-0.8767567591236634
0.0002712939744424214
-0.7313561581751843
1.746341159201182
0.8302106660312731
1.3145343689032114
1.9529324531028023
2.1549317377932296
0.8049764931605897
1.565182412383602
0.24343419870708521
2.3515723097413246
1.2410264236313475
3.3611023650636582
2.220276147111789
1.515813250708904
1.5181486542815228
1.7476187464833317
2.496863255815633
1.1678788038050483
3.2731935566496446
1.6012946055246402
5.4251251386527866e-05
1.2183788617792357
0.7229085538784767
1.0671959110440579
0.6043199251446105
-0.2576973747740017
1.3523905312758686
1.0510791831265534
2.593192175320707
0.7933095878950229
-5.780640490270253
-3.120582553478004
-1.6475000895779794
-0.6905918008190521
-1.7545430415622778
-2.5082926313262854
-2.7284112383680528
-2.6188243143217496
-3.3385104236379406
-2.1783172159357576
-4.051305659024338
0.3284010057270765
0.2628665968675697
-0.15597364326339824
-1.0554537664836334
-2.8180647380065738
-2.014526477050484
-7.367143521670354
-15.122972772413506
-3.363736749403991
-3.672381637362629
-5.822750859371532
-14.301250987198898
-14.497128506202259
-3.4021866013431423
-2.391102106180688
-2.476496355627075
-2.768418635810961
-3.255123465511035
-0.5373781406620355
-2.237180699232181
-1.8192566775427261
-0.460162020933448
-3.0565832160019855
-0.2990829667033643
-2.5745972092531213
-0.3420169158935892
-0.08312780757527899
1.0944828527139552
-1.2686145415546648
-3.6555762114515615
-0.5628108665173215
-2.211911863781868
-1.4407744040897592
-2.1696821007444256
-3.1984978865851157
-1.9044486108857686
-2.6753247222908274
-1.8154442469170795
-3.5661891685320697
-4.277802962805233
-2.4396695483113637
-1.4046477316504344
-1.0031887532812294
-2.730087330843456
-0.6424484693048138
-1.3781341550089992
-2.905072281832413
-2.4505049945471136
-0.9143018111330959
-0.6148165578575424
-1.1671468407586176
-2.623022585581072
-0.565934141097904
-6.1249249866705675
-2.859850458342134
-2.4135078964940937
-4.2006871389267
-1.4318222764323314
-3.99488357496698
-1.6029144782496298
-2.0326948096339565
-8.949290245913197
-0.9104430469613545
-2.128371649609773
-0.25777989769465187
-0.04496415265463172
-7.831138660729142
-13.035884063747194
-14.322845966264964
-9.905083212635262
-12.507209373112314
-14.716740762751176
-9.354291998560567
-4.5192718776132095
-11.427452950882676
-11.141731111571298
-8.06950211016846
-12.797196349673644
-9.301297029824182
-13.402595644997819
-11.62192972888932
-11.463498436760185
-7.945229669189235
-5.37122472454733
-12.327315941038899
-10.584087219857096
-12.684492673136711
-15.778887201169885
-14.254608597131213
-13.33986064596762
-18.003069458531808
-12.732945248967987
-15.99769578025279
-13.969980986374683
-9.940496232411402
-13.092201257829647
-13.87350864947019
-10.637206616874966
-13.410399987168447
-15.793211466258155
-15.504056339051932
-9.378035320128541
-3.719973751748143
-7.279014672024719
-5.7736362196320705
-6.074856165131985
-6.18852937077826
-4.39644296943788
-5.218604834309108
-3.834627521230872
-7.9439296551340925
-8.270866431079266
-12.99744921408334
-7.366726658392299
-5.49931527364128
-7.683204333274883
-8.196086721021603
-6.231404301665714
-12.07956346984742
-5.086686283239947
-5.355797422191747
1.1139345188804373
4.900209706204976
-4.551133593120826
-12.033499385835082
-14.800368289465638
-6.287983259939962
-11.338837729707791
-9.680327315285846
-10.437254336235402
-13.622622672333804
-8.245023134680864
3.5306484000387974
1.0070921344037786
-4.139918302499818
-9.134608037147908
-8.83975187168177
-7.197334768453235
-13.506486298885369
-8.446940090673072
-11.921164628603433
3.9399060461676387
3.135705085437639
1.0680499684058797
2.2280756191532896
-0.5398745541955294
2.625884868530778
3.011217756949552
2.454324937064956
3.43294446250164
3.1314500108387215
1.4990246747690037
2.054433761853071
2.1405645148750385
3.2746970015397454
2.0203785454379837
2.9349723348788097
-0.20745669143361345
0.34315400635410953
-1.099476956086076
-3.352086012606035
-2.0704579826653102
-2.989295362628419
-1.2051540878142588
0.5941208795098487
-0.16163471128357765
1.887916599433999
-15.915105061786553
0.010078056412231973
0.7819965158667068
2.4283633902287085
0.6368023616653623
-0.9624689427814953
0.632472831246658
1.7180946718407983
1.7131266793298674
2.3776635295619983
-3.248535810887672
0.9741909699320327
-1.4754578054414629
-2.2213881627014667
-0.6298795803549223
-1.5001660067642861
1.1994989509833456
2.9824345184755865
-1.3974304562150552
-0.45380895563352874
-0.41824555695729415
-4.658929854523489
-1.9350355555348027
-0.4926269416851625
2.2532051551365386
0.49638291518833666
0.6798227257112169
-8.001457620256641
-3.4276443111649186
0.17497435751244125
1.2065133634701295
2.22296531589218
-1.113336209262993
-1.757603925186931
-3.005048942740957
0.6727062428712296
2.474756661920207
1.8968013320552508
4.034246783411606
2.8008341505125203
1.207136872243226
2.9010550648583724
1.8762149562929815
4.1020912483100656
3.53358845341772
2.7498221852760296
0.373706823634634
-1.0471301453674573
-0.5254769526295677
-0.209297615383416
0.028609606184235026
0.7425641097763285
-4.871484162193194
-9.897546882817823
-2.142542203894049
-3.09513832792541
-6.663415911567378
-4.191015169746681
-9.081018092988653
-9.816927433869123
4.010728323769971
0.345844906745638
1.8063700172397978
-1.2541925251223747
1.0168124597522756
4.784290822360804
2.355705623068837
3.5863589311447446
-3.5629458027716705
-4.154814488474683
-3.0043848936617144
-1.6979354119670358
-0.28050609619346023
-0.8722798398198105
-1.6395209887818833
0.5724490108287282
0.6929204436850864
-1.233874668619725
-0.21399278079846645
-0.657833682776605
-3.164205451104517
-3.7265017021909665
-3.28691925341845
-2.8445278287239204
-2.773873281821361
-2.0138426484153014
-3.547332323250698
-3.417806705232441
-2.12809316629397
-2.8461287733031044
-1.6802667394343802
-3.176813991093349
-3.8003964548432756
-2.7074605352972343
-2.8405090761317533
1.3982336154272552
2.413077519313334
3.6414358941030356
2.8715549610467264
1.9273724289456564
2.6228756809229603
3.378738129865704
3.5329555109958686
1.2446787856658106
2.5457848025008376
2.5621570242738607
3.3606166344078883
1.0324345178804721
-1.4012960881891103
0.9968736813966801
-2.735053154216
0.21266141911644687
2.03464389169895
-1.5229373437663576
-0.2605050989188922
0.07518846838594356
1.672527959275167
0.41064486329073674
1.3240295489740772
-0.35243374836953784
-2.1476216520837568
-2.7667714120898905
0.44686767379414294
-1.2580432640709245
-1.267288572077824
1.8427540903299287
1.4290661132390126
3.503060800286287
2.657765846381433
2.3607390158479387
0.48504491883982476
0.7848719550371803
0.16776013087766045
2.0243685506571385
0.1889471305657937
1.4337083881982142
2.3945391971172425
2.10237126977731
1.5568390387175528
-0.5990780640491894
1.7380854828999808
2.6917127569826147
0.1440481607673162
1.8490005175803648
0.68002310419252
0.9754872241865452
-1.8719109179431161
-1.5849094436713198
-0.4648799597673972
4.855503969877759
1.8656562190951569
-1.3017675511607387
-1.7313968693423305
3.068711314553023
4.64481625170004
1.5603343543722616
0.01210513102096733
3.1764754923870533
4.433446133193551
3.6690245507055703
2.795399136100479
2.4195752842143063
3.895550445824621
4.3612725342453915
3.8238771075636806
4.141021201840966
1.68487967821083
0.7462228005794201
1.022134242081631
-0.20671644537550166
2.1358526816034344
1.940253467928168
0.6442347996222263
-0.31164444103984706
1.532582434540193
-0.6879959739833248
3.835887978497012
3.19980679927403
2.354155999488913
1.7100970294741618
6.365220183702168
2.7236947294232388
1.99764292425748
1.8934342064984049
1.046954379212376
2.5972091010035228
2.2921525340234497
2.2483474723280112
2.693397578821701
3.167924571036978
2.6466573707820378
0.8340802888620655
2.6377314097826225
4.142368292578376
3.2213133522612747
4.2808140511260815
5.297037848761705
3.574175980526032
4.9607657365436175
2.906627794997263
1.6179842759367482
1.3832730229077246
1.428636568136064
4.541251406266335
4.998863916623403
2.4119345796874123
-3.9875652477188956
-2.827331030665842
-7.923234215470906
1.1011578789162388
3.653523629001472
-1.1803205228395064
-2.919782901901002
-4.520527703094889
-6.103799721855869
-3.48052644002545
-4.732646906659832
-0.5778246175580397
-1.7026845842904876
-2.63032199993963
3.4954244408470823
-0.41466075009735043
0.6631120030763179
3.2036745964608673
0.004957255282859396
-0.4969717105187896
0.4816939267207674
2.138010980887409
0.3815884968983158
-3.203133656879731
-3.826419002980053
-4.45124269890641
-1.5748224781549744
0.5171856972609524
-0.5200151203320469
-1.8368203215852246
-8.099652340203498
-3.7404109306517483
-1.1528215185639907
-3.6383503253137057
2.8708842383939563
2.4852153873770524
-2.6333121904744967
-4.807025626795358
-7.209408878432131
-3.5028058115318967
-3.9092805025603696
-3.1429635383268866
-7.754335116864082
-3.713504112479812
-2.0051703843153246
-1.8613841214447102
-1.2144961069452282
0.023613854312839966
0.1042956127748238
-3.2788971507077376
-2.455486400384392
0.7573129842044128
-0.9177897192666603
-1.083797258882282
-2.2423068240733066
-0.36962889565548196
0.7344106723534858
3.5793158070477573
1.4543549984588595
1.9407213167189605
2.7987928187168034
1.8062052833760385
0.4960334900868707
4.908062538545852
2.782658660960449
-0.6984213260794627
-1.4993748116540984
-2.1550723368701643
0.28333115964741507
-1.0373277591645464
0.663391446634811
2.5316910025008927
4.083373779093211
1.609640838548676
3.161260197031266
1.8584650551621835
-0.6601840197783095
2.8747159701706586
5.211959453992318
3.914972981049305
2.026878521145742
4.666441793713767
3.570076316225714
4.199835240256507
4.195934943297764
3.485299751403703
-0.3881614667405221
-0.9425800091973449
0.0383504031385265
2.371589991891821
1.9123553938560656
4.380705380678464
7.534327523375967
7.849661340593372
6.675735675763509
2.3839042218253548
4.149797115608761
0.4713761071689185
0.5699198645728094
1.3986064772628217
0.7349129479489027
-3.2846931579090946
-2.780254110291885
-1.837242436452169
-5.559631822873802
-3.3827558542273746
-7.192615516778385
-2.579618863198823
-0.6518343497025116
-6.515547295049928
-2.878997848593616
-3.685246353128881
-2.390289980235587
-2.0341353468440815
-8.233598203910066
-2.9843671863478938
-3.4046765284854974
-8.882105837153178
4.194335207186999
2.5016347043590446
-0.740559204433987
0.4160437670126657
1.1371828483941417
1.8653188620146148
1.964861841584335
0.1429854088282682
0.4336987052623248
0.1020831174418323
-0.02855794072456841
-2.0599290250404088
0.1831203077760613
-0.4703199029582746
2.439104761456494
3.3026527192047745
5.735072776425373
2.978947246716282
3.7534238990638715
2.945648284444931
4.123115061538339
4.298143656712344
-1.3127011799960162
-0.4751339975665869
-1.3714513523634737
-2.2919657083626386
-2.4534003644978544
0.4595945160516718
-0.06914962104880329
-0.5640974252927589
-1.8056851147803759
-3.7722684969872167
-0.8869888556867567
-0.4630195112710562
3.23739093891649
0.6274055046432718
3.20609473442416
2.9000427172265804
3.417513426198657
0.6075379795970166
2.196828117848437
2.4680348770005383
1.195254250594568
3.2843428881576227
-1.7618201109561547
0.5285651320192013
1.1015033670396073
-1.507251458293323
0.02922516574743217
-2.027542481929218
2.8113710365653977
-2.229682489214493
-1.3361486063960193
1.9953952069357848
4.083730810617627
3.155281789748153
3.9038953750484886
1.9356644095776288
1.2306140491567303
2.0099190393270594
2.006837566583094
3.3213482197112243
2.920595168077116
3.6203631325533823
0.8253732858280132
1.7127043812497513
3.21442953424606
1.9146523536686746
1.6895058200776485
7.178535225736368
2.617137787392248
1.1305742546985367
1.0888227449186283
2.858354029599946
5.386708901793253
4.097545953595859
4.417508820310126
4.168344950553091
1.9821039520865962
1.8093088585353865
6.387338195893059
4.905057775007531
5.131505601244223
3.589049903953837
2.934167581643572
1.6684894077971073
0.9193599815060526
3.7261783429929993
3.3615239237867516
5.025638323678239
4.781998350998219
8.192441210362373
4.325637780547251
2.639337589167273
-3.864100257488229
-0.49165377675513217
-2.268111708702134
3.692031230467856
4.162589675083752
4.902536951341893
5.247818149056308
3.6829801811670047
2.968723978775899
6.270944415495775
1.651001381470023
4.34671556135265
3.321193096338324
0.07953628316650674
3.1519635835204007
1.1206938325321767
2.9042041452822813
3.597772430249367
0.0950265156393903
1.7734315777615535
2.8507764973955716
2.3618328640910393
-2.946691301718816
2.3396375507336353
1.175910193638925
-5.251245853520282
-0.5977750345341862
-1.980422160241384
2.0865810017606847
3.257279441942184
2.179750608516099
2.8099314006626477
2.5363712960847975
5.400180650851145
4.468986229856285
4.288621792321195
2.8606773921740722
5.81798520811471
5.1988518710765295
4.153619833047809
6.260600264075412
0.5541579729625848
0.8917326551734555
-7.584239951910144
-0.17386387667586745
-0.3216847024031147
-4.2453114455432
-9.6742052499408
-6.112819761797793
-3.5568026153460828
1.3401105700573905
-5.179300309417469
-6.686478085275961
1.0757133160728543
-6.030406251328607
-5.080231364973333
-3.7690143262846663
0.41141796462551183
4.381955936130491
4.161463156485146
4.857941706150166
5.230890486295838
0.23320416549755685
-3.1719490285652454
-0.515733721247079
-3.150151849120557
3.997579325698049
-0.15970527980974025
-6.386319191080857
-8.750721907445914
3.4871997752480315
2.6281324799689347
4.567699764566363
3.9482311945860262
4.705681750509865
3.27699322357112
3.317041854065913
1.6142265475686988
2.4195118171603247
5.032202997655066
2.56544090154196
3.4486485179877793
1.6908118727812904
3.890037316666051
3.437615524925816
4.076685009008607
5.25926471989725
6.152505223268352
6.123693191504711
4.565689476713791
3.568495417611278
5.164377118592337
5.265964622275911
0.9137384790619306
6.332140336319791
0.4269070309655381
0.3965303743965409
1.618721744135784
1.3708510171828723
3.3188018204849596
0.0786116057303593
3.290957495177193
3.806885765260466
3.131729720039811
3.3996219618303956
3.2351793849877657
3.3653416827161937
3.7280841138915175
5.564940527702457
4.491333515017997
4.016354895946082
5.419141333010797
2.7209681707048454
-0.2266079770923905
0.8201989855255558
4.888673167839971
1.7793089411078622
4.0026297363555035
2.4687272492228773
3.448388735255547
-4.974486279339377
6.044855113053354
4.809310538508635
3.9725194097858463
5.5921133910796526
3.86270010370672
2.3075810904150624
-0.07150459582320268
1.2987652505840959
2.6640211457189635
2.487483333834892
-0.8772493040501724
-2.4649586826514502
-5.052816234895297
-4.965731244394555
-3.6013612456857866
-8.401108351586332
-10.416682588740398
-6.171306259814884
-3.3915605528618307
-2.2256846388230924
-4.99944528613062
-5.604986814145461
-4.440150234964287
-5.661127568840449
-3.8061375639964288
-0.30118193695418227
-2.2734153731257956
-1.9754675405163078
-2.4818411647302323
1.482811576084476
-1.302124627936581
-8.096929343925458
-3.699008711097923
-9.159009006789551
-8.34953543113965
-14.508926182924318
-13.753975382897623
-7.2621959656236275
-8.231771915455273
-4.642189362135927
-2.66048826046239
-3.894990607177498
-9.233016985116695
-12.055390276886254
-4.909541942104247
-7.062700360510392
-6.135456485927271
-2.341967483935716
-5.97237571017514
-3.671165303686548
-4.0202121361836065
-4.561650809937201
-3.1516662306141088
-1.215270583485954
-2.0244944485559078
-1.6774289086204288
-3.4492789738182097
-3.2240550396163234
-4.518304062488949
-4.866899727611813
-3.3849690845584455
-3.460454104728802
-4.064634201097946
-0.38416481030629335
-3.2815725502192077
-2.4661574651746094
3.0283715372603908
3.7265658130926296
2.0080877315063015
3.98994765445972
4.373209889141942
2.9998641360839295
1.7915816117523353
-1.2070990973953541
-3.142321561782295
-0.8104972791596976
0.20866934149639255
-0.23729328924071724
0.14831514185015277
1.529304600619318
0.6200699993999874
1.9267554692355104
-3.4873168477508427
-1.8727521436727468
-3.304607688240046
0.1831136294543928
-2.067162569436956
-1.7371151338871145
-3.5453996484565766
-0.2920223731427756
-0.5488900419530706
3.535922248408315
-2.539803986170225
-1.1624525362392806
0.18029154686054555
0.14436160207936277
0.12356090230220537
-0.9082415619077115
-0.3894565541143739
-1.2176327006136232
0.10715407354277948
-0.051129568529384384
-0.22843787827839757
0.05476478234064602
0.719307972859982
1.526958742618453
-0.0716574707100805
2.0731295536395016
2.0165718548026494
0.5120121175550155
-0.3735969576959748
-0.34555816807297857
-0.2971706502948296
0.43876232493637757
3.0573171315096763
-4.244344540968987
2.7951664095954887
0.31303782573353656
-2.327777194775168
1.6155895411518568
1.812790649991323
-0.8901489201996118
0.5476975854553452
2.8010586158626714
3.122193771267998
5.668941526986851
2.4505009217115323
1.2914396239018884
3.6705161544297384
2.5530241273820264
2.6815259995116243
-3.405675202055084
1.0082163335359529
-1.0079429110213078
0.6747492219917112
-1.3198665638987173
1.7077119384871893
-0.9558862637365954
-0.7568650944034545
0.9679947468423075
0.3257498233349616
3.724353249321274
1.5175174855088573
2.0195587730174576
3.1460239758716853
3.9412419425331073
1.7297666140425276
2.3400228903158204
2.3218282889462265
-0.37211434940230853
4.10466111693801
4.270452149581004
2.2475065949480246
3.5573384799138252
5.27068931121252
4.705752778543836
3.742691667744785
4.150041570183319
6.148737539600481
1.9445713561976383
4.959961621364334
4.267648883738879
-0.6925196925626513
1.2534263897861306
3.1954593038692636
-0.35720129553770985
2.6892343032779378
2.4298158452227923
1.8659586843481732
-0.25204197514315213
3.5141199728176034
1.2082951664000428
-2.710075948324993
-1.2623127758697315
1.9989662699691566
3.1057027046679107
1.83051648259447
0.07194029031786475
2.674989737786539
2.206581833727933
0.0791303358509674
2.2728123347856677
0.07256947729101643
-1.1806002455618332
-0.10027359272219466
-0.5565347004585753
-0.7312878482749707
3.142513762704458
-0.29225722689416556
-3.168616119070621
-4.430524082702001
-6.228845113512679
-4.044920484549702
-3.917251623600606
-3.6856248196722725
-2.5740414563536698
-2.2170585565343095
-2.14002977700671
-3.113413935025694
-2.03185197769955
-2.3220695229078894
-0.7779107209028954
1.8811351609221105
3.7830293375674837
1.2957955211480505
1.5464494040466645
1.8727406554007568
0.9097271560481932
-0.8076158026923994
1.8157514083508288
0.5826436792285482
1.1518323282505418
0.03366541732183945
-2.1751263786150847
-0.6812693026431372
-3.8338004013995
-4.663269408549282
-2.797450837166224
-3.6117398561518472
-0.03032835944066492
-1.384577073164601
-2.108374394411131
-2.594841462126062
-3.015166746215067
-2.8345776771480002
-2.320752915376721
-1.6877770864283343
-4.816088755715002
-3.4458573365696115
-5.742519145149799
-3.2583840213363633
-4.0046823044007915
-4.142844741477923
-4.254645578947896
-3.6754360176300573
-2.041765740590941
-0.7039938684543041
-3.259269379518088
-3.9500200310484685
-3.7682563443484973
-3.874985132888759
-4.153191380536387
-5.219747924294832
-5.270255947755817
-6.043726541470638
-2.101006007405388
2.303058660180465
3.7043346249624403
3.915297576210687
2.8025559806517975
4.610406233597118
5.13359713124321
3.654776404283161
5.348989944973018
-1.5107769845707515
4.5460371318257735
3.127336485593267
-1.4189804190377893
2.7574569927984145
2.118571478904362
4.284510992813024
-0.8883476641448993
-0.034847745942650304
2.7057014875521572
3.2841885251300567
-4.784887375878969
-0.7416899996919974
-0.6250973328660365
-1.393434684822033
-0.8016442728058106
-4.466873939199988
-0.12677860807141678
0.8278956567714228
-1.4939425111565963
0.46909664308691973
0.22273359586035135
0.5442349175159069
-1.7857948186298733
0.5193419342780812
1.7274269445342287
0.10764906455357062
1.0336632745699466
1.2126388059352884
1.774500785059305
0.4351888385817775
-1.9406715198112265
0.016555687472303182
0.7119261707334308
1.4171227580773418
1.9854707090110022
-1.0179571383660018
-2.1141916062139523
-4.328681640057659
-2.0759582847153055
-2.35019888364109
-6.804544744038417
2.091799082274035
1.5730192313492282
-0.7286687620221493
2.4817105161698674
0.4230390489998892
1.0521707155935882
1.255042377223106
3.234492213969576
2.958633087406972
-0.20072737604106092
0.5302384190706905
2.7786905741151227
2.499905416931218
-1.0918405118514944
3.4706219822960427
-0.3770220863044409
3.4344005946313567
-2.0705574496428687
-2.7415310908573507
-1.4800021354071797
-2.5835232386561264
-0.09672662136352234
-0.1697331256250525
1.9800462443021587
0.07050047565841566
-0.7888430588481126
2.1847884629095593
-0.5486625373327395
-1.7545729291612349
1.2039864027857583
0.35698139353697295
-2.6350894512202774
-5.451892219868979
1.907164352090035
-2.0772773510320004
3.8524161124759058
-8.003297951657837
-1.508450805473129
-1.7395838862701891
0.6850260931045075
0.7337156715093186
-1.081498159207588
-0.8431786143732554
0.19628603330758831
-1.5720490620724503
-3.5865050608392472
-1.5094734824120422
1.3933312714112005
1.097009185584576
2.0142659205674773
1.4548206685826641
2.0147948366525217
2.940920331995704
0.2407765836962226
1.432773549473916
1.2471949460802598
0.7956135646280461
2.8439392275637245
2.2590937863104554
2.6511799551478017
2.6278832601522626
1.7233256507581274
1.469733517369925
-0.12822920195837134
0.9010474269027132
3.1587342688638524
3.8046013111909383
3.200603498640743
-2.0224795075226987
4.220334955296509
-1.3243626574588612
0.7116853619432334
0.04318631444329313
-3.8587329707228166
-0.21107353712458354
0.024201174624214006
-3.7246497376106498
0.9575592997600428
0.8780583002342721
-1.0750919379658204
3.0034149179973793
-4.499262673583428
-8.992391355154014
-0.30155083878037137
0.8096099610397628
0.396668078211868
1.5730769312290613
2.58371256661887
1.2452796685029783
1.243408989572436
4.475142092685525
-1.5746617846847653
3.019050734477011
1.7626839986019947
0.20765614067848764
-0.09641828844125833
0.8759625731854415
1.484398584252499
1.655978994806798
0.335452444382899
2.6313914331589996
-2.0646835308471934
-4.895781279642574
-5.003105638680148
-3.3482778338407733
-5.685145900765419
-4.641500505646004
-3.1425592217762817
-2.8395819478920856
-2.461650329417224
-2.8740083026868457
-5.32089326985641
-3.095271666731659
-4.219298599169362
-2.8721805196690795
2.0937305649567985
0.871463741782259
2.2747990290741127
4.415317196381205
4.240209269562783
2.420598986431116
2.3581049682869284
4.020341865270965
2.7757183744554323
3.3609461299361447
3.8179100912250545
4.463799298693911
2.4130992092841774
-3.3394106328004685
-0.10365150483883534
-0.6611358130903008
-1.874407000786211
-3.0252035127643806
3.8255779567828374
4.2085957487673165
0.764468437555627
-4.378064794732547
2.7413948019843875
3.8785965041145043
1.2887142186342169
1.0756836401960745
0.802599949010108
-3.9569931607581825
0.37258549606456154
-5.100774955904097
-5.302211548606593
5.083535418170694
0.909771711205956
4.278965737937305
5.154032008279493
4.792562640491308
5.840028845127874
6.021947721705617
3.7999065032687023
4.915754924791988
2.6533392629667616
1.2338432535290635
2.7116472036551427
0.78107483529079
-0.5213269867001948
0.6351712169141521
1.6036802637571166
2.262388625609789
3.06969978103644
3.1175653334555364
2.9465666724051114
0.8055061525586897
0.3599026724689738
1.946458851305759
3.0239970366475593
3.608397021642216
1.7376977820368333
2.277213710885333
-0.16050277029729687
0.11202125252102374
-5.059392402934241
-5.3419287737305865
-4.683742648914176
-3.149223230380425
-5.218716589476268
-3.782852957436593
-14.261070227894207
-11.543245496951421
-10.686228544296453
-2.058373611240138
-4.332238033539132
1.4659681974229621
0.5015630665818724
-4.686510633113699
-3.8049334331289213
-6.151778884827655
-3.079072837553568
-2.3067609330425007
-4.109393687221356
-4.530732051020953
-3.26359635999739
-1.6172966504695598
-1.1247054553406066
-1.757523326128653
-4.67829784979355
-1.5877734629401528
-4.12878050117036
-3.9960331457151836
-3.186000804775392
-8.68005391826879
-14.808240069036708
-12.48780825810743
-22.821900759258384
-21.607373211480077
-6.398029661397123
-2.522457860448739
0.5117880129018424
-1.1113298110046055
-5.200666789299296
-2.8324848879780076
-3.2459104735851247
-4.515924329724307
-2.8940632886994213
-2.7718963742576515
-1.9010803312082518
-5.371211030738007
-3.129539080052026
-3.2152454200332805
-4.732816800685307
-2.7697520749998543
-1.5303985946173817
-4.422867738293212
-4.840609660690706
-1.7552244315015897
-3.910934992667072
-4.737073636038197
-4.786603058189215
-4.406612058701634
-5.860461225376957
-5.261181350517676
-2.90092215799196
-2.7281766889211374
3.754381013438436
4.465321107157697
2.570603581946303
3.7308050298470845
2.6240721306145676
1.1118769910334603
3.820216742313287
1.745870998678863
1.9214715934800197
0.4668414243698336
-0.05741295626782339
-4.403466737483787
-0.28478326291716705
1.3614748873423874
-3.1832282515932224
2.924594059838988
2.6211499665478977
2.5931477221530956
1.711582913838437
-2.0171739441581527
-13.903609367835648
1.316600195737386
-2.303144574617464
-7.983522225318896
0.4091056279885287
3.2696128611694775
1.539108134610442
1.075092770043331
1.7033253122717325
2.2345321601650205
0.7649334566392156
2.678560283145582
2.936397359064369
-0.7338248811640835
6.64421911244773
0.7812548778900619
0.04305469816327684
1.486306689050937
0.37503255860492807
-0.6252406849983698
1.5184721262697107
2.403645102022001
0.8570302111047258
1.9298835914566153
3.3693444438279467
-3.5977756259756495
-3.7773604053767404
-3.6214878408515876
-4.356650902691532
-3.618071974630932
-4.242324406609379
-1.0088573976555384
-1.1454222636945293
-0.811087817613253
1.563933956200634
-2.4231714944523
-3.1385971728242623
-1.1582248352432658
-3.0375704834346724
-1.8153664531001563
-3.2882644176194646
-3.075938258454158
-3.1216696044993135
-2.9616925442012634
-2.25304923077088
-2.358630235598218
-2.850967631957533
-4.900508250400282
-2.755468696586987
-8.024379292489055
-2.319724987751581
-1.0988364602833076
-4.2320020114503585
-6.971813680946983
-2.359451468856377
4.416755248592457
1.298840463006191
1.611758118535182
1.6335145181103554
4.89147829573349
1.3884348240991797
0.12938269188915005
1.929825812183101
1.2453376720879514
3.366428134707031
1.4033776814659418
2.462245345309483
3.0229632708307754
2.1953394544828724
3.0009803170398115
3.028665029485296
2.7357029155502164
-0.5592142646739747
5.199338739876325
2.559883033586749
0.7490215142614709
1.1093091274161773
2.932132024206003
-0.10921019146607286
-0.026765545521920814
0.7685720471784656
-6.5111214758311995
-3.545359953740614
0.4144031008192193
-1.7532578771999807
-0.5538198954013298
-2.3208882684900045
-4.139276776799992
-5.219401626358513
-4.906394204345156
-2.4641506657600107
-3.2550857231871166
0.13834346295539016
0.6405178582859881
2.7705534291087974
0.08624667435437294
-3.039501053255976
-3.598337437679747
-4.9095582061495975
-3.5157785387821905
-2.006400401875042
-2.3739000585305967
-3.442088698406457
-0.9920997944959036
-0.6498975911367978
-4.210814255266595
-3.6019612623861703
-3.208146512361668
-6.131476457193386
-3.439753309283645
-5.012732963702109
-3.832556416505126
-4.1158471451297185
-4.4301825367441765
-3.2312409698308104
-5.908123374162601
-10.468564150522107
-3.016496609802035
3.481920787816126
0.13579031273630984
-3.113267884097776
-3.389316259828766
-4.225948622718553
-3.0541624080929255
-2.0760720751421524
-2.289536462000178
-0.5865269022561757
-1.4741691203650222
-4.00348958056235
-1.432682092025124
1.8024784188201286
1.935415555353208
0.30900084951729484
2.2359608151719557
3.3722068133634235
4.505324635827203
2.17013454957108
-5.570718666208692
-10.715045245270371
-4.426872379992089
-5.60828053300614
-1.444922247271488
-5.488733099712721
-8.228773835769308
-4.295302054388338
-10.544841199235044
-2.239872176127454
-9.35014340211595
1.2568339563908608
2.9745879167102998
1.733725903514446
1.3891399463476715
2.4098562000389547
3.3915249030911934
1.7653261271046379
0.3322489721054048
3.434914827576798
4.0863636425491405
3.5457334453695815
3.3606936148204785
1.9758647405647793
2.799459100299961
-9.690356161651653
1.8591137734558427
6.6131090065788944
3.0757318409994587
3.762953385538918
3.3518526984080212
-7.383850899262174
-8.170196145134916
-2.1541591533947857
-0.6718038658302343
3.461957353802476
10.746274870165857
1.8941555670774801
-6.101845088243492
-1.3542204384716678
-2.78502252723271
0.6712974032639526
2.3592973189313833
0.0371039900094596
1.076193380733661
-0.5347929865187735
-0.28388110852410653
0.013098427673305268
1.1324233037440639
-5.345617931580614
-4.710201409488755
-4.7669255765837315
-1.1101422609327134
-6.337668333641743
-2.39318253303146
-3.855371850878158
-7.548443624245937
-4.7274175144565795
-3.3333370215836995
-5.82149629392934
-1.994143754291561
-4.045504061222833
-7.043344952670667
-6.070294486939985
-4.8164582917556364
-3.7481863851098436
-7.371677438133816
-4.758520093717043
-6.159397292632214
-5.18029658742769
-6.726570694784593
-9.824618619571805
-6.636535740741339
-5.557897336343337
-8.4316342402814
-7.421428470337982
-4.927867977600268
-3.866506199108059
-2.9856027279350292
-6.774865022792448
-7.016411864618954
-4.8732209987060395
-5.989029635677096
-4.942860635144383
-6.8899184273071
4.001814383549391
3.112379633291103
1.7315090311970238
-9.385370391060885
0.33569337240733677
0.5202590688557243
0.1617909196600983
-0.753444325368544
-2.8988182938657636
-4.648267682192133
-4.910116928249578
-5.07867294184879
-1.111710834273406
0.9126552925640052
-1.0275156212876584
-3.548173052045142
-5.0706908661664425
-2.47552145589791
-5.022578288670417
-4.907101866792746
-3.0962664097939085
-3.637911049395859
-7.2520877080426445
-0.9582661354883287
5.795937480273647
6.408329774124128
5.961845084117212
1.8559946050565241
1.182268457376328
-0.9884704893099927
-5.0206372040628295
2.06643513790257
5.517176073833492
2.909004741537349
2.7267408163054347
3.3348791714795842
0.6043324344344679
-1.7119572933635039
-3.378003499946033
4.3877885783602935
2.6091334959902817
-0.6197654783693598
4.244502527511261
2.9926670735927106
4.552881084144999
4.129332911616285
4.2969560202195805
2.347698571250396
2.9707450656200916
1.2075326645173905
7.099649179756178
3.212216965657251
5.374195122670962
-0.27305062397364666
-0.23126208297944345
1.442679191821715
4.136622239547626
3.061557712182079
4.3477798994403605
5.376183007830644
2.6040602724457202
1.7905675566202142
4.427315113953677
1.415065952065683
1.7751567836207633
4.6989535097980895
5.176363262980536
0.11537627679749296
4.485053568625053
4.886120763138762
4.268796443379397
6.334678544297039
6.405943072526546
-6.028117848857129
4.2107359849223345
-4.4174940162768594
-3.9460578472062915
-3.397341288787338
-1.611040719968889
-0.6846714778442557
-1.3365415096374962
-1.3039533661031295
-0.7314175157137032
-3.601456027935501
-4.390368886619165
-5.998885311541092
-5.00357815724513
2.501604020181794
-0.7674642811417899
-2.1046456079092293
-0.282153343843734
0.9109816086269624
1.9807728624011154
3.2135160691029085
1.8727803775721454
2.16807918925418
1.4945352001445398
2.306451186167194
1.8924925519325675
-8.597322625525868
0.06442883230143626
1.919494127920403
-6.191782505467525
-6.728623398167577
-3.1399590652884806
-3.682124689088733
-4.3884292852724185
-4.586868847880818
-2.731107399231953
-3.1693793303792197
-3.1151340964023735
-4.578272493785853
-1.866829503959687
-3.7098753679279683
-2.0976845526257715
4.32052831939826
2.4162996982107843
-4.8620271300039715
1.8368062728890668
-3.0718427249352747
-0.08075169590561046
-1.5938090207589242
-1.6764073333820988
-0.25568129448163956
3.2927475333262
1.4719062829620153
0.4344772026782823
2.346793917233269
1.9489355812806886
0.4659201667852246
-1.0955185350927317
2.9578185660360536
0.4479560918572965
2.815689686577374
2.3397011323012156
4.609021147211919
3.901469708236213
2.04514609933573
4.901046584394547
3.3245781674596353
4.830507582923566
4.267156297840078
4.9790426758623845
2.403410431707183
5.089945198881867
6.665213037000598
2.958839741458564
6.15550910640979
4.814136643831237
4.151885778750429
4.825753354510428
0.42565306659875257
3.3133234305959065
1.3113846354750782
1.4509047171582021
0.8799393074570195
0.08082672827175008
0.43262012526248383
-3.7129476932310896
-4.145632121940408
-7.360534083396515
-6.242132664487828
-7.257136692992156
-6.562845215216807
-5.262981151219643
-0.17737645283079229
-0.39186620681829776
-2.3858155325823858
0.3155210440152742
-3.186321714523394
-1.9878519439979057
-2.77557936888765
-4.248139576769186
-0.8354230999043581
-1.3382017145383704
1.6376623493938554
-0.9418060166250237
-2.16059017404167
-0.9062039743097865
-1.429642008782283
-1.9350819673699506
-3.199289264032552
-6.353831126937337
-0.7696119868893487
-9.44475411668709
-5.079200963212136
-1.1782951091903449
-3.8733341501931107
-3.4596688445707473
3.9377344552201095
-4.118049014573967
0.10245635477914472
2.40810408448729
-0.9741450426365267
-3.013600252073527
-7.285212512156997
-3.838006634842819
-1.7045394356160743
0.01636305334270094
1.4131081060583268
2.301386050565503
2.968212595317838
2.8908156962255567
5.614190406043632
4.336499742232142
5.6860213371039325
3.1186884445711227
5.457542551092095
4.8553085538946235
-5.26041014025262
-3.722160795670475
-1.9603154046364484
0.9281653019648178
0.5145988397004859
-5.061217898740543
2.094906202020757
2.374657614269691
0.5626275592930045
-0.3413195302981043
0.7939890248429028
0.2250351883105317
-0.4331456641640601
-3.8622189281476076
-4.4977214022227505
-2.4909790050570786
-3.415887217632406
-5.137331913848718
-8.1016401486982
-2.316886531375457
-5.227263790920564
-5.980566545033906
-6.186249896873395
-5.148714063841658
-4.494108560426555
-4.261925075013667
-5.413607453149601
-3.6851530079386015
-2.8325469176117983
-4.78136437452919
-3.6366953614488935
5.684204439439737
5.2057694489948
-3.2277579163412806
-4.504721202668392
-5.701453727958068
-5.687719107114783
-4.4720375993208386
-5.39237706979959
-6.471458099995886
-6.182547442668829
1.256328961596408
2.657946606735224
1.9003372249085237
-14.478919061349073
-2.6798522822738158
-0.0756439954047142
-2.1595089184423655
-6.312677051529556
1.6018012500611287
-3.561764100876851
-6.321086167265107
-6.262982838114263
-3.1783131908566697
-1.869868968564138
-2.557233754926576
2.9913712394863086
4.414533798075331
3.738864894726387
2.919575846025268
3.4296719696121993
3.9586327486311825
3.240803195844751
2.4228480316752634
5.04172288438758
4.884779720097873
4.171931758347251
5.769965765827446
4.038808305921768
4.3971243940303815
4.658050742925252
3.4914203741966676
2.094504249615347
2.988733919297653
4.885146820734587
-3.2138198156013265
-2.508319729478006
1.655229994868027
2.118047548285039
3.485397549232632
1.6812140315344934
1.3441388325479136
2.3553958285283096
5.053098893772389
2.483000504575656
0.37008060678610055
4.0811420479507206
-5.211062913467304
-7.90944112573152
-16.552648508914853
-6.62245514964166
-10.837017284139629
-12.074298684251948
-15.857737839526814
-14.087209425899005
-10.515146174311402
-14.109603547858432
-15.409569193992509
-15.974733644068117
-11.0324286177899
-9.023900845759751
-4.652775344932168
-10.047609193339817
-10.71853535883303
-4.383483605971701
-1.4365791230859382
-4.491537665778329
-6.8884842194910725
-9.247471340985422
-8.207686506750628
-12.344904306996813
-10.132596019973002
-15.284859240763062
-16.696137872287768
-13.04437770816911
-15.120985516779937
-16.10481171574489
-5.397141344911896
-4.894118878177922
-5.175692829256715
-3.1531003353766973
3.7882489613946277
0.5097440287128772
0.03534754433712009
-4.431614048195452
-6.962305076336945
-9.838310600654268
-6.2604201026949315
-7.956727007126045
-1.5165012454986968
-6.199587936864389
-5.036495454698332
-5.987441003912572
-5.37566527044188
-7.503716703947805
-13.70215403709446
-16.002705716851302
-17.460116248256
-16.833072175642638
-10.581478446204654
-16.205165431704753
-11.348768001744567
-17.836844286252365
-16.172209273847095
-16.09148168210706
-19.06894145720701
-14.554511151021458
-16.16144857012487
-18.11508474708599
-18.39203188617974
-14.277819633495076
-16.515516433092316
-11.92701145177624
-17.56853967061349
-15.63388246023307
-18.677544138343556
-19.30500312035892
-11.116363039354832
-19.49295806517122
-11.865557952173274
-12.894467991870908
-17.316005773586163
-19.370929527378497
-17.532015154887738
-12.082729437951238
-14.961468832130192
-14.6579735187112
-19.76816641515179
-16.634579619057398
-8.732191951027188
-14.97976775436827
-18.11040126177734
-14.59293086057637
-14.3859648862664
-14.34073882799123
-17.603520277062902
-18.70960546135286
-19.707002455127295
-9.054920523359538
-19.20688682405108
-16.962451439059706
-12.63189024179918
-15.616346847450073
-18.71529861663308
-13.222866940189402
-11.047380930483802
-6.096431695409495
-13.74557347419013
-12.437273427081742
-15.181169271836067
-16.105601950763294
-13.711899816260562
-16.73128103258013
-13.969676133232932
-11.495720251455001
-13.353347460763914
-16.3121871552179
-18.037426609856876
-16.598894961546414
-15.652882487990146
-15.313288581345944
-12.75198470220168
-17.89425006026959
-12.633199285846132
-15.14460507079631
-12.846389300678133
-18.10050275333845
-12.889885218951905
-14.652977091934368
-14.2573228364554
-10.472726484864673
-8.83429762709148
-16.922007834763
-12.261763081872827
-15.167837285498104
-21.13550674743118
-14.357101414906143
-18.293483335276196
-14.494878263986008
-16.978280454075367
-14.68831126623367
-11.73840125861899
-16.35052739381902
-18.132077072897342
-19.432447177856076
-19.225241497022346
-11.218052887837473
-10.087952259725986
-12.590522567423818
-12.80202601002266
-15.250260979239407
-18.008190101674742
-16.114639166963748
-16.351331490510162
-11.311140427943846
-12.205596770659753
-16.37562397667713
-19.080869525327817
-11.78272078241051
-15.110200105956979
-11.17332304955212
-15.835721756449237
-16.041315666847805
-14.07781016951355
-16.505641744162823
-18.970311847691082
-18.950643827374172
-17.359329265020282
-2.464986532720246
-7.861473422476364
-6.9574604848557255
-12.805456307206907
-3.5883504974658087
-16.389592425490918
-13.533049003043246
-8.407254594665696
-1.2561099066432777
-10.170546571828103
-11.38112894753716
-1.804900210575193
-16.876355702731217
-10.518581807741489
-15.524759696488251
-16.020391852996283
-16.83834453100904
-16.081163332920905
-15.239989912769131
-16.70196767713497
-16.585869493648556
-13.63006112798187
-13.160571201332116
-21.756551777738043
-20.148133559146935
-16.28358442798304
-15.720878162915547
-16.54608071697799
-18.58157554961388
-17.072849824193565
-18.172910143152393
-14.569073674426589
-14.190312533664592
-14.57125032906553
-11.669713609851765
-11.639109594167556
-14.605665513787738
-14.157644554200617
-14.39749915857256
-13.493587227899567
-9.698730939313611
-12.233911118042835
-9.002803031331275
-14.266952319786043
-9.190746540645465
-11.835035766757255
-9.108777616710462
-15.960230532357924
-10.982590001981654
-18.840505469194277
-11.151558209356857
-12.725855405535135
-16.251475827050797
-16.73553135834628
-15.419817203367575
-15.888151163919716
-17.787673510199248
-12.54583032137083
-9.11583526956219
-9.99768526005937
-9.595353195283986
-10.093827392955042
-4.080307180235424
-11.932251747032247
-16.55068892707097
-10.427808899264212
-11.818726195809662
-6.625294244776402
-16.63790779204333
-15.034360725131998
-6.993759905563824
-12.465794927314493
-12.73354228308568
-14.60102479922529
-14.282579082220465
-12.473476157788866
-12.635486011653494
-8.321107593049419
-14.373435856202741
-16.80659125178474
-21.186161575624922
-10.151450057166327
-17.404576066932993
-10.579428219564296
-22.75230973058708
-18.75795474715328
-17.619778687214996
-8.882981308072347
-15.598976794206365
-19.58095590487255
-12.738761188423902
-16.051572564948867
-15.071693921374772
-18.712143117793467
-17.004144509646835
-18.50181608988854
-11.088611835556778
-16.182697769280153
-13.890280135731421
-17.557491867665362
-17.26919509307472
-18.2943355020136
-19.01364941577277
-16.48243384842295
-13.944817364635023
-17.764315401795802
-16.59619244939697
-19.941370148523593
-15.804000965287411
-18.331797759320263
-14.988198512164804
-17.369511069046887
-16.679941974333477
-20.397031404923865
-20.04914711632366
-16.71805695489082
-12.028678906357491
-4.560334355687871
-2.91044929843624
-7.703173324029197
-9.32829625877469
-14.552109416750588
-16.49360620786907
-14.718519234803697
-18.504822920087012
-14.504901290804822
-18.025655272064565
-14.349670540747267
-12.576316662619535
-13.550373562086902
-14.19486950329396
-14.809309997790924
-19.44072429848964
-13.044735622470089
-12.140726358896105
-15.724641652559963
-16.119777388470037
-14.416906235167097
-16.207896152990173
-16.235693896345644
-11.33421691067867
-14.955869260877417
-16.80178079860384
-15.5049928315805
-14.474938462733755
-10.941056560950663
-14.182675491308707
-14.271547786191125
-12.498074293060059
-17.67501923275928
-16.067244380944363
-18.92269932744121
-17.060491069087607
-14.928084056670642
-12.279006261342733
-11.340802903902995
-4.05246388588962
-6.625755307995123
-9.884098285921953
-1.211596904005097
-8.045139845250878
-8.091799912627788
-13.798175709286335
-6.369795370859285
-14.818584644013143
-15.60480440930639
-14.963209865003074
-10.892419513278021
-13.537241749946203
-5.564519123794758
-15.056637767852122
-10.715897279784135
-4.857115159460164
-4.574532941682887
-9.18788044346937
2.7855026966025993
-1.4769588793571264
-2.425091716779978
-16.061409952879213
-13.099445237611077
-18.741591880347986
-8.097425574609264
-11.214577963167185
-10.638287378068485
-11.095954786336344
-13.631058009174117
-15.040777057307086
-8.008276499653327
0.08717800186484184
-12.975040492951447
-11.00147717287909
-11.153391500620803
-1.5321096253516844
-0.043333468554546506
-1.0958503432989737
-0.9421367367098505
-13.644680306911683
-6.556181926459367
-4.706407853355497
-3.6352574314246695
-11.132000406319738
-10.059358510982221
-10.79292642415917
-10.706721573205298
-6.8955607316435605
-12.747568077236997
-10.184035082818609
-5.95814974239219
-8.162313916556032
-9.756084537929071
-10.286743334691462
-9.778869849230105
-12.213561066067511
-9.637510408423275
-10.152239621723924
-1.7659452830940128
-8.066269416500804
-10.120753037558824
-8.828579043036921
-9.761185651562805
-3.0390938130196425
-1.9377015100307133
-2.584986576737182
-2.777495402301033
-4.988102205578019
-4.553293250851095
-2.66119048669365
-1.166803864130868
-1.6400444994316397
-5.695833827206164
-6.0554609510050375
-5.861296359879232
-6.8633599829968075
-15.155103434424714
-11.808640975857054
-6.366532269060714
-1.7368320128036208
-3.501209022396636
-2.640299486439403
-3.5760643480836434
-1.7925091942733424
-5.585463804064559
-7.555540588452353
-2.387228467501994
-3.905145381402753
-0.4644275013476256
-9.43360120077818
-1.862991150750875
-1.389203132707634
-2.874055772944036
-2.6084388449171807
-6.029796556583403
-12.105192432067518
-1.3249676225079832
-4.2948412140074845
-5.955098718464711
0.43588966001275725
-4.376337614299237
2.177854685669433
-5.618599682939291
-9.031894363461298
-9.227117339845654
-6.869727640301183
-8.821370180348213
-9.537729388136563
4.416925675321899
-1.1636603049762768
3.0955741193833393
5.347733138453281
0.7367172483424511
0.7066288407733726
2.9809105022884568
0.05941148520249917
3.794967899574318
6.345544465692646
2.9177673706340355
3.4884835671542698
1.6790421680525518
3.6578471622600763
-0.0465804012901217
1.5555476159691302
0.30126955617543577
0.48026450200536086
5.002551293685794
-3.6083187602111066
2.733631908155991
3.710721576893425
-3.9349519541674374
2.58697626671782
1.2856492573160332
0.7352580393702097
2.0431021469946686
0.510961275132007
2.6833899299754314
4.696880302671797
2.138881642289557
2.592093652040697
-1.8385952501989264
-9.19206898620083
-6.607504193904901
1.8552991153222815
0.31383439319512874
-0.621219713114834
-1.4981095216657443
4.03805386874319
1.1212784917166636
2.595970848737558
2.4760516482992383
4.926560799071506
8.426869270360775
4.640459717495359
-0.7962577307431952
5.640130589235636
0.9459426505061954
-0.19942136829699453
-7.591495678269086
-3.3236602128934387
-6.302333639088252
-0.9006947773108058
-6.589999428718409
-3.9108128950918206
-1.998564836849885
-7.980544694522995
1.7465705521631487
1.4748273876002336
0.8716190406840785
0.0013893193015507288
-4.63518885386325
-0.034916954157993785
1.4734808470471594
1.6036507367369124
-0.83026004533821
2.004718026677212
-2.1930834661721117
-1.7418102294738167
-4.769506657763217
0.6260576467733446
-3.0421200233352406
-1.6189140052380806
-9.491919026295264
-5.665310820258913
-9.887621532307133
-11.604382492272157
-7.475580385042825
-6.766021301894813
-8.247435138100032
-7.347731299900258
-1.8358066976283436
-6.039183737675964
2.8644452070482
2.69033412205667
7.187348892185927
3.5394274860470567
-4.261872882620186
-2.407904878490016
-0.51243623615937
4.122747588070409
4.66907976567728
-4.013768502801404
-3.932071067390082
-3.1038888866617795
-1.1323468974589734
-2.1516371522796662
-5.007482323275187
-4.341621515921797
-9.315983453825112
-11.540428425357927
-11.375805009759016
-8.937111319156722
-7.435886506928508
-8.382972976597856
-12.320246123449323
-4.470555962163545
-4.408435176366387
-3.9713101613725033
-3.2541651613596936
-3.3484528855509463
-2.4888758343391535
-2.4771731661652288
-4.1910509690476525
-4.025663280121686
-0.7825301049180298
-2.6750475306170776
-1.2856702966018174
-4.1268842635766925
-3.320487541120434
-3.326235406540262
-5.687433823616685
-4.05220588139066
-6.169808493064489
-3.292092402014186
-3.6253624268373166
-2.8422434818329876
-5.3589505325792235
-5.786533752300385
-8.076939334634814
-9.546354461533747
-0.0384710490707138
-6.648393231116806
-5.8319605604885325
-7.419776806560284
-7.065303769686505
-2.8310674124665374
-8.993974669125466
-6.5825662236589
-2.767172393157891
0.05907235776497077
-1.8083074467277225
-0.5698975945571719
-3.157909608898681
-1.5079001426630494
-4.49773286700673
-4.38808598429592
5.499432358013079
0.7966801745361227
3.824242637291939
2.7200891720227904
3.1136199759088354
2.4306038872586635
1.473666356626042
4.879828375129423
2.7892404622652167
6.937892988271056
4.300845455758205
2.1804771198236255
4.7830637252875565
6.997098205398496
4.428776354389863
3.928212916559319
6.435813246624043
6.129180864238626
2.95218738701477
5.492803562951693
1.3506257047217243
3.603498649423844
4.545237380958867
3.891065595967396
2.9155063624199804
4.940967671580457
6.25252542200977
4.143866070478605
3.952935577489497
2.2117834634525995
0.7861426380505205
3.9976637864364957
4.796401116120938
2.6367488954643563
2.962137962354874
5.629386495972392
-3.606979967545657
1.689462595459183
2.0691766527428865
1.147901884539103
-0.12343623589545749
-1.4670537162659985
-0.25312389781444233
-3.589537060948317
-4.019056278753721
-5.117430527716712
-3.303859346046835
-2.697840770025495
-4.278588302916591
-2.9227035233956893
-6.982945572161326
-0.18148556612583358
-4.729364551132446
-2.6851413220135707
0.7243973279990856
-0.6405334803940923
0.9005737269084589
2.7041071976062794
3.5777602359710725
1.433376216825964
2.972484757787099
2.349472548650648
2.069616417638819
2.920487841124284
0.23895337276781897
3.213040478388198
0.0033689535805746518
3.427236747728937
5.391570439954493
6.420304965233235
2.5241068138021574
2.659171793110595
-0.27834802612454684
-4.92469418173932
7.753459766740704
-6.503579498544672
-4.191946286688399
-5.523552999535275
6.3238396352476
4.560692545147645
3.5000604221654177
5.712490285718067
5.517219735922144
3.985368902413118
0.5999885565203924
5.125053950291263
-7.954301714559556
-3.083711112517077
-8.437729376123668
-12.929552930126313
-7.296085550135615
-6.57331217852389
-5.24991367758235
0.5040077500697995
-2.0718435962151225
-1.9243664474670228
-0.6834666859166546
3.2616674511960535
-20.5529291696494
-15.642147648537353
-9.10293855319858
-6.173006102754763
-12.468212520716204
-11.967779157027119
-0.11428076922088914
-9.417791119573979
-13.418359148469749
-4.48094058665779
1.387373434906768
-5.344532444234341
-6.279236210819271
2.1493549588777747
1.3567507942933386
0.885151042281193
-1.2344441509602526
0.42302924243763795
-1.5385617493290298
-0.15356863482063843
-1.884729336438449
2.87093541732065
-1.2071995862465519
-0.5845009216064483
1.2615533556909821
2.9441438492106737
1.4025349434024124
2.2196256494061135
-1.7598769074406142
4.071240404377366
0.2962986462505245
-2.5764002400389674
-0.24677420415327075
0.4736028686000405
-0.09398931053228007
2.048912849552106
1.0661110921930521
-5.226739268735263
-1.7284331673324758
2.3312251859086897
2.2866470678152084
0.25616254488967644
0.4805203344365966
3.621905081812362
1.6915790178574661
3.0933773611456714
1.209268416203336
2.4403558705578976
3.3787349646350675
1.988823759243135
0.37637574410931995
0.10134354142971363
-4.310133786610883
-0.8278233331152384
3.13572983293245
-5.069696075108116
-5.313281296900329
-4.249282575608965
-3.630024923395138
-3.726434694709924
-2.2361399702149285
-4.907184683648758
-3.2707987194991026
-2.325837635810763
-1.6210271478672857
-0.3670475140158195
-0.5248726278100841
-3.9502322617739773
0.34074538144493943
-8.817641603995567
-6.252615189400359
-5.251459517586483
-10.83386053657461
-3.143615889562265
-5.900927375597751
-9.01766996839975
-9.702510126477195
-7.994778909188417
-14.738864177121597
-9.944337793071448
-6.747440327997898
-11.678805042213646
-15.985922827230048
-15.820891189596802
-11.631407896751698
-12.28827326133117
-12.91479909377256
-5.007609968868959
-5.245303009224929
-3.5970441348252336
-3.227129627952586
-1.7052712324618258
-3.292819524574772
-6.1393787243764395
-5.359272177618041
-1.1384668909743623
-8.371648883396698
-3.6067872962755207
-4.436805451829907
-1.9147646704651426
-14.009877747332224
-2.137389654556101
-4.310166343744633
-5.088504455830623
-3.5352730923216384
-5.3825535393692725
-1.1828210707168192
-2.2824662105388174
-4.045562839350917
-5.869876924070416
-4.3044208737099465
-3.965737306377241
-2.756419094777602
-6.263660130836594
-3.1741972806705254
-3.5830219353736816
-6.76464054785706
-2.074272820906104
-3.540014667143607
-6.187485618829585
-4.89880882420461
-9.54977078135155
-6.5714441399441155
-4.246097037353407
-7.4926031486989935
-16.01875920244048
-11.94974303657321
-4.814896805961407
-6.663665848294112
-11.88201741221953
-5.300255644929958
-7.778448892309737
-2.08027019911758
-3.2478904562430557
-4.831597836636499
-4.206734652773554
-1.333608862735779
-2.0837344761921113
-3.222936709589808
-4.13406315911329
-3.9102694712286756
-5.19993676523919
-1.9018887612121567
-2.3863321761001823
-4.1145243779970935
-2.5548023519872407
-2.0789455775197205
-7.061614306869158
2.8048606571970582
-0.2049548734818118
-3.1209281482140385
-5.306007992396165
-5.01538673662086
-5.383536558794134
-5.925196067292942
-7.218538975143272
-8.249890359749081
-6.527133566877464
-10.387482470541851
-7.772944504351876
-6.176922018713366
-11.977490762219986
-11.298267014711236
-10.961239327928759
-5.0676695208522275
-4.792564837938873
-4.636658045827327
2.602466274081416
2.557979022475801
6.440018012944062
0.1251856887106576
-2.1117952060203424
0.8339594437103076
-0.24530913174318233
-4.099794751116212
1.1587847207524324
1.1190179138626968
-5.501709608498821
-5.400430144660866
-8.834042594281605
-1.2014375772963017
1.826261041807632
-3.256096753544005
-2.056655467230981
2.1105707204919937
-0.43383332545700565
-2.320905393279878
-0.42504737681186133
0.12509202940528769
2.696048027138442
-4.722397234172108
-5.635172663267839
-1.722802130941947
-3.221977306245139
-2.7834140533901954
-5.505126706195135
3.3793018220216435
-2.512066138559008
-8.260289108247667
-5.931622623694552
-4.5003504755512305
-6.065323978604236
-5.236803328837009
0.17284554787587508
0.09296929581315505
2.656385985800451
0.7033038894786197
-1.016628780427499
2.714997873200756
1.258625479351319
-6.335339379547759
-3.489410721850484
-3.14569724978684
-4.612757912642841
-7.276417173499323
-7.63830339026757
-4.7157028407186585
1.4494686954147196
-9.393265432207244
-0.003484169513973706
-3.347510170612009
-3.92848393935505
1.550059774208592
-3.153930568546339
-3.9732421664935598
-3.271108725814808
-3.4168571271717463
-5.258489503801034
-0.019229468827508506
-0.8330574741378312
-5.534768823028285
-2.0774610247155443
-1.6601715916327842
0.08813936230184813
0.14740763497729187
5.624490317758983
-5.258454041018882
-3.761696828507027
-3.4846849725853257
-0.41909849973173374
1.9187720864257114
2.805149711290578
-2.4787045230497133
-3.9142171341969165
1.1504772454735497
-0.1271008328216755
-4.470339478020227
-2.384576833900729
-2.98305030861021
-5.37088253978368
-6.34685936119958
-5.4860735432802885
-6.555486457252716
-3.628526080860465
-4.126604248539365
-4.728692740530771
-4.374063170727907
-7.258197309941049
-8.674926435658344
-0.7932742724116998
-4.813435468798408
-5.48643501563017
-6.8512783971171505
-4.980972754017094
-5.6790609627914925
-4.390097702620157
-1.369363907892272
-6.598783459934162
-5.213432576782516
-8.983284726943346
-5.232145531497346
-4.791394709775604
-6.740063850868438
-5.702821200446327
-5.156551449500226
-12.118374740909706
-4.151034636803151
-1.4885736224871147
-0.9481311646414161
0.8812543636353813
0.01598513266219903
-0.3302758072440482
-2.6929095439497583
-4.71403154184878
-2.539672430213292
-1.3430007389561998
-4.115952700935995
-2.6284362084495276
-1.3196246003702587
-3.5591190827527432
-1.1568880106067956
-3.011707325216249
-5.183119336789951
-2.928664699447993
-1.0299481660295868
-3.218810647281311
-3.7505605086246736
-3.6620877651352273
-3.890360280848742
-2.993248378067281
-5.557690555528046
-2.477947768828292
-4.458896765798361
-3.6903235836231625
-7.271950427405891
-3.5203536160252473
-5.633564119302751
-0.45084631640218065
1.3403694741354495
3.4790265677977694
0.4875005502420524
2.4003958091733533
0.6117642343317747
4.7906407464021985
2.6708502134967897
-1.8725278733024686
0.3334163580515767
-4.904323506712118
-4.449650329123194
-6.257394970450516
-6.272892203507636
-3.2706814286180816
-1.3249446594406027
-7.091412462610431
-0.3712964964346024
-3.676273791524775
-4.4144385972840245
-3.771799566770515
-7.6689453326123855
-4.529798577798296
-4.710923251170618
-6.162515422072963
-7.239917618888114
-5.9877271380280215
-5.7065382361454295
-15.183081087664807
-2.451401744112464
-0.2060690017863806
0.3029981664885374
-2.55987964532904
-1.0732630569972939
-0.20956006995724674
-5.220610828613611
2.557230105570463
-2.637341369315492
-6.4844007462461235
-5.246387911900328
-1.5490176478712272
-2.7101178612247567
-0.37915987790822747
-8.69782552003671
-11.283559993447302
-7.178242903797049
-6.1625008936586205
-2.7502771150972194
-7.2043965710286475
-13.951478287391266
-13.352961514613689
-5.655053551744624
-12.1648328317691
-10.35286522127932
-9.87702800652511
-7.4973274863997
-7.330391635095206
-3.559543765270518
-2.13232795420512
-5.574827328319046
-9.865508461714645
-12.658590788834424
-11.620366665754396
-10.32017344993294
-12.524755009719795
-16.344656871563522
-15.816886809661629
-10.764507406468786
-13.533092555590933
-11.410128088210993
-13.530214466370554
-16.551920739754944
-13.029454808813487
-13.250837087701552
-13.674853317647697
-9.198027748599431
-13.981579504045465
-9.751450932103406
-10.177974948875843
-9.888939203729656
-10.285729192213726
-6.96664408270656
-7.998462256477479
-14.137694540104002
-10.163192778339319
-14.214091984005737
-12.188874401686498
-11.029030905208359
-13.500207046994932
-14.3111878183248
-15.251939025623052
-15.727413298346336
-13.089504791947775
-15.195444967024157
