-16.433456920615132
-18.47627187013271
-18.06555796591852
-21.07300300754377
-14.661846818063086
-20.03773340777489
-21.370857079392096
-19.35493824134518
-16.265307869635667
-20.698937934877865
-19.03703471510322
-19.506940225353098
-14.996056383201879
-3.944646248144351
-15.033180030722205
1.231106162683841
-18.953403154810143
-8.955774273328595
-14.11033431761604
-15.252758426136433
-13.60867281121492
-9.44297633933624
-17.55101954944118
-18.128737410874727
-6.006410828490325
-15.989877491783115
-17.36189053851067
-14.630474326860124
-12.000548275775673
-24.297874727152244
-18.717064962629877
-14.11410954160791
-27.043218355719883
-14.300492331715134
-19.820622158847
-7.072671173737418
-12.502773372481647
-10.06635062664078
-17.043247910698916
-8.90680233944276
-11.627679118977282
-5.039841783188635
-4.96738005383314
-17.76880555637487
-17.178961006975012
-19.168234796497035
-13.510915692801778
-9.982591536152775
-9.779441209832184
-17.13767180953957
-21.140112049303617
-9.205265699852287
-16.084059002895422
-20.81163259733923
-19.982141455025683
-16.015839408700465
-22.51265422181155
-17.439777897510417
-24.181963678986207
-19.945170810862045
-24.079457424559187
-11.389612246172458
-18.70905310661713
-20.51379581404214
-17.62192650580835
-22.81934873068913
-17.130997635855945
-21.553809547653035
-17.143858855114757
-20.866536424347988
-16.506913369676937
-15.41411276017267
-21.758132525677347
-19.692023087641
-22.98576533685384
-17.72637350948961
-20.261087195455197
-23.784307779335013
-10.914369197160081
-18.552479111022983
-23.05086006485731
-21.956991798813625
-15.678137649172584
-21.928159764121094
-13.038664686795304
-11.737005756219467
-17.545758986407662
-17.999386856035567
-17.533764664206974
-19.899606497208907
-17.548684336486332
-17.71993761757497
-16.767162747517954
-11.306770597579012
-14.960599555503876
-15.92909262051849
-13.027053467788711
-13.496022393616203
-12.537322571977608
-13.083549379554547
-15.51743432294206
-17.008435465109343
-19.911812101626577
-4.037847933586395
-11.32481686844245
-19.64556446117749
-16.77811301186032
-10.938015198864372
-16.796973900618166
-12.077120754112741
-22.87686072130165
-26.201316764967736
-7.195965946108812
-12.111422213545694
-12.021242735091683
-12.355737117487163
-15.225689055113294
-10.22149009365029
-10.697106197290546
-11.573045035247867
-14.343472049363525
-11.745615564307496
-8.446622665947938
-8.810122131791838
-12.79318471325723
-10.120604841390348
-5.214388133388374
-8.254894967982327
-10.228841133386416
-13.535237376260254
-7.699655713863638
-16.617565790345044
-14.326435072254844
-14.824684774750452
-13.896467656254966
-10.600267093891397
-10.707107875092262
-15.104106703651135
-10.070723612172268
-20.398849901223265
-13.507636761344648
-27.491663621058272
-19.45103391650481
-20.336726810162777
-21.098128923932077
-20.492400086747814
-20.943196091619008
-18.55647068731556
-3.376233345391391
-13.900366610026518
-15.827203369050862
-14.819884433643004
-10.25772893742996
-14.71844034754313
-12.572238133651222
1.7591064879395368
-16.97007824698635
-12.974011097442908
-14.851615645156835
-14.505013985524837
-9.382768040624502
-10.58542118011231
-14.26531009580766
-17.003946385713668
-11.608150226050476
-12.996926196744141
-21.73392851396289
-17.372995631170884
-18.347147204223234
-23.22724634585267
-18.612627953463843
-23.162688981551074
-25.766479028741756
-18.877328197376627
-14.672202669424095
-22.373069577502164
-10.09067337444107
-13.64089530346899
-14.958989943715103
-20.046125237268633
-18.307121230892804
-17.98456032670785
-17.743671180400973
-15.3393744796042
-19.080813733767492
-15.862354285885917
-10.687772630237031
-16.588674218236232
-15.367488839381028
-10.76336158982104
-19.06967210598927
-9.80971470645579
-21.190593584868694
-18.921388878668726
-15.899706997445014
-11.90220064476165
-20.254254999599173
-16.372433210324772
-10.811820270726818
-14.839654424297608
-20.02088371790912
-23.01976594116814
-17.41723462276242
-18.533751975999024
-26.423136361746543
-16.062442036158625
-27.314967587412145
-21.35399162468246
-4.643006006201562
-8.22751119057456
-7.121310711759845
-8.517314361240038
-14.038815029921201
-8.87758634217575
-26.99651808442774
-20.476204706550376
-9.016236618566184
-22.233525691285134
-12.483997153951094
-19.333559034980073
-22.73200469937414
-15.933724034728446
-16.277493387519208
-20.163789198443514
-23.933869948227496
-25.631318747485846
-19.212265285066565
-18.20918362091323
-16.34124801052796
-15.767904207126344
-21.01028754922483
-9.888649407881129
-1.0985204496611303
-17.536779372392626
-19.91312362097961
-19.965090813106087
-19.613784044668268
-15.590572663517323
-20.023078741476397
-12.68077158181983
-9.644352600476134
-14.937560365760202
-9.470369313449359
-8.773194439318047
-17.290194263787573
-14.10447038628153
-18.91519138447344
-19.187838164843022
-18.62548369573254
-18.47346462619236
-17.37146350616344
-18.425590950864898
-15.374510686704559
-16.664268464950492
-11.528481567916565
-17.953557338639243
-19.328088298661434
-9.329705582280802
-16.719155184331424
-13.8569964717173
-20.15076968572475
-14.78959671704402
-19.86470019634469
-17.049851777618624
-17.407008177229276
-21.483879839083045
-18.642860425737847
-18.819102270604887
-21.871517979499643
-5.907790366704364
-9.026744767991413
-17.2897458669774
-6.601493554138654
-16.881847022424775
-16.798563509331697
-16.745985263272516
-16.082455685053414
-17.276654483357078
-19.502165219660373
-9.50558566025478
-18.382242228461806
-11.03184584618295
-12.30046494556355
-14.982879985477506
-5.72106746249133
-6.716114854143591
-12.546401060879877
-20.48830281237063
-24.152039457604143
-25.14678296918755
-20.894147399274036
-19.324647573569717
-30.411053860987355
-17.75569912983561
-20.259856266423068
-17.525392126299877
-15.31169382985929
-15.09677830796417
-20.677938510163003
-11.782278781086491
-15.409962983418302
-10.005058555472617
-14.514658849861794
-11.363844892076804
-13.866758270266912
-11.342997342212074
-18.57206223633784
-12.947787873032247
-11.88845639969698
-12.498991942916255
-14.46339331444407
-14.809772323849174
-14.914066247781355
-11.44495005447845
-16.763494492373255
-9.401237330631053
-7.890474515947114
-10.356397621330103
-14.960494165658433
-20.848476115972982
-23.247781122023547
-19.567564482744984
-17.348588316127756
-14.04405942113598
-19.467746358647755
-18.353903801256827
-17.34545678606507
-1.4731594339677807
-4.821703958145234
-15.984886703865795
-13.114668783363294
-14.595056251027433
-17.608268986769584
-17.75545930819126
-22.74841569505336
-21.327539006996815
-27.705542909700732
-18.979345472519007
-18.940089864392753
-24.28518601939295
-15.97042853776098
-18.791555316458314
-15.05589760249381
-14.018485503951355
-14.162126974763877
-10.582010469367505
-13.44415261447208
-16.097514584984907
-18.097498951020334
-10.199987435261956
-8.163982266412017
-10.373954769474818
-10.306758984916526
-7.933646382366726
-15.58992986638275
-5.742408054880242
-15.260751561139134
-3.1349142405446524
-8.47896395956214
-14.244940265060363
-16.247002346499997
-17.973910852701227
-14.993045910004408
-13.908523992878155
-7.2725114451528405
-7.665869310337092
-5.562792367431422
-7.1758479727601205
-7.435345324724511
-10.290229245383497
-10.990186553909737
-13.796797066614896
-16.515189906320344
-19.32384763061769
-23.931115044916616
-25.06215520553761
-20.031563242139434
-20.411164069605483
-16.806486547167225
-21.62267642738972
-18.62695655811329
-22.07949206638845
-23.867530701666816
-18.591325274701322
-15.03520070169101
-16.033716156732133
-14.570233930854565
-23.43590102375008
-18.715044838568545
-20.51524933998402
-22.143213491322786
-18.241091452452388
-25.3890724910474
-23.92910513823822
-16.08261829166471
-15.878169429983856
-16.602082514443254
-21.426763262996573
-10.973459905708875
-9.44655775491048
-13.079062885490817
-13.64108891097301
-14.337035372726357
-14.593798772445705
-12.799852676411923
-14.560388331651872
-13.298335160474924
-13.376735844319036
-15.111868233196102
-15.682282935486707
-14.491381006707375
-13.54740521672564
-15.031279158712392
-13.882100679157002
-11.330850751464897
-12.424983229547333
-13.30139078361661
-11.238673771165148
-11.559429936174629
-15.042409460750962
-15.909611578045457
-19.82191003446998
-14.513830698832237
-15.425113259229017
-9.223108974856148
-16.330214834927407
-11.947978292970314
-16.110519750157167
-13.361408758693685
-18.28033975142015
-16.70001699159318
-17.55607928289415
-15.773293532558196
-13.765334919122925
-15.274985256650595
-10.30978510805052
-9.339526245923057
-12.095458625092144
-7.0493985889965325
-5.444897760362516
-9.366014102112896
-10.0351057691867
-11.624081018379632
-6.887317066929775
-16.9852679659787
-12.922593519849906
-14.08889776682852
-12.396044178954853
-13.423282790878375
-8.83228878270835
-13.698357786350131
-17.637303152726993
-11.363722258548782
-15.597233295475949
-19.706453358380713
-9.084250324923246
-11.33518209708978
-16.58507389635428
-14.09473693758229
-14.409403862290247
-14.603404978678366
-9.631847174449794
-8.788403399344443
-7.62353064126159
-15.446112851381919
-18.190636607615083
-12.917727130452413
-11.005123029294861
-15.667492215413068
-12.662013750880856
-2.157096392252189
-16.01390560697323
-13.958555114159985
-10.029573637979926
-11.406148354588275
-12.462891352711734
-22.477118100279533
-18.271778411182183
-6.0284971264544
-11.046589379728472
-16.67230811794423
-17.564207849343735
-16.058936687605936
-10.287032841434666
-8.520865959225414
-24.578850135147512
-16.13783645147052
-14.637216795262647
-26.04367762282277
2.272157980194693
-16.400094800315166
-17.066536053821963
-14.524268769971819
-22.694704080411295
-15.784154353442677
-21.09941390529192
-6.54303691707851
-13.016397306100087
-11.68674173348369
-16.971985460021987
-11.543906221374819
-12.045466410745927
-11.194966671007954
-22.293002961943188
-24.57333911430969
-11.291667578421507
-10.945018827304565
-16.716787668652533
-16.89511848102774
-17.106776392368364
-19.79865239986685
-12.07292198933514
-17.706506194545625
-16.970916464000794
-16.44793023231859
-17.547984891514417
-10.780119951516898
-16.750239548065366
-13.226431590814325
-20.628365910696218
-16.69983174726827
-14.131130079092717
-7.519349732878366
-14.371382874545592
-9.201873964931604
-10.7641903333542
-11.360582772561212
-10.5625674956975
-17.121547459836826
-11.253464534440464
-15.829275608224776
-12.984655928985045
-17.56501356330739
-11.454825825546221
-19.393079133351254
-18.102997796374922
-15.33484820621269
-17.857038397198984
-16.11856199584463
-19.44325444754832
-26.079780304652655
-12.52457877906276
-19.02145895631553
-19.281729416898735
-16.921124141405258
-14.896593391125286
-19.044863500065752
-16.613416720601695
-7.372978253716036
-0.07593378545198792
-12.376244519674323
-13.79532614987703
-16.909353427174004
-18.42249825803994
-16.610628920147732
-22.441081625177823
-15.697050073332449
-19.57919594891838
-20.237764137749135
-16.222835158065177
-19.910333557825904
-17.098459171797852
-18.87805631155596
-19.13552153748544
-16.025543750197542
-16.07572099481863
-15.859571074297303
-15.836827588003384
-17.210155220330627
-19.141859500803733
-12.058915484089122
-11.685912111958244
-11.624325920413444
-12.326068607280348
-19.894754334049306
-16.613876272995867
-20.80024091683809
-14.985467255705643
-12.465944568581579
-18.755236067449303
-18.30362879505016
-16.58994838325249
-11.629184774428827
-18.458148939515407
-20.35362341200858
-22.354991420718104
-20.311978458412582
-17.370350570557598
-16.581096084508367
-18.37581855470761
-23.555662001550424
-20.36734094996103
-24.165997946072594
-22.549159421099304
-22.237926474826654
-26.620391732787834
-23.606431664658743
-20.252011298265842
-15.700789706634376
-20.219191533053543
-20.46154398916728
-14.539485462999682
-17.169813937459686
-14.061392549193986
-20.573464072102773
-18.041646819848296
-17.347673386207486
-9.860989476163049
-18.537785573613853
-17.52098975218541
-16.059552194662555
-15.852475236433008
-17.93299811199196
-21.473141359157715
-19.600180411065235
-15.728839038864402
-23.432204282828536
-20.806547555556328
-23.990182536142278
-17.09745463557236
-18.376954062728924
-21.534255378376756
-17.386087048661096
-20.40507394070579
-20.220341076390866
-14.062468476705288
-19.26122375418328
-13.625432748174807
-10.264284383577559
-14.07344151934156
-12.155982320116614
-7.065652173282528
-20.11613636782261
-15.765180181729544
-19.836993264251745
-13.000177179493493
-14.609960190930193
-12.233067730165985
-12.287551598120888
-20.907365910228354
-18.497152973259766
-16.53423543902174
-20.332717678231276
-19.116320380727654
-18.379352875047736
-17.25690237172824
-19.906405669611203
-15.738768900911998
-21.016205764306278
-27.927460595817326
-23.763151974763986
-15.882012156723063
-16.395083083510006
-13.12773194420753
-23.169383412706306
-20.93972313184878
-8.370684933820996
-12.549317508713811
-13.698806142109529
-12.993611005712268
-10.075239381240172
-22.01989457932652
-16.20997136871479
-5.631682922993592
-23.02685865714804
-14.207315675860869
-15.249070272779358
-11.016505803505467
-15.953724834886494
-20.995390769518327
-20.1349771792093
-15.447881856275018
-27.875098563442187
-17.510244589038404
-17.654696130972944
-17.782832534818763
-24.807367744091085
-20.446935937967297
-13.057014483666395
-21.196880243997693
-15.979745346301929
-19.68308721855822
-18.651550554484118
-21.888682671076236
-25.036736970780076
-16.47169742057375
-21.28299836813899
-22.111328509300037
-23.730734061831058
-18.696715381262173
-22.04880123070462
-24.20889592080171
-18.036619934913567
-8.675971167515893
-17.758257630295354
-1.3057909911346375
-2.9734688500286772
-10.692289559396492
-16.659516332081008
-13.434183004777276
-17.422666837736376
-21.15159495986325
-20.413462883045188
-17.915288584911874
-19.32182372936784
-17.40298684903117
-19.583799663144465
-14.369826005483116
-26.81285795089551
-16.18173263041745
-16.42032340585289
-16.06494701569956
-20.461225816225266
-23.489567703408152
-28.283248185586846
-25.14521772252813
-20.54479395476814
-20.39046008188943
-19.661546534301962
-24.29408168108518
-18.092671797491526
-10.369696065936008
-14.091907537614087
-24.788863354958036
-19.954466891918777
-16.568327592452533
-17.50564810404594
-14.002495081791213
-13.58537615238345
-17.61274535517226
-12.898633740339664
-21.58420753501487
-16.662796700120353
-17.972936274563544
-18.811672466840776
-16.81817765403647
-18.492297011040893
-10.866491072981493
-14.949290886708823
-20.11349411800597
-21.166120941093094
-19.73254496087981
-16.418193911604956
-14.617560801300247
-19.10108643994021
-17.034249524327414
-14.477309207137678
-10.47569173725753
-11.247558448508917
-15.398105880081873
-12.582382851817858
-9.249285171893568
-16.24087771968177
-17.414719638678754
-16.327582550297286
-20.709318315402047
-10.31145296200567
-14.33225185581626
-18.909360970326812
-20.491260820858543
-22.216643365653425
-22.243054888582623
-11.973727160113175
-18.18720220100803
-15.328303963649349
-18.747685000053227
-14.473273466230275
-17.64850271792323
-13.943007201492396
-8.96604200538316
-22.051784104104357
-17.155397315886223
-20.66918981545319
-26.075491357206406
-20.28820166892195
-14.243616549558995
-15.92479863560877
-15.019266579012761
-20.325529383454597
-14.836319109335964
-18.518210114261613
-19.701652437106173
-15.297108562751646
-17.117465734475584
-16.669115429283995
-18.218232405572707
-20.33956133652017
-18.828400408800206
-25.334615845784295
-15.347017072208878
-11.81217702911503
-14.125563470546671
-18.38957686141008
-12.663948977691835
-10.651932063708092
-12.960972477887656
-8.009238912267753
-13.308131928297644
-18.34787219466457
-12.860863551223536
-15.48879660840626
-14.84121649930643
-6.805088663166744
-6.918856542285551
-20.711122755882034
-21.393816092694518
-12.231651086734885
-18.685769183507233
-15.769523613178661
-20.06977087711034
-16.60237325268904
-22.02847551311117
-22.333719427778192
-16.794704183516007
-24.94202293123265
-20.119137700718465
-17.976357440168634
-24.885381376752655
-2.829404434185302
-11.725600895479516
-13.323754239583991
-17.06239559011933
-8.84959567003838
-13.001263223553526
-11.729599804623268
-13.807211278318437
-7.46057243394802
-10.876768924187672
-4.0415883128790115
-16.106670589529774
-14.566887231114343
-18.297087849552547
-24.821235001205455
-24.087828045255577
-14.557338804579231
-12.863865513244754
-22.824910832569138
-20.157457110660925
-14.707636035199059
-12.614270034124438
-16.90762536937698
-13.790212482772773
-13.82079948451814
-9.235559575556419
-14.441647810047348
-18.69214811507992
-14.07322024120848
-16.975127543948304
-21.52689676962114
-14.615500823347167
-19.36951460392622
-13.329298967776612
-15.98827102726258
-16.537674445868895
-25.429471038895446
-17.930396978959784
-15.78682572279034
-17.638166540212982
-16.82515243793721
-17.815468301944374
-9.929259411024397
-15.083660336186977
-17.04881694788655
-26.39808888168034
-10.605244979774012
-16.970401316970662
-16.690149720220575
-17.727487898991434
-1.4090564867119513
-8.034544168452628
-12.322673330884538
-8.160723803959337
-16.549461264633656
-13.957246364288677
-15.053964386456624
-14.844248116611809
-17.66155845589974
-17.220883833890806
-20.507178659634803
-13.000731474403395
-17.946516344673338
-12.215254128736824
-17.484444550383213
-15.753579654309036
-17.941243852710265
-14.496047146560278
-17.612265115014292
-9.552639814420841
-19.33772798415721
-7.16163874058818
-13.417429399926029
-13.539268849847474
-17.665504378059158
-11.86036558943889
-11.795988863157243
-11.13638895069964
-13.139669154074872
-21.21810892271876
-16.915367615374606
-17.405654301790587
-12.558159704450485
-19.85681206337007
-20.639534391275458
-15.59297174874838
-18.275903039994496
-14.530838598565742
-19.162661159721644
-13.953627824738128
-13.916367638408467
-13.482117973302781
-2.542481541079696
-18.63008588412047
-9.321483348225561
-9.421323134444009
-12.864207937856504
-25.02688573208337
-19.798651270620127
-14.453359172155544
-14.464737314732027
-19.148333588312934
-16.701289090756852
-23.456278764928953
-22.82377092884026
-15.837795156597275
-14.26285825714205
-22.617414211585345
-25.048978892975853
-21.18942174232684
-16.677964340744026
-20.02220719460963
-25.399234437536574
-18.42692231417062
-14.655636657470893
-24.009098767611093
-22.213846784127163
-22.11521131881586
-19.946562232955888
-17.36230108709158
-24.42418588315808
-11.541124852380083
-18.288814489539988
-19.700906245116656
-17.334472455153193
-11.72523140679803
-18.053958463311666
-15.815484851692771
-11.17976870758343
-5.9950171026245815
-18.581784768012866
-19.213490004846697
-16.956467165673477
-12.146093888851174
-16.43142263328514
-18.92016352833705
-23.870334008288
-13.258235687455976
-16.648758552211447
-16.325895854905454
-12.257914035722305
-20.470454636865234
-17.957529465411238
-21.415707740089214
-21.76780859456335
-15.878181242919606
-18.991635987559384
-19.100592485086715
-5.694704218415602
-15.331693002605231
-20.71758331985913
-18.62450032383747
-9.860094142378799
-15.811803583809343
-16.13531646144749
-16.475321100068395
-12.075119723187877
-12.35950329457311
-11.44749123545526
-8.90145424169579
-15.123073493352578
-16.182438072488996
-16.71502388873808
-16.65597269206369
-16.511766544845617
-17.681086721338776
-10.696349225117075
-13.895450161306531
-20.07398629613793
-19.05358944209878
-19.838954777143414
-16.980170680941136
-16.03044800304754
-21.157489009319047
-10.119095972548767
-20.059670705500547
-13.092616670895255
-12.545828173379626
-21.845674321272536
-15.61044246588754
-20.332817067531796
-17.147257340806227
-10.223128715656399
-15.540712746318562
-26.54176395194392
-11.026182667069445
-11.497609431819317
-12.635344716671657
-13.456189846995638
-14.502994146254078
-10.434497345163031
-14.083734261641201
-17.03195650609469
-26.88972813156909
-22.051090411383907
-21.82675972406631
-16.43526014491344
-25.373876177750166
-19.047464075633343
-25.935377778461028
-19.64304734711474
-9.291025357995158
-5.4668866680728865
-12.450331619155842
-23.501690530412336
-20.588467575262257
-18.606316312479656
-19.375046623721325
-17.79499452939039
-13.691579889330526
-19.05445432755586
-13.669560978410725
-18.84268176103476
-15.1105075784487
-16.979966600943488
-20.953533561272494
-19.279317348096054
-21.167106241690515
-20.801514957787333
-18.46615319405796
-20.974996344797397
-19.54647029983694
-15.358233588819008
-9.9009803957086
-21.75068500790096
-13.544294321381777
-20.03800931743556
-9.896772766896975
-12.320488110480525
-18.34579066305754
-17.83695588936206
-19.028339078350065
-12.329371685558332
-12.329266026408817
-11.619014037497427
-15.63777698661713
-10.489890633276952
-13.236036705814184
-7.73199500359697
-26.12455807546303
-21.451047373056948
-23.05680513277084
-19.609449593945282
-15.567100102695726
-13.889073347212394
-9.214935550762451
-12.679824177761665
-11.316631380489294
-14.323139300554464
-15.901145096584317
-1.348314602597874
-5.333704516156294
-13.372787023362084
-1.5904098007046814
-0.9572170439644019
1.1437673786765847
-2.889595140252131
-5.081043684343471
-4.127301924460754
-2.081743290275349
-1.2735094303365635
-18.31323510595545
-11.007441373228255
-5.72269614195551
-11.116824773782012
-7.800024339145976
-14.691926974063843
-16.576560707112517
-15.989431061664229
-18.659231646225805
-16.73389984526553
-18.901461392409956
-19.38060826846541
-23.172671181963665
-21.736902654214557
-20.23155442133289
-20.565880993321702
-20.811957901678586
-24.203639671927963
-4.726900211742372
-11.16090680304294
-11.700485604608213
-16.641716852474495
-23.776203304441154
-21.429552495780513
-25.397124799750756
-20.377248812237116
-15.920086432619787
-4.954562155563629
-3.400359770787468
-4.345998867029322
-0.6073549329150247
-1.2013989870742248
-3.3854947692386155
-5.488062926787769
-0.9705503760867873
-1.1113996606712364
-3.799852700950284
-4.629515940906366
-4.966360494536511
-14.406552491791214
-16.168632293648393
-3.896233529881659
-2.464898396978578
-5.198328282187512
-3.4962874615505073
-2.9076470268387227
-4.31705023397525
-3.505930235543619
-3.5339754769979166
-12.608905525399651
-16.05520530169697
-16.92079537308105
-17.895421050069473
-3.184441993438981
-3.8267409283950364
-4.928931591737167
-5.153977922254312
-1.9565355300576721
-8.937346473754614
-3.315136096138901
-5.914609046351969
-4.534609772042553
-19.47868561765185
-16.552041107219274
-22.35872817149286
-20.64236619478077
-16.048561076834044
-21.067802197058395
-17.731247826486417
-25.99373294690735
-16.43598507610381
-15.06597361905278
-20.754602192234774
-15.210853253609741
-14.017376605243776
-13.236879383924293
-21.995368261381902
-16.347492113511656
-21.65984379942861
-18.055226219167935
-20.40967208520156
-23.33205447989242
-15.606911902407777
-10.324142182224248
-16.568678351448437
-19.97926615428569
-13.676128348973617
-16.920962264293333
-18.94503663708429
-25.22010249739559
-25.12066318236301
-15.379688736111866
-17.26174257266653
-8.501876100648948
-20.629055383846218
-22.286554131680496
-20.395291888168355
-17.98541511666986
-24.62744308378864
-18.449635432778557
-13.675162446201263
-25.07095588323889
-19.04536765126997
-12.470719684656014
-13.937090018541115
-18.9798425613673
-21.111240733136718
-25.939783516853623
-22.915033424468813
-23.428349115150386
-23.67118656208201
-17.674400779222104
-14.693960196072068
-14.636791451378897
-14.16342211595227
-8.618864280842132
-18.213316050764174
-17.89688327804577
-19.216968263122777
-22.32466841387297
-9.588623408073882
-10.95532627095281
-6.691142200367021
-18.354434112055404
-18.068082793286184
-9.210671638454766
-15.602720047732255
-18.19279487342098
-14.835754314558667
-10.777635568226206
-15.519895182315375
-11.971880962493763
-8.764676977129376
-12.615607735618957
-25.986484734723586
-12.553939684732068
-12.70148525079011
-12.774625303914528
-14.277237722033659
-16.091098068515624
-14.304518291342534
-8.502337634886693
-18.667557329193578
-10.601973116774834
-11.297031905777363
-19.91850012721077
-10.104781987376976
-19.11502431059006
-12.375752460844376
-10.516794388677958
-14.373216513347515
-17.088621321036044
-25.365278378573137
-22.396711014811373
-24.834105230678073
-16.22215333876866
-10.555007738127046
-18.565674877551345
-2.3530963827750773
-12.045605185156408
-12.531000579681757
-16.54464495676468
-18.731071783674818
-19.546878659837425
-17.31177340680037
-6.505177640939577
-14.406777206120761
-24.54864170810327
-16.614408099271806
-6.777130145322871
-8.75053571677299
-18.572614039696447
-21.213884387329006
-20.554053124472635
-23.367727638960744
-21.980258066321248
-15.207999955396826
-19.036024748165087
-20.480650792989177
-17.88827877351674
-19.66738297627748
-20.10743052468756
-18.964385624394975
-17.3223280559195
-17.05605054775127
-16.593990797705843
-18.95006650527243
-15.491756259000155
-19.86351158106815
-23.534434679020876
-21.24068928245061
-20.777520642334636
-24.81008539655965
-18.039396815079726
-21.490646532722845
-24.73874449918607
-25.368646470191894
-21.050825939208423
-10.462718321553968
-11.120480715083916
-8.540119414614864
-16.105070688947613
-8.613585390234007
-11.712669726303721
-10.004726413876908
-10.97261511825588
-15.130237109969258
-17.642178138285285
-21.6647512275816
-17.32137883353887
-22.30489899150003
-24.181441783305186
-17.316999760869656
-20.120622562384085
-17.16626660821693
-20.061337600398808
-23.007826252711123
-15.056978945617306
-19.32951403631082
-21.157327100104183
-8.563586419620709
-18.892283521616964
-0.06550790203869994
-11.902624281045481
-13.781001352452822
-11.99615736675593
-15.447113312385921
-11.659725980269261
-18.82575487142096
-24.366702513005635
-18.660290171083034
-23.591124107482802
-17.30502576825276
-20.307206172540464
-20.825825908230264
-16.32816594934589
-24.37951392134921
-20.58883961279996
-10.572643207239697
-17.784002817931288
-16.521121876516165
-18.367772010318873
-13.419978617775547
-27.662410306934095
-14.058343003408119
-14.58088638449063
-19.59575458142741
-15.388317388293803
-10.458319773059532
-18.581302250300453
-19.47315327852659
-15.876194535683421
-15.37811006531646
-17.819704384121234
-24.81102363631509
-12.618886248103783
-15.312090149038173
-13.027830432224102
-11.200866341223108
-17.362525516830296
-12.991297320153244
-15.31135554573753
-10.864042311168202
-2.818055874627022
-20.906121448729095
-23.179569356757394
-27.371784145389366
-29.14262820313306
-18.84026215759704
-18.196038218977563
-18.46342751409734
-20.41831391136373
-20.234044386383374
-17.629608865671006
-19.173969234262632
-14.25283296319543
-19.420503727793125
-21.563036019959362
-16.085997620394828
-22.119669858910967
-27.450009144707856
-22.689603106563904
-20.092215049736843
-20.094379768372942
-15.460085519652862
-10.017247487986687
-8.093798128522092
-15.508131449833627
-13.719195274868792
-21.031863479381975
-13.442999936869365
-8.86402992115155
-4.97840473732398
-14.983469195051617
-12.565991103163377
-7.043866935621158
-18.624650082640272
-20.329777435549904
-16.516169731584494
-13.352448796748781
-18.491588506547746
-11.873061184651132
-15.211753883707624
-14.553711845842342
-16.17382516354678
-10.69787731166834
-13.542339085767225
-17.68299576759948
-13.505651127045882
-18.346376842950463
-18.5861968017701
-16.396195013988095
-15.345410725958347
-13.458551128359707
-10.007556369461472
-15.231220189721729
-20.19524880972171
-19.959831650553458
-15.513571322093407
-21.250426736443863
-19.79604402920934
-14.921599340450225
-7.642144826251782
-10.468177990112721
-12.202576916325095
-8.6056051519861
-11.387761838594743
-15.965977306384575
-9.941617190769366
-7.14048576295978
-14.074310635606473
-18.388861303172412
-19.48765829079305
-18.391711381781327
-11.130389052180028
-19.161109702453697
-17.7663048811361
-17.09416879591882
-18.271304734525472
-19.18782240753346
-20.204558815882436
-18.93150761397885
-20.543232534565067
-20.86332661806236
-15.543433218272869
-23.38934271324892
-17.53447312413074
-14.762092544542257
-16.459824226414685
-20.01957579723908
-28.21159403721704
-22.43015127744628
-24.629306336910975
-13.143325808712753
-20.117247574433712
-17.08572882658664
-18.23876880594677
-21.506326945916545
-8.210870782229508
-13.68449690749384
-20.062630012376054
-24.583463280723326
-17.482309002377875
-20.753012378033308
-17.092574684684497
-17.306064016670813
-21.979654411285537
-20.98387337872042
-18.91870427895174
-11.269058001672443
-20.880034686012408
-18.524486460575005
-19.63509085227499
-21.09248608341221
-21.0443812084689
-18.48410755058407
-13.315702106078536
-17.64660112757001
-17.85950735763036
-11.365264222431522
-16.656507613425404
-19.225522985468267
-17.10470161160371
-20.092337919711316
-16.754069366245716
-18.036685878198167
-15.800113821035676
-20.21336605555696
-13.916246661564676
-13.673439834974399
-23.490278462220893
-21.081996008704902
-18.625577832019903
-17.375437118561724
-15.166897043506603
-20.079039560816526
-20.127518218248113
-23.454564119716327
-16.306331748354925
-18.473740796615843
-18.842899162397874
-20.087734880969197
-16.882252359913846
-19.20204697771166
-16.98786689036619
-14.992920392872168
-19.388728605613732
-19.855254619758323
-22.31397690559886
-19.02937239952982
-24.21998081337252
-20.70131896890777
-27.120406258518138
-22.1146659642764
-24.438366765636594
-17.716584870968884
-16.399084884550483
-15.347605632286623
-19.04637586571229
-13.028252566104324
-11.719003422919641
-10.767526054433546
-15.655011056184621
-16.374401584275926
-13.332861704165772
-19.56480635414365
-13.67980294018623
-16.827416194950125
-26.068772915755076
-25.389799833660465
-26.15719180525336
-16.37189377120145
-19.888474394107217
-16.830878706893795
-15.610718615373742
-17.201744057781358
-20.230331331040645
-18.03606828863238
-15.358009665374693
-14.976074236412142
-9.60251533464641
-15.962545627307668
-12.796935786946689
-10.977589997078098
-19.714245428793504
-2.235194175144033
-13.158148603762461
-10.038136082163408
-11.590821972091176
-15.741116148420058
-12.31578017983941
-11.574870446233446
-18.84003286595765
-19.63742490055777
-21.24333162436974
-22.781204614080217
-16.810674673940305
-8.296475805178131
-18.71315872782674
-19.2217274581902
-25.396546773155706
-6.388977552544395
2.4256504694725294
-13.986339324580268
-10.171051324582196
-17.129026007168573
-14.291282174773736
-11.31941815343719
-10.284606634624534
-14.876313397914036
-21.75741639917139
-19.699360800712043
-18.085963863430162
-21.197207824006114
-12.325078764926626
-16.74673869914701
-10.12675181266036
-10.387129999814523
-17.17335451212982
-15.858378601519561
-9.549315300367747
-5.674834223091267
-6.039851028290098
-6.379316326321951
-15.779177732537919
-15.137198827409033
-18.791255216445606
-16.25591110761188
-15.875340476958758
-11.583866802360106
-12.353472212611996
-15.598087670037746
-15.143116924169929
-14.202287458451844
-16.51732052310051
-13.18893383104501
-10.064464016120024
-18.402801237287758
-12.199935525915965
-15.08901329521485
-15.993838051538212
-16.536621373094366
-21.911416267055234
-19.1518291650202
-11.956742142794639
-17.04309674588083
-18.312465035346698
-8.612991257748131
-15.422095147059574
-5.610557138578054
-22.05812860027711
-17.179998370814204
-11.964028966617802
-21.930758815894166
-13.515865238027668
-22.24274354523049
-25.89892801015208
-4.732770164828091
-24.57771708550742
-17.695137633169512
-19.979601334905716
-18.594356067178268
-10.38112507146741
-18.77956618339513
-12.415476009780324
-19.23930016517483
-18.67695885215935
-26.694540847813194
-26.761443954040267
-25.424549838369963
-16.306844749679318
-21.539295928878275
-15.68240782523702
-17.470086466012184
-7.017110369209918
-16.21983733055429
-14.194781939493174
-18.87915849293637
-25.25958522386581
-16.11327271860352
-18.153488728411396
-17.165353064884798
-18.301210615978484
-20.410635631586302
-16.38428891521599
-14.571129376740048
-17.125840778398484
-14.785230079174669
-19.664628722662737
-17.309977766106392
-14.17993745435507
-14.262862482651792
-19.04954789723525
-17.685250687193932
-16.951832857808753
-9.024486035610781
-18.703266210621337
-11.970164839346786
-12.117427478229619
-12.214523242877807
-13.668375441504708
-9.160620458984898
-16.081091225349546
-9.852464050884803
-8.039865549848024
-10.487755395887014
-15.65560953219406
-15.954317620096663
-13.254182157586145
-10.096386106544
-15.119944640947432
-12.107010409909662
-19.619791374017545
-17.713116397010452
-19.044924992794094
-17.292894646141367
-19.54689631269413
-15.979377328962926
-14.56724708425793
-20.703778857842053
-26.108886763840225
-17.035218881605452
-19.303460604172773
-18.85817830883336
-25.113121715136185
-19.336618189084877
-20.85171303763022
-24.098631365718198
-16.934907133586098
-19.644047873164727
-20.76582671358738
-19.21411977519405
-20.89355153442531
-20.267315999833286
-21.311173041692456
-11.533120688973987
-10.091445455754357
-15.21746867429495
-14.408877798735801
-16.805376321159244
-23.219257504517344
-21.248589979905073
-26.776167915865667
-16.621774393187497
-17.250662032279887
-13.918559267748906
-16.81798857740211
-7.820056057507427
-13.890490011300065
-17.69972724221578
-24.921887259718442
-15.911739167449316
-16.78865614177923
-18.77629117557408
-23.587135482116913
-20.52012093705138
-18.9284058125748
-24.573717498341022
-22.4515065989388
-27.7320914282536
-26.37039517053493
-21.461185396449714
-24.08935671784182
-23.411102065560215
-23.67750294547439
-19.55343301986261
-20.315987834885544
-20.670996109412062
-6.25109414102791
-7.278198572727042
-7.9166273236384
-20.774117408000844
-18.84700479602942
-15.571346730733254
-16.60978015510583
-17.90088400870996
-20.35177831234803
-19.306980587177353
-13.791772287264905
-18.389186897217733
-18.255230625423756
-20.974891972810312
-20.24202605259147
-20.152361636248695
-19.676087736020126
-18.969284588332503
-15.76261149436288
-19.089999003955334
-18.560542020945427
-15.966704278730665
-18.657289427536185
-18.688934715726795
-21.130331242387435
-19.79300768284639
-17.199252966775617
-17.765529770270152
-20.812924170060775
-16.5593599232398
-14.746558641373857
-17.700478267923167
-18.22149933376319
-17.821655287132955
-19.7310340214947
-14.802938767400507
-12.178436398861413
-21.235005545510763
-17.831268889608324
-22.770115289130512
-19.039963940644142
-12.588120155687927
-20.15771245000937
-14.612143820308454
-22.95754832532993
-20.196886561357417
-19.0723617007523
-18.689317271294357
-16.949262012990122
-18.676180843614315
-10.427045453218062
-18.15131359897507
-20.941847885305897
-19.88313801795392
-18.047761504397698
-16.30760267449484
-17.41304233785051
-19.24964121966897
-17.399396616411067
-15.821055176285384
-10.59837737373597
-16.06712932761934
-18.8702435187744
-18.73711906617065
-21.755909247473767
-18.59673160772623
-17.072425637018554
-18.52883315647877
-20.519859347316313
-19.44182506965823
-22.87955547681786
-19.193257335616916
-16.57054099572293
-20.65876656615871
-21.154641566613194
-22.24578271384018
-21.796584015605912
-21.763379779082587
-17.937549885284238
-12.89419834839575
-16.75450234480295
-18.744338219952027
-17.84844184892354
-17.878238917299804
-17.338128465071016
-14.81895204775657
-21.171106745846906
-18.61874542421332
-20.705814751255012
-14.064531653056704
-8.736108217189495
-9.754429847086646
-22.983088516688756
-21.969983262499923
-8.263596997493575
-8.64092423637253
-13.116822237293324
-17.528626846679558
-13.862723496139338
-17.868704679937697
-14.095223268617485
-11.01989111146037
-18.802497721373015
-15.7407248680608
-18.16396304754837
-16.10497816843475
-17.618064359622974
-17.15852205735719
-9.22291814874957
-14.72741978896729
-16.597363490823383
-13.209676300421114
-12.689380105674807
-14.668306988648352
-11.0851515950845
-13.552499020088948
-12.398271624016424
-12.827040203919879
-15.485925154930651
-19.56675796075922
-19.016441720911416
-18.355435605973042
-17.316033989849334
-18.46735169649631
-17.514778410744444
-13.887541022854766
-13.367572516814018
-19.7317795270938
-21.954201329368882
-21.96771772152201
-20.27367425368952
-11.678713517663638
-17.75154699946794
-14.497268399886616
-12.86373340009467
-12.30490004272615
-10.779673377968994
-12.215945100113755
-11.01106008353375
-16.374784690201018
3.080942494004111
-1.4423522017552883
-17.368929798861686
-16.80433254447693
-18.41197679792211
-17.81304465139025
-17.585076321461486
-26.84409438817896
-20.086249163511862
-19.824446518361505
-18.623711041121968
-14.412198528819138
-15.306802811231986
-10.231137701338618
-18.721328132837836
-17.869489354907042
-18.07079618825358
-18.99862196691069
-16.759278351474105
-20.20247355203783
-15.492397997694589
-23.657766556220047
-22.28327604811201
-18.14561909822659
-19.604383731353252
-17.586878870086053
-17.52644896659014
-20.660903091217307
-23.096937993049735
-21.5995970122377
-21.31799058102362
-20.202738402101392
-17.493477648614245
-20.330010825428428
-17.09221855500173
-19.622036379502788
-10.761615227854065
-8.24356481797
-29.995261032139947
-14.439513653801464
-5.235068952322938
-5.533158918229492
-17.76594329747207
-11.840639677837569
-10.74666324401946
-15.858545273120177
-9.04367440020761
-10.01890054160747
-11.881782356459999
-12.31235741029197
-13.047804876917795
-20.86179771290443
-20.039248274811474
-19.146811582787915
-16.222612715594682
-13.55189779364023
-15.346929876178645
-12.87325159298508
-19.759470332000365
-11.341561651726224
-12.011748675651488
-13.233400675877219
-20.915329377058786
-13.974217821999387
-7.557089735090276
-13.83785438185291
-20.57654274339389
-19.91133955908484
-18.075011436634828
-20.27338855617462
-22.277294271636354
-19.457898035733876
-22.458738624872
-13.43867209374854
-14.388641720013078
-9.14782646400981
-16.002756032922132
-13.287412006483802
-12.329640953853394
-12.772613213393436
-8.198225452347122
-12.05304984495225
-21.417296042531817
-15.836101150107028
-13.244678773022137
-12.624650178417635
-16.278189567379
-10.491252588618492
-5.143548272944782
-4.672419482517657
-21.52315551964274
-10.638048700797395
-18.62146447911688
-20.490954323769884
-13.552742066647504
-23.09307213283633
-14.23654581645028
-11.584723678618625
-14.838571361398941
-10.786709607423804
-16.633394590589965
-12.835660076404412
-14.571218501915105
-12.266602009107142
-17.71589089432955
-12.483764714983707
-5.610423687611417
-22.554552752917683
-13.134816939471117
-20.654808061285244
-14.751776470070018
-18.756414756993
-16.95945564685185
-12.858601887115324
-10.930084641540196
-15.06306201622828
-13.916046171985105
-17.412203613510513
-16.03092259925578
-17.36222984961727
-12.709369544413038
-18.34715697369995
-21.144972806502214
-9.732882067197936
-9.761239551949538
-9.643371304141493
-2.0238141306309294
2.241905153874445
-4.189471766742718
-23.64732984783159
-24.64786004896659
-15.909485694643216
-21.21696349965091
-12.345070023313951
-12.626654558016394
-13.07825452810733
-9.104904843786427
-16.830880341601258
-20.15119824684954
-17.217852778920463
-18.716047891356705
-9.32016711324837
-18.442213672825382
-17.799177592826503
-15.673465283490692
-14.330360203715344
-14.303224463787435
-15.812293242303362
-15.90428884681824
-10.344148380641665
-9.251851730914481
-12.631751762479855
-16.272996032060526
-12.278031791042403
-13.85541539438809
-14.998068464934493
-17.600859883901094
-8.374568641290853
-7.62772938255776
-16.066322574448527
-15.205131534430446
-8.276453053480296
-9.93368553056621
-9.139480459294774
-14.253757480424545
-17.54979804095305
-9.753747677201302
-13.461835951073954
-12.456983288786162
-14.180150759796465
-20.695364749023263
-6.836844748871582
-18.40213013599894
-16.29954939567052
-10.978401264197458
-13.796369363066924
-12.358943018975314
-14.332575897636513
-16.455072266356524
-18.712057841213763
-13.868817611687671
-16.335453980341043
-14.544749927784965
-10.639978114730848
-9.308282376958871
-16.462402596951858
-15.05204990281828
-15.056258990458264
-12.845771051947183
-17.36396417173597
-16.987611349907116
-10.042155306311827
-14.980296448457821
-14.461257320038062
-12.323500662130053
-9.68259256179498
-12.553054197305226
-14.849356065089252
-7.972039780896131
-14.403587489689828
-11.87163347037654
-6.755356190190838
-16.171301520860503
-11.90484095919281
-18.05242922361276
-14.899408792226312
-13.015625870249535
-14.135841474375987
-15.054989932750553
-14.095511738992892
-15.499837008764802
-13.94014062266485
-15.720904607449992
-14.427772177276848
-16.180604932283128
-20.25639539861243
-12.77964338028449
-19.61501039887197
-12.300510670527238
-12.08582745330806
-15.743376707512898
-13.46436624820337
-10.33573471677927
-12.696425539614825
-10.3459570837411
-13.473566768425421
-7.557787605168908
-15.48482422381997
-17.255182490409563
-11.762000690655523
-12.226791331235027
-14.921590737054363
-10.490835449274982
-8.543950912899696
-13.599993049335414
-6.110950890536059
-4.2202079910732255
-5.103847454199649
-18.741897361984496
-17.940973959601617
-13.14858378965713
-13.05350526568021
-16.015532975589487
-13.967187191858379
-12.219767444413428
-15.643457428979461
-15.642955676420726
-16.11991576748438
-11.570777488595542
-17.490536156351226
-9.585346045424668
-20.03063221752011
-16.61310691486698
-14.266671262088323
-10.751674832409412
-17.89755716764492
-16.20206702335235
-9.34039846650162
-15.846642800993115
-14.564340048908845
-16.6602201142713
-10.333569918636844
-11.631617078315246
-6.93067132216377
-1.550557213486285
-3.9405362015705534
-3.5867642882190727
-6.82357987993442
-4.678368687557914
-3.3753223869242808
-2.928070323217288
-3.7922314436608358
-12.488590657502092
3.0252647436820626
-5.671165456852029
0.9002831161401996
-9.090279405306156
-0.9334281108363802
-10.968037117335534
-5.0315187965265
0.6160676859572547
-12.818631717651737
-14.614255907336656
-15.637521945303078
1.1833831363994474
-8.124823484404885
-6.251568334988848
-5.733048082378227
-5.248420674243365
-14.385772726138107
-13.456124614259267
-13.590386105111998
-14.400556696006046
-13.80474542044514
-12.198509776525327
-11.347613788957943
-11.625987903380079
-14.098475822392363
-11.92630743731662
-14.042508158883235
-17.591889999342555
-15.863746972801682
-14.616617965071132
-9.92089871425777
-17.202522632760186
-14.75635678015571
-17.04198903139158
-15.878562683340942
-19.53228340682355
-9.693374009474581
-18.540875003807095
-14.888280196588344
-14.317756607526908
-15.900809238845982
-16.903227428323987
-12.15008561443257
-15.622450185922334
-13.872989561701718
-14.757625714048318
-16.65119833289899
-13.178860012067204
-13.73779133766034
-11.963148912231453
-12.758999861469292
-8.67243460285438
-11.232703459018667
-15.676753799983759
-15.069942655807399
-15.677426417229453
-14.792619705682284
-15.079651588676958
-5.2837887220176905
-8.202816185287736
-17.35247564458411
-9.187500798684368
-14.298021959023718
-12.680399248033932
-18.23366460295206
-7.117984852502815
-11.182407695235819
-7.445056169930642
-15.11739516502963
-20.0883963967765
-13.870749491666365
-17.739553931524334
-15.747543508983593
-16.32191093432371
-16.687721590976704
-17.365169722714786
-18.049250257506703
-15.253871749980563
-13.289833606212687
-12.970295370515665
-14.036379846196755
-12.296847902938822
-16.07595128641917
-18.193553987187663
-13.417870228370905
-10.749084049500324
-12.725400062969921
-16.515169522191016
-14.362908433225712
-15.982613805586578
-18.094117727279446
-18.705406975754858
-7.39735546428565
-11.520838810114526
-12.734963169426852
-16.33546597119352
-16.99784684447417
-12.371410424262635
-14.745349085312181
-10.20632275480859
-10.81808296403443
-14.336144120328912
-11.982064029440487
-13.775484421844785
-14.983392313128707
-13.690716279812133
-11.87162611377015
-11.758929640412891
-17.08101448465123
-17.734763542860826
-11.863640358503854
-18.294486445834274
-12.95533605173599
-12.994846382680857
-14.052911101811766
-14.326201167591924
4.277609830430904
2.0034868347174335
-6.325845943735379
-1.9764043349025817
-19.878488718927322
-14.69005946310805
-8.756512337505088
-5.987187457995294
-13.795415550277312
-16.667332207115617
-14.523384854015625
-16.799773294920936
-15.20236875057782
-15.887508919587358
-14.502409450331822
-14.861949683812329
-17.125659595437604
-16.487782179218346
-7.852656266394689
-16.378851687861705
-14.420032651271933
-10.629831392428926
-14.650184043805464
-16.030227920030672
-17.362239640962688
-13.524520332857483
-12.76510973989313
-13.66642871306514
-18.62021877500325
-14.282481186932756
-13.148911523916098
-6.431482757132273
-16.794163631404395
-12.835654871863253
-14.898491636000752
-12.209152007098826
-14.197361164715304
-14.24493073661245
-18.013393310723558
-16.103320591689414
-8.083802965799649
-7.09646428072447
-6.302547492726612
-7.357395776294002
-15.013736786747383
-13.372046562647053
-13.303325995700778
-14.246430131747001
-12.31728253286243
-17.63694453889832
-12.99891514379466
-15.207428629327003
-18.827761882421296
-16.254115815035668
-13.29780636869536
-16.349555412766673
-11.552400582723276
-14.974966914688775
-10.332157489571564
-12.264838121101034
-10.465878940314354
-8.512898434018641
-8.294486415269375
-17.749310085741914
-7.614671953748835
-13.961275683765033
-9.521006097036729
-8.658817003997502
-13.284719109758477
-9.924095950984787
-6.25990126124398
-10.460108903650292
-14.443916889045042
-11.160627803459207
-16.967678517180786
-12.142225511870402
-26.73940933541904
-12.089911446841679
-20.772918907594864
-23.960754886390113
-21.452852922964635
-17.025013335419413
-17.960571897486645
-14.985004816483174
-13.453510941048638
-18.986377777723952
-14.983684338371692
-14.527801992481312
-17.214591481749753
-14.598457193417385
-18.34815033549794
-17.498537917408157
-13.927556312649065
-14.165890395649983
-21.19871464511609
-17.74028923908906
-20.553745411516505
-13.770282887784274
-9.57862286509419
-15.117574407122792
-19.150105428082323
-17.189684210674844
-16.59438743350938
-17.51679763929269
-13.133470441760917
-15.05693585338811
-19.46566225324055
-12.394621926956047
-19.083588062093387
-15.367334459009362
-13.486885470172217
-14.24997141053987
-14.019770768245488
-14.4172650852553
-16.6172733270403
-12.321399298986748
-15.966137479799269
-13.98671741915345
-10.905731982552838
-19.856362018587596
-16.242829592169805
-22.573037139574712
-24.065928559420836
-16.486925540630292
-10.796207465553714
-17.16655272949923
-14.318234574846985
-15.982197558738742
-14.230069169125425
-17.588800841833525
-11.972789480885528
-15.645581282332328
-13.270325464070728
-16.627737211509945
-10.683737516336866
-14.50915361816627
-14.400480023916598
-9.219674361063445
-11.108390277265617
-6.7978623387344985
-12.020731363019891
-10.452996017812861
-6.6441000297691595
-9.474387151483059
-7.407379100910749
-18.830586272327007
-8.595065871992356
-19.829387922974814
-12.460343506403383
-9.435698445808427
-12.828337560780492
-10.528670158702415
-5.873384433979673
-10.334307391008503
-12.37894471265063
-16.00881822803456
-11.413146175104412
-17.65232930473978
-16.402331581092003
-13.182878305978052
-18.950919803386675
-10.515256832670184
-20.581119262539296
-16.811389730862494
-14.391556539137694
-18.28395876880546
-18.010896842220408
-13.089793018205151
-17.155203251634667
-20.940960978174186
-18.281262748347032
-21.10921815582519
-16.66081815337578
-22.17432594523237
-14.113885048541462
-9.478769897527904
-16.324224203982954
-19.71464372756192
-16.858734681260376
-21.386943625155492
-17.781653294532845
-15.8522254863148
-20.56708720657686
-17.434548477760114
-16.748413118583873
-21.481360742067338
-26.81340628259473
-19.602298605762858
-21.38172458440803
-24.398238998151605
-21.55276244734411
-17.960174362414723
-22.322987037626866
-19.65581610353352
-28.162848348535558
-26.071852043191075
-18.6969805207541
-18.937487067747917
-21.314960419514797
-17.61905938131017
-15.995831231043981
-17.48074479710322
-15.63093098810727
-23.486710908730593
-17.37375842312751
-21.96031907095705
-18.712199189038873
-16.08056435668612
-19.507633093703795
-19.92374714586864
-27.279536956175036
-21.03082267576839
-21.600124962970906
-22.029657789918687
-19.666144531129603
-21.410878463683986
-17.95307613451009
-16.38968186991349
-19.96612016941713
-20.66759250523179
-18.839041955996585
-18.13800309870253
-20.419319793523858
-19.854886580390374
-23.65578453893713
-7.4385042272860655
-2.4974995496449344
-6.196081952849841
-4.422862623127453
-14.258417492849224
-14.8564385102862
-15.628234873525212
-12.58957696684418
-16.605974526925902
-15.341506741304961
-19.6285749819325
-8.327434882370257
-9.874528818553893
-15.854735592979287
-15.215941182988956
-18.306357286429158
-13.067518334453691
-4.228072047284135
-12.378886122661953
-7.9291732340553605
-8.76837591468916
-18.02804010476645
-8.271897435060348
-9.583070277647703
-6.057765923109487
-11.8522384853398
-17.497585731280893
-19.752203777525885
-23.365745141370756
-16.679005127161897
-13.435392317543418
-10.831689004376862
-6.981186773623584
-14.790681979692334
-9.452586912796681
-9.269747275404509
-12.654323448149123
-12.545910644635608
-11.539355728671513
-8.358224702911299
-12.528894274088515
-15.833664460874374
-12.232596964151352
-13.7879077977389
-21.004177035968798
-22.223545762014947
-15.216639477630261
-11.470830347696005
-11.298697354381705
-12.309842347340924
-15.006485816846881
-14.641160785631408
-10.894993863744604
-8.901987418178264
-18.349413912454086
-10.880614565729942
-16.81624524658029
-19.446691157812282
-21.078625478395075
-17.176451022651364
-15.731396477696293
-17.97654432810455
-13.017767106983227
-10.227662209434422
-19.05982210113951
-5.097840876265788
-8.206033455872564
-16.17983708900919
-17.528607475409046
-10.319120072844948
-9.953312244196873
-14.429514943587352
-14.522733285612231
-12.291357570250414
-14.2072239356405
-15.096676704223425
-16.758984655201818
-14.790752929630848
-7.956194741949761
-11.900844969674635
-14.753985057990613
-11.486818268847284
-13.599415937796486
-12.976992028781721
-14.785514404106841
-11.681069696523428
-9.17618036131452
-11.308850952137432
-10.292600613381406
-10.656497915611062
-8.257794609156983
-10.023392105221681
-16.24778250695408
-7.874190557976473
-20.437288868203073
-21.516082944229478
-17.737389833682236
-16.323467978672433
-21.47977058641814
-17.71122786700777
-17.518935447987833
-20.093425515763926
-28.52521060785105
-19.208646178821752
-19.3301671656681
-24.244594149454983
-10.008265815127809
-9.4883321929366
-6.203978716105823
-13.952449933261644
-13.369613125251407
-12.293597100517466
-13.74052252512752
-16.52164451510388
-10.529812006920075
-13.871513513857192
-16.064272527296723
-15.036543392025282
-16.704759661447117
-15.077235205594677
-13.264124319066468
-9.931365283561561
-13.41154285987679
-14.841219275996727
-7.113415944432616
-6.745506567492447
-7.164386640116312
-6.004678772545947
-7.333198096236483
-11.094819464709555
-13.82688563484179
-7.619156631397635
-21.009447231350084
-16.29251475437301
-18.424158197377643
-19.882662251722223
-16.537784201301427
-11.699850930895925
-13.145741941823998
-13.07047448446837
-17.663354254613996
-12.922668186625446
-15.607242443678455
-16.62813647820367
-18.920986511677086
-15.77733621738044
-13.193909326886192
-12.726839684898021
-14.308048097465456
-12.954831138979593
-14.976097696190187
-10.287220529375315
-14.483764368701195
-12.14728364172825
-11.754188463712175
-13.427615638950336
-10.120084291085465
-14.97624553535992
-12.340565985989581
-15.76142109033206
-15.132723620471996
-13.661651672725275
-12.985228592797178
-14.315346288318949
-8.8023129836141
-8.723385988261471
-13.620077992153536
-15.285911966048545
-15.40112239260493
-17.22647404310124
-13.791241016027353
-12.06044699232885
-14.141832728702528
-17.760445356793387
-1.2118585366157393
-13.614634416250073
-16.02745434233474
-8.906370676036014
-7.212034863178489
-9.075160525324087
-18.07545525851469
-11.15164924831667
-9.745639949458493
-15.61093958227327
-19.37406698489695
-11.576922418683019
-14.481563894873261
-11.298398722572747
-18.954715990946045
-18.92585010041928
-20.459908603257382
-10.91661857363891
-5.719023835034938
-16.55562819481592
-17.537299783507574
-19.03696358160273
-12.465480688519047
-15.448981227181571
-14.41723920487903
-16.165808239140638
-18.79246256386255
-15.30886935048386
-16.041492843412605
-15.116154310452075
-13.696668194000353
-15.597246363802807
-15.572458955321926
-8.550251326444467
-14.851443846944136
-15.213696363351506
-17.12356070748053
-18.1821289966861
-15.161675541678829
-16.581727751020004
-13.484392534119321
-18.166854654653655
-11.460947063987527
-9.877384514643593
-12.931141836597455
-12.749951179870049
-13.858191571376329
-15.94140091407455
-17.579693727741486
-12.891408330026014
-18.671183927527455
-19.762724820187945
-17.811906784162783
-17.048289279011563
-16.866008723678966
-19.9087934947651
-21.167101225042813
-20.003845206119696
-18.198910834824588
-19.333332265602476
-21.093087787591113
-19.699057115070634
-27.524089799669188
-19.460254669610705
-21.059153170270648
-15.169411262088369
-18.24966185147983
-17.924885559510514
-14.785675692633507
-13.878041227864072
-14.555372753329298
-23.240148319196113
-12.487735217643786
-16.87580173117124
-13.61166231152259
-14.973954902350183
-15.620907931968807
-13.798002191336955
-12.793551027858301
-17.65602402030429
-11.264873572512244
-7.338455532446879
-17.172124501691915
-6.460133915977968
-7.460052845953521
-16.240141523057364
-7.99972341927014
-6.012843660814294
-5.2766979800377625
-8.290814923995708
-8.201279464064232
-5.242042285188555
-9.225139087828607
-7.205717593809755
-12.700507686808205
-2.50957174526107
0.9815379120630574
-2.9442238778505456
-22.50933542548725
-17.170532797099753
-14.420933599822444
-20.059757773320204
-25.127784055708762
-17.01854226061279
-22.02823981252842
-12.89897412119187
-13.257026780973204
-14.72196282104859
-16.24090123608382
-13.549370166385717
-9.750420540957707
-11.520697557336359
-16.63626066798265
-11.018710700124528
-10.606191758046291
-19.16580782790919
-18.666110746599898
-20.523064359922298
-18.026583687523942
-12.092562943886918
-11.313188982130889
-14.708257368938346
-20.980156112652857
-17.37969804715244
-17.449872914603137
-23.23972679919492
-20.322535278465875
-18.623239905915916
-17.521770204252977
-18.281064309528
-18.1982616548059
-20.814394061359884
-20.212577799254777
-18.66699815978465
-19.754608701489907
-18.83528458068015
-15.532027640862635
-19.277949784722185
-15.581000563450978
-21.341099113514765
-20.85208722689415
-26.08335855317495
-18.794673107095285
-25.488402631747086
-25.39862938752843
-22.171924887589924
-29.948856819466066
-6.045430590795165
-10.207323025749043
-8.325330236015233
-9.722239296483655
-5.354700637167676
-7.967776253911456
-7.756568701939709
-8.794170764454519
-6.095094867120658
-4.74825147161505
-17.477834385763337
-12.986338337458866
-15.45179310862845
-13.607585281592085
-17.443844572709658
-7.910945228974457
-13.575737538806555
-12.021618788395763
-17.124947169367342
-17.826836037649755
-12.15874816338134
-12.568950815934237
-1.1682846505332003
-14.579887684904374
-12.14695324229093
-14.397823748393426
-12.04238489614997
-13.010007201186646
-17.540224005864086
-19.713994853741845
-25.94001849867636
-22.21634395987622
-12.01394774706237
-15.64459820696384
-16.99749167047908
-16.957159310560858
-27.224170886252725
-19.001838064209693
-17.650522557757565
-13.36974374372799
-20.69761191801523
-16.6241319573923
-20.086889572964655
-19.865735342801162
-15.997919155567473
-17.608313216549217
-19.2399738434251
-16.460957181542575
-12.928458461817016
-23.078023577181902
-15.380855927723626
-17.191257662456557
-17.415520036992827
-16.904353191937883
-17.017488844582857
-18.13175150510603
-17.685162266578864
-17.573283707690642
-14.463402431215279
-9.493479077636646
-15.17055231120659
-14.250365514638892
-17.451277865325466
-11.536974155255528
-14.789264183247266
-12.726740369144938
-13.74946945301193
-19.14506884960386
-9.241557069156078
-15.62931689094877
-8.48434290208462
-17.81611952231992
-19.80663596877249
-12.614460625835974
-16.867493704280974
-19.200337310842496
-28.20021938946616
-21.41893259946709
-22.144189359296465
-20.426630932772785
-11.986089640755846
-21.38332827056103
-19.247421098913858
-18.407439566525
-13.756133095231087
-20.192210039311924
-20.34642878770964
-20.436574734567067
-18.882645107392893
-18.411283080933405
-18.511768408444002
-14.736798096843827
-16.368456642972866
-20.151310367397933
-20.681187831487758
-22.018524933310808
-17.70094796648189
-10.185423298147018
-5.756781370706074
-18.22593657319644
-9.633084129963327
-16.8339943526507
-9.875572543000573
-13.32838538454838
-13.47678601117721
-8.66085563954638
1.8527561932714853
0.10772139736358355
0.4786720776922939
0.9020112408798955
-0.5274029772161795
4.850136771280106
2.7688387642810914
1.9054101117927242
1.8058957601331271
-3.2144956002337555
-15.496577894005972
-16.23459651132352
-23.32085764513545
-22.846546181707755
-16.031649522169836
-21.65387175486574
-14.270865828220632
-14.177655929212028
-16.70942922974118
-16.573715452640158
-13.127535945022307
-17.392254435544736
-18.005983762303458
-20.145364688621953
-19.39037411479852
-23.4751319542913
-20.847172902419945
-14.55921753817806
-15.746209390779198
-19.22044006159895
-8.361277587792037
-13.08044099955558
-10.627181056509936
-13.125891019386717
-14.791028381480807
-17.447080652584354
-12.406976259243418
-16.2448270823211
-12.32308251110395
-18.011788749600484
-18.207993973598672
-18.59211242633792
-25.987398845457786
-6.576459395359947
-16.672953212175
-16.82097008356225
-26.16035791749281
-27.933504307185633
-9.537423907087028
-16.17141021009493
-11.806566506867583
-18.28067371934895
-17.228891229099883
-27.13312818127617
-28.948530704800955
-17.687266189250675
-19.650828911491217
-15.721424273155794
-21.615026107595305
-15.289339485384573
-19.304371795987965
-22.091579458001807
-17.010391382245505
-14.631597781282114
-6.083193529503265
-1.644568437784803
-6.00094486791184
-12.763867605308672
-13.059907773980456
-17.279939146975238
-14.21917766737034
-14.947442135270213
-9.647187246400247
-14.472096687076016
-15.47431672196045
-17.130784589219605
-17.101648601049817
-17.84782240443988
-19.540845780623066
-20.29994493439649
-17.441198425593846
-22.636447371637132
-19.564836277363213
-16.81141503336749
-16.439608185174535
-17.837366731864424
-16.636988341236123
-23.236683177625764
-14.401929226347077
-20.71881317898712
-15.560929671215156
-22.41321346013168
-19.054616006767144
-22.791929679368916
-18.2004804275553
-15.304037088801806
-19.860898375965775
-13.688210169881632
-15.578474594206892
-24.231269687533405
-13.415330335554316
-15.677149683327745
-17.583250431281414
-18.947570567203275
-17.717509409353895
-20.98279736611103
-16.041265823655568
-18.849469990917147
-21.72314857765584
-19.31195419481944
-22.994264193966394
-25.130429777383416
-19.24243894654521
-27.295887418506613
-16.182374758340842
-13.684367505884419
-18.09955382643219
-19.133970360758948
-14.714216624089971
-20.242381159908323
-14.578264829369992
-18.07198085516615
-14.664219276553077
-14.93574852892285
-6.109460919936007
-5.423417311975761
-9.569319507630187
-8.426185683956358
-9.327858969706199
-17.22997801612032
-17.76236928913398
-15.482780479437043
-20.372296510138412
-19.858060008945948
-21.615470589729863
-15.33426025566294
-19.992022213593614
-18.993018592537567
-18.57959864036736
-21.282401240229785
-18.833614802288654
-17.192934200148812
-18.63134115765039
-24.68330650532423
-11.57690169487332
-19.75788751022604
-20.013087472815062
-15.173067957170932
-15.66034782597237
-16.947675399679497
-8.501045163802695
-12.622013751065756
-13.412420391579218
-7.760039057421866
-10.751882752259663
-4.6868653714202715
-10.630815718234803
-15.952306389931136
-13.853601142658135
-17.289579291027124
-11.6812397836981
-9.688106974676215
-14.765134259167766
-17.025267040043136
-10.869829158600687
-10.104162421969392
-8.814804708671586
-21.05574777013983
-16.59876270891756
-16.150837677779553
-12.744917871927015
-14.887911252200256
-16.5386574144442
-18.175148390002327
-16.461605332207405
-20.592286580605066
-18.01092879174869
-17.959534766171792
-14.573175703315963
-17.875438202732596
-21.3048201969168
-17.82534434360437
-8.64266953990078
-15.238163809442565
-15.899267184234635
-16.148644813524246
-16.996664629158335
-17.63977122553026
-16.40888821742311
-17.924969869782316
-16.12135443117358
-8.942574233605242
-10.232595686873267
-16.05380440520815
-12.139971637479228
-15.84539897750349
-14.748974314748825
-11.897872088542723
-9.63724386126839
-14.361596079919874
-18.28655751698309
-17.224969774698955
-25.847901858269626
-19.57908875520985
-20.195157881190635
-1.6453424469561995
-8.532356555043496
-16.31715400293019
-17.366979374424933
-15.680346511782322
-21.235232793893005
-21.64247466901686
-16.25389757879412
-17.017636053979064
-21.582419406841712
-19.07936227847477
-17.844717591714804
-16.703364144778458
-16.073990242575935
-16.892350328861443
-17.578447824418607
-19.391670121609376
-17.73988136597596
-13.326797784685365
-4.163315738994735
-17.456509994411114
-12.927748761583343
-17.038444750343384
-19.68748409948269
-17.488951796343297
-12.685335162281739
-15.030478554244077
-7.971205454649096
-7.360281259508205
-7.835896897882881
-8.642743334608824
-9.054432722239763
-4.531970198344864
-9.973969162669679
-10.229109370065897
-7.138834183534071
-10.383495599593353
-5.751426854579862
-7.066607729178293
-8.781076575515012
-9.192964472673463
-7.509205107683176
-9.953815633850935
-10.231827266644228
-6.904914910102671
-9.44826902289398
-16.061412913889367
-18.885054933609
-19.07003202901446
-17.677744926388108
-18.23241488612838
-18.182872760180782
-15.420065071648565
-20.235312025221003
-19.926662450917615
-16.97510773816817
-17.644389785206233
-9.230273050331375
-15.712160416833578
-18.398001191054853
-9.791957686543327
-9.020801783473148
-11.774159922202369
-13.694784208982854
-19.4174107886394
-16.91517665154091
-21.29283658847814
-25.274725463149256
-12.090106345040349
-17.695572548652876
-19.191503237335276
-18.91287094651591
-22.032539302807745
-21.61654528830021
-22.601425093881982
-20.27673920253964
-23.810323147923157
-16.397494525495222
-20.391354391030596
-9.44819823074333
-23.923700507910507
-14.307158108015889
-11.75519991274017
-16.14881910981183
-24.427620897029474
-10.935737762854268
-14.519964641761
-15.588624329891974
-24.127585520690488
-16.167080443334743
-19.281658399567554
-17.719011644935943
-14.21311602229215
-18.135901080695405
-16.380584450509172
-14.989952561368494
-17.212665334966765
-12.32058302089319
-21.924019661273952
-28.083428527198077
-15.158689437808185
-9.060174302995026
-14.414713286403131
-19.56195972640799
-26.91231977743078
-18.968295205070685
-17.530475553695176
-24.84745557619415
-17.342218507915014
-14.268184912752387
-12.963077074062383
-9.496770879600238
-12.59017631504949
-12.673264720416045
-11.249350709277728
-9.551351675016422
-13.813181396565202
-12.717929245177116
-8.973451648410716
-6.106144559587644
-12.513581225721857
-12.840804193499206
-16.63192558783236
-10.759465423970596
-15.243878594044586
-15.077314025937069
-12.726358192627352
-11.271083207042299
-17.099064722918296
-16.279548404576296
-13.185444287805428
-14.209872205282837
-21.876423645551416
-18.10590741347695
-14.168011788773844
-16.928132247607763
-11.721741627875948
-9.795601623120275
-14.722460515822595
-10.453184920651616
-12.410364854923994
-4.130297296414979
-13.454171293296067
-12.039662352419537
-18.609398610516944
-12.536065872633896
-16.52485712725641
-16.0413448208378
-15.99476429925869
-15.14074268332652
-16.270688889289268
-13.617382590068928
-20.247384188331147
-6.991645904254864
-15.97547686711041
-18.537819831554046
-10.603539225729827
-17.851439024000317
-17.68084732253395
-12.65108527990215
-17.38228578882036
-15.929997920678083
-16.843397704532087
-16.753954544254157
-17.774350603901105
-15.205314906221407
-17.337111055988988
-16.4688137618753
-13.91615698953387
-18.154325140590096
-12.009207190262202
-19.945373802478848
-15.259230021676755
-15.607343976569013
-12.13018976735658
-14.337710244547754
-25.263663129425765
-23.881964007026937
-15.53431546665077
-13.167569408304267
-18.796749705974843
-16.164445997591304
-18.486249930060517
-13.147033569960744
-18.86790074163007
-9.836312498545722
-17.41692926967856
-14.53143724269896
-7.720822049421939
-15.207782564753913
-14.436146151143944
-17.558540086031496
-24.301511332808904
-22.147459124272032
-15.835450173657826
-16.54536537389709
-11.116635199556303
-12.043269454428724
-8.114715178153507
-8.35214546908357
-6.590006080852258
-9.668105933645954
-0.31953248071877116
-15.900741156170831
-13.443838451520472
-6.447660613458833
-14.07672639268053
-11.464339140903698
-14.271402824753809
-9.442521565148207
-4.715777126639868
-15.521278941293778
-17.45658596023304
-19.66136448808944
-11.322394528363134
-15.46416104871251
-19.345340646048776
-7.814310338828796
-13.382194787678104
-16.556967137211753
-11.743367047975038
-15.426962301483712
-14.056815072047552
-15.929840614614292
-17.425226452006417
-16.073085413891604
-18.68392497712358
-18.462270026837906
-15.386901848568773
-18.105728193473134
-13.049976899036388
-20.860385193555114
-20.18297822442914
-21.79883154753568
-17.850725168844832
-20.191645438422245
-20.229287397791992
-18.085526050822804
-12.899724773048469
-22.96845603906767
-7.108305601793148
-12.912762732453407
-11.964041768894324
-14.22030002339165
-10.751661173695402
-11.767438585030112
-13.556587423587807
-23.58253882915747
-18.40118696409555
-15.293454773124411
-10.59945617777646
-16.568390095223133
-11.679132298098157
-15.778607775516132
-4.341791510608815
-8.342725737384693
-16.792070689761182
-15.268326356145344
-16.67560385183769
-15.909592786917358
-14.267022787030463
-16.87157404381415
-8.272976563981716
-11.154619723493903
-5.382312161960879
-16.342781678581478
-14.553275668942849
-15.331237799812728
-17.514723023890475
-14.735207956383416
-20.409446638931023
-12.228688240446761
-16.77965069064437
-14.482493517856216
-8.791164596752608
-14.160485333069719
-15.913254979952395
-11.55994200903759
-17.16996272179267
-15.179165862505167
-12.795052882659004
-17.157475474056813
-14.350707017688068
-15.528917667088246
-14.473463656415774
-11.372418435774524
-13.490524304494198
-11.807105794801359
-17.671456883053157
-17.468476644084333
-20.631769261679356
-12.662017740985814
-17.28766896618459
-18.67758866904385
-13.885087507601586
-16.09825820523655
-19.462392096495687
-10.864899686436523
-20.722602641005277
-24.169431269507232
-19.663326353404564
-20.060495336457855
-24.91255136411737
-23.782568974617334
-15.339099063949948
-20.294691988626546
-17.112214440135144
-10.148934430326477
-14.799138013258005
-18.60125166935974
-13.229397003611705
-17.60373303986723
-18.40456537043292
-13.042153475429435
-9.865650702293006
-20.539479863487568
-20.456339206104207
-15.270934916771733
-19.122309484377293
-12.653834928547367
-15.355020459146138
-24.50803573787952
-29.52429947011666
-24.82514512356861
-19.15084309197128
-19.706169123140366
-21.240129975662704
-22.19040206029013
-18.6019030883085
-14.450357852720103
-23.211957802997468
-14.727802409598693
-20.021059759809614
-22.342431044606002
-19.29619787420064
-17.331975186793457
-14.677348048584845
-17.48602588659511
-13.024353444003292
-19.80521400235071
-19.19430225933161
-12.557639357297106
-12.93816023123962
-16.963235624819532
-17.01322505064379
-18.00099569731657
-15.627815772151438
-5.760474763681873
-12.34780573927428
-6.763646776572382
-11.617449637624325
-15.381534029157228
-8.37323093278628
-16.988687898628143
-12.45846444327827
-11.320714322495142
-13.505077005473161
-11.315114999660429
-15.795140327727303
-21.224862010621976
-22.135380533690604
-16.870097411708034
-22.85179311864881
-20.279838725902803
-23.51329799725802
-15.56130631239857
-26.009231457675444
-12.796227022503642
-18.51020770693085
-19.486811370872804
-21.59498658786501
-18.22242562203026
-16.903674683762056
-20.489432682815114
-19.512391856409934
-18.948324450726442
-16.96631977154695
-12.836810156037213
-12.720241216659657
-18.403192843583707
-21.84197035952449
-25.168829996114944
-20.359375768003424
-22.49532502770705
-24.834526643160377
-18.288864681279634
-27.069523760302054
-23.95211561214348
-21.294022453895582
-20.46146654577842
-24.349172511684404
-15.910676192799485
-13.83141792165418
-10.234107757492707
-15.54866748138775
-18.658603097743878
-13.51606893422569
-15.175339049549763
-15.294441656574431
-14.753968424813694
-12.053668896105982
-11.61627063610718
-10.014250714800532
-14.467161936917314
-13.022414724078196
-15.225948875789186
-12.549426936470047
-18.31922772232021
-22.031009302801007
-15.549055265759899
-7.079264950755302
-12.029205229049442
-10.571584105299447
-20.96873329308074
-19.508476374640857
-20.89035890639706
-22.26805147040753
-16.782376332897442
-22.905872468371754
-15.964887969171494
-21.022958614071975
-22.41211866522533
-17.603941122810795
-20.354675498760724
-22.003882526112108
-21.642089631338745
-20.05235933123557
-22.40783767492611
1.2304085764249528
-13.393922633793363
-16.296793538888675
-3.047303659602367
-12.971192055277319
-11.503003688974733
-16.06949262688492
-12.772906557615563
-12.430185606481231
-8.423903434662115
-10.96371204347424
-12.436625972596449
-16.857346948099188
-16.995841445812736
-9.441607233541209
-19.770431492050548
-8.134695941618137
-11.826915917726398
-14.068460486841733
-8.152905973759001
-13.435639750551818
-11.608360387689714
-19.831508784232067
-16.8764856547844
-27.61927321707419
-24.616885503267206
-27.968922237357205
-25.580751220116653
-26.289559526531093
-26.446898200860907
-19.742061687067313
-21.6166977170617
-20.3832057205198
-20.559456953438087
-18.702881621277733
-19.520710700903436
-19.39035069690411
-11.712075703654897
-14.503386995350459
-23.068453240443638
-26.177276621976475
-24.989396200120666
-26.059793367100312
-23.86296528398229
-14.510270327929968
-22.330943684540728
-18.57516797520693
-18.883310869802234
-24.788733928076237
-10.894304924771752
-24.79553979568674
-4.68908598398729
-23.486131703606304
-20.641069832239832
-28.392243345822855
-21.264828668197445
-22.64898624863957
-18.257777516537402
-17.47580411301393
-18.763363441669878
-27.180237526626044
-15.858250677203332
-12.698926552811361
-13.599166164345862
-16.8923587732059
-17.869220955999005
0.4885158851024869
-9.327546687121234
-0.32102623979391876
-17.41552574156439
-14.252282874437242
-9.64224113269492
-12.531232800896376
-14.006000835178986
-14.970418914541986
-12.47446508734219
-16.015945965765322
-17.64623257386914
-17.030630452136226
-14.877519731210137
-13.694732864117494
-6.930663751979074
-15.43819463861582
-15.842408182313152
-20.23254802583726
-12.523295170769906
-13.128046931593236
-15.754446204103814
-14.511437702728237
-18.076173636148106
-22.388778189316067
-26.00672565147862
-12.823378371727154
-10.986667279919018
-14.35940189846379
-20.139721598354917
-21.147479519386767
-20.557248168457324
-19.511505520722956
-21.8666227751133
-17.184412197814975
-15.15505764330575
-11.399979880997446
-15.188955143746455
-18.403329988855635
-19.821823615084643
-17.394710769958984
-11.028923499849942
-18.61051718799486
-11.745024870380973
-16.554960376222105
-22.984714414492757
-19.294211887263643
-20.622529700070572
-18.2977368669073
-16.327128143149423
-20.25224982311925
-19.198283396815533
-19.72545439570147
-19.348628413819007
-16.16781386386751
-21.31824970804158
-17.898474850587917
-19.528525291728773
-15.479486863472951
-18.103850424923763
-20.49704277540541
-21.658760739262817
-17.52571258392779
-13.419608468649482
-13.23833690800409
-19.03295523362813
-18.60902268607293
-11.768404716296915
-17.969499147258936
-14.212690605273584
-2.213853917142221
-3.05836253274174
-4.786221469933114
-7.58081772063868
-7.743251150728028
-12.272762387770898
-5.526528169260518
-8.506677799978059
-10.27114216448878
-13.101735734609072
-18.032198165677332
-13.362096104899898
-13.704536481914552
-10.244909012554395
-13.062581145348583
-8.475151740542467
-14.241938166430096
-18.724049873222473
-16.038967516863224
-17.813683907990782
-13.438931292586384
-20.516460366632497
-20.90090916553116
-17.260551128495894
-18.646225558538344
-17.869690818055627
-21.50839067045228
-23.38162938865583
-20.368455102280333
-18.864458059606008
-14.02470697090989
-16.92050674076936
-10.765087581080323
-11.148535079254216
-18.285576981296565
-21.959651876862516
-24.347729160499885
-25.572007712312583
-27.247993330086967
-20.716335523658614
-17.035738567943717
-20.08607299046594
-25.924387471900395
-18.05199569917879
-29.447925080468032
-12.684682089063116
-10.856316986349764
-8.771015072910167
-15.72108879538618
-9.642219707535588
-11.90429857720633
-13.655153847038509
-15.38447553596076
-9.117402048523722
-4.070607786351766
-15.504703351455808
-22.383976153324987
-15.52321575026426
-18.590242046176588
-17.468637624610714
-17.836202851199563
-12.83506048604087
-15.994024405348608
-20.0703416324928
-16.47354769714276
-16.76984936493537
-17.817026974287288
-16.522293066692963
-12.572012449381821
-6.924440037568999
-9.07469997626829
-14.217768092004505
-5.873876735703719
-3.9153503100446
-0.7262442183829867
-9.451871313655118
-11.866915582424259
-19.41141364860155
-14.29298271453888
-15.494018032303051
-19.005492996464547
-15.755931928660079
-14.744797245303733
-14.464291584924792
-12.99996338653494
-12.247262394911296
-9.136498816746855
-12.672926830932106
-17.138698609627845
-16.54038282893642
-19.171460044439804
-10.112872420687092
-8.573492252553473
-6.2546736600944906
-9.176159013890524
-16.10184325520521
-12.68143600278782
-9.252260662477019
-3.7839965405410068
-2.9038776444626375
-4.763074078461291
-7.740047373290443
-3.816753478632717
-20.510905144103877
-13.505029987747694
-12.047799343989325
-14.839790526816792
-24.51346577159612
-12.79913354679289
-13.162327063065183
-12.48089223892897
-11.409043255979578
-10.31678851630983
-11.16912679491797
-13.911596326169644
-8.463154531777363
-8.042095149266085
-14.25030915132687
-11.131350191929576
-19.829165829284566
-18.15040884517608
-16.75732125927847
-22.607052500181773
-19.061360523367973
-18.795625138408035
-17.71785872846247
-17.40728878026227
-22.965927349829077
-19.04282834954938
-19.75652685953289
-23.13911533944309
-11.070480272783563
-9.930712644901508
-15.297209894888887
-15.31164913381134
-16.969258279176668
-11.375308186645611
-19.122531262097027
-16.670687705165463
-17.18599050674668
-12.113943791188268
-17.874300207019743
-12.775306608646178
-11.737923977643486
-14.328122154610146
-13.607530013283895
-14.146929458391789
-16.867923075603727
-12.294084911683047
-11.581000883923815
-9.604460412308125
-13.26166469368361
-5.784655644191584
-10.031331250536201
-7.271380480693759
-23.26826351585964
-21.30468075208509
-21.924309847329923
-17.301811224519437
-17.68006792596141
-18.056129499109275
-21.637015456024656
-18.437073267833902
-12.05271765885794
-20.609004708865363
-15.86419062167712
-0.3237723312614653
-0.8223918026668278
-8.891632411400728
-17.08183388454464
-11.209475191983014
-13.66627168013486
-11.750886644769512
-11.79485855935418
1.0978073039582714
-16.588965011315167
-6.506980897802439
-10.240725035906532
-11.370189086140668
-8.293546684180846
-4.97098234672575
-18.08056391328322
-11.968853486794533
-8.025267125719216
-17.411258741571174
-10.70261586355357
-19.494936167961058
-21.60729381387897
-21.766044210989623
-16.985991012019074
-26.531472866036054
-15.998022933627164
-16.325342191860454
-19.923636699759644
-18.04824613018913
-14.69884514527677
-19.55694550740988
-18.72093834495889
-20.57823541549545
-18.442476739557794
-22.059582104040885
-16.535833590587792
-10.544174306948294
-15.68274701608765
-14.503000548073928
-11.577305375840467
-19.321115545474147
-20.25192109228221
-17.82669463232744
-14.593437236027555
-15.061886653408884
-18.384480273656553
-10.234226452499994
-8.408620085434215
-14.863666017978616
-14.062445936118221
-8.789327166255964
-4.244399609632055
-12.881999523876061
-14.778256032357042
-9.522766857338159
-8.516892182703483
-11.107730140191133
-4.215732744671469
-9.928619785375096
-7.55135859869224
-14.910916122827233
-14.152252224299719
-16.23828207388685
-13.103710985954384
-12.233126685057961
-13.76691794755668
-17.40352361835849
-13.129579146135356
-16.282613922165734
-12.169570649769108
-21.50124608237908
-20.200513310729256
-17.58036202037454
-21.273930669221464
-19.81716318862509
-11.028773729437479
-14.65106145358748
-19.66535655018327
-20.615504824530337
-20.095811043052386
-23.54236628441947
-21.1159296688006
-18.1964316295937
-19.767534303995685
-16.97516996103138
-21.064186758080563
-2.9527340606541252
-14.745202447526644
-14.151399667296737
-9.008229098383207
-9.987166762857845
-9.230910155342393
-14.283140619025547
-18.208498139794383
-13.796655278152747
-9.217121606739763
-14.162644781746996
-14.186581251945952
-9.024480680627105
-24.088699535687933
-17.538440013429508
-17.19124712967146
-12.686010139063018
-16.797628539969217
-26.04139494343065
-23.35070112496263
-7.120017693192872
-17.135092451517444
-8.87227916366865
-18.22133896152282
-16.905073695635704
-13.271490446236609
-16.7845978347578
-9.222309772804012
-15.492359492377107
-17.569068883971124
-13.923592441650927
-21.152437621220944
-12.386881314402002
-23.403359655609552
-25.044711609512486
-18.653769897136875
-19.565683553088437
-22.94912370583886
-21.581320938821506
-18.199354051196945
-18.86714913300003
-28.52923773999313
-19.61183874057033
-28.962866212869645
-16.8067764809253
-23.36939026504834
-26.23668763799795
-16.4814859903249
-3.509742542377036
-9.128997766930155
-9.73533071558806
-16.779354627702695
-16.991100029231596
-20.56787810316353
-25.42560117866271
-20.460625692171348
-11.527714661778194
-14.139704643313308
-19.474370592565442
-20.48336581866393
-17.58348178819223
-19.523528886564428
-23.03934767968133
-18.843088289000136
-26.629778324437815
-21.501136364728342
-16.897383265923374
-18.196890014311073
-16.903957448374463
-12.46066437945346
-11.832531101899514
-14.756762129737975
-13.786083926665667
-19.815729917289765
-15.973800313771331
-17.334865278706978
-11.315605267706687
-11.195304742505506
-18.847060693318916
-18.75755230840734
-19.430081739165203
-21.364897621177157
-20.126829426236377
-19.28557496147614
-21.255213410444558
-16.898780777631536
-19.522280247132734
-10.871970025153848
-10.980014346500255
-10.434479841878453
-9.727291293974023
-8.067624201346765
2.267446076332683
-9.71287661378333
-17.030865695447474
-19.52904439292133
-15.52519188176878
-19.71302766220877
-11.075255577938051
-14.571594224682364
-16.50203966878341
-19.057358511700855
-12.803104254181612
-13.099745242026245
-16.18160070397427
-8.160165618395656
-4.676892288999272
-15.781598555399334
-14.463789883573753
-19.787774957152802
-15.959285696511028
-1.0048772512438648
-13.33584047296347
-11.706821241493902
-12.09165341191191
-3.9690496327970934
-9.17393935124952
-18.39258777293231
-23.310205654159233
-19.148742308041324
-16.812541772707316
-17.365808975773174
-13.782769586063015
-17.579249867747503
-12.569904434305506
-9.488440704749488
-15.33412800499146
-15.194283267080646
-12.3625871175091
-11.528935940000045
-9.282816838257908
-15.965993022210206
-20.945734049890717
-7.540272870111493
-15.076408867819154
-14.924254652531328
-14.25645217846774
-18.70297289158078
-20.984255405521573
-16.989666740169234
-16.420160931509354
-13.739269509073718
-17.404630194414867
-16.295916321629612
-17.483602975610996
-13.767466903399244
-18.768838748137284
-19.222965338133793
-19.610417185150347
-22.437924232245592
-15.209715244110264
-18.925212519871607
-13.030464775375592
-16.679187834508483
-16.243037811241038
-14.617179865262774
-14.111354085210607
-16.794308363737915
-18.70446356359706
-13.601652595122776
-14.721954936751796
-9.665539358031815
-16.925799257053065
-9.427272855005604
-16.072734633476582
-17.750468490453706
-19.38295127436775
-21.174517954956737
-15.738929099083077
-16.78705990913579
-15.765880554605626
-19.582769615991694
-17.646088358791275
-25.41419153496263
-20.8782207999231
-7.865771872386652
-7.8640451306913945
-6.41827992575901
-4.354430336950539
-5.342281501466972
-14.769371989796547
-10.455525509700072
-12.041397748740835
-16.041622333434226
-17.56634190980504
-16.735276390754628
-2.4652221806986696
-8.86322805510992
-12.215710979886573
-8.593645934263513
-8.585882702579482
-10.568626765215138
-11.980125083174649
-15.059479659532208
-11.796628650753524
-10.828559092540813
-12.993780417795836
-2.9480122790086174
-9.794050717903037
-8.789206060416625
-13.44138034591117
-12.09184087864803
-14.86714409544719
-10.15379562774639
-10.83898236048477
-14.798889856757338
-18.163308128475975
-15.498629389518108
-14.279260081667514
-18.407679129080037
-11.132097585411007
-6.359802973603013
-9.73471173076272
-10.52818486396679
-15.600497754096597
-19.250729117883452
-17.536401581137408
-8.736667191537046
-20.76641328196648
-15.200921646244307
-15.088125997912861
-13.625742649368874
-10.86121221517602
-9.93839836594536
-12.532838539071673
-10.128167018509856
-10.045149043619542
-10.338128492029485
-15.148118626549826
-12.789775300043623
-16.51462549533741
-16.506742538317702
-11.650414966358365
-7.2453404704598485
-7.137006546264821
-23.215686469867745
-18.607934468712234
-8.58828638584319
-5.341996262298477
-15.98674109644409
-13.595021199935568
-9.89281833225653
-13.859299322496401
-20.35183933862188
-12.434181686624521
-13.937444863381568
-11.30949870888665
-8.991532909632422
-7.349174367214017
-8.912484110900238
-14.390535392961233
-17.197133136625915
-21.62762388054926
-21.782948798043954
-13.99758522603536
-27.14236717847986
-15.281020131911859
-12.45854986877804
-11.086843438552002
-23.65017110097202
-22.886066107722428
-20.5202165096224
-12.195204265375878
-14.702707420402874
-22.250794364952796
-15.168806134889826
-16.90343093322393
-18.256981653684264
-3.0951796061593404
-14.515584539164944
-9.910896598863568
-12.298522020049758
-16.010823777464267
-9.88780232832061
-16.424442208553135
-15.158908527289265
-14.553780651672259
-7.071233393985287
-14.473816218639262
-18.29795564132956
-12.673634249101132
-11.116264192062108
-7.524278577841532
-13.23087873327027
-4.395329620768377
-10.715648674128763
-4.928819861928181
-11.120317690864532
-2.7174037743734916
-10.24343265019991
-7.029368404570613
-14.447406062354746
-10.284790691968896
-10.492722523619554
-4.378169629499881
-16.72520870365999
-11.22412168962115
-9.906526986628467
-9.45562941224464
-12.909414220701855
-9.376307003532768
-8.395781162097803
-17.219757900940095
-10.452346521644493
-13.763724279722362
-11.799977224710629
-6.277127243034167
-12.35891224813712
-13.65468111711134
-12.856053244771015
-12.430853659571596
-14.093566008003455
-15.236877612792197
-10.827995359634508
-2.293924084071741
-16.25651557376413
-14.419719958731996
-15.766371022835024
-14.171127902709108
-16.415190433225757
-13.868818259861989
-14.61173938377139
-13.650190402629596
-15.432497596038182
-17.950919228789676
-16.840210190970048
-11.369696216277708
-15.538759995699884
-13.785530250829062
-10.864079515264082
-20.39775324906556
-17.89942946300753
-16.46748846598095
-13.793234699046499
-2.466111318504307
-12.959313486774134
-14.449386183959867
-12.784801608922226
-13.105124228362032
-15.370612531206838
-8.233859865829459
-16.44807862854598
-15.216972889875816
-15.039645073527105
-14.894102367035613
-18.10404167283415
-12.11684268022737
-15.783514069954093
-16.47281499503077
-11.355473888154014
-16.38992977029981
-15.810648293140845
-8.015031394309624
-14.631393721247289
-9.170029887737153
-18.937233947134658
-11.975579776181842
-13.2719041347602
-17.162790863285654
-12.609444354449142
-4.762981441511764
-13.960998302100027
-10.231390967451917
-14.172176092289927
-11.877754424462461
-6.5738564759463
-7.3586057804601985
-11.413446540859384
-6.393218442130128
-1.3504939871130706
-3.7071634897280656
-3.8174068176857046
-15.462052555214933
-13.10859581499584
-14.1908195288028
-10.477187404960329
-15.80595998022148
-10.852908590391358
-16.1167603069489
-11.912487190501105
-15.609123681259407
-8.597455638624805
-10.457440392216718
-13.73272498104698
-17.949442714187686
-13.98887630386248
-14.032774510298793
-7.269897107192941
-10.206186825542927
-12.321705215978472
-5.349261283201784
-9.095141124641653
-12.058087798218441
-2.2964528497750285
-15.523130461411032
-18.9485391204298
-17.604989194706135
-19.509531855308047
-20.771217341562547
-17.409630841447715
-16.167703086274305
-21.734871326047596
-21.367375671631077
-4.918223842433663
-17.770236381688896
-19.428897411952914
-19.630059764966017
-19.780216289906683
-21.16115514585658
-18.79588065749843
-20.147564257625625
-20.54576433640336
-20.168586917231377
-14.229301037994654
-21.24936765716155
-15.409603998949844
-10.465995514883632
-16.15903680512772
-16.23995394851415
-16.538740095828867
-19.134702635270155
-17.18843449192996
-14.572265929847767
-17.981810289704114
-18.42577185484778
-18.098916547713785
-17.6943142934918
-21.138732016584953
-22.25126740736173
-15.425154723097199
-15.766518647547938
-18.319751670180327
-18.379798054850557
-15.772770210075356
-18.695454363172335
-23.898696402325342
-18.247319962413155
-18.98791041154785
-19.329944503579227
-14.615606792076104
-10.53525972852744
-17.8464606283282
-13.147569883339294
-11.902314688457135
-16.069484415153365
-17.08316066266074
-12.467370356927688
-20.685992766884972
-13.390212968894787
-16.9488142758481
-12.56253412810295
-18.017954322874743
-20.974187420823334
-16.187715798657397
-17.42833369728916
-16.90792140918945
-14.859947324971433
-14.033838753327402
-18.53569156056762
-21.11798682147036
-15.259143274210809
-15.655115507958977
-12.144796344614205
-13.724207309366218
-14.85209715284886
-30.058869015285584
-25.079863443438793
-18.46180562528714
-12.534117276431905
-19.087116542529976
-9.753943366577843
-12.969050134658854
-11.608592761168643
-20.08111992450452
-12.511107272082345
-18.43163140428705
-13.657212275476494
-16.030198049018388
-14.933126649619433
-7.131035107783211
-7.34756163154608
0.38279762720919597
1.954952415969379
2.7379654374732434
2.4767374434610763
-0.715927916020114
-4.3929058039874445
-9.296792518720142
-8.30018369259059
-9.293935872932263
-8.807803593971672
-8.895178151244446
-12.5678950133782
-16.785732131275587
-4.913605249431487
-8.656709299822948
-10.172843024590813
-22.407147798117045
-10.835889196251468
-3.548663605145231
-8.66242698617533
-11.892056040669324
-16.73578439575453
-16.37594980394122
-10.253387252285416
-9.01053237800027
-10.582399706100457
-8.287631372385903
-9.073703076123826
-10.02761580956081
-10.801724185100563
-16.029112565151987
-8.591199461525424
-17.920247494260295
-18.37035217867343
-18.20545570233418
-24.461055249202406
-24.009157650165452
-22.27573569166934
-24.47021163167604
-23.475862374901308
-21.662042046796138
-22.176328705417358
-22.11051597328999
-23.18937708510404
-15.715633361764477
-21.56360749400094
-18.93019982996369
-16.45521603486713
-20.04787299588609
-26.035402787285758
-10.4461349501902
-18.29889872713015
-23.729862894005326
-21.345292776557958
-18.79938392796897
-21.794899127120576
-22.014705295641665
-22.923812175934415
-15.106770961405656
-8.484369239719246
-11.644342941367395
-13.54036799537351
-8.217136640774578
-12.277767341235492
-21.81781580741381
-4.696825552311471
-10.739136540780883
-0.8929690342496537
-15.527563209613858
-12.17838389834953
-17.753282980182785
-13.430113519802845
-18.548580487304598
-23.687654413338397
-18.855785154973137
-19.883859042828348
-18.121591640031614
-22.048177429572196
-18.54916018219045
-18.010329193135167
-19.00070731249683
-11.936247638957031
-22.621697748504385
-11.311634548583395
-18.064492676736165
-19.157724128185105
-20.34562537740522
-12.950618167537229
-17.588481307052454
-17.045682128505277
-22.678054062009032
-21.522742416068226
-20.77171841450103
-18.745256751391356
-19.5580515589865
-17.87152605340289
-16.27924165352925
-15.079980269177758
-28.045476396492347
-22.02433164551755
-10.186284006485396
-1.5030753086541115
-7.7554577171721375
-7.039767826267285
-6.48274894490017
-10.77090619430735
-13.991716710882642
-22.716454177532253
-24.278426602568853
-19.970024898563967
-27.148178037934226
-18.470174558465462
-17.667983785007245
-23.255188993136123
-20.13762341073726
-19.039161649751705
-19.05936701832818
-25.170459798385547
-28.27563348408603
-19.596855696419727
-19.760592102718757
-17.220658453590968
-20.012994705065516
-21.144942537805242
-24.96377644865888
-18.716703310772598
-19.659428810122265
-22.098637582518638
-16.207129571160326
-13.154355389078665
-14.834464025383095
-26.528078334941213
-13.384801398679137
-12.94287484848569
-12.246499904255842
-13.21444774413563
-15.01148714673361
-15.340401527472922
-8.794678965304366
-18.257838674796407
-24.02759565468669
-19.421537397061787
-25.27524989091279
-17.641954422700735
-7.801920231592992
-12.941693511342347
-12.926426772548886
-15.182447720221067
-14.84070475374248
-14.559798055590765
-19.73645181064919
-16.467998454726715
-14.369881364259939
-21.73385033354868
-18.06934872982001
-18.788042018145134
-21.63113407656796
-17.520753922252432
-16.32658541579586
-22.39209557290128
-13.485606956004881
-15.483136692109586
-15.779809034646828
-14.801823524377589
-17.77185242182734
-15.24123190211413
-22.372841436412614
-19.303224847931606
-18.594637624672057
-14.14844564635192
-19.030407270457555
-15.910444697696345
-7.969456563030208
-13.999482672710426
-9.293619870008712
-14.96134666578208
-17.737286153191487
-24.05534893299317
-25.45575209468744
-23.486676751438175
-4.481603879042813
-23.13375098926752
-9.76310511447756
-5.588666097854926
-14.465859786153963
-14.41507246285703
-13.56144007851936
-16.18490189231631
-18.502615110020564
-14.127582597196199
-18.003671946262042
-8.371171622092527
-19.117175064681803
-16.774678779787457
-11.427121847864932
-15.864132198190646
-14.834927034983126
-18.409792936146218
-13.679056556027021
-18.42435659746244
-13.385828154857968
-8.017258728965825
-23.547973341289474
-19.23646726083396
-18.188445632971437
-17.26502318974847
-17.03769498021151
-20.39403688705627
-23.064390962312466
-17.780116533022568
-16.701643670724266
-9.89962023527682
-5.724890966655272
-11.44812979420758
-14.100160322642385
-12.607375235432901
-10.581100559590201
-7.245830040571913
-8.061566262491787
-15.964996590050426
-11.910369874897507
-9.701661681237699
-11.222231873041082
-14.894933386887988
-13.171142846406399
-16.150358518967195
-15.470397362555584
-15.015375068037589
-16.944692466315548
-10.75809666526712
-15.62158237316309
-14.77211891815482
-4.203844057908563
-3.8009019004660316
-6.120105419611189
-14.667013194226705
-17.848531704931066
-15.206621206409228
-12.538182921999791
-12.719475919661706
-19.499029761556514
-21.484844356990294
-19.288923937652616
-14.422700741397229
-9.802870383940999
-14.6204652632773
-13.397852730789028
-16.254939931446046
-8.454221964888234
-5.359245867326934
-13.484398275564608
-15.41007640448033
-15.608323421916332
-20.202224438925818
-7.394318139327829
-7.468177238069672
4.65478352567184
-19.848966925730874
-18.620518606162126
-20.682012209633697
-18.231169152166714
-19.11388445034543
-13.081644800373816
-18.320063313135226
-21.186515774248164
-19.541334477517935
-17.28833831420936
-17.53610274959126
-9.886617680215284
-8.002826828632827
-16.59165376661795
-7.696203076466247
-10.259245492880849
-13.843740298312625
-15.531029043423633
-16.49480289635763
-7.792833908342958
-18.298150206521893
-11.878557409582568
-18.727957234728642
-13.785386785704135
-11.866480182957208
-14.010825052041461
-7.8713916833440996
-24.82460608443268
-22.455634067947226
-22.93117341029696
-16.132436611660367
-22.78780626387092
-19.958160811892505
-13.876961001888336
-16.284356852630687
-13.623326690763363
-14.163948771302287
-12.119135658126314
