-17.426622817104533
-22.332772834262283
-28.86075597566848
-28.227874402993912
-23.672752999489614
-33.75952375933452
-26.97349121620565
-28.386842948838286
-29.54438713063572
-20.731603121947646
-19.98346793090871
-23.888616072563735
-24.084796042916913
-20.10969022977011
-22.034779107381922
-26.82011005360723
-25.587113442760575
-23.919946030171776
-28.66847700026297
-27.13583936650912
-27.64578488683544
-19.463353501616734
-26.80175853225549
-24.60182341204205
-26.747354944645586
-22.053229896135235
-31.62423516976208
-22.874199470220805
-25.191041130183272
-17.34507864693781
-22.542561447328808
-14.474152471062595
-27.375405662706292
-24.42003422347924
-26.26457569426346
-32.62234384511211
-29.445813064956827
-31.556316200332617
-26.725069365450114
-20.900691262976743
-28.587515868617064
-27.02616874626643
-23.209629659365106
-22.38283124896738
-27.568617675661898
-26.63449234341963
-18.54394866858763
-24.596794466345433
-25.658137205850057
-21.01388656779515
-25.468725178603645
-25.665547953397898
-27.768337014204043
-24.591203996787506
-24.514092865175876
-27.79877479087214
-23.557342252104156
-21.896539497568323
-23.887861117546326
-23.176150851643005
-22.780313363901147
-15.712279939611573
-26.62561646926237
-18.874251835349728
-20.81798860227606
-26.045715680626753
-23.838402023951307
-25.33235628629893
-32.14097344051794
-23.204289851675803
-25.014799248611524
-33.60343440653566
-26.063524439879693
-20.92847769386177
-29.25550120290553
-27.133122463502755
-21.782832876066735
-22.444861020809437
-21.86135994753535
-28.878417103975927
-24.76722416572828
-27.795644858465046
-27.806737659312518
-18.687963601829672
-23.153629417117678
-19.159394812200233
-24.484511058078258
-29.021598137493477
-24.65255983779363
-22.537027586193016
-27.245426926019597
-18.349674050480896
-23.947803950409313
-25.29647447420733
-21.244104210896833
-26.20683502337559
-27.233319048112037
-26.854154183964663
-26.003586601807935
-25.606554157724283
-27.80914354383203
-27.37468928228215
-29.6852042060708
-28.81105182375703
-22.71302444533437
-27.159249224050164
-24.10547698633026
-22.454833342773554
-26.889618773031746
-23.35145355737516
-27.64661901005713
-23.340020663287735
-27.95152308995285
-28.48543236414545
-16.82691378617571
-15.39545373309596
-17.980541444265516
-26.6324855813868
-22.441037663700918
-20.538786517784224
-23.462502367300722
-27.281039733396984
-22.725023841632016
-22.707090763510852
-22.039902777542036
-24.11590566076822
-26.614528917194434
-24.220789900284345
-19.128741744249254
-26.390131841797338
-16.08147833241018
-28.127223373399225
-16.016150884093733
-14.756294223412079
-29.91772408862629
-22.725071147752068
-27.190812509852503
-19.243155403157267
-22.00742949273368
-28.79505713136375
-24.348359027484836
-26.71381930446948
-24.15942237216944
-20.48866455844888
-23.93355849555032
-26.476111825754685
-29.119932835457153
-26.759533111058374
-20.947887920994855
-22.323351547818618
-28.095115002846235
-21.849135505807673
-26.594952183849628
-25.905653264302266
-26.027647900720638
-21.623983761198026
-22.489441230963486
-22.622933173706798
-27.253814845502202
-22.70439267005763
-24.141638653963412
-29.684427000623728
-22.490621351511805
-22.70636987593595
-21.990508103092786
-19.432633223034202
-26.683575317152265
-17.55539354017721
-28.391446153498517
-27.136606298441556
-21.35013841525697
-23.958090416655303
-21.338371703042714
-29.79371253252934
-28.937259481446013
-25.878276277555223
-28.51497577626074
-31.375021271083014
-24.43883277890665
-26.335753605273435
-24.982930297709135
-26.795590466330466
-24.605193311933704
-23.564090537530852
-20.731034073372562
-26.88720428416968
-28.214440859151342
-21.861357603569957
-28.409686766784638
-22.93773549237123
-22.957379285392896
-24.410821333343563
-25.632171576692354
-24.083209040063018
-25.960995246670574
-24.25907005804113
-23.569066368379456
-25.228197897920744
-27.582429329100094
-31.925385557290358
-27.058880465965036
-25.401509642245138
-19.10468284157272
-23.026039347059736
-18.783274963683375
-19.381705691513584
-23.50636831920071
-24.916336102451908
-24.773335136321876
-25.990640180435207
-19.566492509046675
-30.000249132483134
-22.772909361805404
-21.983701479306816
-21.01586994673193
-26.402072701917803
-26.63582811317992
-28.965358381525558
-22.71644816277543
-22.4193452175769
-22.558786201710216
-23.345348252843234
-18.144955870518153
-24.78990157432821
-27.185785013868962
-26.851382933765557
-24.67789779943724
-19.539207333646846
-27.80684131598081
-18.47019079682655
-26.25447187430741
-27.748450009886895
-26.64273923825111
-23.45440901306221
-23.134754164541068
-22.54821917092058
-30.730935791105463
-24.216460339802104
-21.309130094890932
-24.470124803486563
-26.133442186924515
-24.82741233465009
-20.44002954056614
-20.731895146596457
-23.15346371869506
-19.86038562073246
-17.637064108501654
-23.25054304817468
-24.10481812396526
-25.29329675096069
-23.352249879921057
-25.67355742698378
-25.04280330479843
-27.544027670210102
-22.516900614750192
-23.292620764875437
-28.437757306091548
-20.252624039002537
-30.71599614599193
-27.331167959086905
-28.40462354181394
-28.501259736890805
-26.568954427702053
-21.36161034948215
-25.885776020752097
-18.457429926571745
-22.013007894655782
-24.28904912932985
-18.354934868786284
-20.931898873451754
-17.663348263624517
-25.610548242625683
-27.359210730801568
-19.82146877921887
-28.68051244446476
-23.673789869299746
-26.23867616261921
-23.83540218733092
-28.875631407271904
-19.006386814100054
-25.322154159598714
-30.732572438065848
-29.380838500566817
-19.214217108124593
-23.052828552167206
-18.49469158981677
-27.389317409353495
-27.614343739632577
-22.84567994239501
-24.675423367946394
-24.010208631508096
-27.558035675527446
-24.899456591864602
-21.96183004009403
-23.470801205456546
-21.591635204162205
-28.494460896298584
-32.7126000796163
-29.72602076886771
-21.981917229350493
-30.804444876597117
-17.040019010760336
-24.366904569427824
-17.431282137149804
-22.90322052898063
-25.261040019927094
-31.178422267296607
-25.737708705662847
-24.33950531856919
-30.923486871122662
-25.063346757994303
-27.088152920130163
-23.41555340724299
-18.126301623252882
-19.904337826674166
-18.47523865645335
-19.744036974531696
-22.84530553781514
-24.788886710332886
-25.59096612699632
-22.474900931007685
-22.139838759805436
-27.236874090142514
-27.069983676769432
-20.19093927903021
-28.88442746020611
-22.82310253775183
-28.98179609961131
-27.006869219055748
-19.983415442147905
-28.912974731600183
-22.902682235769667
-27.61314842281597
-27.061897661978133
-30.888014258226356
-27.048486764656126
-30.322407710595456
-25.396401978264336
-28.979316967676965
-21.660391487116783
-29.091681563797987
-19.82429424731117
-21.071646817848816
-17.859614513906433
-23.423551669939485
-23.118050709184477
-27.087210605555562
-15.030789785212075
-29.724906185406564
-28.853102743316718
-28.062264242826416
-26.02199457738928
-25.596476134515544
-25.142057724702298
-22.825326936991978
-24.797880378238453
-16.821825210094534
-25.190119844474342
-25.52958690925604
-26.30041154813338
-24.81337038867706
-26.796159782218183
-21.85398747035542
-18.063927932723594
-26.044997770958403
-26.481779073531325
-23.055693834111214
-23.179958643757413
-29.00873352169848
-29.659687096740956
-25.437777718644742
-20.720227821974994
-26.29623730905339
-17.47607365982054
-25.34402604050087
-28.76181655577688
-27.19348828792708
-18.94192986974361
-20.907334701373728
-24.25560423379707
-25.075978958646093
-26.560162951691886
-25.77068083142144
-25.318532035306326
-16.065257037294433
-24.332324756541556
-26.62934789656228
-27.326592777901258
-25.477131682671605
-23.848772725867605
-25.88429815798258
-27.96660982132176
-28.286931335448173
-26.657236704642806
-24.088054378831092
-22.261500493109747
-23.548586916983258
-27.815071529916764
-25.285326371783977
-23.234265352422394
-23.93051432379456
-23.71326362399305
-24.273518181235644
-26.94764033273477
-23.154298881318162
-20.307524560451636
-18.246512678490113
-23.89100153111299
-26.01818306703547
-25.051981045869255
-22.562171266879336
-15.207805660905512
-21.831028991025356
-27.335919654721142
-23.608438218401528
-26.249448076829985
-21.579587783574972
-24.050213618154416
-23.28267888833852
-26.293753492092957
-23.84887855373688
-19.474055257619543
-24.638203972371283
-21.484834344599296
-23.368432110039986
-27.00611659665234
-24.307349655612995
-23.689108414629644
-29.71186624909478
-25.075998935147645
-26.96330348710891
-25.982566410133064
-19.879953552825924
-23.20455511405377
-26.270751865726822
-29.85052615774567
-18.932535042532674
-24.69263399577874
-24.49107407489217
-29.85005077524957
-18.800018000550303
-23.108087307308846
-24.152168781035726
-26.773293843273755
-24.474545698138982
-21.592072861839984
-27.324742392097065
-21.06875851145977
-29.169647005445484
-24.21579435096323
-28.390524756008944
-23.80162888748849
-26.743532215514715
-23.179806139623256
-22.539043835590856
-25.14257087615839
-17.453889129550138
-26.76530535521036
-20.65669312796488
-29.32610741012752
-19.745248308414354
-26.629436315469665
-24.8700839416571
-27.43133948822491
-20.08557073253985
-23.864225306013736
-18.524203072792506
-24.736234080432865
-23.62168803482804
-14.282277702162315
-31.722977260395318
-22.05192644928024
-20.339697756631246
-20.503119502668575
-27.761536182179256
-23.167866923747532
-25.111275701417714
-20.670467497042164
-23.00614491429003
-21.202977629857966
-24.51237203404115
-27.119991001025394
-25.67313582054118
-24.61564202170896
-29.322664817566764
-28.21509258308352
-23.405485718878378
-23.139811473159927
-24.0733194468391
-25.330358079324384
-27.616720865515347
-24.167756423045155
-28.70037711310908
-20.822961715304547
-22.38737393763878
-26.87619316943942
-22.862541268975228
-24.708516309926317
-28.268999380047283
-23.26688827934733
-17.42148521125363
-18.624373253186032
-20.680140216541915
-27.606267543044098
-21.58888974572686
-24.491202362697216
-28.369012242226038
-25.908912465964427
-25.371843331105715
-29.651404589610344
-25.32004637298206
-28.19370560686503
-30.771431137458727
-26.749912149178613
-23.669254220434535
-25.083065655541567
-20.856574688034183
-23.111796274339437
-21.017608240257285
-25.678644336018994
-23.38511036809048
-26.78543376048425
-19.854233112478195
-24.67827880027492
-24.48471803385514
-22.931041286913253
-24.487853523893403
-27.259731282459846
-26.140251755611253
-23.58135693769604
-26.728840910559175
-18.161796695784993
-22.922021540007464
-28.301580490577535
-23.84586164430971
-14.68454661280369
-20.475391572645144
-19.452051394181467
-25.34972434792485
-16.876533494561883
-19.644626018877098
-18.1149583758134
-26.338369397097097
-27.98275800532317
-29.779166155371804
-29.88869723687207
-23.535359802482077
-28.431778734467972
-25.548479739285476
-28.784213955626065
-27.810621265681206
-27.425665866656097
-27.049979996504046
-24.112171137885856
-26.26941417832331
-26.73767118157796
-19.793573307981518
-25.466726369946272
-24.403661832631833
-23.859273893998843
-24.12840889641397
-26.533918766044213
-22.307657234320896
-29.61860387979728
-23.17049520494886
-28.360762784059254
-25.528017499154224
-25.77947479334946
-25.176206735644815
-20.806102375287672
-26.166046302864245
-21.099096049550276
-22.2279315848939
-19.736868074576396
-21.570705901886647
-21.192987912112677
-23.82693703978258
-24.13827616846345
-27.66401908484198
-31.383757621328268
-26.58837444740912
-24.8949701539658
-20.117771995444848
-20.671317240812318
-20.225337457671188
-25.596199829172477
-20.139708006982143
-25.247902433276494
-18.609050669324073
-22.202631095721145
-31.146344520987075
-20.09268612975809
-26.76303240652729
-29.91853395756781
-16.985173247772394
-15.367611350693064
-25.709574425399463
-26.20387329847188
-21.824520749431056
-22.960089218383725
-19.991406973362707
-25.18890594689578
-30.484280430588925
-20.80168537565512
-19.995921823069565
-21.514131097743807
-19.993207572018214
-18.824350528940123
-25.145592568957877
-21.556706969503157
-19.208363351013467
-27.39878062230148
-29.291255532740884
-29.34032613397543
-26.563576751927013
-19.59412805257729
-30.14299037970763
-25.135006901795293
-21.059245508989697
-25.88893630468545
-28.816343751813516
-26.29140525814507
-23.153884777339975
-26.145982947519194
-28.46077043766222
-23.451858552418003
-21.756683048745895
-26.022961450361876
-21.482638824273643
-25.758823639544907
-23.761519093860564
-20.825624202584525
-27.709154961730963
-27.754027434945833
-31.275056628354776
-24.995588205163592
-29.484241131181594
-27.028109318922127
-22.690593243296973
-26.03428564072534
-18.41823359501034
-27.41716843649602
-20.0459997809349
-32.30750676045582
-23.042730066636526
-26.076260652550843
-29.344538590551593
-21.85078704532295
-23.65775400381992
-17.63383817909052
-20.796880647178384
-19.897834886164425
-19.935962121680838
-24.710813426535417
-25.587461139929474
-22.52369783551284
-25.212589379588213
-25.576882743401967
-23.25158104644019
-23.75381287631423
-27.0847208748029
-22.988928245523056
-27.73440990688986
-26.86084849281059
-24.798923159762612
-30.319538890751257
-27.50662131049137
-25.69738384069564
-28.387127545125466
-24.078892569504053
-20.46686826935971
-23.38253791283513
-30.492737263065088
-27.858211029851482
-25.41956747519004
-20.658030408163132
-22.76836067551994
-18.194455295533253
-13.34212585180093
-25.18975967791245
-32.83205027504505
-24.829369098624475
-22.318523816551895
-20.738334506676143
-21.160149703600865
-17.38018693999685
-25.432871491581007
-25.482961978490398
-22.3648959751243
-19.790041284361862
-23.07739578311086
-27.773941037165766
-19.731045812128734
-26.24869978267113
-21.73799821123426
-29.851294548705773
-24.098625365489433
-22.260947982976827
-19.302025146816643
-30.004327403178348
-25.918858320040975
-20.52703921494903
-23.558989422099422
-25.45599137161108
-25.76808537098843
-22.67190795340302
-28.587917554075773
-28.123946084635854
-22.127023559638236
-19.595388375840358
-23.57457835382258
-20.773162526407976
-22.137351308501778
-25.398804417895626
-22.158985219907784
-20.961957496083773
-24.945483899803374
-27.64206708113641
-18.370553183418767
-22.39542183997875
-26.40242396312889
-25.679820185778905
-23.99328108868862
-24.482051094253798
-25.453840155894273
-22.665270815379245
-18.435761885527498
-20.525311898001682
-19.042818534826644
-24.989703301076112
-27.057213179585556
-15.820029440939926
-26.551244765741295
-26.30356870913547
-29.25116344859246
-29.682522364375362
-26.66608629560396
-26.481551512778875
-20.631292042339528
-19.809042602253314
-19.017273997398263
-20.712473612515094
-28.107203099353587
-28.814784846920737
-18.106465710808376
-26.085835672189262
-18.867376785085703
-23.038134953076018
-23.03858662094614
-22.453654405115387
-24.318359077947573
-19.27077711315585
-21.101393442022548
-17.035528862721044
-25.321570760661317
-19.825917150565772
-23.01366722988361
-26.534850788382734
-24.02122846644195
-23.345253652953154
-20.515638784632984
-30.179280690330746
-25.5942453696593
-22.1097465108905
-23.518216604392677
-23.303772823839825
-27.71366868977796
-29.312497115796784
-31.07751771223851
-22.230177122139434
-23.32481749668296
-24.28224265148038
-27.360509123874106
-29.247429039549512
-27.190096246171947
-25.04568345795642
-23.2834943600499
-22.801475060690233
-27.789142297923906
-27.765172573756136
-25.85193395620888
-19.28440834950694
-27.86244005402427
-22.300908721358326
-28.01108841630817
-25.040156350021007
-22.09728488981668
-22.45807899407449
-26.561687613007116
-26.921035911441788
-24.73294961618631
-27.29046013721475
-28.596632058532272
-22.43776658173544
-26.698541622404772
-24.324659959657968
-28.33091818753882
-32.627690891491476
-34.84027576177425
-26.417961523639153
-26.588059739378032
-29.738566110969337
-19.541008122516327
-26.96889174014248
-22.473947364309954
-28.666608222963795
-22.41668088024554
-23.664037988376172
-23.04989467039121
-19.540940316841652
-28.236518296294214
-24.580122153921472
-24.154500370673574
-25.142496114115445
-28.917730191657462
-22.571828935023095
-25.476808159701992
-25.50579912576122
-31.87679588186634
-23.52118929743417
-20.969141726536616
-25.44979601857652
-22.436041859120525
-19.29627653644925
-26.91070217143828
-29.36581895341319
-28.69913769140726
-24.23854024361135
-24.016364581498017
-25.207855824353413
-24.46066147138044
-26.069260661660074
-21.60065640592806
-25.506090831548164
-18.861705802305764
-13.376718163640499
-18.327256105465082
-22.377987365513256
-24.841104230732373
-21.80172450517862
-17.60359914470331
-32.27387816437762
-32.83116491786981
-21.763411642427556
-23.661437302354557
-25.20593074453728
-23.691545714580283
-22.062739692422884
-27.908160735679083
-27.025839398598926
-18.130965728298037
-24.533655171976
-24.703731841990518
-19.409543107243973
-24.649581263241604
-21.08948203643704
-30.29435164360454
-28.465131223239858
-32.606597120130075
-24.77133334226674
-22.255402493299442
-20.23071884509801
-24.433850699909016
-25.42868533063179
-22.654068960387118
-27.19430707611074
-32.51213252975233
-29.97741113460323
-27.608435231494457
-20.640852828042142
-27.86578210885911
-23.9030452931636
-28.529345799912083
-30.773003710659914
-17.92548960603729
-18.07317982542807
-24.130694205598857
-20.267893440335648
-26.95562639014371
-29.8951684910729
-25.194863138329925
-23.100859394975604
-24.83018966522168
-23.914815818653608
-25.405860842624442
-23.62955816447097
-16.639282833376818
-16.451587502794023
-19.94968572822954
-21.374558873913653
-28.04199663704865
-20.888793717640116
-17.160799060883082
-18.548683703963167
-24.317209623426855
-23.015113087993896
-22.85090110813279
-24.3699354465138
-28.467714085029435
-22.82646670860018
-24.964397396539265
-25.052653424760393
-24.669385086435813
-22.47265603454003
-25.596444733544395
-24.907022951630495
-24.625140669282985
-28.551944666622596
-25.078479554801152
-27.887380813994348
-21.855144822224357
-29.728313262402544
-31.23583222219853
-17.451159219989584
-18.891896776140293
-26.89400534886655
-18.73842039996911
-20.16811923524565
-16.95222054151876
-25.450423685526214
-25.94201748174894
-22.36028903122908
-19.433360313040325
-27.56133812196623
-24.994857812477733
-25.070465961621927
-22.96362075881104
-20.370007765272817
-28.79224523995174
-17.619576590329164
-28.69520791052969
-26.572001008276544
-18.446102251731045
-27.132308584223868
-22.68584679911929
-25.03815813977958
-28.154594818972846
-24.826228991554757
-23.417726083967253
-22.94746745394251
-19.254787183040122
-26.964592535899396
-20.732041808519018
-20.91923182508595
-18.793413840946563
-26.82320376308858
-26.998655664672565
-19.82873163811137
-29.641522195253472
-18.062065626181838
-17.275556938486936
-29.289918055154537
-25.712587442810943
-26.459692434394846
-23.113597393436837
-24.72095151804658
-28.641253810451147
-29.74525799414562
-31.30148569796613
-28.594096410899215
-30.807108713927448
-30.71661985011654
-31.86693084850823
-29.1817006329812
-24.117462049479062
-29.914869239908377
-22.682887574120553
-18.439203648952486
-26.788121786738653
-24.045821942407024
-27.588836058124006
-22.971611828619388
-20.471974882698838
-23.800214585764337
-21.228406032919718
-19.565813434239885
-27.68791541988754
-27.921922816396357
-25.835606489199186
-19.782144144359794
-26.701990339610365
-25.992183507484636
-30.8500137071142
-26.598187405616475
-21.618971161811537
-26.19929510396132
-23.450731939593023
-23.437842226139043
-22.516420069179503
-29.16827759154237
-21.939395349293306
-24.58891947152684
-22.189599026680902
-21.378768164284327
-25.948952026728378
-22.598384623896997
-26.122633526618394
-21.47198423873882
-22.321053744931127
-21.632336323456062
-21.30536778886083
-25.82083532245639
-21.70846343117824
-24.532135121938722
-25.294092147001507
-28.41954618078181
-21.474199603075366
-24.07657802326448
-25.572792788572208
-24.010247872395844
-24.371455753170416
-25.92122315304321
-25.601211045747338
-27.427514040756538
-20.920064308865747
-27.407793494562867
-26.265990662187253
-27.162372205149648
-26.235658015590108
-26.347402204321344
-28.9838713069654
-20.458162363088956
-20.838500773857483
-19.45762026463295
-24.258514628995897
-24.93979470474261
-24.769151277075064
-23.503288603509393
-25.11702606998387
-23.13220834672743
-26.05576829715826
-24.403020142464158
-30.323954842357267
-29.51683845428346
-26.1411106989556
-26.325603700454288
-25.615962451549557
-25.74701934670795
-27.615553030270753
-27.474950442572133
-18.143429688067258
-23.572834410624523
-27.25680656239069
-25.33502341331817
-25.241179065872736
-25.518677060088184
-24.103321334792952
-28.502335662709974
-30.368845489432854
-26.384101847136293
-26.331870615419085
-25.191930327973893
-27.56725791952427
-23.733877747481376
-26.440027574664228
-20.478251606105637
-26.021292616545487
-26.664603176568303
-25.757259031022308
-27.639171256086662
-24.6112483364989
-15.583029570584513
-17.968051772093386
-17.65041987632843
-28.838584635079467
-19.139987882062353
-26.354354887996966
-23.21358812350538
-27.50322755838658
-22.985411506195394
-24.65751736789351
-24.914466161091713
-22.89274254078958
-20.831809883681505
-20.53592334932678
-18.910667368184978
-22.565976672244297
-23.883394262001865
-27.865358365219013
-23.891992894641003
-19.59437336963063
-20.94904992378791
-18.4823767002665
-25.70062360842221
-23.181280172369654
-18.763275678539863
-26.139735226155324
-21.22253679418659
-23.752112387551723
-22.615005476814844
-22.279562783300147
-21.822493656728398
-22.20783787869277
-24.173539510267087
-25.74012124097038
-23.761895752287877
-24.713565340463543
-23.209156215345075
-18.70360698532102
-24.197281024816043
-23.463578264200006
-26.367689869490494
-22.728198429589696
-21.916351482378268
-18.973070475081535
-23.417120460201147
-23.383148060225977
-31.267741382601066
-30.138913985999572
-24.788824643220835
-25.410893306063052
-29.630879667043097
-28.370544249498913
-32.263990291145724
-25.068673685794444
-27.711737007661082
-26.72257176840554
-16.275225545175953
-25.377531341408577
-18.145362824669014
-23.638095555080515
-20.768499193166292
-21.287239546131214
-25.907355566672287
-29.110502353411274
-28.612691281665438
-26.870794900717517
-23.795187728371342
-24.996148311719644
-20.15688921289342
-29.67701020396461
-29.90077333689085
-26.115877525032715
-19.896238877706697
-20.058220591129054
-20.562215638426604
-21.5209777665377
-23.929920707585087
-29.442598833355095
-21.683412789065216
-27.148892217222475
-18.45129820325254
-30.1327491246387
-22.110525693697223
-27.06190244546368
-20.42571528078916
-24.108788354196307
-27.381339763132818
-26.02629279666947
-24.65669098802553
-25.689232455179237
-24.264156639972782
-25.01585422606658
-23.479354537949128
-25.55301749511855
-27.452834211029888
-14.814986915223642
-29.877547549335407
-20.717776642545534
-20.983571389249043
-21.313320573601523
-25.433675410718052
-29.329184212733676
-27.879034593877883
-20.86459813554454
-23.78782672286371
-27.527966439254765
-24.96808761910404
-26.518332983383328
-23.60557577157335
-24.620910016949903
-25.74455061323481
-28.12964271280237
-29.726388966030633
-27.792486746541453
-24.6232304426511
-27.718481382083937
-25.280976039124358
-26.89671370549845
-25.904649690956845
-28.16695185757991
-26.870083314215947
-25.583286457995534
-24.354293530685624
-20.92399524146306
-19.97843717096984
-26.32542915954241
-22.702352312493616
-28.116767520118717
-24.736552072813186
-26.180120186547445
-25.106595344587056
-23.46547840473326
-28.31758246905907
-29.87134081805795
-32.17268946822254
-18.853088421111313
-20.07617779439723
-23.611359240394346
-27.472869026587894
-21.98469316002727
-23.59803245134008
-24.35594202644637
-21.52013543202473
-28.480502020669494
-24.462963260532238
-23.430394873817832
-22.097528918235916
-29.75792896862762
-23.706402158243563
-24.82370186538476
-22.946914273286815
-32.78511718665683
-27.769873172515947
-27.76295543299849
-25.194769176795354
-23.103799817297
-27.73404379681363
-25.496966849964434
-16.493909523313043
-21.07291527307686
-24.509706982025396
-23.556713732747646
-28.43325523277001
-22.168203464010833
-26.204432821729753
-19.81351001064818
-26.496990882596048
-21.193233313800356
-26.51910857874779
-17.588566657025005
-22.454872159173295
-29.68059382412894
-18.017082118090016
-20.684574757078543
-30.372550513017604
-26.318033864008523
-21.198447322530498
-25.04651145902724
-29.045841791189844
-24.401441717727693
-23.115784273238667
-23.622879762893085
-24.39153838853925
-23.210074739434603
-20.85457558950754
-27.830309104553596
-29.321333074343805
-23.96906973320578
-24.182707823084392
-18.591775450418233
-29.80455538542078
-29.078903540134206
-28.825865649192075
-27.973547491077962
-28.300053907791277
-26.304549221994563
-30.204889995041817
-24.33142981876491
-25.675321775256986
-28.986987903992087
-20.359996315581224
-26.569867059323812
-27.288290051362537
-26.015877279763934
-21.965405376064695
-26.427631394910346
-22.02571671310257
-20.220305185295537
-22.72610272836577
-28.335349091897648
-26.398907315774174
-28.59474371308142
-20.61086039309187
-27.94225047947685
-18.442634798628056
-24.802814864549102
-28.80824067523608
-23.60411409198372
-28.2880833091981
-25.01711762304947
-26.854343999301374
-25.616247375697892
-21.878641652052636
-27.505518944538366
-27.88311930674955
-27.076792907989578
-23.074490324382303
-23.90419055150624
-28.889142957007238
-28.162431611919846
-27.58131614273368
-22.473320817661996
-27.3720634790267
-30.598252071606577
-28.13753018143362
-25.34697514815058
-15.762765821848236
-20.98383076134901
-26.77229767042512
-25.538264687509137
-25.302591348103658
-22.173825573044834
-21.33126577872059
-18.01737401363073
-19.982096924871783
-28.946013590982748
-26.43214103399799
-23.849221150058487
-24.034782582028214
-23.21099977172832
-25.934667751977223
-29.006137408154128
-23.69221921812788
-23.086406911926687
-23.03102920708727
-26.465157034927426
-22.536324165173195
-24.824510341695134
-20.23730733760559
-25.824671956350354
-30.924676883509015
-29.48131100600845
-26.793576125469976
-26.46890291965155
-20.149158795023954
-22.457948291275763
-26.188979898060225
-18.9876943809488
-18.250873054039616
-16.60100726076726
-19.80613597637756
-19.327672758257766
-21.417651905402156
-21.165249295968017
-25.5989523755152
-24.746404362373355
-20.578736907384073
-26.5780012657976
-26.336844874231254
-26.806646863049906
-29.211399870604655
-27.57709285974352
-28.077916781838432
-28.046100000386577
-31.695921870393867
-20.592391110321483
-21.233600414345396
-19.591593203614085
-25.828870442018868
-18.466663550666585
-21.907641951310914
-24.857016307779084
-24.643907320784482
-27.64186881547535
-28.08360201617443
-28.170563325047574
-29.65011426754851
-26.661510063590445
-22.23472937869721
-26.508211181133664
-22.679928860282892
-23.50632570770439
-20.227252065862462
-23.728872245476822
-26.54728933871598
-24.42841389091294
-25.095767883824113
-28.049416835940157
-21.149624225471456
-18.494476064917162
-23.255606184111905
-25.906225777193264
-25.298181777535383
-25.334735076408528
-23.620628483046904
-25.767977040673127
-24.438737310616684
-28.20938825946415
-17.806206497918087
-21.065214968126924
-26.119779291701832
-31.057022960335424
-28.271332935059647
-25.762251760163903
-28.123816889691398
-19.23303346368183
-20.876960732747
-23.344328600577402
-26.950106079517422
-23.47892700608388
-23.06869851507348
-24.277282035107554
-26.967847977684933
-30.148546335085673
-22.942367570612532
-30.39343381986144
-14.75896039387208
-28.737875931516143
-20.30958255656165
-22.90159229614111
-22.05350663821143
-24.72577004975682
-25.97664492798695
-27.97350668704467
-27.199045096058157
-23.36465573167922
-25.30133621564528
-21.862389565543566
-21.416940642223523
-20.301239118351653
-28.713181145332413
-19.17391085040412
-22.648828437300818
-23.73695010874878
-20.82771295072702
-26.599607989357075
-24.215949158802577
-21.720464462629728
-18.69359623406686
-27.93459057464488
-26.14996030226555
-27.35420337089034
-23.792071944678874
-24.381014054370226
-24.649431998967778
-26.21504797234811
-27.307831612734454
-23.128472557391348
-27.211910079191515
-20.56773679573449
-26.031603173021193
-24.221704339178842
-19.150547233773263
-17.466911927661638
-20.413038717314382
-21.41779691367196
-28.326298486666957
-31.92637361200233
-27.25954964841632
-28.305481527861986
-23.896858952812423
-24.19585154440613
-24.732027877772794
-25.19192870464272
-23.6958655600252
-24.33164060809489
-24.852847576630182
-22.45673067341333
-26.143358468552584
-25.146579679798247
-18.179951442484843
-25.368703130639233
-18.35653083031707
-23.497063373490853
-21.655181650903724
-23.63396664604315
-20.42063234116644
-18.801651937983678
-23.744973018498733
-26.510164392842846
-24.95258612817681
-25.33705038073358
-25.62150095249895
-26.244642352290853
-25.66527338841319
-26.888642272588363
-24.104650039344726
-24.962512632968398
-23.95118739687319
-22.75633163907726
-26.867818953346326
-23.977805905364946
-26.306941029991982
-24.41708848085682
-22.04906396244167
-21.636888619897114
-27.218090567120246
-22.47127631980951
-20.49589124233804
-27.194726677556012
-16.507354034062253
-24.555044367834373
-15.936618328138373
-16.918207693783096
-20.251622742754307
-27.15192902161619
-19.762806481829955
-23.68554405850687
-20.471611578510007
-22.004964447522028
-20.72989992053885
-15.646082702401308
-25.77479988885897
-25.51966990882759
-31.257645576984057
-28.91775937352366
-20.914171123083648
-23.156280787122917
-22.54016518510653
-24.73117392394517
-23.56091140938427
-21.86343022788023
-22.318569250002227
-32.49604745035703
-23.435099450780513
-27.02518454464218
-25.5538649749473
-28.56268535955581
-20.411525864387475
-26.665870368491042
-26.93951001057772
-25.265151770834954
-24.454030536142252
-22.931042765001255
-26.494634207810368
-27.860481553834887
-24.776101054156015
-23.996727670881334
-23.90411534432656
-28.137725379353302
-23.66652754084997
-18.92727075543437
-21.608457426783655
-18.344418101978164
-26.470976861881827
-25.54672087359393
-27.21166090546777
-26.087269579156917
-21.682945026565832
-18.479020835938833
-27.203040157091625
-29.230231174881773
-26.30942550469567
-20.521843618620775
-23.611128825770116
-29.755577244494937
-23.21255332484587
-34.20751823905331
-24.788734043377193
-24.232967167505574
-29.274564552463257
-15.557258054876533
-22.844624185293103
-20.70937472519601
-13.501951401620946
-22.105002112778184
-20.89918810792067
-24.200034568859177
-26.10183927284727
-22.76966812545806
-21.62898583058339
-26.238564464815884
-26.958319329080965
-26.914108073194686
-20.746790625856583
-22.08068931198659
-23.212175050249733
-19.88742736585724
-29.892876499676483
-27.539662364264913
-22.402268600802497
-19.8626872866405
-21.561241875427648
-16.855933348839706
-24.46288389657682
-26.446166473296152
-26.903092682574094
-24.330409120022047
-29.108079939439946
-21.844192690444196
-24.096286222238724
-29.005963599756917
-18.468033140454878
-27.764546103764538
-30.36688511735857
-30.389408610717325
-18.87958688424935
-26.938067707243903
-28.646702073611845
-25.962025044294723
-28.186467977825714
-17.626634012874018
-19.84706573736108
-27.581349786808104
-25.48475585127967
-19.889755832692853
-21.090086602988364
-26.456485448457105
-22.747402072442696
-19.223845251060624
-17.616492249599574
-22.636734071587053
-20.881774396039102
-25.473563669036732
-23.521575310028076
-29.412386439032698
-26.377975483542198
-26.717734544502758
-29.962478489647918
-20.073862732984633
-25.61385893095872
-27.039376771944006
-24.086346990411062
-28.635184092949196
-18.999769595540823
-21.181395813654625
-22.0761329213868
-17.50740418364976
-23.897285653010954
-19.789826784386726
-27.656345991115685
-26.152460526467387
-24.6637760237996
-25.412804735898856
-22.10962127117339
-25.96577238020054
-23.908293036015287
-26.34188969026028
-24.82250251162851
-21.4900882664181
-31.26042043167636
-26.184988186054518
-29.064725149155993
-22.741777257712712
-25.57126398768848
-30.469085568474792
-27.73069854889971
-21.709529484256358
-23.247295720737412
-26.664942824479873
-18.612088705190594
-19.132575384991057
-22.20324112008793
-24.95116949270364
-21.1386452690488
-21.240514693926645
-30.624633475635246
-23.10244150139642
-23.721803371808758
-27.271450160748735
-30.82695339778528
-25.766414034040974
-23.882486579505724
-29.934221181275408
-26.871871237208847
-21.84109989993008
-21.33719846111883
-21.738587390092896
-19.19469499375279
-24.32996915729588
-23.08923047565331
-22.341845519928942
-22.8623257038624
-26.96060941127434
-26.762319660549416
-25.02679038270957
-25.68928526558789
-21.4505077009511
-20.142130452766438
-21.814961545225675
-20.663063116959435
-25.85593864525906
-25.300091367951065
-27.553249368985167
-23.364806981662078
-22.07327466306501
-24.03203009666679
-23.348266826746183
-25.40801498272245
-24.24830548975628
-25.68143240223216
-27.0989239484429
-28.17204539883054
-28.70711196160996
-23.753830772976986
-15.709643251543596
-27.802060366089684
-23.92592032909809
-28.49953503375515
-25.58535518939006
-23.684048410901237
-22.38563054182745
-22.317427833448157
-24.849791060839653
-29.429563316409272
-25.09678626860866
-20.92700653938271
-19.300060082491726
-25.216343816623695
-22.644178420996084
-28.295850216126226
-21.605385539556153
-26.96296485363206
-22.97330655382831
-18.99682778085975
-25.021504896027306
-19.74046229149582
-22.93973316207281
-23.176255688554868
-20.843058557330522
-19.53906077307186
-21.999364328394766
-18.009015881547754
-27.576377884978776
-23.697193144613934
-27.241706915021908
-23.62591918395976
-24.622562640537172
-29.05369800282642
-27.186362217063746
-23.1153178188345
-19.931919288008242
-27.627991532694494
-26.907492509913457
-23.278184406219044
-25.06829573680518
-23.325990012516613
-20.3375491812997
-17.524177597734447
-22.37124702058264
-23.362197840551644
-21.073291787565534
-24.751846826206982
-28.54163567339488
-15.435345398375588
-24.40094273546632
-29.699371942583245
-26.670549630555342
-16.94458055146455
-22.215003037662928
-28.77450648658446
-30.076232794216832
-29.0003631728022
-23.48868098002982
-17.30268775467755
-22.369337720447405
-25.994163536627738
-26.55999638119461
-26.031657447534734
-26.08680068575931
-22.43580298733488
-22.89382656389805
-25.690873869570087
-27.378380299488047
-29.900384931215786
-17.79246418964202
-30.39523159053668
-19.769422759673347
-18.376872178815603
-24.27676413828347
-24.61283140099356
-24.029152762442937
-24.94099457675929
-22.260032167816135
-25.293256095601492
-20.732295237858345
-26.177368376708205
-31.125408164447016
-26.719328820423936
-27.115456913651848
-25.46484227694824
-25.018813144360575
-22.60213412999761
-23.46653940391759
-24.22369840695346
-28.456966411045315
-22.420483081794558
-19.679666612948882
-20.32333229896889
-19.798488623751304
-23.48840179983278
-24.144681293636495
-23.89001996315875
-27.671720050483586
-29.82469137910033
-29.335851940258234
-28.363824299802438
-24.84084844649014
-29.03368262993496
-29.999828631644398
-29.834676481184236
-16.94534675914958
-31.921909101979374
-18.318726887038743
-18.58154881635433
-22.517013563160923
-21.62975312851528
-24.47458159051759
-25.41562890923492
-21.838514047123347
-28.24786471850738
-27.079071845512495
-21.426581359224947
-27.227963180250242
-27.879600150182394
-29.422923734135082
-23.799299172918612
-24.943494450343096
-28.38854011934342
-26.543166843825368
-26.33318477806366
-29.362012320655595
-19.88240867390264
-27.83699010004258
-29.885811537390797
-25.792216696420386
-30.34334866206973
-29.717913835412393
-21.291820853740006
-23.6119889980436
-19.70170215207999
-24.376151931700967
-26.60774836373262
-27.411846531359476
-26.88017669574335
-24.496155473888912
-25.18603975993909
-29.417539221236748
-24.735324851467713
-20.99002453487209
-20.03919229306014
-20.37483205564458
-28.918158541860887
-27.529447796000795
-29.359862974136306
-25.532519644169568
-24.82804798212634
-16.717872690233165
-24.757544366165405
-28.704587118591714
-18.044085435332324
-21.228739287170512
-27.324830256615755
-20.91356553705947
-22.99240522450807
-24.440614180219914
-20.870348492130937
-21.382092963830523
-23.063316230696532
-27.56435444095972
-33.21247997142447
-24.725277229788162
-20.35216676976695
-29.106879162491243
-23.829279505087634
-27.4993524004382
-23.626403303724643
-23.55083294682914
-24.606150068065094
-30.854645700785905
-25.40445879298392
-25.464943307440585
-18.680994404511015
-19.283169911565295
-19.78732984958223
-24.394720643387878
-26.200547606400804
-24.29185684028247
-16.96963595771444
-23.843585062674027
-23.927340411633523
-25.96467741508069
-24.217732988897232
-21.980560332093447
-29.7010194675317
-30.512933681203656
-21.243546157045596
-21.089636842557756
-22.978546192869914
-22.018762906221614
-30.129476852617003
-18.835011832569528
-19.488741741798364
-20.355779560429824
-19.775395771602348
-25.516074896517548
-30.798677127650038
-23.677887433494792
-25.709944034454587
-21.893049948357262
-26.687538729194305
-22.48787168784175
-22.6359112160697
-20.745527297719747
-26.86151023146717
-20.122601090873708
-22.434623629805685
-20.534490510702966
-29.59820106177911
-21.5359428336036
-29.236735766133062
-21.571044139682158
-29.05783730276379
-19.427705321774848
-17.636717160095817
-27.52023423472898
-21.868096331009802
-24.599995224357034
-27.82612182885704
-20.92925896118404
-22.919368707972623
-28.050646023847488
-24.140370483202243
-18.13611474357131
-26.81377592083162
-25.085775603738377
-22.68329853783558
-20.796899342512383
-29.696342738803548
-25.50301890896984
-20.328429731725066
-25.813453073909727
-23.631471370303156
-24.678646705348218
-20.99051730794795
-27.915301905094736
-20.202388167311106
-25.673678602069913
-26.61791969319858
-26.352347097759644
-21.700658467643215
-28.49457221827485
-28.62687362962675
-27.946180947551827
-22.068749028117885
-27.9183068561786
-21.673580666563943
-23.442290284715863
-22.39654515448349
-20.835346072290662
-22.691707290961524
-26.128058004335788
-19.689705435866674
-19.22888846337466
-20.93427577846184
-30.316213527709664
-17.762167970107452
-21.421473552452472
-25.364653439543552
-20.39716095569699
-22.464421850650652
-22.05458349599104
-27.39047125457415
-26.69707910203315
-24.046655488559146
-21.72183121550061
-31.849827412886196
-30.82452401509761
-15.593619401376692
-23.088394487340057
-20.912462601175843
-19.234197905556975
-23.310838070113846
-25.815328580902687
-23.12413321015166
-22.141962316240054
-24.103110291436153
-25.51846285355324
-27.147283746812878
-24.926626594286095
-26.67702694853697
-25.58388762168375
-18.156608533418623
-22.033799075704643
-25.277179305725696
-23.00238484566788
-16.23405002859162
-25.734037354697154
-30.9190017370456
-22.875795107095517
-31.989432265338024
-24.705355023049673
-30.115780561302756
-17.237483666304637
-23.602604871762775
-21.119870168743034
-33.75220467222545
-26.578018741009185
-19.023701071911873
-21.84496297302492
-22.77686780867994
-24.337264819103993
-26.87404674935988
-24.709535452004687
-22.43757456748117
-31.437502858261784
-25.413131842689754
-18.71539649176129
-22.16901160534292
-24.784581052908834
-27.800982544970488
-27.05898543884852
-17.957518340862535
-12.075892118611579
-18.65049601722145
-21.181066599373622
-22.99485268178018
-19.524856916782436
-19.546417258012937
-23.414299614678608
-29.678260227893688
-26.484651548779247
-21.35188905910541
-19.852808473858936
-28.90877945220932
-22.687054616409537
-29.266278673246497
-27.18002497975681
-28.31007295333925
-24.250285504307183
-19.044953715458885
-21.504843191088348
-25.124775800429383
-22.512046231956354
-21.604080492692837
-21.325048805205157
-19.44505161770636
-28.650007996998568
-22.702102411526376
-18.730416978288876
-24.97626964019362
-24.9961900286
-24.564221014520395
-23.99232092953264
-22.638317143280254
-23.490542560752605
-21.311492634992003
-16.035399877386006
-23.998498289601855
-24.05222783286321
-25.600696090396575
-24.469007086012894
-22.71155624596316
-27.602562951083062
-22.322406251202086
-24.674549302903035
-30.884075568380624
-33.53445634888928
-23.24955404080376
-29.34459703959552
-27.56497204639622
-28.619442372193262
-21.329711540821087
-23.11569077797878
-26.183115837675476
-20.908902941519
-26.589859272463215
-29.344038152369734
-25.011476191030553
-22.07902180041102
-24.456280997585274
-25.49092183070474
-15.241703233865993
-24.437884971445175
-17.071328833109447
-27.569308724297134
-20.490233048426905
-20.73704858026722
-23.116737895925286
-26.098555239760493
-27.393258335826964
-26.393094354566458
-26.191988679948917
-25.763733807914555
-25.531561860810985
-20.57125838078975
-22.3227739191292
-25.335446789856185
-28.38269982669328
-28.346239227128283
-20.746595877342106
-25.35099305268487
-23.529217632689765
-17.435298815752997
-30.10876800110224
-19.820913494239925
-24.058120265030176
-16.674186986645893
-29.44233254343107
-23.37891673682177
-26.917196185767445
-26.297545264372346
-23.519532912400795
-27.487689218123798
-26.34652713947013
-19.634908219472557
-25.197842100326188
-26.46843353384992
-25.973494175819482
-25.139058628634032
-22.50269945393639
-23.950049513171535
-28.978133122002944
-22.871019301901768
-19.110926402152153
-25.2803294061523
-26.055797627099302
-28.15264868418774
-29.664779200720837
-25.8012819310529
-19.12756796338237
-26.022003690852223
-28.640142974138143
-30.181030625309692
-21.360616238693694
-26.048634529411988
-19.000065259750027
-19.25960373462017
-19.615811725660095
-18.718829589510133
-18.32222756587783
-28.63018893756418
-22.581438897740416
-20.406381586289548
-19.76634812003148
-25.903769052017903
-19.10818227394283
-24.963983692724202
-18.661981782012838
-23.981522287228074
-27.099270518702973
-26.952961686304153
-22.34520585739555
-23.818373575491172
-23.871337050283902
-22.879864749472734
-29.065534454553177
-23.361632079071043
-22.652229257603572
-19.223400691587695
-20.122125757947256
-19.34490748207488
-29.207217970255158
-20.855975768581352
-22.43541857278131
-27.797698364693055
-26.754629447680333
-23.455913710635485
-23.24967617621774
-21.86552445543357
-21.59599827665937
-22.49670917004926
-32.694580706399904
-27.81124333282787
-28.168770375604794
-18.277163031621306
-26.23618462305763
-22.968588428534545
-27.154717716009447
-23.941879706115834
-21.8379083266151
-29.19866451829286
-26.4352361071269
-23.312949428315534
-28.85773240831233
-23.831724621496853
-25.082792707682785
-21.761737527354313
-24.80819820962033
-23.43647297913815
-28.33581181544936
-20.68654384649104
-30.65862853596407
-21.6300927711713
-31.49755674735452
-24.590907442263937
-28.98750183093592
-25.7821585407454
-21.746942334913392
-22.734562192220604
-28.208090342684045
-31.754400216663207
-24.265892468481347
-23.940243178563176
-26.448211116777152
-20.280202957554256
-22.91976905700047
-18.560031149168413
-22.175274279653554
-20.70707794691306
-25.851594331793493
-28.833419489556757
-19.69255566104728
-21.37010643379203
-24.92506981639594
-25.526889625919587
-23.237607994628895
-26.425456876534618
-30.03038285427767
-18.750601857499127
-28.670833088704907
-29.807249819856327
-24.160370268239546
-26.847064068544135
-23.90300503110241
-22.45855343691211
-29.773816865602083
-22.186690833425487
-25.356101206458348
-22.789388863344463
-27.029227775076514
-29.314740725414566
-17.719485310822993
-15.400872330232758
-21.15520110404991
-18.69977182793967
-21.057854992784016
-25.170887971159054
-30.024500238179918
-29.127909621237023
-25.730310212941045
-26.43427073560795
-22.687135476278478
-26.860390045162816
-25.539281837859797
-33.89158185234307
-25.778727666727804
-27.05336076304058
-26.328430564186483
-29.346672720955304
-27.05626269362112
-27.232980565105848
-25.278873352975626
-23.546311813020477
-25.52513365138917
-23.412859059654334
-25.332924097357107
-25.67969952495068
-25.529294162437708
-22.06979997375302
-24.504125807390906
-27.85875026507815
-21.20472387908286
-30.36437422022768
-25.71755086839799
-27.34992540875382
-25.813475848382225
-22.734518399733382
-23.407253384544987
-27.687943943484385
-22.337103523708606
-18.70607095913469
-27.693795836032116
-16.658432913166425
-26.22799450322561
-15.514580558772982
-20.410276500445317
-24.236899434627507
-23.998470227727232
-22.47404576512932
-25.537456776544104
-27.291001928077797
-21.390111702461386
-27.44217528699199
-20.27067259724484
-20.932838200604355
-18.992109203444578
-28.861158187732695
-28.421100236904685
-25.509155405947265
-30.420879124225035
-18.620007803873282
-24.334538406353133
-22.77463187618222
-25.487474006836386
-25.717829270253162
-21.865554527777434
-28.30797603680174
-30.594579187962033
-23.285749895287104
-28.092785850486163
-22.398534953227248
-19.237838263110667
-26.989802529667173
-23.921213872321303
-30.382293294643638
-20.894015975229717
-21.990206255327557
-20.034009605890386
-18.505407625621835
-28.146555338970217
-16.557332640429717
-26.102047370818198
-14.8836609636508
-25.17195862698248
-19.762734255457406
-27.240600873166283
-25.4509093204271
-25.50845395377837
-27.96872497141037
-24.625018286700733
-21.672460541079726
-23.568013360589546
-22.629050403460127
-26.431436844754
-21.568610478668248
-25.64070824404231
-20.725755303198433
-31.646274911718287
-27.399885899147502
-22.056292420302324
-25.562280666247332
-24.167250002629373
-24.043376779931016
-22.810665206759165
-32.45417543744986
-29.94982579299054
-18.670388136526846
-20.654314535854546
-19.667273524642646
-23.281294611713413
-28.29743927603947
-28.05521770763236
-24.75623295280536
-27.590191253217462
-21.34136757898554
-22.832703913392802
-27.081654488478925
-29.552688104458966
-21.264793118184272
-24.23523349900443
-20.775388314787808
-22.850718492619382
-18.941720899672326
-21.423402056930883
-26.798627175486416
-30.653491108378383
-22.747453309960502
-25.763055907200304
-22.906343032276034
-18.321605296081657
-17.606760807895984
-19.07651237990473
-29.338765654957808
-25.887136243404058
-23.05265796591051
-28.038237714778504
-23.582721451976344
-25.236945540833283
-24.625006714251576
-26.85569032511284
-26.99301537136661
-28.149903514852202
-23.452678222425735
-25.121252059005343
-28.481157694708923
-24.219723403419895
-25.184086282032403
-23.993774341732628
-20.15016275946501
-21.70035123228651
-24.368630972779634
-18.201761489597192
-25.923280732790865
-29.854289942907457
-27.14999972601341
-16.671734262726137
-24.672224460399747
-21.78242959337262
-26.052591506369026
-24.257370320311935
-28.764078790083026
-28.356812723761166
-23.305016963782
-23.7574163667698
-22.40235141531673
-19.709599305904383
-25.596558220130063
-25.883878736148667
-22.330949602092545
-24.986172631912947
-20.46661461463054
-25.350181129419408
-25.6808034801923
-24.871723375759576
-25.070649422971233
-22.13404131115381
-25.69848257273486
-24.55947891310462
-20.288621072270725
-22.8579514508385
-28.483523549918694
-23.191310038627428
-20.664353502589403
-29.18826094617667
-19.496747440598828
-20.062765361838892
-24.37288906624392
-26.34627682454113
-24.76528397485691
-27.028497431205714
-23.92879266043218
-24.403435176158947
-22.490711580931716
-23.282443337761087
-25.146484939395243
-26.750296211340945
-25.598019941619345
-27.313863572094775
-22.1464500833526
-27.935071560340134
-26.595444285537994
-23.58316062906061
-23.63135416539112
-25.328123292583886
-25.583815556488823
-24.38934371708341
-22.940478400409365
-22.02542961204761
-19.96559131075864
-19.52103898588282
-17.322850951431818
-24.488315219875968
-25.105585349735456
-16.729287002193825
-29.01858798668971
-25.535118540090156
-28.689626118195633
-22.118029508126085
-21.516317932274035
-27.043404786616204
-18.036744178265558
-27.62887221621019
-26.611105267526074
-24.28689946032047
-24.076441978904686
-20.772963707694153
-32.606596292306385
-24.324326326294482
-25.223708417981086
-28.23047714794596
-21.520130049344452
-20.014377566230706
-22.32097290930459
-20.708349573711363
-23.629270688624068
-23.98149672856713
-20.286666925691158
-24.33309017544057
-25.13011032471897
-32.891506549745344
-28.242562564046104
-29.492246635585232
-26.326544586848765
-24.96969313312936
-22.466730607737134
-21.88848196024572
-25.433577709351205
-26.580769007453945
-25.253252899047045
-25.83632129786272
-30.601612485683614
-26.83829035821182
-23.403621072067843
-26.802497836828014
-23.653351551338655
-25.80205732777297
-25.852865740261095
-21.663760024556282
-25.842396297783846
-29.207915748565043
-26.429044677824407
-26.016578594431966
-17.73163429789819
-20.19892530045124
-29.610956443102957
-21.582459157550662
-32.017604580570946
-28.925010981365904
-27.443868066098574
-26.9552177604134
-24.484965939684677
-27.910909675817766
-25.711354606964214
-24.695319084509734
-22.498453067391196
-28.031993960964247
-26.570618874295462
-24.576310007934506
-22.2671147738709
-23.399285525033246
-23.136404626709407
-29.16938356484288
-24.944478895316177
-32.38156273150002
-27.481964538179454
-26.399891038013273
-19.83778748954767
-24.628542034663596
-22.394608133003707
-22.578550425556383
-31.661385730822474
-21.76590393408503
-18.25280063956013
-23.032351794098787
-20.844431420235434
-26.63639359389195
-23.78543019655776
-26.614907751480235
-19.087817063295788
-30.005401908205464
-21.0416382501753
-21.19365019584319
-21.251609586547946
-20.359742604322495
-22.23497404127017
-22.979895688957
-19.387959036593607
-24.917837969442665
-21.329268579181115
-21.02011389356608
-20.476339410926936
-21.546320808745875
-24.63060737034121
-27.207435900444437
-25.059146351559157
-22.846457794691865
-18.393443454687294
-29.36278325698311
-26.734947395243253
-23.74435669051962
-31.388652859729
-18.339165848003052
-26.791711021877504
-28.375420230351047
-26.27905219206707
-22.881046527382253
-24.702445015008294
-20.167140039270237
-25.26350526568928
-19.923581665215814
-21.658965612169
-21.582077890366254
-18.71933612506667
-24.176584646034758
-27.797174216241373
-32.551973497275384
-25.353391817141812
-19.36624529362751
-27.487925693538447
-23.4171104769005
-25.906340055154576
-26.96856214410302
-23.05986911580264
-23.395172049680458
-28.259020205531847
-26.50976587123605
-27.08288450347525
-25.327801536858757
-27.08307112880099
-17.44131232335744
-22.649360422452258
-29.076028763367514
-22.117395130466086
-23.013375442443746
-23.616334285013423
-25.343248323114867
-23.735052515963126
-31.524453566558865
-24.213523566057546
-28.833193586670724
-21.30222596471232
-13.01155277838252
-20.167836387314
-22.603500947102745
-23.242577516275
-21.362092437512505
-22.370093053934696
-25.445239680380865
-23.39748019473283
-23.68466550708231
-32.20693491534795
-25.202699545031404
-25.29492102995819
-20.37075333039158
-24.206203654515285
-28.2050195164365
-25.984005043545224
-22.65189534493699
-23.99182524546888
-24.77833803711331
-30.574070318859846
-26.15153776525286
-25.144279533912442
-28.068915789267535
-29.075797638162314
-28.256683027060802
-20.267774150462003
-26.41831571896997
-26.066387662733256
-22.631072512549892
-21.25629139211405
-17.340683181191125
-28.259728935858256
-23.760134602401642
-23.9442694582053
-27.863709679328643
-26.259399564463465
-28.58258814197427
-25.636406056760617
-20.46605740355163
-22.502843458557134
-24.864793280239702
-24.574179073450157
-26.83847537062605
-23.044253266242162
-18.486360889362487
-27.81563456071651
-11.885201554679565
-30.18829197149622
-31.350128972545917
-25.99268864896063
-23.60401470594299
-24.262075178891806
-23.322732802238498
-30.968558299137364
-26.3531108925027
-30.00955200063657
-21.93101071061632
-20.296698578262312
-24.936508994071215
-18.196218639042463
-19.14942807384585
-31.094224426557403
-23.119765166168484
-28.87476187853904
-27.264095068146872
-26.429435684487355
-28.810670022281258
-26.26625794358144
-19.106201303770316
-24.233738055865118
-20.487414369744876
-21.80311957510288
-17.2180983519935
-21.68036325346533
-24.29050859698
-24.679315866411
-19.839979571196793
-26.148387493905865
-28.050365522684324
-28.367458880475617
-25.770586939581797
-26.547651468500817
-15.611335086471403
-22.558615676794492
-26.76281595197888
-17.715402887712923
-18.67999223752177
-21.11573890500564
-28.08414342245345
-21.87837186484022
-24.18190030696562
-31.138485713155173
-18.80166768871404
-22.342963364252597
-27.263662940848235
-28.979615968829957
-26.069164742251267
-30.792950964362532
-25.86908838454433
-19.430161600040357
-26.919149440935552
-31.475055901274818
-26.75434133274699
-21.44882195762514
-22.26755671063578
-27.871677372979676
-32.856903648914326
-27.838643093970145
-25.148812625481124
-21.412309543610792
-21.772260957725525
-23.819041587514242
-28.36361490415553
-29.370118402440244
-21.07268476832191
-21.971541730065987
-27.451193367935225
-19.834208684799698
-22.599406009530554
-27.681037716307795
-18.636611804332194
-19.031694160398654
-24.02713950995951
-29.896247612987743
-26.432583430908352
-26.34626161830001
-17.379359741643498
-24.127629268378243
-26.116470004755413
-26.727746449047874
-25.604383806260874
-23.705833193052083
-22.75672449087937
-22.952133269931913
-23.7741956063402
-28.694137718075503
-22.2869164379618
-25.05528873030142
-21.841914215836248
-27.62695480851233
-23.461093029943704
-23.50127781863652
-19.19505370559782
-29.059091436618324
-29.380245738708425
-28.220082852261
-26.155098770029923
-27.798819642262657
-28.664233180756753
-23.270909927385002
-25.713131194225817
-18.50666228844547
-17.707722986796956
-26.236277524636716
-23.955396627575414
-26.74049117788364
-25.594045161936567
-23.17594626530388
-17.267925262582285
-23.656726941834876
-26.263809305797473
-16.30626897610063
-15.735614683312441
-22.677890592222006
-22.12408241923498
-31.857502127184205
-30.56179262977707
-26.59653972774854
-23.971264813507815
-21.346712858877662
-18.61468413670423
-25.57886963116302
-21.074234963523356
-30.658699765705713
-24.63015666044672
-26.063422955531422
-24.274442243732025
-26.9409242212259
-24.717676237882255
-31.533218665636184
-30.200768463809045
-23.557363654822144
-21.3678808454314
-21.102711886985723
-24.20366309237486
-27.304809038108953
-27.510793155090568
-24.082128672955577
-17.03019517186608
-20.81451713827259
-23.735516123624354
-29.52455572722949
-18.828098741427706
-27.22893572740813
-27.528372393924585
-22.740664928463485
-27.074677769677535
-22.892783140253762
-19.188168243635722
-20.2416258806504
-23.335710269542528
-27.421874725149827
-24.589648784246076
-26.468615677359512
-27.237256737548815
-27.64575856007865
-22.68262228304349
-20.10521015708583
-22.61365361805071
-24.273433875906974
-24.623219760543563
-21.52464154732639
-22.273900393708686
-24.081849352078272
-21.650560007631153
-31.258354940676405
-27.786927951943206
-23.015030123360635
-16.94048410746341
-22.744933556805083
-25.497632704493803
-19.338726001119536
-27.668162588420678
-18.773447870633202
-26.78721562334254
-24.02582487398752
-23.343513387078946
-15.271423504709903
-22.21357907663093
-17.415913399023342
-23.547360090302583
-22.70407713040994
-25.48342717215814
-19.216883415488354
-25.31810935040425
-26.834293197889803
-24.842202264520047
-25.169620141843634
-27.616304575882772
-28.231798057513966
-22.27092816270881
-26.660684398519624
-26.611560242835218
-23.344630982001352
-25.464054625938473
-21.83782274295109
-29.797516572005893
-26.3488743533916
-24.994562903934508
-22.008127152287628
-23.837317506908207
-28.45273566113189
-22.88981197039065
-24.98321375583965
-25.14987021514409
-23.38799921097475
-23.829615831703176
-25.844746613016287
-15.840933647237753
-21.367096820841113
-24.07342505260427
-28.95231036171057
-25.453172643753792
-26.079972060238866
-24.771403392389594
-18.668588701331558
-26.853082623323065
-19.299350908637
-21.711598597858128
-23.81857723827311
-27.70860230968516
-29.957658819276894
-21.197536342782286
-16.619441115763657
-28.753116181251862
-24.60309122030102
-24.947092244936236
-20.873433794603017
-24.840764683306944
-26.537346520633918
-29.838759023871944
-20.098641975618225
-26.726446890240055
-23.99769485948066
-25.505493230509803
-22.756796261748917
-18.13590659642819
-29.059245199558852
-24.39124904596833
-22.777706017749924
-24.41096562644655
-24.699057506357946
-25.46701721883575
-30.437349352282517
-25.006034828744944
-22.65931188004472
-23.376524740762214
-24.895059739929344
-28.11044544444671
-26.047979868864015
-24.01246203390467
-26.11434280981072
-27.241971135618286
-23.022269120443134
-26.057254812870752
-24.153050179860294
-24.11453841593049
-23.149335229831035
-28.539017418590888
-20.668393231707615
-20.26342420808274
-22.69591262558366
-26.803416835942176
-23.358398618128746
-26.82872187384105
-21.370821173502048
-19.32530374114252
-21.367272088973785
-21.144128275441762
-30.025857693258516
-21.836141518608862
-18.226757722059904
-27.51995697307949
-27.0560833365357
-19.908308795626507
-23.216020252664833
-36.47408361351338
-26.736256496203215
-29.448489757250872
-26.268769734920085
-24.166599202523123
-31.785897954434997
-29.46828606843807
-27.223928582867984
-30.870756821884477
-26.190920659048672
-33.071140480747694
-20.191784538370158
-28.21041229888185
-23.551535752526284
-18.799131629685167
-21.662653538520537
-24.076391648759696
-26.978410548546776
-33.649212248234285
-28.074228219544985
-25.241696398779336
-25.371527560785143
-22.322924993436054
-22.05999611365018
-27.79259875484369
-26.42757969261035
-27.10121257253618
-25.039852882865375
-20.864395952730064
-22.6890440917553
-20.24956432258723
-30.823321379196926
-26.653795514940736
-30.041484789761753
-30.22103839327909
-27.268128355603103
-28.24741131169536
-25.682178051888545
-26.743132315453426
-19.05688313556099
-27.903944906497777
-22.417929405377706
-23.67348463743361
-24.20706085420226
-25.43400880378392
-26.70458084477836
-22.52683779571276
-23.139694337558637
-26.900030295886403
-28.908716414335956
-23.941266034557742
-28.906826342462445
-26.131672143794578
-22.511902705003465
-19.500894378364404
-18.179516524506347
-19.856717114886415
-28.064439914504085
-26.17707583909662
-25.79738905350595
-24.951889579353967
-27.639618714390807
-17.284409324183933
-24.02542588071718
-21.5710086216556
-28.41695537007172
-28.150644072866722
-21.866775532248113
-23.681049161225076
-23.082524059213416
-27.007159620663405
-23.32682800197875
-31.76597475700499
-30.227685607128198
-15.186952444034137
-19.65678352981479
-18.67509875565333
-20.61527827797113
-18.4867621806108
-22.180618540224344
-21.345553590139218
-25.75378122643572
-26.31990181325104
-30.37707052884877
-23.11636163242445
-24.146949461350875
-25.48357463570775
-23.23515416955238
-26.27483675073473
-21.526408752607242
-25.637794841011452
-28.765534558802006
-26.182093719121475
-23.311827725151037
-25.522188931570845
-22.98246071317957
-25.019426807538128
-21.173767722175146
-28.470860435417237
-24.86208749899643
-17.3379128124112
-17.472066952183525
-23.769835045946248
-22.385918585742584
-18.993918305480275
-26.6115127117185
-20.551830390512606
-20.525729087303738
-32.47271344938986
-23.49746715115426
-23.221536272060938
-22.937922057335314
-22.136068715284168
-24.196952709857314
-21.47420419367149
-25.879170586984714
-23.403752571716097
-22.40201507514877
-28.573586971620138
-27.571025581965266
-20.329100024296725
-19.27457386886522
-23.771937057027266
-24.08019253430833
-25.162867186062446
-28.177466199922463
-23.441414424990693
-27.139335415477007
-17.100865550459083
-21.98912750350868
-17.912622988652004
-28.443388940143898
