-17.764556381791113
-10.142408892403914
-6.810699272951381
-17.325572354650717
-13.772251998463034
-14.409521250790316
-22.951130986444667
-11.4996887430508
-11.279677512747087
-16.25990697046733
-10.454602941833295
-7.721847190516266
-12.775239946670466
-8.353087472397895
-17.20907034693064
-21.581502679437467
-19.963901172409262
-21.975445896645276
-17.607183823365457
-18.899932745401486
-9.59945183259705
-13.208424538706286
-14.335891646205923
-13.583473329409864
-16.17565422206561
-12.305969999628976
-11.678960687307852
-17.780608532068335
-18.262227387312635
-13.819102513587447
-18.24683647427555
-6.705333311342894
-9.715198328249716
-15.516617315372269
-14.293188522956195
-13.083836388706507
-10.335659555332604
-8.492464931065532
-7.837358017781006
-15.72319416022928
-13.730628596591222
-13.292253916594857
-9.504157157303693
-11.434753295590202
-6.001328352130241
-20.60041065294243
-5.1228809008467096
-12.964823990977226
-19.86114892614795
-29.457806952396588
-29.033307452344474
-24.775838923113593
-16.03349263867388
-17.77527660802308
-14.827922323277074
-14.690115764141364
-20.829432576947667
-16.936378630439044
-23.313930037046873
-20.293369508422877
-21.80793085260436
-16.019795830188848
-20.88926993968346
-15.166989458921712
-9.227739535283382
-8.241545148010276
-15.879676913726962
-4.85716924689679
-12.6325993362687
-10.216078406412379
-15.568110734017925
-17.323590540517884
-14.717357004802135
-13.02973715523051
-17.575498525106887
-21.048856116762632
-16.66401738447574
-18.697506183810905
-13.28016538068696
-14.745446526865916
-13.937187768621587
-24.784429267667928
-21.101057823260142
-20.20757900237834
-18.623740018391636
-19.689311644843286
-17.03091093884847
-20.96569337165687
-16.82096362586821
-19.11463524860666
-19.510255683386443
-24.884144134467782
-23.063402989619
-19.33512676003746
-13.988204470370297
-20.112842975867615
-18.560484640115835
-17.13414115809552
-25.39158345616289
-13.244378428210844
-13.125459154653148
-15.916829948658517
-9.815589865177252
-16.899290118293553
-17.143195512769623
-17.276928376966183
-16.964963888896616
-15.673472002752208
-16.39188171757874
-17.52558952721408
-17.543953816894106
-23.40409462011688
-17.89988235683595
-16.79285587646191
-20.58286182358784
-22.376358117392073
-12.354092124289938
-19.63218086692641
-14.899034907767454
-16.228145864431266
-16.142880887360626
-11.42566479974369
-10.15096754032347
-18.605572551989408
-23.018214629964035
-17.660618409686833
-18.504225930047816
-18.858826924176547
-16.702295138733025
-11.449443236288724
-19.20147572086886
-17.200952881856338
-18.536498813160083
-20.661555095236295
-22.858833437789386
-18.951023254282433
-21.73060787329592
-22.830513483114284
-21.04414071848311
-21.66593177502553
-20.629732390858283
-21.559363885533823
-22.460496396667963
-13.3811287453129
-13.027754518956309
-13.046580157223943
-18.47475210752154
-18.949201068571604
-22.004992854442936
-18.68979228414519
-20.492882396909685
-21.152196516976254
-20.262553610842243
-18.027855933280264
-13.466780761150424
-7.240701530884904
-10.878558922349308
-26.755334376580507
-22.87394019549597
-14.195233876251223
-22.727905651742148
-21.4535284089591
-22.57647122986868
-24.021526704764963
-18.36085645097219
-22.649031585500264
-21.25461098411199
-18.723114789140674
-22.24676219441305
-24.95049842720487
-27.91114587915782
-18.70980365526676
-19.250358112329433
-13.298262651202677
-12.836691525031402
-21.299261137827614
-17.55984782742111
-20.997400798367238
-17.70386208840399
-20.114055254636288
-19.596643961064757
-19.298434280920436
-12.149245110799562
-16.727688363371147
-14.583865375363112
-19.55435923574817
-13.497363993822919
-12.995183269605857
-13.008068526854366
-22.560673263301382
-16.169104546782314
-18.78669606125582
-6.241070581361798
-20.368280815718617
-22.99024053492571
-25.60265286336839
-23.541197052467645
-24.2008815232688
-22.541079179641567
-19.84276878687374
-26.929273910151778
-15.73599753332861
-25.214947168482475
-21.067050847487653
-19.89519121375246
-16.17094124618301
-17.035346263810883
-16.199859463626364
-16.325329269173118
-9.16742002138799
-14.125104448472324
-20.37869646624778
-20.388488352302737
-19.689607576227964
-23.007261378822726
-21.507207337913837
-19.527193870372145
-13.019727828561464
-20.578983116610964
-13.653037832869968
-19.95426026688612
-18.165854754409168
-16.601075074814446
-20.57909527438966
-20.962994401479275
-20.12495163416498
-17.354333006830124
-18.006022659434905
-18.971911484955257
-18.14302633798078
-17.208359490059937
-14.40751683081757
-13.976303830698537
-19.46671647152917
-22.269911475458514
-16.884849353631587
-16.8988839653802
-12.770622426446973
-18.68966548854145
-9.64286148860459
-13.961335609825056
-16.101341304995636
-21.797195276661153
-19.86748111371879
-12.812362475345049
-15.671440268126808
-20.931203812825654
-20.487642775168755
-9.994693667516051
-13.06814797908838
-12.371865591154744
-18.292876529951428
-23.577205981159636
-16.652963058567774
-17.907022089384824
-10.921802625636596
-19.58474003174893
-19.192631134905312
-17.907404029436844
-13.970112603482713
-14.012701112096861
-15.980187782941021
-15.2104334492529
-11.361278355680412
-7.822200004885453
-12.369362671342785
-15.887284531113073
-12.607678977048256
-14.367057294696755
-14.502738770181042
-14.07101911083497
-10.335269732480294
-22.125871423217916
-18.44640289043047
-16.441245969083862
-25.003865059623983
-18.723081394036363
-20.37040155298937
-19.89959900201637
-20.064162268812872
-18.937458302023266
-16.74269072348391
-17.742163326069534
-15.887856978834968
-19.78010063239133
-19.716510983774942
-17.871160088443624
-20.09645625029449
-22.84420902537267
-13.729487379874293
-19.210727595110534
-23.54453438043276
-20.146658698024375
-13.503390685816548
-20.1004743504831
-21.66262006726268
-16.117964198379315
-16.651118001001077
-10.060023240255509
-17.374492483855565
-16.522201439248832
-12.138112175029377
-21.42740254396439
-17.832049916697635
-16.256498576998464
-24.48713308479094
-18.745919435858436
-13.57223052909681
-18.492180789579585
-33.4323120176321
-18.863736305700225
-27.885240694905008
-19.783813602584704
-22.29524387067673
-20.433993091663954
-23.87068395504407
-21.7179590581291
-20.774573462552468
-10.034308509575368
-18.929798971945523
-18.018641370673976
-22.296090116811342
-20.783235022298076
-24.432815907099783
-17.920334439632665
-30.368901988813892
-17.307184094456865
-19.619768090156235
-17.734133791169768
-19.05444056812926
-21.25049839157808
-20.170074424737216
-13.850933225608802
-20.00923407002962
-18.220558679328292
-17.29962309307991
-19.922575901922077
-17.434284819225272
-21.190623535530115
-10.30941560157128
-24.855910136780537
-21.952817434183395
-24.090943224914493
-20.050570587155615
-18.634505945451572
-19.93939164829005
-21.863597834662613
-15.550160246801637
-21.5309758574709
-17.568488472661766
-18.39833285557778
-16.599196533470273
-13.623717192097233
-14.53388272437506
-17.310887270312
-19.05176193141865
-18.1941966377291
-13.722445037343688
-26.178926206043883
-20.350845520496772
-20.263225357734825
-19.274954291731913
-12.374114122932788
-27.586693196325243
-17.098519769602184
-14.393386374888692
-19.954503132813695
-24.907038634330817
-14.9866266420167
-28.389200802805142
-12.813105162765241
-18.560894964675406
-19.53402110156729
-8.038056813639674
-16.901857790622678
-16.521548217114905
-16.401373280436527
-20.217610860052858
-8.033799107447095
-18.563215000729333
-12.758162483346723
-19.821089179927718
-21.00728311923689
-17.220991329325766
-16.066431242136968
-18.896966208952925
-10.511757867952696
-17.779211052476366
-21.19068342180693
-15.980980681765264
-21.13015089596916
-16.731628113186233
-18.688715936482488
-20.855863536218195
-15.888357356408388
-23.659435714241805
-18.592376738069817
-12.257735540366141
-21.89519924233646
-17.316490739652714
-23.860199978914174
-14.667938463295197
-16.261934320824537
-19.54800222236213
-20.554458785081742
-20.774844264056927
-20.795212377474147
-14.692997104292743
-17.33387860594041
-24.040215312339754
-21.432679814119084
-17.764138489263598
-22.79492459814301
-18.56637852317968
-20.58697079577776
-12.383377281685803
-18.271611743008837
-21.874331619869228
-22.677281642398892
-22.256184059921388
-21.06344732119689
-12.73905377962517
-20.733308400482077
-23.93374523483359
-21.051619758117372
-20.51726970760475
-22.05502993678686
-22.658515086567547
-20.50407988678331
-21.416563496796865
-20.21396878496887
-21.210849206506737
-22.35103822463916
-21.672253994420952
-20.05662165328574
-19.35182137362148
-15.314201277800947
-16.08021930319588
-21.338561927186948
-23.9014660307649
-21.168864424598457
-25.670469056807818
-23.564590315940567
-15.225623357718522
-20.680460422109583
-20.91160304428652
-7.359920438931715
-22.9820230410955
-19.832762956261803
-15.064465801737162
-19.386822041600013
-23.87891584877798
-22.874425433532792
-20.83394287944063
-17.731048629616254
-23.4285666412979
-23.898815024298813
-24.88903640369447
-22.33304682260582
-18.61178150915647
-27.606080139195733
-24.659571929104807
-15.47821171012294
-16.501449503884416
-16.16026409202503
-17.555803438763057
-18.509708786004044
-16.713938116193155
-15.499843450431168
-27.039714151594396
-21.079790730750155
-12.888712276083083
-15.261829794424054
-15.195805550461575
-16.560370990073917
-22.33995935521874
-23.00588662716091
-20.151776422790448
-18.511549220327755
-19.8636244823076
-11.417505292421946
-15.605141045564965
-18.06766978362856
-13.951669059856604
-19.8764306334786
-10.111966527864556
-9.578112975252006
-10.195219189475287
-19.057877029748045
-18.477484849494367
-21.951322056369612
-19.095504409145097
-20.80611603092182
-22.499606182629577
-24.221597572462446
-16.890046769825194
-21.100986639100007
-16.70411077064597
-20.82810209212523
-16.20176005033848
-15.253496425441151
-19.36645198479595
-14.242565797254048
-17.361083977665366
-14.24244546400042
-17.919211262908163
-17.15254512575092
-19.84409737658097
-25.13719955871693
-20.239936933022545
-16.058067389347244
-20.295386336690758
-19.281595158415403
-18.315265978056473
-11.845605028155184
-23.367707392179593
-20.22041010909419
-24.97118862123974
-22.790502089013515
-20.03372173166644
-13.526105182112365
-21.205830490447276
-16.899406974811175
-22.268201492879562
-14.717715778664939
-16.329669163670452
-13.645960941458739
-11.95232257110855
-16.992689620485137
-18.31140488833319
-20.52229736377681
-24.989029391850597
-20.974478586542812
-13.495388495608646
-11.400323149223185
-15.937602987428104
-15.183938617398352
-20.031135668445817
-12.333707626327772
-11.232315518203434
-16.773157930388418
-16.740888406365336
-18.704602765361845
-19.65629740102858
-17.508428230270177
-16.921858512732637
-11.717662425906816
-11.230843568973782
-13.987930861567078
-17.07747134986432
-11.124925747624921
-12.597888745188023
-16.626534860347288
-17.43695440903629
-17.24300971622857
-19.32278419629765
-29.866216456265473
-19.032241357224812
-16.892277254194664
-17.639769861981478
-15.175164677265215
-20.170365193674368
-21.46480849913276
-16.403839287226766
-24.93740145473638
-14.28450664095898
-12.373723287956302
-18.291323870085588
-18.37194533432085
-11.686244625077558
-9.488228059647755
-19.59660082060839
-23.97097287533676
-17.55373306651772
-17.83534783172183
-21.192975788587045
-16.9780465096235
-13.516255138275529
-17.181812394358044
-30.364680591077118
-22.911378047219664
-21.230830345692826
-22.560895499146568
-21.862499324170223
-18.925186480240438
-21.935045303653162
-32.08050434929591
-28.451532548872716
-20.335367101385515
-20.236557235314322
-21.108221981726153
-16.677189930661793
-21.283853568555003
-23.247176104170315
-21.803517789626827
-19.691113921483687
-17.53980213249787
-28.218085631783776
-24.704473502842024
-30.171708077982007
-25.76287242375989
-25.586423440110035
-27.435481236773676
-15.477688657841306
-18.40152782006729
-24.29271545882564
-28.661721438218297
-25.25897226382592
-27.557831960883405
-24.31537803678285
-32.729985451248254
-24.356526467493172
-20.63217248823402
-27.435893581134426
-25.272974389632402
-14.134632444599596
-16.473051416727415
-13.977384851826438
-25.53572588144389
-20.86134338997349
-16.905248577707354
-18.506834069934932
-18.342862538147713
-20.63188976096322
-21.60179063055372
-25.713343045340142
-23.808834392770333
-16.50544506212385
-23.95925307255742
-19.52775032316208
-11.259806368971404
-25.4300105674432
-22.696153710843074
-22.612965298740498
-10.426398719447427
-21.537418956376236
-31.11325651460713
-26.89286061235309
-26.794344220056498
-21.242827151237424
-27.309638078273572
-25.0016491504843
-25.531445442227795
-28.352636779390487
-29.252796241400873
-28.601814205578602
-26.059521260085337
-30.32216564181133
-16.7215657924047
-21.5598181548623
-21.54986143463556
-15.614454170462093
-18.284697076614552
-16.320052393620745
-17.03547897343628
-21.03087262290463
-27.524316870358785
-20.714507833542722
-30.291371737854462
-28.573021486994428
-25.229509428224528
-13.02513882529588
-15.998933728633695
-15.905178515637779
-19.614966497858187
-17.464972673738185
-27.01898497945414
-18.58342284443245
-22.656802924484243
-16.93078040937525
-26.726941169482657
-22.691412016731267
-21.19731964921597
-18.040145935202442
-23.9027747431718
-15.558989203845407
-22.472035362240284
-19.32816380187869
-19.05199197750731
-15.981050419845706
-20.479420570517043
-17.17996102444281
-16.28929015328998
-17.1858073397312
-19.004039365440054
-18.058828780877803
-20.8373512756016
-20.019478878599305
-22.865405401163795
-20.939396415063214
-18.18683003616393
-11.124886373635642
-25.13573983793376
-13.23966137799802
-17.08775696712561
-17.830891122300343
-21.7791831243068
-17.010591204524836
-10.608717011434475
-23.297059594616613
-17.87269389467265
-17.551508890247028
-15.566232190562028
-13.28476342210653
-13.067696750526133
-17.54712556618558
-19.19229311820108
-15.090871349508705
-13.433215832613222
-16.47835444974719
-18.47095812811625
-17.320336048394722
-20.968835214483477
-23.66404861777121
-16.416816587927684
-16.57682193468154
-22.056608604323493
-15.97276584246389
-11.218037780810704
-20.759813120408182
-22.267359012095934
-18.528645161298122
-20.306066245929706
-22.876702952211872
-20.176190609910694
-18.028192324998617
-23.42220200271991
-10.555126388917238
-14.55264858916235
-23.148579554339285
-22.560416402219502
-15.089457497248098
-11.09388004361101
-18.481381570049773
-8.99378367684819
-16.968791113981286
-21.202243870745974
-23.200993201726092
-16.511933085532686
-13.229347307835534
-15.61494501881704
-22.1243203958089
-16.692044982765633
-18.096783488261767
-9.574566684895196
-12.037299439650715
-23.33553692040243
-15.563747417609399
-12.388710960154377
-8.75881981540461
-13.996114384616337
-6.0637218685022685
-15.440444948475324
-16.74754032497333
-17.015405229551682
-20.219210177587502
-13.495743411544298
-17.76155628454838
-13.04694898244652
-8.151431913045919
-29.33369389984809
-28.826392911929602
-18.76750588725522
-20.53743401410462
-15.966115068102823
-16.444636403093856
-20.122428609909772
-21.338459063030314
-23.06185573553671
-18.183229121526125
-22.094005464147543
-21.768041383477446
-15.869904305806607
-21.71882891930214
-25.68749786631788
-19.722309019422053
-18.103159333175437
-15.867690808290583
-24.908598585134392
-13.267439113928273
-18.443407382146987
-15.154492615180574
-19.385575306859934
-15.509997849116374
-16.574714226528055
-14.046176564056491
-14.09367906671449
-9.335310355798097
-14.256480116943282
-21.37895221341357
-21.089569221433567
-23.38143344998941
-18.38448086995499
-18.370159626207617
-16.84634405137676
-17.60191030182216
-13.476796629461678
-13.94561579472902
-21.110738082891825
-20.716881155718863
-21.50019791853334
-18.822757558759186
-21.124584471476624
-17.349055981156443
-13.079864949287908
-21.780219174761843
-21.375061533084654
-14.669349720721998
-7.281274355304214
-19.430183854335603
-22.298966808842934
-17.563196775040367
-21.12119436296031
-16.834602305253796
-17.878208128940877
-18.808371261829038
-14.845095351302101
-13.199184969076192
-12.436315949099876
-14.644824081488018
-19.307872214869185
-10.914764456888419
-20.788661020389828
-20.566538728049892
-19.841376612331874
-18.633293947146193
-15.966308326624493
-21.012024449969246
-17.305410720560744
-10.96949133590265
-17.453923993119723
-18.469540815095332
-12.998989769784647
-12.14869726130059
-24.213379268728684
-17.752629083127978
-11.747635714149993
-21.25945531408456
-12.95490275563066
-13.948807762766297
-17.510855958459253
-16.080084854320077
-24.988218080444405
-19.825319571708768
-24.846457127738123
-21.277402327518644
-14.296310154593105
-13.490637004969768
-21.803313372190438
-16.6044650298136
-10.936502286746755
-10.900766648162781
-16.802771934557022
-19.358817290687554
-23.365313130460155
-19.83085387032992
-17.80721716236407
-13.642635297067764
-16.632221455410605
-18.036805898727795
-17.377985668814183
-11.71384477425475
-21.560522704178638
-20.24236329704369
-16.088319482059333
-23.224956478849073
-17.104034823442237
-19.229282449328352
-14.058149045335153
-17.68260617474263
-21.728898814386767
-18.05085747606378
-10.750720817971409
-18.934645480324175
-15.520725204766414
-14.537706023399837
-15.29874822227049
-21.331846656142083
-19.867695647901872
-21.651557057515717
-16.34993659389201
-18.993835915176494
-11.900601553255683
-17.436144244723224
-19.479965441621104
-16.823935061954057
-20.50558824042861
-19.810491513898526
-8.420539643746544
-19.87464301321902
-20.518942277352302
-12.118284834523886
-18.15748617416397
-19.09744000453663
-15.501748652815989
-19.76958030910632
-17.217541812429893
-15.420899094187694
-9.059411944778098
-26.652452534849605
-20.698726825099243
-18.39960176180707
-17.25675283889182
-19.594763777628593
-20.848628375375146
-22.964508860236794
-19.133303910260345
-22.413992953618983
-20.24583169711784
-18.34398058702577
-22.626008319300862
-20.023103999455888
-19.633363438360785
-22.810255859295978
-16.429645913006542
-18.460310180476476
-15.244436581491637
-14.416190617208352
-21.00403419709584
-19.524649941486008
-21.668689145543766
-21.650955394676444
-27.985146716184058
-23.81298836032962
-26.55375489822821
-19.656300555727526
-19.68985667127936
-22.960007700435202
-18.386869544357015
-20.037905809675408
-18.8263434688996
-20.693463093367598
-16.375515881376366
-19.71213981989444
-17.72063024916186
-21.571242978128844
-20.771748857665717
-21.1899156368889
-16.695223933635287
-11.955108687846423
-15.864233338459064
-15.472002608388971
-19.238163832200996
-16.510716451783175
-14.966454161247617
-28.37186472539316
-13.324545073278655
-11.892264408470465
-14.57700996986963
-14.292922232349206
-19.511713652473105
-14.403408960836229
-13.652644529534733
-18.93104009063468
-15.795372274964187
-18.814676638370788
-15.925878350360119
-16.884389537430792
-9.067384861273666
-16.214221253366983
-15.665878587807505
-10.610369138535036
-11.67108329436974
-16.195719822780624
-22.391138359924124
-15.932797258737894
-16.891296063043516
-15.530612525986578
-16.29773016373903
-22.550846623567836
-12.801271415607038
-16.873683340637875
-13.740635215695889
-13.934470045257706
-14.41373273254785
-19.214566822795867
-17.413810164346355
-11.059251928507871
-8.633647616800618
-9.780760170067765
-15.18764252582192
-16.02835722911043
-13.669104934560043
-18.750765176188466
-14.00692153073262
-9.55432640324578
-13.708849692414516
-14.178305950634156
-15.860045332133298
-20.681301261439707
-14.230573176101444
-17.18979677533594
-13.556294963315715
-12.990529764012502
-13.79037318554782
-15.398146135185108
-19.045965449073282
-26.694742345334944
-18.53313649901728
-16.80945989080137
-23.42955196920924
-19.63352902208337
-20.42344797234223
-20.651283307168274
-23.58194124987047
-18.984558282447892
-15.784751670495359
-18.2361865938
-17.272594182545305
-25.05229928199705
-13.14016612900934
-20.738367912146398
-23.841131234338828
-20.53636082705214
-12.99384323555861
-13.811404488324456
-17.30510868667322
-14.233404222753038
-17.225674512152718
-21.970455129863822
-29.367390473267072
-25.74251078811036
-18.92838473161517
-19.095173256196823
-19.14809380437236
-9.797488087717737
-7.812989182345248
-21.174122042005536
-17.924277496259208
-15.7117827540812
-12.065557721906371
-17.106073294310953
-17.700714841613614
-25.258890306073475
-20.27281973297872
-22.361186163737756
-18.304903867904848
-16.242076202902243
-20.591766077008693
-19.26860165653102
-21.77380483346019
-13.943945700264294
-18.17891254218717
-13.123031611169806
-20.542586065451445
-12.321312718721748
-19.610758302391194
-18.178568310594216
-13.913869132578533
-24.344514119843065
-25.723023131038694
-26.566192722675424
-20.841504005319624
-14.339656586386347
-9.945212276898767
-12.079996890258819
-19.424938994117753
-17.976918451320685
-18.36810214410227
-14.35049760696609
-19.393237216779724
-17.174536068248592
-15.603556936656531
-21.40942562559745
-21.554430390429168
-18.414302762924258
-18.142575591132868
-15.217843180899864
-20.8199242521998
-10.646499170822175
-8.658698889035941
-10.204584817862399
-11.970641126919325
-16.628495202173337
-19.05112635032918
-15.110047758082855
-11.167537579406124
-13.87078304250116
-19.70855746861578
-15.803916964649662
-16.74474429418916
-12.438276428827066
-13.564461613861646
-25.88039080882079
-15.991750508554171
-16.2933786344104
-10.675481590604006
-11.808207535169064
-15.982932278235975
-7.19826529039255
-10.822956788969362
-14.506562023883507
-13.005859489285406
-8.464145957340905
-8.785961442826713
-12.453726027828596
-6.505560797662868
-15.191569763128413
-13.192581583954686
-14.941646222429394
-14.705605635736061
-14.77285373198949
-23.282560948000263
-13.720288651787637
-16.860669501535728
-16.484188764008636
-18.18782828539742
-14.271565675855854
-25.766923789773433
-21.742469486905843
-25.86583264796181
-23.163392805391823
-19.614942332942306
-10.362472655904636
-12.007650047782139
-17.058859830136885
-15.157501068909953
-11.542891178138989
-11.409977845563354
-22.182325834228195
-17.006875463137263
-16.71886323809461
-14.07180269533446
-15.501301535456571
-20.290786210080242
-19.725176989590498
-20.415674570749196
-10.525616420921773
-14.132075354561103
-8.319235686232721
-7.092805984063921
-11.691011047501537
-4.473030579039651
-21.823091347332635
-13.80892791449803
-14.805797421480108
-19.546992587409193
-14.082625385861567
-15.814534858909354
-19.327081058508675
-20.882971462321535
-6.770670059834353
-8.113200638569069
-13.197282650899052
-20.74857291857129
-15.60664344160438
-16.11597846210687
-15.223244890511866
-21.23840251509417
-13.60958718373259
-12.754424378193626
-8.988590304867488
-15.445714443620945
-23.42684411409664
-17.451806950536678
-18.300542183775594
-24.034592416964088
-15.574124285329173
-13.70079198853679
-16.806105643327587
-14.554140363755725
-12.263503137764053
-15.285235163460953
-19.344274136970167
-17.14431958175897
-19.039721226486254
-13.47382855978276
-18.411746019113796
-18.070412111220342
-15.336654996468127
-22.257950423252133
-16.633148744682494
-19.32615570500479
-18.51633475319599
-10.545365906505502
-17.422129891693345
-14.015186115731048
-14.127829271446682
-13.97443400631997
-14.774133343845833
-8.499755546968295
-18.264732689136604
-21.07959094825205
-19.55283976776094
-17.772426870377764
-15.450025589726774
-17.36868434957423
-19.083100585544923
-17.031618293684605
-13.996833669013913
-11.988176347155594
-12.777573717748623
-11.988571153073716
-10.568872629133073
-12.204455905802037
-18.176378104871738
-23.188021621356707
-8.950552084517579
-18.8522602317761
-12.630100835145681
-17.93155326596296
-12.207592513336817
-8.849149928565163
-6.031262304184489
-16.19699751262885
-15.777659130247526
-13.046473506888463
-13.46366628278673
-16.99471584130869
-13.371208205432756
-15.067230050991238
-15.98119343574614
-11.524048287016438
-12.271685155707958
-11.780469516807687
-12.268887676580317
-10.204423372122807
-20.20933484801206
-20.831305464937973
-20.064413343234122
-20.74777401429053
-23.880658124711417
-21.156978366301846
-14.833722986570345
-16.057158253849042
-10.28496567368083
-15.002062989695933
-12.924762179404727
-11.146200805986972
-7.746947252596308
-15.005127510966204
-10.245570095960659
-10.091683577622705
-14.398037718903602
-12.646506238288957
-26.39308900452776
-19.5766574887911
-20.046258372750007
-6.262942629208405
-19.422976861934348
-15.97776262480417
-16.821781881925823
-18.7828732021731
-22.20044819348977
-14.266555159686522
-17.628027641645104
-7.779351808845954
-14.836672867963662
-16.230254574940947
-15.051201272467678
-16.828019393320186
-12.183847064773426
-21.367476468739195
-17.251578013757253
-5.81301606179537
-23.629184956173066
-15.118354771991147
-11.59636706313574
-10.729107688893631
-7.042603019019191
-13.336093254091596
-12.220914804651802
-13.613229735238887
-12.509714982740721
-12.554697082502695
-16.404698023707326
-20.37844765636732
-6.596048901992391
-7.288794468457118
-13.195038777212758
-1.9303444470464721
-4.11927276108712
-11.421478006229892
-21.981926949179353
-15.801373008631662
-18.069685930155106
-17.753518202439967
-22.06757457959887
-21.82741160833656
-16.901342572869353
-21.32348806468371
-20.554825326179603
-8.675724833884342
-12.216582904104591
-11.106362305599488
-18.081010579826174
-18.80096175957602
-21.473089149050132
-13.565046313171043
-8.223564391453813
-12.15731340009415
-13.210742424169625
-10.324343496567865
-8.50770266553215
-10.164829749742152
-11.220234798604581
-19.364443334590828
-19.622077496444764
-13.216196228533951
-11.337517980347263
-12.330081193082393
-16.285544078774404
-7.614080700419375
-13.466165927180219
-18.86465916438838
-17.071589022832175
-16.482005519180248
-7.381187687367984
-17.799445163050812
-14.835229712042905
-13.993855618558914
-11.892874626202918
-14.322870059540254
-19.15599086554455
-17.196814636510368
-30.3991354894167
-21.978301437024644
-15.399137838486585
-16.01759385354368
-15.626682988313576
-22.48385021928377
-26.13851025836512
-17.506466571599034
-14.431937750365282
-15.705504955111838
-19.54353729497279
-16.661494995471827
-25.790517746520507
-15.823049380966815
-22.99431898050266
-20.454604926712072
-22.238815012887972
-18.23141119487435
-11.21236595016511
-20.064496420023836
-18.72155822058911
-13.878097571699405
-14.83627800285324
-14.465727779112685
-10.785994554459274
-12.58033436767279
-12.628252261804194
-10.074832018483754
-15.750535265102458
-11.311188909341707
-9.074551150549793
-9.35646465580001
-11.532838302263226
-15.685317343190778
-11.960133718845565
-18.35630932744378
-5.552640732427065
-10.258282157126045
-9.658764509495317
-15.087700207028762
-3.6546371192407503
-12.871819191273744
-6.052078215804328
-16.05894232116104
-11.443722229978318
-19.30279350848719
-17.34432708531885
-15.805101443167501
-11.426149103547768
-14.663541099627135
-16.35992117042263
-14.127330888474157
-15.84850662271618
-18.452160509254384
-17.017418765528166
-15.006930648171993
-13.426425270237562
-9.390120213324014
-11.691873453529704
-16.470184214999602
-17.300639740337036
-24.639588805045246
-12.071846731024818
-20.054856229713664
-15.79841760811103
-10.331311690593662
-12.732197468030908
-3.8004538643560277
-15.982690007968412
-15.6482630035057
-9.990996274140963
-14.561771268866265
-9.89114435425489
-19.445290481740702
-22.76187605861954
-26.73983694827748
-19.465470047832298
-10.286971883020957
-15.551704399805736
-19.502180227528505
-11.105551245043566
-16.557707216400335
-23.96069608559483
-10.723383530569265
-11.602068593183638
-15.618398240378914
-10.450180598246442
-13.136474947787596
-14.685582617613125
-17.312294740325765
-9.339888318605713
-15.333903359629444
-25.53728338265131
-15.02909572310692
-15.608839537642808
-17.34631150139029
-5.783181000900702
-11.549247409302739
-3.897035836431786
-18.53519598130391
-15.493385823779324
-12.486458562248345
-14.161047433181576
-20.48469557158227
-20.45987386836459
-16.663271056748517
-8.582621270078624
-11.517905594773971
-14.930064100743254
-13.220856856464449
-12.432321998972302
-16.4237722792304
-14.04908056496037
-10.81568264989755
-12.505038743451557
-9.019574721720675
-8.591982033686998
-10.337053876675874
-14.389001696789418
-16.237458957028313
-11.775652930483485
-10.189896763446365
-11.870336620873431
-11.042740235341778
-17.9773183515712
-7.263414131173714
-23.005920972291168
-17.235405941135866
-12.072046018262302
-14.129577578845403
-14.036544165541171
-10.035833244829771
-10.492170939235285
-13.331858449455362
-18.285124974651342
-12.823586842574567
-17.006712927975542
-20.415942472994658
-13.796083354437089
-14.638925885919392
-4.575106568870287
-18.83276874424543
-20.043478384004793
-22.609492117975783
-24.94946537601475
-19.847999938845923
-14.610044153740914
-14.052224195534283
-16.169241266114724
-15.201979941995285
-13.135691582657035
-18.25083795982341
-18.660478463080096
-9.832043628099884
-11.253038516617927
-7.437697602160668
-12.148575977398274
-10.563549849277534
-10.17806816218269
-13.466472404199255
-20.22356165783111
-15.795772120496112
-14.022097393758095
-14.859520080385073
-15.159905506596882
-17.086325051546698
-16.68994999131285
-11.559721886532095
-22.59851630858504
-19.541427216562248
-16.140173191061205
-17.760237495364876
-17.490448829456636
-22.09541994055638
-12.653729084581007
-10.433280395008282
-14.276974189844093
-15.350720952922394
-4.886659041491924
-21.875811186325684
-14.54737820276344
-21.637411131116156
-12.113245175826927
-16.3301601193815
-17.283634613613806
-16.843947021708313
-19.338583926630076
-18.208890755164504
-23.807658134950326
-23.28866382294125
-16.60547643495476
-18.90652911223158
-21.170393071712294
-11.5640706962064
-17.051751214774622
-20.65007787357413
-19.627472143019727
-18.98695131926885
-24.147041652504655
-22.024981105111237
-20.067096527751726
-22.991445232150777
-17.663955424762147
-16.830058495119793
-24.16315467133586
-25.18772032233523
-10.673389085539178
-22.25760874307839
-15.285697274433955
-18.72446912353097
-21.899716531746712
-21.653708067496815
-16.65144616848383
-15.730378951482894
-19.376822896881514
-23.08289881278495
-18.429796753770844
-21.62401864398067
-16.93095597359069
-21.743433153452322
-23.533210255209298
-22.047062058265094
-20.713642549024165
-21.6602425863711
-17.67305321121333
-23.197637193149276
-17.66872766293913
-23.671382531277892
-22.237212754852344
-21.081420681532297
-20.871535823286194
-11.274100014314522
-23.50159420380644
-13.035161290383064
-22.127208830545907
-19.830830534879524
-24.988680118730908
-15.0065234733286
-22.80043286955521
-19.529099379659485
-14.987131320599005
-22.73108131034348
-21.981424419962764
-15.75912385187005
-17.4919227930901
-18.154402081105236
-17.24280054743312
-9.99443511529944
-19.07495679166216
-12.858612050662039
-16.43581701668805
-18.918695965878285
-17.4397120891493
-15.624909566273157
-17.566048265925247
-21.437487896757233
-22.26821416704937
-20.509252155642063
-22.924666205895104
-19.883479471461243
-18.339656593932716
-23.584067819297026
-18.662750912353843
-22.29699382367988
-22.07788420024327
-16.685687254478967
-21.415254269151138
-6.931454260884041
-10.15523904554913
-15.588691326574104
-19.669779231325187
-18.901119382616766
-19.530887158444536
-15.959472218664933
-17.849064692800347
-22.596338228535558
-21.219063097378765
-21.650430246035306
-16.1616210905025
-15.139757473838241
-19.850375294476084
-16.064859745931393
-20.237385131940314
-21.06339022395963
-24.739102380672428
-18.842820805329627
-23.066189835114752
-18.7112525344913
-19.340970345681914
-18.9260298188023
-18.97566535872125
-18.24542512226543
-17.849155343974097
-11.347109395106083
-15.977865388568253
-24.568683702244513
-11.427247950534932
-11.838775631244676
-23.165627947749304
-8.183385445166087
-16.2038106500564
-21.528152060779856
-7.48464686217234
-20.021520081033835
-14.983780001196568
-6.44975534809844
-17.494527872641296
-7.795488173802957
-12.927070007644378
-11.336617866209012
-12.8357964402382
-7.941153764992559
-10.741561740258666
-10.016203778639895
-12.150042528305516
-12.094585910759923
-8.943296674262553
-12.894296548766075
-13.092520915182538
-17.718183645490832
-14.503453570184064
-11.50708333506384
-10.49105275735877
-8.350559674805812
-12.051466055914632
-17.954670936464236
-12.798213807265274
-15.428978343216832
-17.40239186078923
-14.186464027022568
-17.34097188652377
-16.242236896954665
-17.96012589466781
-17.58764357181013
-10.378147421017777
-12.622605569706003
-13.054291663262498
-15.602176785559392
-12.70069453538196
-23.058263437201518
-11.91740973862495
-18.706502944326612
-15.070017083728004
-16.65994862256273
-26.184938639073327
-19.49967168018389
-18.3833655022854
-15.704688284123359
-16.127464268085525
-23.425431945567976
-19.51907453911179
-20.735461224559028
-18.34790997982499
-12.226626641707595
-18.61350129269716
-23.01045022142086
-22.754090194668557
-16.992714891995846
-22.336226003994494
-19.63256130723733
-13.530369803584417
-17.858879453042455
-19.744110551003402
-18.29462853137168
-16.29334829677397
-14.586303376685514
-17.965079266883738
-14.095873152894127
-12.266704397800538
-20.870926635843144
-21.995787967401487
-20.698277307360684
-15.124500223381045
-16.116352552386374
-12.405157321154686
-13.94302139487283
-10.466539575318233
-11.476046268593084
-12.686774312976976
-13.421421408812241
-19.095435040310754
-24.02137981198976
-16.129532393502544
-17.85199313172797
-11.501492417061064
-14.321829219869205
-17.74251218833287
-18.026274857913634
-16.996566777242673
-18.129314436343282
-19.64940403732849
-16.676036731710408
-15.27915538700581
-14.168633025792841
-11.121078541417054
-19.287894558066863
-9.05946593607265
-8.1896773916867
-15.440951358150672
-16.171608189627857
-14.583785379613463
-15.744354807106204
-15.947657187864024
-15.417067692724276
-11.644920722857284
-17.901312118989036
-13.393775518637767
-13.303932638294024
-14.042323265252408
-27.13087645278549
-18.565941708083166
-17.9114579290918
-22.959197633196485
-24.144475686048093
-22.064626126861093
-22.2324398406563
-24.165215906856577
-19.62657423654027
-26.274217547238898
-21.601426325750154
-23.43059564551828
-25.389451456197538
-18.370156484009893
-17.648399457271463
-20.26327154818336
-21.477093450664416
-24.846608971004635
-23.457387456738438
-20.144586063498544
-18.070067589724452
-10.032573048603671
-19.43110518417892
-20.155564886150255
-11.390487073289613
-18.526386834007383
-15.145979304254064
-17.780968510951496
-18.399486721731215
-19.55268946193562
-15.6513483172194
-19.24619175144783
-18.25436533993962
-15.48789103453855
-13.546503787085147
-26.422485567879836
-21.74249383425698
-18.402686573793915
-29.530508701097574
-27.771311199625146
-24.292826567884767
-22.242649044398707
-23.74815921363563
-25.116565307946765
-25.366834783772415
-25.9287424734449
-30.967323341242977
-28.975771107830603
-24.71078323974898
-24.791062238963804
-23.639732321784503
-21.735355329720694
-30.272688881805006
-25.810067945745914
-24.637949637629195
-21.587727797222502
-21.089258171544504
-22.383338670679514
-22.708484797607326
-22.647114775432392
-19.036180930149364
-22.22403464392098
-25.148251687206024
-20.438856860192786
-22.982796828885828
-23.46577426207099
-11.572183873053094
-22.60302594214861
-24.972120174859676
-23.343738351060672
-14.283921695154588
-17.729005742855925
-26.870869309503615
-18.937117409606987
-28.77287121180626
-13.422344779311128
-15.505640748943389
-20.347751854992495
-16.78908560143292
-19.927840438066625
-15.846831862868044
-20.343416013911224
-12.3011027574081
-16.557870948247857
-18.422296280417168
-14.757638154259928
-15.647318639200655
-16.199478767706953
-14.178314289613972
-20.4917446027348
-12.877376413126711
-15.52328194736738
-7.375409588437702
-13.090318033076656
-14.770346617905894
-19.605733521522904
-13.036953146588036
-30.345021326889952
-16.74091189820448
-19.289453674049135
-15.72576352381444
-6.633890840822472
-15.923490858966895
-12.901336305480473
-13.205622275792043
-12.20949862586327
-14.785319986552008
-20.948966858017243
-12.357634780306324
-20.153734143009174
-21.421884401812825
-20.042223007719862
-23.260346659743057
-21.609377432012003
-15.26081945467488
-26.517763846087142
-13.586332566683195
-23.356188863491106
-22.418432242009544
-20.189809038171983
-18.47249083642424
-20.44246917245532
-9.772561335662024
-20.24521473267326
-16.87924012202256
-18.42673999284553
-18.339628380583214
-20.630905523224772
-15.410894587042765
-20.99341132799698
-14.458422755186788
-13.594617020950462
-14.419031307610267
-11.198813557549625
-8.728978767603502
-6.901139724981533
-13.009313977255726
-16.11651017802166
-8.03988317464821
-8.877509598737484
-11.965953264036722
-12.449351272815372
-8.912646063879206
-14.388180808528665
-11.868700145559039
-15.029411692377545
-18.756968284748083
-19.957287221743634
-14.260646402594272
-15.33224816758267
-20.440720386371535
-19.353948753538376
-16.294310451716175
-21.0925426475315
-15.39729554308783
-24.206252270418886
-18.506549509659955
-24.440688240485738
-26.00221886627449
-22.008836332699822
-28.90169030281566
-23.65506634212831
-20.307906947769087
-21.200656465057794
-20.71727537334144
-18.65223556597461
-16.414412558831632
-18.765096068689125
-5.233827377855492
-19.23564001193155
-6.880482859478904
-9.715827992445552
-12.48906008701206
-10.022146615464104
-5.729556787878538
-13.709201057909858
-20.38725874255976
-14.129832652162532
-14.482316205568763
-13.605989405475535
-14.811406527842985
-26.15525035869876
-10.920641282626908
-21.828978373015385
-11.132440895750758
-16.5822346882215
-5.488971700418087
-20.259915530297338
-18.64648130630306
-11.33477345343073
-14.102828787427818
-14.795784301801643
-15.80874322595369
-21.911075104840098
-16.166620295447714
-15.898715150149448
-12.369983967619817
-14.969711360119291
-22.1152254227941
-17.86710557396978
-20.714505988995228
-18.679444432443518
-24.13211527963965
-18.212492367763616
-21.177744171086097
-18.78394483635052
-21.649645459904825
-17.956793442434396
-12.261303281594508
-14.839383608603537
-17.08533942632655
-12.811841169836638
-13.294462298381799
-14.895452068699406
-11.09368213157961
-13.177832486938902
-16.50877498525785
-17.640142524584572
-13.681505485064235
-20.647049405724534
-18.288187814421025
-15.980189951576783
-15.821540730189717
-20.00821087610467
-15.114311698545494
-21.737629138518923
-18.51871211408273
-19.416091164825424
-19.17062587864453
-16.405902024558518
-18.35152720813691
-12.072949686405163
-14.371026170381406
-17.68090182231592
-11.888001186615167
-12.308594908441313
-18.500770036644198
-13.194208920543442
-18.205691546406072
-14.251812570854485
-18.995819353065283
-20.03378198162172
-21.299366425086106
-27.75465488075185
-25.630100682640887
-24.97276377335436
-21.521909762418332
-23.259421325556364
-22.865565733844647
-21.26043026397595
-26.138531854485926
-12.036511997459929
-18.547603201795575
-17.102265486132744
-19.278886364102032
-20.344692552248354
-14.7031657796834
-22.13321829504848
-21.500629694127102
-22.96734426464169
-23.398996827190835
-9.074815964333776
-20.652004428891303
-19.270463183560295
-29.6923301624306
-20.671788871802214
-20.466456784098405
-19.13655043849149
-17.317825032994392
-25.963447155154718
-22.11035627064333
-19.744220974419896
-11.088490445256653
-21.699462045488332
-22.688337996368375
-15.381364414654467
-14.056915893932208
-14.065980778812968
-18.554577898616103
-26.059284988448802
-19.225917927500475
-17.405777006397816
-16.894645000579786
-12.547463679121206
-17.047145356130024
-15.057207397531728
-14.067086458483288
-14.112632540010482
-15.628300099334925
-20.28820221065851
-18.076912259220194
-16.901667616381463
-20.980290860457366
-11.896295966704926
-17.13680749765532
-19.358228324528557
-14.547114826725247
-15.047114163575603
-11.499433542926997
-16.934515816854258
-18.215826996959613
-13.992732768955177
-21.426524263154207
-23.034009993215747
-14.173763629321586
-17.12468108465808
-22.1220776628227
-23.76651675635761
-17.832047362168606
-24.675015514701045
-14.320441158371207
-17.8486639159955
-18.655214678089756
-16.015874265737448
-15.872097908706678
-22.370567888482128
-13.191087616364488
-15.869207493459404
-12.307529636151738
-12.378309465406419
-15.382331493800997
-11.247537853806149
-15.403137940760804
-19.80420128053692
-16.8637474209393
-17.489367999190087
-14.931734508896765
-18.700289336382927
-19.915660586562836
-20.312695801681997
-14.227035940878615
-15.485855925303774
-18.096307110809864
-16.476974017697493
-20.36702987585882
-10.079982761020887
-16.863128486753844
-13.05772448733997
-19.49477651121788
-26.685313559055416
-19.501339766009874
-21.933239157490238
-19.882779110485494
-22.72850212693833
-26.60460378725132
-23.39377608740701
-24.594718369256903
-15.461666061724703
-28.631344538916995
-15.203562638664046
-13.759858630604494
-10.010571323260498
-18.804924477877545
-16.430586959192947
-13.133750685998944
-10.501141351797159
-24.275188935952016
-19.2029448534447
-20.630088465264766
-13.54146464953421
-15.01836784417275
-13.283959883781803
-20.87232712489485
-20.406270850616494
-20.40261483176279
-18.60328975140036
-17.058092835935568
-25.049900731950807
-15.979058942683995
-15.351061078988957
-21.987773228689907
-13.78671082503389
-19.354787512829052
-15.594833818967052
-14.606715170050574
-12.547120951682277
-10.172962100210738
-11.165297354517405
-17.490372858543196
-18.966325223312445
-14.449230181191062
-18.603593637755782
-24.576971467462926
-22.33756495098275
-12.787361008897507
-11.60861259861706
-16.725875963498865
-21.39595051643722
-12.124661130220478
-23.361548495176027
-13.730641465801913
-6.169797684590616
-15.72852602837478
-25.97925898518446
-18.867212315818456
-23.406224271206156
-18.048778866547266
-22.414578642185784
-22.859571046166646
-17.46111516193169
-21.909180379396858
-24.020668916434353
-27.54896983447187
-18.44882236683133
-13.279048241000936
-16.67569648007767
-21.219348240267916
-20.803479596923875
-16.712236245692882
-10.45912736916475
-22.37293925108779
-19.578212871474655
-18.758658315312697
-15.507117297287206
-21.851501806575918
-17.21240248390903
-15.370606813249559
-19.749444090070828
-17.97633314437985
-16.787711838945867
-17.452884250726225
-19.365503573095477
-11.966790781496695
-10.84074028931842
-13.08232706642898
-12.707369732550836
-16.63276361073213
-17.0907145681023
-23.584318356223836
-22.59706393826093
-13.642150621258008
-21.39630097167655
-13.803048724088406
-23.62176141563812
-24.622560242549397
-12.366355619054595
-21.955865562113356
-21.668545530260538
-24.93225362186321
-14.769814956944089
-15.83210718546973
-19.062895498995367
-16.67898306947098
-20.956672016257794
-18.824432356161854
-17.99872402933276
-13.06539431441197
-14.558044922305573
-12.134733504198389
-11.056238354927375
-12.99004633163873
-16.706957924555702
-17.528089434677668
-18.76316647500751
-12.805438677226363
-15.59301041690006
-18.557747792386635
-8.058936521615625
-17.58905588426025
-14.501454458418047
-15.067698658562025
-15.489157673235468
-5.919888786787757
-9.781703044301903
-15.59015139643428
-10.061869574449736
-11.165630662200265
-13.92627630688498
-19.585367957164458
-12.47425537450048
-20.38440907812238
-19.16367613164939
-18.742970540343656
-16.84773469519365
-11.421157302356825
-11.905289108780538
-17.013848923677934
-17.09999257923206
-21.726836287153006
-18.02894169497258
-17.288718146579328
-18.95528391117402
-16.29704203187063
-21.230156006727494
-18.32499427553172
-16.161223085607627
-18.14056144218056
-12.925816912825283
-14.672604631111666
-16.83411595603874
-14.968332049042168
-11.403164478163973
-15.955685206633708
-12.800809748680276
-19.18928423814543
-15.97620132525816
-22.96711178941535
-16.244049066458707
-10.410450260590359
-16.29307850713775
-30.118382750298164
-26.83188366005463
-28.80358257308361
-25.263090341759153
-31.878541217326394
-19.52546603203168
-16.709574872017026
-24.737039125331457
-24.385286755796304
-22.613649548352637
-23.995473429469502
-22.60658367914526
-17.033770357107006
-17.80873356536725
-19.30556359585713
-18.325735493299902
-22.98199113681663
-23.83040174709076
-20.279608927356648
-20.205109140799063
-26.334836210493133
-24.444608944901393
-17.585631197345474
-21.145607772486404
-17.02942034352943
-26.962818095238454
-20.46772304689383
-13.287498323356507
-12.491220434118572
-12.031841252720588
-16.85312113441843
-13.103443464408794
-15.79832041714419
-15.080898838076259
-23.43346079355121
-18.824530181521773
-25.90081842604802
-24.052707659390443
-28.196400241326067
-16.25816355223102
-12.168238924995016
-15.329098482528638
-19.356044348676303
-18.650658447904632
-20.86460206195945
-14.02005165099945
-22.445479272912053
-10.650210322081485
-13.43034458792744
-22.75181967412175
-9.23816063126085
-20.09081573976245
-16.97676690071241
-16.27050400204615
-16.79915313285809
-25.026529199114748
-22.364378750628756
-19.69478051858255
-19.79493707251229
-19.307709133932065
-18.83744306270779
-15.964013191974036
-26.644283184015336
-19.396079762937614
-19.271354307730608
-15.109434958678989
-17.769025495415725
-21.261372496030507
-17.33746956083631
-21.08825750819966
-19.24991006405441
-17.727669428075654
-15.103599087260807
-21.278881497155638
-23.18259154086563
-28.132192061412926
-17.748760764661604
-21.767079402756792
-15.228609474988803
-24.254951568481616
-22.368750775624164
-21.477819574558612
-15.991872319001223
-18.47951158219876
-10.929700552914458
-16.698392576599026
-12.369499664219802
-13.877587195454065
-10.489098522791181
-14.014258901187983
-24.91349697228875
-27.610311760994662
-26.953915570445826
-13.958427273974998
-19.270631508583104
-19.681169121368413
-14.026366191036203
-18.807207931247163
-18.889814494800703
-22.96580447454778
-21.633082111543537
-19.94214007059935
-16.963735891425895
-18.281041585742216
-19.050923876145994
-21.206708955415927
-19.916710571244412
-18.349532835512512
-17.72153684028089
-19.153518029329927
-18.098585930191604
-20.639573949734846
-21.622437745812586
-18.80732072301964
-21.22728573364286
-19.605134151797053
-10.535353426312588
-23.598129480236487
-21.659186530772345
-18.430018766921997
-23.78659775048122
-17.307798584926235
-19.35845568877787
-20.804297429827773
-23.373427597797743
-20.740421207334244
-8.72248768379199
-27.690957231176995
-22.125396550005032
-19.792819696945138
-20.193512874114607
-19.947070773437353
-22.676658886662064
-17.932525000141418
-14.623035522133332
-18.587533135213715
-25.504971100224942
-18.95902438588102
-17.38446324283124
-17.63503798027675
-10.721092903600603
-14.249824514625573
-11.750880526142787
-14.94767780131939
-20.019180996066297
-14.527853520028657
-23.688424956542065
-24.071786589017435
-27.243520848191363
-20.077563472341705
-13.45598377853241
-17.515228843843182
-17.25269321961519
-16.97181936164238
-9.823299058759904
-14.061697930139626
-18.36438634234462
-15.733091900583045
-18.08089586225903
-19.070451385029664
-26.379492682606042
-16.786815008979644
-7.422853838972275
-15.52112779388726
-19.217483103740975
-28.298328256553457
-25.928399892732912
-23.163256089019235
-18.28433181545237
-14.90730794370861
-21.31309355809934
-15.657047393231823
-15.797937900617844
-12.061007609392044
-14.785222294963111
-19.6846880643045
-18.441086852731225
-18.656261627587835
-17.834914935568115
-22.68890637371525
-22.846396572829743
-12.171928691286562
-15.75219359469205
-19.258073263429672
-16.69486378405669
-17.301506507214448
-12.401559623668824
-17.52027400581086
-19.578200277156
-18.835240124899354
-17.33193523587005
-13.178232567222611
-17.236690803657726
-12.822392518007625
-12.854642438018155
-12.249581072709464
-10.966318132885904
-14.246844792249048
-18.95492788541233
-24.156071772674036
-16.302246502814462
-16.071637438865483
-25.530320956012744
-19.5106391731337
-16.991674998063058
-14.79171251552702
-17.483285699648977
-23.237566195754578
-7.690265340322343
-11.708920414142845
-16.19617530580644
-17.18739030216306
-18.93380101317924
-18.322491588314683
-14.955583147163813
-6.5930492715468425
-24.48918606535151
-16.23336593713043
-19.77478041161997
-13.657881369055541
-17.250888396015814
-10.661922205487404
-20.68795643537804
-19.855108628370658
-17.512277837293098
-19.889601423778256
-22.53687632795389
-20.886380176850587
-17.998352617623087
-22.64023729912609
-19.248320701669503
-16.829621222693106
-19.085769262690057
-16.484485905219344
-23.74073748113714
-20.944068052232694
-17.69224987304839
-21.17353181909371
-19.18315731052008
-11.188139355440741
-18.112805926569152
-12.077132779414468
-19.10568433612232
-17.220276439106208
-17.308570192392214
-14.392058884005335
-8.791801013127385
-16.28810136254014
-17.276019808568282
-22.68327778967075
-16.661942719452625
-22.964695586455136
-13.795179161583434
-10.709578479522708
-14.60344784308004
-14.314053751167236
-20.14443817861575
-20.198973740752702
-19.332798032184897
-12.759250974343706
-12.280917239139509
-21.750998223498723
-18.303681561952896
-17.161532766530915
-16.1158273985465
-16.87104322693577
-10.159892618732528
-16.875662385720055
-8.31243630327012
-20.073483673868036
-14.86842175046782
-16.454390440302834
-15.755941983729905
-7.536781607882562
-5.254014081115874
-13.194882374586255
-11.950868197654385
-19.979830153469102
-18.76146791109829
-24.37741831087039
-13.463918168368536
-15.81346849573294
-23.01242610427316
-18.273290048203727
-8.498133156710159
-14.54016114214992
-14.048563918296495
-19.653865558016566
-18.183214472382552
-10.814474017991792
-11.462674175417815
-14.322661864452478
-16.56991497304805
-26.110426768621444
-13.65376412392969
-22.937495184188865
-24.648724301177356
-19.353659902150998
-18.731070164562787
-23.05331831164766
-20.02941797959697
-16.010468592326884
-21.024949920538784
-21.288213209451513
-15.047900222880868
-18.289722259416518
-20.511954034150413
-20.048251220630895
-19.557950219920393
-15.60963846928616
-14.51494276722013
-13.54601864633341
-15.882031896914953
-16.144743212363316
-19.648921584730605
-21.205372925549987
-18.67623388085598
-25.016275783870647
-25.833319372786768
-16.059307052030324
-20.82790307005925
-21.65348206085971
-20.23002213140328
-21.011020565295652
-21.62849523167918
-21.85016583391709
-16.54307951933138
-22.078063983534175
-26.096140859831873
-25.320563632064783
-13.000575534126295
-9.795676995222832
-25.760587470818862
-18.06205297496401
-13.60320859655765
-22.82492867567546
-18.811163435032498
-18.063096483067504
-19.581236241632997
-8.096489640686134
-15.684293745762886
-12.364943175912721
-16.01448291560618
-16.31946821797082
-13.709187324455705
-18.032136832428023
-15.99851697709228
-14.361767093299582
-15.272507112646815
-10.230765885153314
-20.114539810642952
-19.305504955202075
-16.825296910059027
-31.916061217488195
-24.342971040108644
-18.259191006706757
-17.77921964154821
-14.94115593355781
-18.740211969471304
-12.469891979456058
-9.935086674660255
-11.821183782540437
-13.432304178831169
-20.343721631468533
-11.108498038074638
-13.567078381238261
-16.128825748992128
-17.911011738855475
-16.12229822009356
-15.011196959552224
-18.523627270573932
-18.168828447279743
-22.778714423732826
-18.980113238020223
-25.78812662836352
-21.54584384014397
-23.53125960494787
-19.56093720650886
-19.930182271634138
-21.255103537939085
-17.88822196970006
-15.344023122004643
-20.23532413036928
-18.681884145673912
-13.717864745594408
-21.401102469958122
-19.827437085214143
-17.55381600899501
-16.93751289136726
-18.083412438862844
-13.779252259051445
-19.514846312662762
-21.44845160158209
-17.549612905580716
-21.936368689479085
-21.137893792670408
-19.95483259537912
-19.42532843702702
-21.6049994017088
-20.855505753793146
-21.094163411443713
-8.951966118506617
-11.779197197113087
-18.010489807886586
-20.867576883829162
-10.392332205671751
-19.721568901051825
-19.671934895085688
-19.942187348213267
-14.946890505474416
-20.4957835740779
-19.805799232156488
-21.89183241968893
-22.743320264024202
-26.429775662613416
-20.478661576738066
-17.25510695872018
-15.530544029718493
-12.85336325597881
-11.954674505679268
-18.83134561169734
-19.774848256381038
-22.81975588612805
-20.17961878993127
-25.077643840216844
-25.800454080015776
-23.96955426914712
-20.419544724822728
-19.59351886380769
-16.239585923582833
-12.885516650683048
-7.964340078998113
-15.438387850264569
-20.98693315249778
-15.02088040616249
-18.99494675323256
-14.93735618969001
-17.282912762709824
-19.78604600616458
-17.733652650308574
-22.464643773559864
-24.625210382348698
-22.059787924546765
-14.704742422737276
-14.32729883965549
-19.530642459333745
-22.80103667492142
-17.426797689653892
-23.079863009939476
-16.322487215560763
-15.362356012751563
-23.52256068314127
-17.369643169666137
-14.538219339424273
-17.77452714918186
-15.748596905647641
-16.269399190978504
-15.484003173542492
-22.78233381416715
-21.699695252644386
-12.517446616997418
-10.875744281001596
-12.71168271679353
-17.970630514424496
-14.790460798727711
-16.536243521091336
-21.909443548760656
-15.254032592891233
-15.011400575735353
-15.75955622186336
-19.125025087987698
-17.653868725223653
-21.88764337176499
-13.643713390430648
-15.222637875167962
-18.591988471633453
-17.132050561143537
-17.375082134202263
-18.91451659127884
-19.74209605270273
-13.270786470965842
-15.308987347044681
-19.96732191213636
-19.85615629981099
-15.60659070346172
-20.246250386859458
-18.341143057178787
-20.173246468788257
-12.358961348128435
-15.857384381976305
-16.256040896178497
-15.804564830570888
-17.779986872851783
-16.689030037102047
-15.176820682802859
-9.179141818370834
-12.120864510171902
-19.93222789630727
-18.2196664645045
-17.975980138359926
-19.62612694973952
-19.806379783853632
-23.169016872816947
-18.816988623631534
-22.010272286022893
-11.502944715548377
-9.931916781140503
-20.098199210035972
-16.838852234174343
-19.563110411101682
-7.725008594597961
-25.328547732997986
-26.03566610265446
-12.619302348500446
-11.370806145587354
-16.5719034672179
-11.392228146189131
-15.922528526014913
-14.519202803611055
-9.79943574591971
-12.453560884424997
-16.318906160635663
-15.700782523004989
-13.579494287851373
-18.64437190550397
-19.30206857972207
-14.776393641434474
-21.634082033475575
-15.485110679584505
-19.554529443335696
-16.068730589257555
-15.538168577351046
-12.400519671865414
-16.603868079592534
-14.796448423427464
-22.255056719470986
-22.03509488522937
-12.02829719461118
-18.163952853003497
-16.99551564180852
-22.282250602865474
-19.18130800256307
-16.831075728828914
-21.682363913829626
-20.66602602932314
-18.18043320719575
-18.857223866750367
-14.097743532618333
-16.416289888865194
-16.926552279425778
-17.921433662782665
-21.35569631651552
-19.22915976878005
-20.006549424851645
-20.372788854878692
-12.847306034971815
-17.115430809511825
-18.508259681728493
-15.833634621229676
-15.331610912457736
-18.377621043913273
-14.800349432981092
-18.433962092318744
-17.933053678803113
-17.22462539361822
-27.538117819948873
-23.79571753516707
-17.605155489800783
-23.665045157142803
-23.71914049670623
-24.43797343414905
-24.21592891507036
-25.975881910921906
-24.540721278033615
-23.83632639923746
-26.521056451312827
-25.978319686680457
-25.213063708434277
-20.630027853353052
-24.11122964308651
-22.759300285892525
-22.728958823505753
-15.31857646300479
-15.418248096401904
-17.996426171228265
-22.59397611818931
-16.741600834003098
-15.077669062059538
-13.143700604417809
-24.493446641384274
-17.582979955964422
-14.74369143824963
-18.580540662389605
-19.9278644658765
-20.367617372088503
-18.411435867923313
-20.072027156885113
-16.846383070628026
-12.177764443786424
-17.06034213460158
-14.680241799794784
-19.13305968589466
-17.39738820226906
-15.793320793359285
-19.221871472151577
-23.994803317067692
-23.26932503582396
-14.363496105978353
-11.302380747136153
-6.669947260596798
-12.433999390747772
-13.13185108684341
-15.134548920226788
-13.816180177003847
-11.31680158302253
-19.922583699310056
-13.071357494690291
-8.712904495903096
-11.740410052369121
-14.239371621644207
-15.480055915022792
-14.42306066617477
-13.534743419982608
-11.547796590316844
-19.911302113787592
-24.436879915031525
-12.885012210376294
-14.665840634564587
-16.634315871378195
-24.4540788708297
-26.109714389437386
-25.076133684645537
-12.665386407865066
-22.4762871511357
-21.377433460663923
-18.625978397763625
-21.10736972467247
-13.033263102308833
-18.59942125645376
-11.182406283740042
-10.007088968731374
-14.110252594223569
-20.87149431129353
-18.34490003449611
-6.735198098128803
-17.49677137520419
-16.760071516159833
-11.563922130625162
-16.10864768506297
-20.776888434857426
-18.108799739915373
-11.295717557932523
-14.93746608287138
-15.138951164519217
-20.019582621375335
-14.967745763973333
-12.401890875226933
-21.998927384553284
-16.40520834646759
-16.87464397842213
-19.130987002207057
-12.080573490228984
-12.13305732252224
-21.35249978259377
-19.029715970802233
-9.95859655557174
-15.018280610267986
-14.614429551069845
-21.958505499593755
-20.40496216643669
-16.084763074597298
-17.972888160196113
-15.195282830129276
-18.59226796761833
-16.264831100551653
-13.363959015257823
-20.221079537180366
-19.44325222232562
-22.530691055538277
-14.507917779114265
-10.956207072692512
-6.595337543358245
-10.243141095814952
-12.957338827687716
-11.920421999541482
-13.108443335092378
-8.575831069285782
-9.55829704431147
-15.862005669689795
-14.085499822695217
-10.305784135972562
-16.717628018317257
-9.522439177704765
-19.06150932990307
-14.052875937243705
-17.014554669803047
-18.736343045446553
-19.187957819510356
-25.407650490554257
-26.231129650429352
-9.717908594225054
-13.75124000345926
-23.957032384698383
-23.799417486049364
-21.442821560048618
-23.169976544711986
-18.596972969935116
-20.237095380097212
-9.799277129141846
-4.68175924581862
-12.485754918804624
-12.57137551691124
-15.19008397557092
-19.16666162185273
-14.295693666703585
-11.895793708592272
-15.771045365125989
-18.445198571707106
-13.955165921072382
-26.35991331945077
-18.1265447634725
-14.664687394767574
-16.667701130953102
-17.154113879930765
-23.703327551271606
-24.65582970195317
-15.341123953976737
-14.43917283670484
-14.636749079574571
-9.472873764428934
-8.611414622285228
-9.890153372429307
-12.325408316022726
-8.955269238149505
-26.99460053781532
-16.754933056686177
-10.978745132400336
-14.17752280794369
-11.766873316977193
-15.614965335620761
-21.264404902227128
-12.467087601159559
-17.257158083796956
-16.65139157265007
-10.101845559611196
-11.630696607105003
-20.843487833945826
-15.358093699019946
-17.238928713395328
-10.667283979917201
-8.111452518870497
-18.47753246552271
-19.83291384853441
-19.14292345924813
-21.994911361183483
-19.223666026509886
-5.8820503275848885
-12.284493618658868
-26.725837620567503
-5.554115984806817
-16.473804677848825
-14.944837738419842
-19.181095480227526
-22.347348436281603
-13.797656767297205
-17.518351791130634
-31.637132657061564
-26.62645938519786
-18.65375316417035
-25.941206593876544
-21.30278583730259
-20.54376870055457
-17.297142996568898
-13.770501292238595
-14.833885268495646
-13.697551218628758
-9.350403697402044
-16.397499895853667
-22.951037229468056
-20.307234296294155
-21.262401901472884
-23.97600685901291
-14.002338750486746
-12.76147359710022
-12.204346735910239
-18.018110662961313
-20.594672573151602
-20.62658203400739
-20.613994726675585
-18.619082405727944
-17.926151319448813
-17.585354649836603
-13.085173389343824
-12.092096487664321
-13.89295799267544
-18.83588765640379
-15.428284487481209
-23.08919617039343
-17.529897323424624
-18.436190482908003
-17.274439031016737
-20.672165809547657
-26.434924352510578
-25.938044669543146
-24.077742982073755
-20.46735516993521
-12.42843552939119
-19.169559197625535
-13.805297509172382
-16.795460578013948
-17.294020684944744
-18.732551227100124
-17.917925845767233
-19.956696179329267
-20.386633530226334
-24.104755992434733
-21.670790995431748
-22.31074480165909
-19.77631934462675
-23.92082562359987
-24.715819809976537
-25.085014115969685
-21.002158952378664
-23.14568598454238
-16.344189552240625
-19.107707599921984
-9.19147695556445
-15.331632624136942
-22.878215625438642
-21.883041427846265
-16.956962905084588
-19.88180263298481
-21.982963028481635
-13.319893142017762
-25.996817632429142
-23.738231866379067
-21.29647517029578
-19.59200202799097
-18.836916873681155
-12.597909222074911
-16.155505318906865
-16.972845942998568
-13.947088981365674
-22.227372383198848
-17.1085811780697
-8.670933989298728
-16.515290494649584
-19.524689096789498
-15.978031785106722
-17.420653012512492
-13.363719416347045
-18.081641646863908
-12.338054002898783
-19.348879988660244
-18.05762772377963
-14.644861800674065
-14.079641772488888
-15.010714560244782
-14.667879227769804
-20.640175480655166
-14.680213092643529
-17.608949933717085
-13.812380517529354
-14.421362414948845
-13.563440171791141
-14.392292352391795
-12.552184128881319
-14.028011989795507
-6.2399283875274865
-15.058707161412967
-8.814069844886935
-12.738163502951402
-16.83494920523189
-15.059670200169336
-15.479107276360804
-18.38317167893612
-12.43922168497506
-10.42746844501634
-12.448850282416531
-22.82707356773641
-18.37096964234219
-15.899671016344426
-20.492871048653793
-13.768501488179124
-17.757586205962816
-17.917003833107913
-10.196028141871098
-19.01308977917834
-19.419256097900277
-18.678620189673513
-11.894174489135214
-5.730858804925093
-21.447729110524804
-16.845822719236306
-25.627401823916458
-17.486045724884566
-18.29613883857454
-21.721854033775713
-22.570385277493504
-18.91127769499877
-23.967420056767814
-21.66436203511466
-13.677746736777891
-20.15964914157992
-10.280423745015808
-14.893197170638233
-11.20410004480894
-22.493381824848466
-29.13744869602057
-23.44116819452888
-18.796548036539996
-22.983664758639673
-22.891944217130657
-17.185745846225853
-20.938633374283004
-19.138897667296963
-16.27777327226717
-7.853495665941109
-18.176743597011573
-15.383446451602243
-13.269822247667935
-16.70705837518419
-14.075597340523977
-24.892256473676905
-10.864178509258887
-18.578255000525804
-18.193470453822044
-22.241309278740417
-17.739454487407684
-17.177603070456794
-23.90169647312311
-20.604087764297795
-20.324828495050248
-21.820903830756436
-18.262640841825277
-20.008708765702472
-12.807724958897914
-16.414975335057502
-11.775877613616805
-12.422130288118845
-17.12030786838489
-13.406315699808076
-14.242891397471531
-14.456846138954633
-17.59966602866322
-24.74357535730553
-17.471496075398502
-15.459638675677544
-13.090688267546934
-10.570027813736532
-11.289496570784642
-10.03690272782754
-14.36757004027815
-15.803346111416953
-15.34713619216637
-4.563461596774082
-12.026909911735899
-9.054726465762823
-12.849985817257853
-16.839334055924425
-9.925193611672217
-10.98789910026506
-16.35113041378203
-14.659552026073294
-16.098744868980006
-8.77798374112336
-14.116679302396985
-17.50201509231262
-22.882381799102397
-21.438914859244264
-16.505257932260182
-19.631860174939774
-21.489524532173018
-18.386530719819714
-21.524679092413546
-10.477439041838872
-16.644584839392298
-19.15673632847399
-15.667470080832363
-13.925292916894064
-11.602460306601248
-17.459816026690344
-19.680100924978298
-25.68731248816286
-15.376966161028164
-16.61985803612721
-20.215736987392898
-19.768738559661358
-22.418231541689984
-14.465586101833146
-11.861162042620329
-10.13393470185074
-23.094551248291197
-25.008464479015466
-16.258016390993454
-15.023853436089817
-12.883301924374134
-23.562139258635895
-9.040318574032762
-10.38638043903391
-16.433461776778326
-21.987348022986485
-23.209919768110232
-19.416898485293604
-20.19078277653933
-16.952072208304237
-18.427048867460464
-17.33540034972939
-16.559756794957174
-13.963624456064029
-16.656303738477384
-16.5970961572665
-22.131415655315468
-17.203349999555744
-11.206745206108156
-4.128800950139192
-24.890199608167368
-24.773282446580374
-23.188319148715273
-12.340339891221833
-19.99052969274753
-19.475759470769
-18.407796625723336
-21.162187627405068
-24.110480268191484
-21.848408957594682
-20.076359064228313
-22.647878311342694
-23.21442847391757
-25.92230207663562
-27.429448800694853
-20.290011372381876
-7.744052602075696
-20.196000173159312
-22.009853310527994
-13.572076005616216
-16.763838008914533
-15.471729401762065
-16.67005356336466
-21.789881305870328
-16.91677694650665
-13.779162188775906
