-28.87826432932124
-23.033362941561514
-20.412106493341934
-21.044627735257166
-23.379019348632674
-25.22878699150009
-21.33740117953532
-22.477473851898694
-24.07103121796628
-17.4290375214771
-24.889186211273064
-25.531224492410775
-22.01895455869686
-25.872913856453145
-18.351027270979994
-21.890491173359607
-22.209959719174215
-14.159289263944963
-24.13947210337753
-24.64231865537804
-29.789350776221337
-28.58409050761656
-21.30825638152096
-23.93381178466187
-25.128994520407524
-21.551065784000315
-23.53776941439019
-27.841409633196974
-18.247154523889996
-20.88866059914318
-25.335271161753372
-23.35589996694748
-26.538698500524
-26.727590538985435
-22.103993132699532
-22.522883908954572
-19.57742535404919
-22.730951994201526
-28.8298599043356
-28.21907958617363
-22.86131096038463
-22.45585677490918
-24.812091663764356
-18.11879309095479
-24.295757227237463
-24.617618503756333
-24.887809444071124
-22.98643798740528
-19.14350022600817
-27.004954305746487
-23.217260632888987
-25.78476734548864
-20.330728381269182
-24.69764318975195
-25.17401665013844
-23.459693605881874
-27.65244697586114
-26.031554826224315
-21.73014673767244
-21.050629665822143
-22.9125649978235
-21.56432508900686
-18.12434643171703
-22.96519379445119
-27.670307057011666
-25.380733370721057
-22.526056924233956
-23.63615028165189
-23.87320921294396
-23.149332415949367
-24.151725172723822
-25.852711019340155
-25.592638075421817
-25.622150951814753
-23.80927214406488
-17.348543953094936
-30.360789130819903
-28.599345346009457
-28.63140357135031
-27.00648954619713
-28.99156082962041
-27.713910082032797
-25.96881941466686
-25.772517490762645
-23.18699729978926
-28.851779996015004
-24.88069182859821
-26.840189679938305
-30.33362864586482
-29.46965140452677
-28.62232806570518
-29.758667905087947
-25.872840445166972
-26.80920233624167
-28.935932191124433
-27.095585770944346
-25.925976505080506
-25.23713326354763
-30.425548264227658
-32.64017608382136
-25.249373926027445
-16.897220790068445
-18.796808301040823
-21.358862016403094
-20.662288878052387
-24.450478895311456
-21.514394046327574
-20.462941470506475
-22.82011434630219
-28.889832302337528
-29.2127312816404
-21.691275377956245
-27.34046502394534
-24.325946265071153
-28.599722611079624
-25.827946379776336
-27.087405543112208
-23.48421981306314
-23.22126577047598
-28.07606202352067
-27.388117415038167
-24.386731295793524
-21.662735949732607
-25.40126981027426
-24.12031838918198
-26.453806676830972
-27.99300749040531
-24.549250779604844
-22.240690803869413
-27.448465577431264
-26.553619564124062
-24.821981176683074
-27.13497126248594
-27.089000189884057
-25.79616021251953
-29.945246966111704
-26.76349969539345
-24.93811788537491
-23.26737985592
-24.78616931765091
-22.686783510232296
-18.95213870564949
-22.94123383312642
-24.2940132851379
-25.53086176410663
-18.43113259631117
-22.016022310798807
-24.002531581659618
-17.735841957456273
-21.292517270460106
-24.091316326445984
-22.70639920505887
-23.007629446012533
-22.18082104095008
-20.113596900465303
-20.333720365196413
-22.88545073462649
-18.653465160987217
-23.586820800939197
-25.86579332686753
-24.713745851103177
-21.00216749076413
-25.829520234992067
-25.41605252121602
-22.940430816372263
-20.204298586553833
-18.990392602769163
-24.00012016742619
-24.87264456049445
-21.109460398458147
-23.178354919130975
-25.647681086163825
-25.830704031751395
-23.67169073219358
-28.93742862737734
-30.454274062859135
-23.606443102365468
-24.949564391623177
-24.665655616415712
-24.690730469999565
-22.256052837285246
-23.314599050304214
-23.88905952309301
-22.8391579193676
-17.824335095575723
-19.330929180408717
-23.752769562468433
-28.68372127957928
-25.128562845574635
-21.88206922617497
-22.680249486395308
-23.666219108910404
-21.37729416532132
-19.567401587240067
-20.496750275373984
-20.930284475292304
-15.403556842033552
-24.54123120328233
-25.20098311489539
-23.0315298248368
-23.2443316074368
-23.407766021564342
-24.866377484366268
-26.360203271174534
-23.776152656683237
-26.888754135504488
-25.040174833302657
-26.003814246837567
-23.05515633272512
-21.219783106341225
-17.920628176135622
-26.17238147862884
-28.27610251634521
-26.596823516610577
-22.761507862712683
-25.639287972561416
-22.872768526577364
-25.19354171983226
-25.385921673182636
-23.843370906161816
-22.928194847647653
-22.99013790328966
-21.878701764824587
-28.285589716105704
-27.168327942445586
-22.879142095117942
-23.06778100271149
-20.443136732249435
-24.43734423063792
-22.192485859400364
-19.03049262801391
-28.444912623619324
-25.69116557630918
-19.468110744454968
-18.744989264236505
-23.425884979190887
-21.939407440293998
-19.048429397138833
-25.859459411124625
-28.058046379559073
-27.693013749530934
-25.537399039195588
-25.11355827951725
-19.39200108437374
-27.194645392494287
-23.885192592803328
-28.52026000502122
-26.663612625426495
-21.370854771079994
-20.77311782205517
-29.888796978216966
-28.861518695556907
-20.480488147786215
-21.0037312653182
-21.54669654869393
-19.368765093930772
-27.096745705280107
-23.38841131073935
-23.713657483078585
-17.20251977874659
-22.759449565709456
-21.275338043467762
-22.955695578331923
-19.596950321369185
-23.543045270242683
-22.57949237948838
-20.207048274254106
-23.04804771536365
-23.1964692588381
-20.589207641995852
-21.49838868118922
-26.296435460521487
-24.360745982217864
-21.709897446335745
-30.44477164846077
-28.878333732669898
-24.991986511053227
-27.10650545853033
-23.8477374085558
-23.569563770817496
-25.66816513552697
-23.819059708369636
-21.231238005784157
-19.11321066654473
-30.693569192583084
-26.99855829848118
-17.658137611488318
-22.41339748993811
-23.436179899020345
-21.114002185390127
-21.461586291463238
-20.62138229279282
-23.101993997317052
-19.86021398251843
-17.99732986973572
-22.222881791571574
-17.671667469662324
-18.112085366037768
-18.007075909480683
-24.607120202327103
-23.299259844560872
-20.85441241745551
-28.59227698461342
-26.832933335407866
-11.567575329185994
-27.748846240456132
-31.46536071551446
-26.109976629007306
-18.022770855106284
-23.196706107982003
-17.97138129392517
-21.83945079358091
-24.049327923390326
-26.922432598643372
-16.084378331696687
-20.581934123430994
-21.700513261638335
-19.284951603703007
-22.248822132816557
-23.899321283663507
-24.056112511878865
-14.901383066339246
-20.33154648505016
-21.16209827587351
-21.22693345273717
-27.387684954750185
-28.750478241357268
-25.60508889322758
-26.912963970428038
-28.6298235720997
-21.668021686201357
-21.47489040284808
-22.599101560700802
-26.190370284127894
-24.755820819695955
-24.23561634885849
-23.081661267022454
-28.822897668236433
-23.20496637278927
-26.16483995922803
-22.54312370496862
-22.1192423386533
-25.41045747762844
-20.46336041876839
-23.574793646947203
-29.48126802277143
-26.59646092815843
-24.19404829039629
-31.156514968898517
-28.403987145499105
-25.24370123272822
-19.675099098853337
-29.470871269275456
-25.27232352659077
-22.66978344851067
-20.498636381774165
-22.951898427954468
-25.67821827246584
-24.862189161873356
-24.814272605582957
-19.408189744261623
-21.29698334932141
-25.07375075728126
-23.645740497216906
-24.438406751563925
-25.394019554289567
-25.23529335061884
-23.612860607002023
-27.757544571560693
-26.408908301623697
-22.875049327039623
-25.322755052034438
-23.46008557197835
-20.84938169597018
-23.308308527799326
-22.00432814897941
-29.7275490799638
-25.57531416080638
-29.318208393848224
-24.756500259860772
-28.478873415069565
-19.692509251242434
-31.645963949526212
-25.587815882861047
-22.108736639746855
-19.972529027299693
-17.679013373283105
-22.825688412889935
-24.10439161280442
-24.480948484242944
-28.0633946855162
-22.97343304157412
-26.49277325939758
-22.040782932729876
-20.151160952273326
-26.500151432573997
-20.274249464480235
-15.916856191327213
-22.070979668857117
-25.631187169450868
-26.061465449868294
-21.14471583370795
-23.51907860137217
-29.185185792679235
-26.30622295369941
-24.225645178883752
-25.38856438824604
-22.112271993700844
-27.791014568844485
-30.188748169305754
-25.278711908509013
-19.600790952776567
-21.546205219866454
-18.307345020449795
-22.77185864170648
-21.690111790821938
-23.035433588707185
-17.950398616439486
-16.603171781859984
-21.660842201672118
-21.64631131490551
-23.62142040856352
-22.850956385751065
-22.876298234901626
-22.33113591528482
-19.763116521685795
-19.054053905633637
-22.011227723227776
-20.57803182097237
-20.83035849210959
-22.845776706324177
-22.79449302049654
-24.055638500439226
-26.118446735858896
-25.234069032224134
-21.89326161369968
-20.912624746758617
-21.52851848001982
-18.937579932692074
-21.78669308571033
-25.384663132564082
-20.61579521833881
-23.402200819242395
-20.74106684882519
-25.209806028523104
-17.286220563268138
-18.69747593089373
-18.887044978079615
-23.645291612067027
-26.03119822191852
-23.089592485114583
-26.860191514325678
-17.505075904626693
-26.559109850658444
-23.34896499089751
-26.83859503754031
-20.75035138256589
-20.948535267652083
-26.39294577090999
-20.938033469556153
-24.65526058915235
-22.24561936164809
-28.47058138989447
-19.288229949239263
-16.75038748444149
-16.93063680694422
-21.51504031260898
-19.231169045578497
-26.94249314274811
-19.870699785052423
-25.631828580981818
-25.436730070513196
-23.92468804922544
-22.58608046674645
-20.262887716151557
-25.51465203730135
-23.970542706886356
-22.54820527983596
-24.039537990463867
-23.594236856967598
-17.46630717581412
-21.02764820268152
-20.617699756814126
-27.1830526674
-22.0554054564004
-24.17071046299789
-18.01218139651628
-23.976666751861373
-17.084028611179583
-20.97929564631645
-24.992993534859494
-24.91912558297377
-24.77626121429043
-27.505442728334813
-21.77648866648156
-22.721775726181658
-24.23010874259898
-18.753516414238366
-20.065690691470593
-26.40618500523376
-21.63630902530084
-22.945488697147304
-18.860658634480668
-25.76358870529862
-27.356958758180994
-23.327796533500727
-19.883539576717865
-24.142546116188612
-21.602319942704185
-23.829086722298605
-20.63377781858128
-23.792696274538404
-16.801719038303602
-22.824537182778474
-20.475883907261277
-16.310018294886206
-22.623776339736732
-16.269415499757685
-22.104571579485206
-15.649856041284206
-17.913289265438973
-18.693741032195437
-19.70041566001231
-21.67547923840622
-23.2722601419013
-16.59475625490108
-19.24780904169473
-23.125962689276164
-23.18522657452548
-23.592364532020603
-26.030743174453423
-23.02715732420954
-21.80797688043059
-17.653936488027348
-18.802129345405156
-22.78068260612312
-32.709409018879974
-20.83247378972504
-15.708364185876551
-19.780550000354708
-22.789163768510658
-14.956732983056718
-20.700059702978088
-26.913934125141804
-25.224976309502544
-27.222669383167382
-28.38658454124555
-29.14197006872436
-24.1656981517263
-21.891363112039386
-24.560690529590016
-20.654361915545046
-27.608769410623896
-24.594724610685354
-23.75591167148987
-17.00302175089536
-26.346546794813726
-16.761612137607337
-19.54083676346171
-25.573906760613497
-20.098032788869013
-16.71329194626422
-18.715672762783818
-18.651466710727636
-23.840001488544925
-22.578130684771914
-26.143458028733892
-26.861483553691635
-30.54156982690328
-23.749405319156807
-24.21658171618611
-30.946338945952334
-22.62792091133651
-22.989963885043004
-25.72171963077045
-27.893737859041124
-18.51405160521064
-14.944431138387861
-23.53110788659987
-22.18631176185214
-19.352674167868564
-26.481416833855587
-19.941958020966645
-21.251274165840645
-17.052357332707537
-22.717607609453648
-23.214622898904626
-29.88455818877293
-24.17721241301731
-28.266119038719374
-26.59981213787549
-17.847015839288062
-24.319847037160258
-23.81212727168708
-24.4678104043632
-23.777963091400082
-25.95051750346867
-23.72191835518898
-22.923896363714196
-21.96322954190773
-23.434046616761947
-24.90743879131675
-23.821898359281477
-27.862003871139432
-25.997508205710204
-29.198627600214312
-24.09275482801275
-29.13931032333828
-29.32435098511283
-30.132646433321995
-19.653030311609776
-24.100042860717654
-24.649918170334402
-25.737145013201978
-26.882768838819143
-24.083003937101395
-23.334447253855615
-23.791844832331194
-21.809564472707443
-21.19238863111229
-23.23710022269494
-29.28802719914227
-27.679576173552693
-17.944894088514516
-24.243599265222706
-17.87393936303443
-22.439230905726706
-18.994408984652228
-25.844677327338403
-28.386306971402295
-26.657788563522058
-23.769743792259302
-28.800028579598482
-22.99810580550313
-31.515495743127087
-27.507922874165324
-25.595352582406452
-26.985794873679964
-16.35721355339097
-20.52423608734777
-26.1236678384026
-27.102927504044246
-21.369796406398848
-27.20953910157052
-22.764877292784984
-28.62436919160254
-21.93405661958577
-23.376097898191095
-20.756900445179635
-26.37004452049512
-28.4072276633299
-28.092735148710428
-19.734870529445317
-25.07277778138345
-23.777809268648035
-27.778077292494118
-24.10801969021668
-18.59856802802051
-14.359273078084609
-18.822956783641406
-22.44319432233969
-20.61366106546808
-28.446750144716212
-20.944194251365694
-22.942947628777347
-25.097721561046754
-25.776323239848765
-22.61285844134616
-25.09388954369377
-17.797160028325358
-25.761559415984053
-27.651010393582485
-24.484300297317876
-26.84847062981482
-22.174941979953886
-21.201916910746327
-14.61834354179685
-18.67501991309697
-23.028412951667928
-24.794424293275295
-23.100783278166
-23.83260763659146
-28.482923393981924
-28.787732453685734
-26.108240023397173
-21.192546377776182
-24.85167079876632
-20.334506258600683
-25.081859127219104
-21.36412972219375
-18.210796529416886
-28.983256695096024
-26.29764211868992
-19.872427438735606
-29.0431152363559
-21.056869760701044
-25.566116974567535
-22.92741820146851
-24.536091108461637
-23.92374008838155
-24.488462985858803
-12.164082711593903
-22.427825987992307
-23.503210994570566
-29.02142285684705
-28.351780861057524
-15.50297892897289
-28.69461009082226
-17.587201524905993
-27.688486457437712
-24.177834041861644
-21.788208312393294
-26.758962545773485
-24.38645616124597
-34.27650396244735
-28.489425944206406
-25.94931878873731
-28.92530515356905
-25.351423761975674
-24.834337778277536
-24.570613580159417
-31.665466744998476
-27.8470304588405
-24.17691664781339
-19.61323857425247
-24.40385495039274
-23.271204255684015
-23.266772872865722
-18.28271442554176
-23.379178892052206
-22.6910733214751
-19.964791367116263
-22.084134822578363
-23.440326057515716
-19.179596188552793
-19.405051248115583
-20.86238605302907
-19.747631860882603
-11.471935581432726
-13.89832520863169
-21.41441204636603
-20.309312723445643
-21.59121665146491
-23.6965010601559
-24.11335311373704
-20.63942574800261
-26.27778503854376
-21.60521216731347
-23.795200052039323
-26.002116251767866
-20.830683283319978
-26.51205009756872
-26.43095028783794
-22.411378769098135
-19.37418661959378
-24.255163268215668
-25.03193645290881
-18.2134031025356
-18.013316529186863
-25.44590999113831
-29.553899405722085
-30.661953776944813
-24.299985264467974
-18.015142264584217
-19.320313802187272
-21.458123474148476
-16.906675197255037
-20.03322085203567
-25.251975141783795
-23.839936706656836
-27.187830202700294
-17.7218268842106
-21.86287375980743
-23.777001041854092
-20.66556497595035
-21.64958273475933
-21.771941731494003
-24.32189171295551
-22.17354090245941
-25.537961874804473
-18.318847495786848
-20.462638601530458
-19.133194643205236
-16.34946888516211
-17.94434279928371
-21.601103196270078
-28.74199574362101
-28.646162128070927
-26.848046294939707
-29.281101027599423
-20.197142768589885
-19.582280844724682
-22.206628030933533
-20.997838680201056
-20.256252978030084
-17.949300066560717
-26.292337203311952
-24.245367954049676
-22.976400701309707
-20.89267114549124
-21.532981061646872
-22.408647259926234
-20.59702197325656
-21.635201859258903
-24.085544529845436
-21.323816163352063
-20.340005422472014
-22.37407437226597
-22.352402917924884
-21.341319200480758
-23.288232923054544
-26.547824800430522
-25.929993365184266
-23.48843321291887
-23.155401858383637
-22.98483547516402
-24.148927158629757
-23.67261632433402
-22.47736388059762
-21.26725723304128
-25.090223125009103
-23.459641158106052
-20.49718788781648
-22.13604368939819
-22.87954016808152
-23.223143685560373
-20.18245993294166
-22.319731339786777
-26.909967989638332
-25.270886210495885
-21.918386328061402
-18.76176739814824
-29.651905575766563
-29.3393409544013
-21.494101452316496
-31.631261626788188
-28.067210097070863
-23.47445611709345
-22.730172695028585
-30.825594978737122
-28.9927537994394
-23.458866384624255
-21.479841717676976
-26.264121706977985
-25.740146138085226
-26.772837638920933
-21.133550294227256
-27.66813899913835
-24.119059704279145
-27.325653166173517
-22.20862041780611
-27.040976005965888
-27.831709143478317
-31.756409527270733
-22.79010761276046
-22.186672274937436
-26.68657804821725
-20.740126932224705
-25.533757822271077
-24.587537838893216
-23.341867744524542
-23.874152401446924
-21.69519966541243
-19.030141838028108
-23.73601056502122
-23.470065543851288
-20.322286331151336
-19.032245847982942
-19.902855481316358
-21.90395255649155
-20.637436831549472
-20.16051568194296
-22.01532109347802
-22.40026170486195
-24.99236448455249
-29.018533462337153
-27.341468906569677
-20.764083043660367
-22.766119877410766
-22.78028314524799
-17.55735362636208
-23.9655667488333
-24.34324585953828
-22.766307969106833
-26.504819014027046
-23.895441906752396
-21.29934585623558
-26.923829093680304
-23.165054171078296
-22.583368848623273
-19.506813706445286
-26.342260387122337
-21.907327288202172
-16.07726360533165
-18.867882442792506
-28.9185376128415
-23.954439712448597
-27.101623136705292
-25.54794603019868
-29.21839219343321
-26.836954024144376
-26.64365526107133
-20.582820493872788
-21.779727897050286
-25.618161278170575
-27.179437793219517
-22.89865462562431
-25.25474415075596
-21.815487591280792
-22.842194372119586
-26.436794748676533
-25.93031654872124
-23.350600761537287
-21.463071100751936
-26.460890832254695
-20.837221683856207
-22.778646443277744
-27.139938914657666
-19.07398064757892
-19.651845100518948
-18.74979482718343
-24.603004429346328
-18.30456608667476
-19.26685207715248
-19.047188680544465
-19.583498110827435
-27.33599414129168
-24.06496770582802
-21.936270376970153
-25.218559631126993
-25.358324698638896
-26.00372423241505
-25.421726059125014
-29.97978792576685
-26.532063225402716
-28.238764466900747
-19.676315572960405
-20.799442991454605
-16.610627111614807
-21.92095723335181
-28.17348965007844
-23.031733747251657
-22.651157377833698
-26.710048607735427
-27.091434465905806
-28.005798920877012
-21.884483860909675
-21.711502837277614
-23.32518063148511
-24.636747937864953
-22.862074323973737
-26.733887847679824
-23.91287171169018
-22.481899868993267
-23.14517016491804
-18.92390795642941
-11.699180012255567
-22.35418865741156
-18.784696622111884
-20.79447836352265
-26.51952021227318
-21.888352594083916
-22.434735897378847
-15.779127657208614
-25.45175007012831
-22.105571502613586
-21.383667512749213
-22.032396709048754
-19.52150152908482
-20.096979102825273
-20.504035934418383
-27.019191296559192
-23.404882795743497
-22.842103123881593
-19.099435151707688
-20.841966416143407
-21.730982000427566
-21.099982273645978
-19.86615894599838
-19.07097255229941
-27.26466038111044
-20.776221883879465
-17.999941794413164
-15.159638444547088
-20.96463932430286
-19.62814196715211
-25.804277428078095
-26.795708634612925
-26.984832379402455
-27.13817112632146
-22.454441085739795
-25.246007140811898
-26.16559495342407
-27.24815782786785
-20.77805498008739
-24.056450769714584
-23.177917331995566
-24.497446142682413
-23.239505668313274
-18.120373113387025
-20.101574042910364
-26.73081005057197
-25.609906723750626
-23.971664310684417
-25.371473557944974
-25.888684211237567
-22.94279710438385
-20.925129371004825
-25.912430512415316
-22.025672005192497
-20.2676714528844
-22.673194247799138
-17.74622337463404
-22.242126921711154
-20.96756671098087
-20.059283370669053
-26.190694850226723
-20.143593602150712
-21.469505707944542
-27.558765308313326
-23.40411390947336
-21.934880146511453
-24.339282295942375
-20.140386342776914
-25.372299205600356
-26.6600983194124
-26.89756671107263
-31.38091593662597
-27.67667933253855
-29.39250317765613
-28.251955492062432
-24.423227456472965
-20.174414478616143
-26.38172824485516
-18.566671073537204
-21.329638420062835
-20.89990555098204
-20.978284539747104
-25.2115387161829
-19.823639525057878
-21.13442983332812
-23.800710716767295
-19.0674372071558
-19.497132428937174
-17.584231036429035
-23.93040951511907
-20.46666245908672
-19.97113302705841
-23.349025344479553
-21.726871397773373
-28.330813271961297
-22.85088635838661
-24.581914577391405
-20.146381638164613
-26.28541178614067
-26.505683960665245
-32.46687378302482
-23.793340092240435
-21.766917516830055
-25.53877464294841
-25.27417214853289
-26.97373782242637
-23.83876283094047
-27.291876318448736
-23.859976140265452
-27.230489032315695
-27.155609404706794
-26.093781412425034
-26.580930743701472
-24.127700965449332
-21.306085676591568
-15.179261513205159
-20.502468627057908
-18.830198319960086
-23.46231562105576
-27.83991571232985
-28.455424069514372
-28.688222472428862
-24.412485419351786
-23.864913520560606
-24.821586234780106
-28.658521416644025
-23.569895973928084
-21.909742279191818
-21.132201282392874
-16.886406198335983
-20.532969921889578
-20.526049491850678
-20.880779458926057
-20.349929612362082
-15.912279695027154
-21.995088912134804
-20.806769486333227
-19.99309224293036
-21.822443168384716
-18.586077121689403
-21.202751162938153
-24.14771426055285
-22.96531615698168
-21.860959183795757
-19.461630578038516
-20.590483437577625
-23.845666594210194
-26.079945297947482
-21.77524690957429
-26.65484440012573
-19.7829914397238
-22.54702266854058
-27.964763315334764
-23.2021303836513
-26.10910892303723
-26.822646329124748
-25.59947521294625
-23.380425702162665
-25.461386079222187
-26.930929446046616
-25.31289698292883
-22.970232269188614
-21.16670824110917
-24.80677428584581
-21.91443390794572
-23.16692869547912
-19.43021216780693
-24.27811646559107
-26.05521195340638
-17.911682928103183
-18.44713044386259
-16.855793069424315
-20.698527816755107
-16.72218093720651
-22.975230593847805
-21.650329885166336
-23.239581518997245
-21.866722718471024
-23.666523769020294
-19.137815126192898
-21.73583362138248
-18.094057115697453
-23.19966601387628
-24.47646815264097
-20.794022605039604
-15.271918107820607
-19.575212169163684
-21.232158007555
-20.55132743194674
-19.729615403289554
-19.426048047010195
-21.02620593503182
-22.540170791925163
-24.763155889063185
-25.23042315775249
-22.170444562304144
-25.42896282467092
-18.470802396294506
-24.702665316709975
-20.92156370726857
-23.63145984922744
-23.161839208476685
-24.33218377456222
-14.975363276745883
-14.646370685884294
-20.187970059979804
-27.576728652552713
-27.350290248675513
-29.342269064702403
-23.13494114707693
-25.154909798795916
-25.915416824411288
-26.394277294221222
-17.787820540184764
-23.790452435340757
-23.794998232945787
-25.118173029246798
-25.625070240254267
-26.66203836792083
-18.837203632854383
-27.083673600109766
-20.664186443650397
-22.670117975382645
-21.929593452316283
-18.432454176659093
-24.419021451471508
-16.033441994221313
-23.3526493938092
-28.503614895994957
-19.214091673312613
-22.33600444063777
-22.584343853184848
-18.489991702582852
-26.567894266893518
-21.11500948190576
-18.337897304433156
-22.954530025404114
-21.30982488768185
-26.962183472158628
-18.873989834747523
-20.500899186870985
-21.17940530623678
-20.537406163181554
-20.524096853925048
-28.534659261787986
-30.642417921393477
-19.351857770613563
-18.799850302861017
-26.290555545996703
-24.580397021370437
-21.071450845573
-19.56737765104752
-19.467716601736004
-14.518741289967426
-18.312313239091516
-24.22250888181741
-25.666411593234574
-22.699727823666034
-21.2350004951288
-21.926626932140977
-21.429328028389165
-20.06337497209835
-17.208674883734737
-16.40328480053389
-25.045801103930586
-19.057556590830536
-27.21189640689684
-20.63569991032457
-20.564308278129783
-22.589234959062253
-22.42294622720854
-19.268976739996035
-24.85746622772138
-21.638581077113333
-21.516159998452522
-22.245669214993036
-22.589557440549893
-18.719001220784243
-18.456113852999593
-18.687603984095976
-18.841374548800736
-20.480049252317812
-23.631477452197878
-22.735056632839296
-23.233062488064903
-29.979873711611706
-24.562788852805735
-22.2201657577684
-21.42839532646829
-20.589845827268725
-21.60363564694892
-25.249928947505452
-16.970103426983545
-16.0054641700443
-25.920014285475755
-21.545564732282827
-26.501004149450996
-24.260780289705117
-25.55403541698451
-21.51122493772398
-19.81511409494054
-27.010828178088822
-28.315990148148767
-26.386824494264534
-23.32637531879079
-23.567770483908635
-26.472937967019718
-23.200851251335557
-23.19356833117694
-21.785851580602635
-17.94950397342243
-23.01695265449545
-21.802153266415058
-26.112850358199157
-22.90854945398781
-18.98422923132546
-27.242942066307002
-27.126649421833992
-25.69462714352084
-27.96322499901236
-22.970507872933545
-29.563728201900663
-20.78422971645335
-21.640733588433267
-20.531518812877728
-23.215280636214327
-26.881769547637376
-19.767600878621277
-24.516898599717514
-24.54823820271999
-23.288075728386907
-15.624741058070006
-23.137316873876607
-27.56069418605273
-28.563385665904683
-24.319819847576188
-22.01014779255081
-28.413111627142882
-27.821553647108068
-29.77450308876898
-18.418100393393374
-28.613699670539116
-23.530843662353437
-24.172894817578417
-24.518052968529833
-19.05594013740736
-25.74328530298257
-24.246466989024675
-22.511447157140697
-24.211629939718687
-13.2790140498516
-20.89279501018052
-22.410642155442986
-31.19272406102652
-21.37034317812848
-16.544027571674107
-19.680156051001582
-25.604235983905205
-22.189420399360557
-21.853002352012947
-25.055754424598685
-18.116267057849562
-24.0016071759328
-27.15932165106164
-21.71722746072023
-18.862452140629202
-22.242219352237566
-22.643802386401518
-19.57773787946704
-24.84862462913188
-22.969535763945977
-24.7935300863765
-26.341467813196008
-22.098638247297792
-23.1028399495232
-24.65313003109543
-21.191115496473913
-22.902345380814147
-24.38939797272051
-16.75453565960643
-25.828184342649397
-25.86962254650487
-24.372560977316763
-9.644349074101202
-15.958547645513788
-20.244897677205575
-24.459618232863118
-20.62939439996
-24.569004690765077
-23.211789147732
-19.558312059619578
-22.343114432720597
-25.255090444920437
-21.819067619777634
-26.867728755164727
-21.622747748081032
-29.440559487073266
-26.70778510255387
-20.76677688264771
-23.572844580256074
-25.559473121750635
-23.155105937047757
-26.542344725666705
-25.003767915885717
-28.044699200932346
-24.51249380424363
-26.38963992278067
-24.995571207341058
-28.456360455992975
-26.01844015005567
-25.376290790356993
-23.038997703371535
-26.01874077440397
-18.16238820599999
-24.726399960367413
-22.815388378024547
-22.62872303095491
-19.96094367155647
-15.689618410587505
-22.617585550326915
-29.243980617551117
-26.226573971740166
-29.104379873736345
-22.35793836737858
-18.391211458833496
-20.837492534251577
-24.752420129625442
-22.297061149990718
-21.606342686236474
-20.426227020669636
-22.350018901061986
-20.072433866182458
-17.822630254909896
-19.630921727486715
-20.170117142163736
-20.024329177175265
-22.59939914536139
-21.09437743470169
-18.94581251976855
-19.165405702880726
-19.045775547211836
-23.791467315534984
-19.412815331687586
-18.976069965381143
-25.275568065327377
-22.24106808857995
-24.46839652510414
-20.412440884351092
-23.768168047202224
-19.779447247824475
-27.280610694956152
-19.19666155830003
-24.61978959259458
-20.16329404221269
-22.374772320776245
-23.102555821086035
-19.602635058214297
-22.694108123387593
-22.47888581180437
-22.055112893803308
-23.95600560140069
-26.745338155304594
-20.098394894944686
-23.24260020357673
-22.03613986115588
-28.408682428144985
-25.459132090544234
-21.874423179771888
-19.126391543932506
-25.130443297947476
-25.38534928637084
-26.24097556824122
-19.49272607759248
-20.43200898484666
-22.816919874519893
-25.182920605163808
-22.071510757088053
-18.20961139470121
-27.285829385432788
-23.814536025207367
-20.983492882068717
-18.30428286018602
-23.084632956681684
-22.980981010420347
-19.638118445179607
-19.606691233885215
-23.656932032452893
-20.13479015007544
-25.453407763235536
-27.625797014177696
-27.936764098681806
-26.053125396012437
-21.780273814612755
-19.256444113615295
-24.67022034457652
-20.891485571911012
-21.11818116860676
-23.700540035085215
-27.2071108492846
-24.458924559448715
-27.72024965909455
-26.0153024265391
-22.130288741717813
-20.036118698721253
-26.37932616740803
-18.001230749994647
-21.451973424274883
-24.25260483519011
-26.353743890654933
-26.045525792753125
-20.56804176360831
-25.379390924726057
-24.160774813019188
-21.188847746741477
-24.398936325213437
-25.276234034586366
-27.443019136090808
-24.388117364378513
-25.301421360282006
-21.596041640184456
-19.127794610256824
-27.21921631381575
-24.006544573881158
-23.8374308772256
-25.79429137500468
-27.53966481637016
-21.60904735260784
-22.877150531024615
-20.427594036322954
-16.41901454798439
-20.010400057617215
-21.256443728188202
-16.320738937613392
-22.721357539006416
-21.682328330964065
-18.286198945091368
-18.88324536508759
-20.862106040953364
-24.409843545589595
-20.145502340276884
-24.685207295460142
-29.37242717782282
-23.264866598665527
-26.767091385584347
-23.16108210615536
-26.026333092066835
-27.743164409037643
-29.21340824700947
-28.1149891654683
-24.769630355728697
-25.61648604317923
-24.716814616251185
-28.074150259306002
-30.267336848469416
-27.095399257318928
-25.930099716261566
-22.117565782813095
-27.711149634143872
-18.95790428441225
-19.74847009669396
-21.35727073783618
-16.867989744414857
-23.80549336397626
-20.947425824873264
-19.722723771571914
-26.5525746517136
-26.91108936875507
-25.616868308642722
-20.27910960791267
-22.087603858940604
-20.377647294276358
-18.742933412395782
-17.03740614869201
-24.614117865516263
-22.301219354143615
-23.746603448446027
-21.754005220620733
-21.147635919324657
-20.83403228633683
-21.578216396360215
-20.875654810912366
-24.180454716771493
-24.278970248590888
-22.05205201720207
-18.01198984332481
-25.088965758242953
-29.535612065356442
-18.854465157862638
-23.789463480319448
-25.926644431949235
-30.48141959956442
-24.091037506492764
-22.336084024171377
-25.266485848554773
-20.20573539150608
-26.407507423944107
-27.859795670539757
-27.872598368585592
-34.09545432319068
-30.91540764977087
-21.910265810945095
-23.21574883225498
-24.63634026711032
-25.64453975858768
-24.73834907974029
-21.6938584793539
-22.84912022723885
-27.573465026408712
-24.28204965547198
-29.672146830864065
-22.086843827224435
-28.146592979172343
-30.24225024882191
-22.05227623285003
-29.254256739423056
-19.22296574034388
-20.20023019859918
-21.99058050152344
-33.37025829711062
-26.967481060368435
-24.980894228384997
-19.71215704437261
-22.20687050392834
-24.79273724831041
-20.50193453123309
-17.919091291863268
-24.30624506584322
-26.077617418732956
-28.153463935682954
-21.55020950984879
-21.329287268345816
-20.962078021380535
-27.84357144831425
-24.52650140072606
-28.89756090109035
-24.79333035656405
-28.713613878468657
-26.604629052307217
-22.069711440457638
-25.288916487356687
-23.752746365462084
-23.71359073981626
-17.372111953464298
-27.218128173414264
-27.006611577990668
-26.78164996697281
-27.13136781275763
-28.811550941000892
-24.064218376837886
-25.87191486409917
-22.18160699280602
-26.485404150986902
-14.235108652342445
-21.9910617924626
-27.694363001559292
-26.43645637428259
-28.352309288192686
-24.534659873892526
-30.297925733148453
-26.777699128413516
-27.01752298010473
-32.63578732896084
-29.103109655116004
-30.117972971722118
-25.65683141694528
-24.211157186064753
-33.150953360890895
-29.93810562198928
-28.7276666170484
-25.243142710209796
-28.383307048031398
-23.95635924571169
-24.96890935582261
-27.444118699483244
-24.112579545500683
-26.315323472860094
-21.077183301102004
-26.57275730686355
-28.073433056803008
-29.309713733196855
-26.816323827846634
-27.04009993648328
-27.483882975365322
-22.630442947106488
-24.13684772525741
-23.71337136556273
-26.453045073880293
-25.452676624806067
-26.065999166542575
-30.7731631982561
-21.230482873163144
-27.09030431548873
-26.478504943392334
-23.742966442978364
-21.748652407445974
-26.493175810208808
-28.595905988858945
-20.864472991171482
-27.250731583482544
-28.202742290803403
-27.179336233142315
-23.58148097628913
-27.94652021115055
-24.738145885578454
-28.442012151961663
-27.3405786751494
-23.2776205286989
-25.35920281913378
-21.2766544425781
-27.729430562632484
-21.317222249974698
-24.95924661549098
-22.610341244087504
-16.99261991987443
-20.10306062489375
-29.632415566361768
-27.243664427626484
-21.561345038160912
-24.01971169026459
-25.962907780482368
-23.5660059863309
-24.71526200588582
-30.206686378448072
-29.90351972041805
-27.0291181395582
-26.858989533194723
-25.268342111511288
-23.33442695347358
-28.60149706559274
-26.229068527057137
-22.89665515144061
-20.326392101890477
-24.725080512376202
-25.749001991014115
-28.152548626209324
-19.181633015907778
-22.726561482059054
-25.634812562188976
-27.463118104766075
-26.627828774947268
-23.494565976459633
-21.18995110704084
-24.07261548047326
-20.326757347791997
-19.119017672569253
-20.97992687168889
-23.895456985287293
-18.018338300484054
-23.55062168041518
-23.11524757558942
-22.851606278486198
-27.952264421519335
-21.391966157200194
-20.78315586114025
-27.415658420168818
-23.899769322795635
-21.336811468674476
-23.24656938234147
-21.531825127923298
-19.99620596403883
-23.6067372704964
-28.36740420385717
-26.56214166690565
-29.292346760370293
-26.268685942534965
-22.127530437415302
-20.85850828039876
-27.480151106103122
-29.251241702383332
-29.553248345919283
-29.757399962890066
-25.87699319353894
-26.37646474712655
-27.588001386703603
-26.369448258413946
-27.381704069914036
-30.773313508082538
-32.8962759876039
-21.256297182387307
-22.137366020639305
-26.84458935071833
-24.315979389215986
-23.584926648223302
-25.809262154007413
-23.7801742331391
-25.836712524723485
-17.479630072394666
-33.64574390850155
-23.47820119522715
-24.854628028808158
-27.37166666718224
-23.834768052981808
-17.98781663593151
-23.557965253365012
-23.965256061332475
-28.020501649259295
-17.49246533083816
-29.052684138582457
-27.620489260956152
-24.688044715140382
-23.062209936202553
-27.520799819376336
-26.54673193657986
-26.000005674205156
-25.779464693025545
-28.559972997794453
-16.71119693591141
-24.08093913636167
-26.665778958406364
-25.651772640318363
-24.525125450311158
-19.050181167514516
-24.120143847646514
-23.5249996959651
-16.492132184862015
-24.68463824662023
-22.332445612005845
-20.183445281272405
-22.948582018182044
-23.781985414787243
-28.17922464891428
-28.887784570956995
-21.914707937871068
-20.705370093657514
-21.97936341700059
-27.17935002801051
-24.526319951100696
-22.10378982064083
-22.418454632180996
-16.49601095291859
-20.90047034993026
-18.02650068119083
-20.603830011997818
-23.474560077352894
-21.87864561859562
-16.123937501332914
-21.70012838369441
-19.45569174600995
-21.999991326896
-18.97036371482046
-19.59742588418941
-24.00462398465799
-19.295369209980358
-17.09157557710484
-12.88322496068754
-22.48732765816148
-20.057500379066582
-15.943940033472593
-20.888850370647646
-23.94276284306637
-20.819814859186593
-25.796888302737518
-22.309442261864348
-25.757373984069904
-22.139999983303852
-28.491587007185778
-30.774434006750063
-20.656354753635032
-18.73009350187654
-25.4459027868344
-23.96647247591089
-28.5097380920703
-26.727355340116176
-23.223962649660518
-25.47449896142595
-30.76865756979663
-25.34917577198315
-23.211962753809203
-26.53397472567757
-25.362583892549033
-23.74862427655235
-23.519709985883654
-26.081684035554865
-22.47758608191184
-24.405445694040722
-23.01560634252953
-20.772332734248437
-29.349084299191155
-25.630092147247016
-21.35115340591279
-22.453049690264724
-18.824272162502975
-25.216590982649315
-24.491694329789805
-20.786762394083162
-26.402120347875826
-26.151842523260868
-21.615774607550993
-24.920181077856682
-27.562939913422145
-26.344437608104876
-24.01263348836528
-27.23139243958771
-30.132087861116748
-21.358996308825837
-22.742756649116433
-17.257531340764693
-20.587119097481043
-21.210604501831988
-24.744089071009853
-25.262327925712885
-26.888719447867455
-27.49406260466486
-29.265106401962473
-27.434076108627643
-24.526318960660618
-22.688510119038863
-29.736913902862817
-25.27141238093515
-27.625483995420797
-23.20902778613336
-21.002109421204736
-21.65183490979527
-24.584825926050563
-23.703493895277077
-28.282658971622922
-30.7347114237052
-23.789721555458847
-19.570631830253653
-31.34990620573322
-26.776757695866355
-27.17176859476956
-30.05391068049341
-23.486014160510333
-24.789143375521615
-26.96148659710947
-24.760478643831213
-23.80423703873297
-19.46238846022284
-22.70096024275758
-19.440885639391688
-25.91891429667354
-29.31572263991914
-26.09760103086432
-21.05566303470583
-29.657101934084366
-30.187558324746313
-25.58584466934519
-22.00890681901708
-25.620865476163665
-25.244457941909012
-18.45937720844139
-24.657400465733843
-21.47290013065388
-22.73099867533279
-24.72594294869934
-19.592844291355735
-25.79435481450949
-21.319215595406824
-23.58759888891069
-27.466255369638176
-29.88466828680469
-25.608378368273225
-24.294589134612558
-30.670775458199163
-31.32098928175834
-29.68415368823944
-29.061915384893844
-25.922357588164523
-25.47678257951298
-29.33949297611491
-32.633576387792786
-26.020380124923093
-29.528053137330446
-25.157118789549006
-27.84183588240072
-28.225643423611725
-22.86791937335759
-24.938492544539017
-22.28097813194672
-18.005223528485345
-30.769930364150476
-24.402116044851056
-26.514454118222865
-26.88085682225675
-27.909923810554385
-29.305232064916233
-27.960979199311623
-29.86112686843373
-28.473477037930085
-26.54494645890358
-24.029364260679074
-25.269225456011256
-27.850998446539254
-27.028221282666095
-26.382147288318304
-28.579357526356798
-26.695562280883287
-23.11368987607164
-26.08032351770855
-26.577027795091734
-23.175510401398306
-27.762561339341122
-32.990265440331164
-30.09789456907977
-24.53259269723294
-28.34920544506637
-25.19805066266671
-21.80610410977794
-26.02108735247484
-24.9253423495466
-25.628415040539874
-29.563047790741248
-17.290604288724754
-26.05691620705252
-16.9474517849317
-25.026488699019637
-27.80190859857977
-29.75882064879163
-23.141550814617794
-28.799307636263396
-31.16074738047481
-17.198133804445856
-22.968472853334852
-24.57083395259323
-27.58076364777552
-22.74082581549652
-23.724212857571594
-29.11069219578858
-28.055118017550527
-26.723060454060853
-30.82251550846179
-26.188465574838595
-27.080475420637498
-23.544208367201207
-26.189721729930824
-19.268595910025365
-24.952361598915545
-26.874172244752025
-24.465660922465798
-27.086929077475336
-25.72693675639944
-22.156239924512015
-27.733782312940924
-24.558212614670772
-28.150619279658144
-22.178328170591744
-24.162876108253798
-24.850255757832592
-25.92362097613392
-24.02939246506572
-21.4688583040222
-17.142024844976778
-20.59965217141714
-20.467064520671112
-22.25361185331036
-20.517220810808983
-17.480843572014443
-24.071968873668386
-16.46264351844782
-25.96669600266977
-21.797178374325323
-26.65032826430018
-20.989113585490497
-24.670120693187716
-25.758626084874155
-25.70071458768436
-24.050554305813616
-23.937184983481977
-24.366368241093618
-22.246585009613497
-23.64034094224055
-22.000431597184626
-18.435849347239703
-21.59165530199061
-25.500054684773726
-28.15244923384326
-26.992862148702105
-22.947261760458268
-28.6822389676922
-29.666782203084296
-22.649712588352564
-25.60297092451271
-27.749942042181644
-25.35523021385812
-25.07716600562508
-22.423679675070836
-24.22859668246911
-19.53929014098164
-19.898527499288527
-17.97466648133174
-12.391352852183466
-16.087351314920255
-17.985033434722183
-15.165600323727848
-16.915290451653778
-22.717902126567914
-18.805979893821895
-18.62560913801359
-25.559966347398994
-21.049273852096952
-21.85609568159303
-23.282718846475234
-25.66050293937043
-16.169518929187237
-21.54532675135004
-17.89022058785432
-26.376610695577064
-20.279263106389024
-18.094766509202117
-19.73908148737538
-23.67106112077468
-21.876746153078557
-19.588553963289918
-22.766979998713715
-22.133533324481242
-19.294056307020654
-19.863172885029925
-23.703536184158978
-21.448824384512243
-18.496338925937444
-20.12064975544075
-12.546508259742946
-23.079016830140517
-27.179576918755643
-26.93782779757788
-24.607436466293564
-17.795526120839597
-17.283076633956632
-17.302329532338415
-22.403428440158635
-28.67970464802735
-24.045524502371435
-23.543543371045413
-22.741918188421202
-17.214434497906016
-25.04658141513076
-27.4795680710266
-12.154052535497936
-24.866965088319745
-22.80310690120252
-31.064436686704394
-28.451132726890677
-27.671040465527312
-20.754268176873197
-27.41373125330648
-25.93435566538048
-24.97548652642579
-23.049924212670362
-28.561530032626045
-26.02249010955645
-27.738487321318004
-29.642504926718935
-22.011771135946418
-24.11872310857276
-24.13687068606706
-24.67079780525771
-28.746852317957924
-28.705842917831284
-27.961156702564796
-30.902717961794217
-21.696537371411313
-22.415955122769592
-21.963325718228184
-23.539798109464016
-18.632954752133593
-26.943659883019805
-27.92288250428949
-29.48825621262781
-28.609746554986238
-26.419617723555408
-20.831965615789414
-22.127724799481275
-26.82627152381523
-19.788772241809898
-15.731463280391008
-25.699877107771336
-26.274356881746854
-28.16754275708535
-27.369133759094208
-23.92388497215981
-19.744596003508985
-20.54550250085301
-20.395217652372587
-20.368381292049555
-19.644227589205954
-22.91884908927759
-20.5410082399793
-24.530651495976773
-30.552034698434024
-27.489146971659682
-23.90689581415276
-20.312039537931486
-18.748645652089245
-28.345391834648083
-23.37684421240076
-22.562271450341022
-31.184003190670634
-27.339392227604684
-24.883060681089997
-25.11420449047894
-23.024434135902382
-22.867784896318305
-21.992643540038543
-24.491813140725796
-22.746904563050535
-20.25092687807924
-26.346715328044706
-23.909800931444753
-27.57713138910483
-29.774647463348785
-27.566258979804278
-20.538540843675364
-28.569134893441746
-23.636208244239548
-24.209291063728585
-22.754953397586657
-20.225793979980867
-24.34838401898671
-21.96222781960998
-21.675076346361607
-22.07548699918695
-26.628147260384708
-25.8871321882229
-19.905335172761635
-22.467935248833403
-20.301912304012518
-23.05958220258346
-25.35447407769381
-18.294434602435977
-24.071821019406855
-21.547276094544305
-18.523127400840536
-17.9483441701343
-24.263923611789544
-22.937072595890065
-23.620608437537015
-24.414407185123753
-23.736563277992317
-23.429127125457665
-22.020752250652254
-21.455569122913012
-20.84748764502773
-22.094872680445093
-24.545739567765132
-22.47836085603121
-18.395769333634945
-21.02116125225888
-32.051512134302776
-21.627512503726045
-25.52984276219199
-30.411288364311012
-24.564556153638392
-19.660151452657857
-20.92345482769393
-22.360619100534446
-19.45624771673931
-24.443095201480933
-22.561977005705003
-27.4929242845417
-26.041651116939654
-22.601162107088967
-21.68464631431213
-20.090082104379903
-25.175064290092834
-27.929278105519693
-24.17576746338463
-25.59177142467792
-16.707004281159527
-18.793648131911016
-25.068477754917616
-24.573841109152315
-23.543262001724692
-24.697383729887648
-25.285671569981737
-24.067474529889687
-22.81196776863026
-19.478865656427033
-24.597759783425182
-24.60949766841439
-24.532624757289284
-22.14519873081506
-20.692609478702185
-21.163862229300605
-22.566311783643414
-22.05110237782325
-23.534710541093773
-25.13822868329971
-23.115890998765533
-23.24164057433152
-23.300022085799128
-28.051621115148258
-22.513290208424635
-25.072608570408057
-28.035187592850292
-24.166295144264332
-25.004228123370968
-25.474207408489377
-25.226706409828008
-26.33505715406826
-19.113902851027355
-23.696662332580267
-26.28652535340981
-17.925424767755917
-16.896892266153205
-21.173411480310968
-19.700513278033785
-17.963981792093787
-21.53219799062636
-25.995651666127856
-17.315781903204318
-21.081903407142907
-21.011823970809232
-18.464079915827508
-29.01580045754592
-24.799438284225698
-23.26685487697404
-21.013170110918523
-20.654591309694432
-20.721042485419755
-24.591868740549394
-25.473689729241123
-19.255614713319815
-19.037513311991432
-25.83530376670725
-27.158885381458788
-25.240300596794604
-27.591410233520747
-19.228299389540616
-21.914172598414243
-20.464512455602915
-16.937200243465174
-17.275086058778243
-22.105288542503974
-21.892178990036996
-22.958022833088695
-13.520343613945098
-22.35401210365849
-22.93062159599321
-15.688293424039536
-24.463945418259375
-22.92533826964837
-24.75086295018255
-24.020157856244865
-24.16558469471149
-23.86243940483562
-11.571398699328656
-29.031312810406863
-26.31960302846565
-24.409598935865265
-17.987927065840346
-24.957994373015975
-21.37449906026163
-21.363808786952504
-19.809587440714104
-21.0022768109491
-23.935151694596694
-24.620071844941265
-21.95495903841286
-28.725722768655405
-18.571970014310907
-27.23864240019539
-23.769021868277427
-17.000029998140434
-20.21089031849936
-22.803160421209565
-18.570566206199555
-22.180998009627736
-26.021762003423017
-19.07498811921655
-21.239450978653416
-22.0130965251606
-21.185691796552483
-25.290666396632563
-28.382263422687043
-21.691711100854793
-15.438825920029764
-17.96980610174066
-23.00333785088542
-25.760087572672674
-22.4956421843387
-18.50568517456119
-19.541670569628522
-18.40622909878426
-18.19689941646429
-19.159141858340156
-22.839295573049085
-24.864205236316565
-27.051744781656282
-24.24834572877856
-19.474039867305123
-25.604649566352254
-21.28864888068938
-21.295739503138265
-19.263865014130566
-23.968088499282302
-20.605831183148418
-21.15043530124877
-22.782469002851457
-22.224546135745367
-21.30926386846816
-19.755841837842226
-18.845127696567527
-19.031445052753668
-20.333816177199456
-22.028137514807188
-28.049965038281197
-19.304048779450174
-25.67932389125088
-26.66689078054374
-28.459732024834025
-27.630269230716703
-28.803455430091155
-30.900155950347436
-30.801965937521963
-25.460793075497534
-25.366457015048987
-26.372970953008505
-22.07357166719895
-29.657958614712726
-24.997072231238647
-23.47398600982018
-30.363475568659577
-29.480689964072774
-29.259971583102274
-28.966532017190968
-32.70604825934892
-28.030084448025676
-25.948372437454562
-25.40203760499633
-31.14558487886935
-25.8332262699035
-23.373625789145823
-27.49884765715407
-31.088672630073464
-18.378826927243306
-23.48134765239372
-26.251010862380642
-28.300813716176002
-27.75576357105415
-26.52784536442394
-20.440894644220638
-22.861716326669466
-26.7254798805778
-17.26143703877129
-24.469504299340464
-18.680437451617397
-20.30665310295862
-17.996679800645587
-25.399549703615172
-23.46409721119525
-21.56271315413671
-25.553122602901006
-28.795629457930183
-27.98414204888279
-31.095575583759114
-26.64232578718587
-26.300430691217173
-20.038631016310536
-22.6328767875647
-23.346390722475302
-25.458894795780715
-19.735689845409205
-22.94234706196263
-26.444571420465046
-20.832388276056985
-21.921446809191103
-21.42045180348309
-22.114952234206854
-25.90993060499729
-22.87277952837229
-20.53378419557282
-31.85182257636307
-23.13011486725959
-19.081412537459023
-25.308360740878143
-25.46752274317347
-20.60079265567087
-17.110588502382324
-25.540939322895877
-22.499251238834475
-20.444355197874465
-23.58963451025871
-27.877033471898752
-23.8638685882217
-25.93199827819899
-27.70333580541315
-25.173060886943937
-24.22951003978455
-27.692304967902814
-21.240968879765585
-23.997829728683893
-28.96385081188115
-26.25940680587263
-24.71617380999364
-18.63575961803477
-19.715621633166407
-18.582199924523714
-21.84856815520703
-27.896136867322653
-21.52863686307766
-24.38224007884532
-20.1805471819587
-19.502929916764213
-28.8285716668758
-22.358541643565353
-22.880004082455017
-12.946943788500878
-16.765655099625548
-17.342508204274672
-28.159320976001318
-23.39824252373683
-21.48757053853248
-19.08928321810904
-32.025764136526135
-27.360418012031147
-27.593238868183313
-23.798697578743948
-22.159834975586854
-29.455947517925345
-26.80575602492313
-22.92417158310331
-34.57942154890156
-29.943274699762835
-27.769563005355813
-22.59194603480824
-23.86159767906634
-28.91551845332874
-30.091271669634516
-29.49039342428955
-26.02856681643729
-18.58848186285998
-27.226412089617963
-25.38995932620746
-29.10701261476766
-25.847980892679715
-25.410770515824577
-22.75589460798073
-13.865704317705061
-27.675690782676057
-28.07128210918206
-26.713104463304745
-26.533873361384416
-26.269764975168048
-25.824459077209312
-27.556526170032406
-28.872625537360136
-21.40104216375014
-16.45198908609236
-25.423375866957947
-19.759895586916507
-18.89113443304365
-16.0408802952122
-21.778641968840837
-22.235224975976266
-22.463734005034937
-13.008499757302054
-21.720986839397458
-14.229123614130566
-20.533780116727584
-22.498827893891097
-23.176187429959402
-25.280458312670604
-21.246298006175373
-28.41669244231994
-23.889707124782333
-24.261444751743976
-24.62610814660136
-25.771173937875975
-22.813230977421124
-26.746113441896142
-30.296305537276186
-25.482376792468205
-27.168006448145658
-22.654046068231807
-23.722345487072047
-21.095006641198125
-24.932201632454593
-24.25603043729288
-19.52745645991697
-25.103896856468143
-22.797697053944436
-22.95800502257533
-26.031822212751603
-25.974197315297474
-24.462134394485958
-26.04586294052676
-27.309459884975624
-24.699376854191456
-19.489988757496747
-19.09289218737409
-20.384411067354996
-21.704561625825047
-17.152867042264724
-22.31358688313501
-24.30288137476738
-18.25590328526571
-27.113285602734017
-22.417116183288268
-21.462802791484595
-19.21788128832329
-16.938656246625488
-22.40630046397335
-23.507685207738675
-22.75392905069376
-20.420446179328277
-23.10530703449807
-21.24112971582177
-19.8039543502745
-19.516785516166465
-23.343521923105307
-17.089194803223855
-20.544729514686736
-23.24717924799768
-27.25719195786733
-23.937058268532265
-20.578068587109474
-23.210505683902458
-22.509513167048517
-28.393640400459297
-29.02172634562337
-23.642176168404582
-15.839787389816998
-27.32259085218656
-29.8034108626174
-29.630621444703188
-31.20146841183842
-27.919842044533755
-26.234074132673754
-27.650771286934003
-28.277185702543857
-22.85386901412527
-26.438295706764425
-25.74107122039204
-27.222588669672664
-27.173986819062286
-17.17260259427146
-22.969379519755734
-23.551867463369348
-19.070128474346255
-22.92490291627803
-24.27559093325339
-21.980069635851148
-19.220857613185782
-21.880432682386555
-25.473287713246876
-23.44787691612462
-23.807785522140325
-27.02777781275361
-23.773267096796825
-26.086318187459156
-22.474094767119585
-25.293473887095246
-25.080536373133917
-23.100235789630872
-23.808245009396316
-18.2327522553887
-22.80246433007587
-26.501134265584877
-24.70345942706475
-17.843580044017774
-19.557471138212584
-21.487749243500453
-17.69445191357075
-24.488604746307253
-25.697887761990117
-22.554642187901354
-19.7075073796972
-24.780251472284384
-18.546705710031734
-29.13171686578395
-28.70532173954472
-29.69034892870356
-28.128999569954615
-26.27502202497543
-26.765507762108868
-28.89787023505924
-30.978659067771396
-24.945892105522585
-24.662665005617022
-23.23646578902728
-22.727008851311037
-23.88322899702896
-19.915505519593854
-22.9907253822992
-24.09027413661444
-26.086717074808934
-31.21267016463876
-24.100791650233962
-30.281899751276363
-28.344626117440782
-26.134191370113452
-25.537523634701536
-20.427631619220698
-27.021269475708905
-29.22629853013423
-25.558235781285152
-29.563109382836124
-27.533044329407932
-24.890566890725502
-29.07412267529466
-20.927575559207423
-22.185987721667708
-24.568396287183965
-25.411638685824553
-23.420472918868896
-21.548012450969715
-26.262287070715068
-22.178939258456566
-22.927473984656586
-20.39271440216243
-25.192648945580494
-27.716865761878932
-27.228814596137482
-17.812489850839874
-26.218987848622177
-28.441127634728872
-23.95284010738536
-23.337064698844596
-20.77083207417042
-19.588645083585075
-20.92993012758582
-21.108688374188784
-20.82324258462906
-23.63250922756172
-23.515049054103347
-18.74213247634713
-22.24187856258799
-23.062851985297662
-19.40145547479488
-22.752677942190893
-26.022706911431364
-26.300123504147955
-20.80507328129137
-25.166751844416662
-25.086616057118786
-18.70471577765256
-23.595457107031915
-23.26004837841598
-20.62950345297096
-26.164976441015348
-29.68898640005694
-24.02498308634971
-29.702401555651107
-24.132068262496695
-24.33028149607734
-30.161843242260197
-21.72413681670332
-18.25755829810827
-19.380247538154215
-21.2344652942641
-21.428058363833344
-26.20244998867166
-27.44328798683148
-20.690020578977627
-21.31189810792948
-23.518325691751407
-23.766000806579953
-23.694926844705062
-22.61807818481264
-30.40148731383443
-22.342958854822278
-26.175553766985644
-23.191690725528165
-20.466194969090374
-19.028154160065473
-20.863941893015834
-24.03284703686879
-25.454129944787432
-22.0530713492895
-30.335454227796642
-23.908978466362274
-22.194355240840387
-14.505791421878214
-22.190343662082128
-21.611310328929463
-21.682815669811617
-22.494119465190554
-26.518869504012923
-14.428376896724476
-18.629795279246665
-21.590294687210452
-25.98666046005528
-16.39758275014923
-20.738996013448094
-20.388490197775614
-28.071227439046837
-27.7243259340433
-30.105033564003712
-28.637104608366347
-18.020127224583767
-23.5738070970889
-21.492245728915073
-22.18504518168322
-26.743190768538984
-25.201767228068867
-25.766922917746875
-27.773333887822282
-24.256674799788637
-24.31900192462968
-26.17707913700501
-25.210561995065568
-27.300394638621206
-21.208179107134274
-32.12920112235593
-25.3264879056539
-26.252987006158165
-20.145910923656118
-26.646894758478936
-23.596244320515243
-23.696772765973172
-20.288864675241943
-20.110602533013843
-23.79965791209845
-19.66302076035297
-26.61407570672818
-23.383588095021743
-22.418108449686965
-30.75120936920436
-22.45000593165147
-24.027654988165963
-22.34984751914979
-19.33298928917212
-18.501064088190095
-24.00881057770018
-28.271448088175603
-28.98305235636997
-24.637466479804413
-24.30498827200151
-27.528415547345332
-25.50660078653618
-28.710644973652997
-24.570770885555426
-27.700193691207243
-23.8949133394715
-18.3347296872657
-18.10824730172357
-19.725504968424524
-19.93325218309342
-20.258456250347955
-20.643807867425096
-29.330309400751663
-26.25044805720439
-18.09928147398613
-26.581748316615467
-24.366386998365424
-11.859046344949023
-25.268307216428838
-21.702456220919146
-24.239848138346254
-21.231789990086675
-18.899535853459927
-22.19934042175776
-20.146275221003926
-21.927448072619633
-21.748614342451415
-24.367385409516732
-18.948765137109344
-23.381375587912636
-23.160519803447112
-25.59342581488911
-25.0417145562241
-18.565258956948078
-21.82144067574565
-19.02402320861578
-21.097323019808922
-26.59443533543424
-20.4191791105197
-24.510730470572227
-19.012401250655902
-20.329212506208158
-17.616185442407858
-23.334831748179802
-20.599508258943487
-22.966486939822197
-24.04728077560737
-22.60059793918677
-30.57767437767611
-26.43736422688102
-20.4433196612621
-25.25809273194741
-22.417884339111616
-26.90437671763197
-18.237412758919138
-26.310697423707865
-21.962469715020102
-21.7341677773498
-20.323127306249884
-25.88610333479562
-18.696579546300427
-24.077009007523866
-18.700136354620323
-15.767683873003566
-25.891360618582947
-24.170162987804517
-25.935066370887228
-20.396643356135712
-18.869408700034946
-23.56127317730715
-18.71354331435906
-22.63402984055303
-23.222298110269755
-19.503995154927097
-22.357519612530837
-22.006029092641835
-20.129290217345805
-19.948241722093115
-22.228766694691004
-19.94563090140212
-22.179374999046356
-16.47353052537636
-14.965155642896981
-22.95773123489994
-21.879435195827867
-25.08085761144789
-22.87885173694612
-24.268624071035987
-24.601493235678433
-27.844858266915985
-24.881292737301806
-31.920798107224137
-22.289823366651994
-22.1880080754046
-25.13803865870768
-25.31099092524834
-29.56487766983194
-23.55651144462764
-26.884601354155688
-25.53285707256259
-21.650031548370528
-25.339174688263128
-34.664786525170115
-25.746072892391346
-20.258501437660374
-27.187526240717084
-30.745746141788146
-28.59300260536601
-31.88339130805346
-25.02774146860514
-28.143635268049668
-20.99360419057441
-19.17191227618834
-17.34499983432498
-26.337783114325276
-25.344889151267818
-24.35768948305921
-25.119740130328303
-29.350086373443343
-27.548544042909448
-25.496928022820978
-25.76845514491641
-18.50157830226714
-21.253152502360358
-20.36037211098131
-22.92979944706603
-25.894887383018258
-23.27941784867753
-25.220370075402766
-25.760885302027262
-23.043031354659014
-27.93760325430696
-28.700446955067818
-28.4110536224169
-26.085399226408786
-22.318866565886786
-27.918081208997428
-23.170122976813538
-22.085225916546328
-22.665336207743323
-22.230907082638975
-24.42624888794709
-20.89257340803311
-28.99491033962573
-29.53948343957832
-26.159507984310103
-25.537763962722565
-21.86274617227211
-23.358557745645754
-21.99242512178826
-26.668767595648813
-24.981251832574436
-24.329504003658087
-22.175113221585434
-22.94852603307993
-25.50668066921807
-24.964796007660837
-23.72301837918554
-24.47613442964846
-22.582174760790345
-20.3340682797143
-23.391291963463985
-18.705035147247365
-23.845101930969346
-23.103233581638527
-19.289022528254346
-25.805774910202786
-27.917897203012483
-20.047192813132167
-21.951454340070356
-23.165576136374206
-22.21148855335951
-24.067125411520948
-20.648011368623955
-23.900016474314853
-25.67800926544617
-20.595504251698237
-19.437982375411753
-21.37268742719239
-19.51224909730719
-20.20876013479703
-22.165640331891016
-18.293770744817433
-22.415614879644213
-25.977307635893194
-26.514334779339364
-21.743031647244877
-15.224248416559686
-14.786515195639655
-20.236657060118826
-22.303780834314477
-19.422545027274968
-19.021041022248284
-23.264967688174064
-28.82182273024368
-20.367586881459836
-19.91873120024741
-27.16253129184983
-22.42636915095016
-27.203051105205255
-24.0803372099345
-22.82930996026377
-27.041078102226788
-19.735371032930036
-17.669722582967353
-28.763942710942715
-22.316542449244107
-26.490702092647098
-25.812803471633185
-19.294131097057953
-25.87324318055231
-22.09830472378003
-24.737352857047313
-25.108743013598673
-18.459852299750203
-21.963777164269096
-21.42555052002077
-23.054265945267932
-25.519077607886295
-20.04076431597521
-23.844475036283804
-25.395651582707615
-19.107227357190016
-17.085153603544303
-27.696679235132503
-23.906065342112385
-24.49283031520109
-25.028961874845642
-21.50558634788195
-25.013145262945574
-22.611922132282054
-20.733503383365466
-26.394921948798928
-25.466530513815247
-24.305092559226654
-21.547442177318096
-23.774414907391538
-24.67841336253142
-22.94510959014575
-26.599229889833225
-21.669649233534674
-28.67623238630324
-25.035733488280588
-27.018551532683517
-20.93153893408896
-24.64772439710957
-27.571267987497798
-26.842747929271177
-32.198480284772906
-26.159423088897157
-29.685819850024142
-22.105981527183683
-20.68140971159732
-20.76536061515243
-25.228571583923966
-20.623934776199786
-22.988814700934963
-23.81847630647523
-26.693126566209862
-23.63561561334133
-26.14682260052026
-20.758721767370947
-18.432461870618805
-23.508498747867332
-20.315634552923086
-19.83243204823551
-30.704640409852004
-28.580870473547833
-22.398035702729203
-25.716031481976493
-23.685504084667734
-22.067236207436867
-21.241607220566905
-27.284033194789526
-13.909710693339562
-20.42017613185239
-24.857841416690334
-20.958045835650342
-18.10541747077938
-21.162689411207737
-18.10053775180181
-22.528803495813143
-27.814790330548043
-22.20081462737186
-18.954430838039134
-20.358187359042486
-27.763677924924917
-21.971094722339952
-23.558372103952806
-17.456414551518222
-17.22550540167177
-19.84805921046977
-21.735934835577446
-18.07472153325222
-21.76807651144609
-17.501454790695636
-21.228993501970304
-20.30053591146737
-22.416586328061314
-24.97306352121589
-28.479966817609515
-28.617847027338108
-22.96411698780293
-22.107737986679005
-20.08569067268035
-31.03222123616718
-19.015583406219957
-27.864688161583214
-28.30385973148792
-25.808512336505476
-21.493264122032244
-25.996476121701285
-22.789956552150304
-21.18938833000502
-26.913739027971566
-26.673183741515277
-29.076200968614057
-24.067957909606488
-24.2399147191016
-24.834703555250158
-26.462638780523683
-29.384623968555132
-24.07688252488931
-15.617627574679426
-20.307063309465157
-21.269535762133675
-18.362983958252617
-23.524877940341817
-18.48763282529139
-22.948394115784794
-25.14732934074575
-27.59048537263174
-21.417801656489182
-22.32896024553646
-19.55598054392606
-23.338798055647352
-21.59825762853499
-23.82946734880127
-27.05869115532923
-27.566735282236607
-26.91899052895572
-20.353431685121077
-20.60003114239759
-10.667566595346328
-21.39389712930433
-19.23177135437146
-28.756559398448736
-27.517445074115546
-21.788927072351463
-25.12224261715051
-24.51451880819771
-30.759721534827783
-28.908771062838635
-24.239477685804953
-22.397985032418788
-23.831356776321698
-22.593250436997263
-19.489225388348643
-21.390473077057244
-26.967952458825472
-28.97347196533158
-27.22452190042728
-24.894422820335087
-27.056098508066516
-17.653570438516986
-25.717343774603393
-24.25430870864397
-19.062516732999015
-30.330158403957412
-25.25756467505239
-24.437195317164104
-25.433797743747824
-22.15453159748976
-20.506939057389616
-24.65221661851316
-28.56038098337791
-22.682329271663452
-24.321889500493214
-27.235556604430727
-26.298631484987922
-27.436931874400116
-22.174979332593974
-28.299106656749355
-25.08494270233954
-28.20407123614521
-25.790528989296035
-23.30566125200157
-22.51013498771652
-23.037463058439272
-28.548533897836208
-25.922622972550787
-22.68490640066222
-24.22657921680404
-25.307623580345577
-31.49904477532047
-28.136933582777345
-22.74190244194176
-25.660570506869227
-25.619700183171865
-28.36674699783339
-26.498565618391765
-21.899324752722077
-19.9083252271272
-26.2534726341233
-27.574111322958004
-27.85003572864941
-26.56734614867248
-19.205267037710875
-26.86980995335047
-25.114188387944733
-20.328816194369104
-22.285598291163765
-24.304238865066704
-24.012872577548872
-19.937037038433054
-10.33937198966697
-19.741351206921433
-22.843712759358162
-30.40374122353345
-29.16962140193605
-29.13191544926307
-28.695344293758158
-28.586241037648207
-26.75730871525577
-28.42438388997356
-24.354032172742915
-26.80826405893341
-26.71727589871805
-23.726892061889913
-21.58569999609334
-20.22880850554973
-20.654002516752215
-24.047293779247546
-20.324611370750098
-23.74236044100649
-22.288528195414013
-22.02702605444871
-22.41999905659518
-20.411468155663
-19.54267359763989
-20.70877669054308
-20.597368745750714
-17.06272086542027
-20.625649401546468
-21.400646263413684
-22.60558491041895
-22.584189175742935
-17.257950768635602
-19.37575680996701
-20.945713981265587
-18.88553544633922
-22.140757147223834
-28.474425754969783
-27.569425696604092
-22.251146033007995
-22.11716480301258
-25.036271102268515
-23.666341352140943
-20.533825179122662
-22.680323832246504
-26.3411412787937
-27.193837433530508
-28.4786846282155
-26.207940149933023
-28.388944723192008
-30.81529632168463
-28.046404928422106
-21.797026510151056
-25.93061802836282
-24.444720988589378
-26.077352687997923
-24.514749711656204
-24.720050197938683
-27.687510334522656
-21.16786722218999
-24.267788268298524
-19.719755533676537
-16.08035587812577
-25.611166592007766
-22.372712323758275
-24.012516747285304
-25.147103467264905
-26.204078742116355
-26.1761277029904
-22.88908766570573
-24.35356177421918
-20.58232962844465
-16.566978969194277
-22.048675433043513
-28.75401341271837
-29.2207568137109
-23.144311661222268
-27.727395451257536
-27.273002105505327
-19.248956889616743
-29.822496473077223
-25.63914338754953
-25.66377438353284
-28.49543927883233
-22.406337346143548
-24.326438827510692
-28.875236257693864
-25.912442890372013
-18.831743734236703
-24.901684407429773
-25.742819645738443
-25.77450925409654
-27.01820129335782
-20.618549374165635
-29.72144281398998
-27.389464541338327
-21.913945458763628
-19.229884310021934
-28.008690689930972
-16.50417065845477
-23.671053244057873
-27.342647757143972
-18.782386195960285
-27.061779944813775
-27.921032071662026
-25.835726063503923
-24.19121250199543
-25.088024790859187
-29.59718058070821
-26.33853978466069
-26.24951735531135
-27.006766579359173
-23.41324255999904
-27.143267953450128
-23.30548673828229
-26.838128265902256
-19.664068066675334
-16.62235652747371
-25.065538266236416
-18.676709512462477
-23.288972433962165
-21.345470592806635
-25.465333364649727
-19.457712091648062
-18.105563777964864
-19.1615135016772
-25.138416363187048
-28.060735531421912
-25.58218394660406
-20.98715904581622
-22.939515446151056
-19.45328950034296
-26.06829438051346
-26.116016445260808
-25.445134370510534
-23.971755462138162
-19.36846237304269
-23.60578486523829
-18.843449346832827
-24.226603449798073
-21.42669533553784
-27.631867530826987
-24.42497621270653
-27.45861889926898
-18.055898292647576
-26.368568923854006
-25.351016425295644
-24.659077090667626
-26.721265848114268
-28.425020325960922
-27.512266853618904
-35.02893569472771
-19.045779817087713
-21.387739238771058
-19.20307579817157
-26.009386238783907
-25.850510507161896
-27.494987830776786
-22.848193810160062
-19.722490398235834
-24.123569572767764
-24.57947423801719
-26.6837332452766
-23.49164219913592
-24.902246105009375
-26.4570482559922
-26.535895329055258
-20.74554411501705
-20.691579339379622
-21.669524634267752
-22.281543063315063
-20.92187661667944
-24.460351141803617
-27.925135082424745
-28.678751040231052
-24.053960255145057
-26.420898631732182
-14.29063203252897
-19.43688226548946
-27.310520012670647
-21.036747432240663
-27.40153960973032
-23.35596018025331
-20.571175675112915
-21.111298961908506
-26.652648085925083
-21.65923624999038
-16.378254570749036
-18.633607336063115
-16.10603053730134
-29.22135175240608
-24.341442794218338
-27.40260715260601
-17.25634711156699
-20.0051405562864
-17.960809519884187
-17.607797803736922
-21.00172752059654
-21.990702254522695
-22.17685475497491
-23.11752018212872
-25.008148039221624
-23.48321254791413
-24.69033186415161
-28.579281633957706
-25.399523417675912
-24.75693006164428
-25.12774390648467
-24.460087237919268
-24.61738006383009
-25.324782092786155
-25.280726400605076
-21.421401232416144
-21.64229400093052
-18.552010802677252
-24.44451723550297
-24.31783475900749
-25.952686189823474
-20.771596968660788
-23.70501876833733
-21.585592450098716
-28.39993460154522
-23.27492922674452
-22.305881187484747
-23.229887189574953
-19.469435488574742
-22.7583584800546
-25.237885563803335
-23.92594603406662
-27.32602515064598
-25.114435042573824
-20.57952213466873
-20.36098074591007
-17.66543886166129
-20.263231107090615
-18.277045440369758
-24.63333510749792
-21.91456545574879
-25.78206369204884
-21.30839507299236
-20.983170954966962
-24.85866915196117
-18.066932201122818
-25.69824015067998
-23.391817068489996
-27.239680868406808
-26.88876648014417
-29.592129832504135
-22.687378599831455
-21.092978603922635
-26.599871233644908
-29.393980292949095
-25.02083772403435
-28.281459183370373
-23.313543264070834
-22.716341775846402
-17.22965108513124
-18.95259159726231
-26.544907312487677
-22.25576093896982
-28.22147139604122
-27.481253280099928
-26.007873505297816
-18.418758650112355
-28.136767694189917
-32.934388303188804
-20.9438558164985
-23.848134902831248
-23.465523256789453
-26.56364767848353
-28.727242006294624
-20.742686513863305
-26.87541392996769
-23.364987859147664
-23.22278780413994
-22.07664499268191
-16.83204340414277
-27.069765236733023
-23.964770694529907
-20.524162066950034
-26.316991136933563
-24.138046378017624
-18.651551972331646
-22.219286138998335
-21.18218978525161
-22.583524729025804
-20.094790410258007
-22.242201931118295
-18.840866769024508
-24.044013559967933
-27.00567664354206
-24.267061417290503
-21.793652341234797
-28.799912779344943
-27.317814800235904
-27.78484069483583
-21.232682458017543
-27.867323802315482
-24.35402018855038
-21.819784966246893
-20.793616673809332
-18.588762634278666
-26.121999179539465
-27.394731744111784
-23.828578957687096
-19.69979835234264
-25.382041103315427
-16.307155757413604
-23.961713526271964
-27.73510748488042
-26.882006287687005
-26.690416834888413
-23.07467842596177
-25.092722223219866
-31.042691286130978
-16.93423137123349
-27.120760309657225
-18.078113152545164
-15.700724533820521
-20.808980873256203
-27.624199124139036
-23.32872707944086
-18.999120576664197
-22.354293572262034
-24.12821108074651
-26.02274921753724
-21.956984386353195
-18.41035445033946
-17.261425580739466
-17.587232130809532
-29.38632717876574
-25.89296365897346
-20.624564277235194
-31.48520644262633
-27.23585245098639
-28.94382461596356
-27.165020426572397
-21.741386509971896
-27.87446913692815
-25.938485293988364
-27.31924430961337
-17.994676713943026
-21.826169748500384
-22.614099929888877
-21.95941484301847
-25.269876313565614
-21.04790380123058
-26.67564176195548
-29.59378609145971
-29.441854714167818
-22.265986370259863
-23.04682867050127
-27.187464175217414
-28.14501109627961
-28.256981968161554
-24.854800340481432
-25.783129048856864
-28.217426121347142
-30.80976468301645
-28.80018996117615
-26.366835841463338
-27.03737610954694
-26.5139241058799
-23.913606540403986
-26.259433547423484
-29.57285989779309
-26.20484240696797
-26.09296475514204
-21.346489701785263
-22.02343571787406
-27.610522941607073
-25.49538843732478
-21.439737808111374
-30.473127117149737
-27.617311747393444
-28.392903623387973
-23.954907227864396
-21.960791637696023
-19.355952424082574
-27.21647772990891
-25.739387327183206
-24.462437075988923
-22.78053127685651
-23.419049044078577
-25.415995858450632
-28.288761535443857
-24.12207266028943
-31.538737080390256
-26.72865021052192
-26.82902751354002
-27.190506394543803
-21.978923687326493
-25.772007122042353
-21.509378262721516
-23.206882160140143
-21.5160959094819
-22.264281247126327
-25.50371318191924
-28.887524491940738
-27.589808938928208
-23.18990889686558
-26.049269256450057
-22.556001499233222
-24.77269870894191
-23.675809018230236
-19.920473677671612
-25.693702393144125
-27.028517405630318
-20.623540623791733
-20.28611232653467
-25.649148280777915
-30.247439917373082
-26.62072935262713
-20.77701832154373
-25.48001538145587
-21.96301194908901
-19.0423068366888
-26.67386509175791
-21.070307021405682
-22.635301724020042
-20.38934476366024
-27.425026009801577
-27.71195221691221
-27.162642695781685
-22.847367998081967
-27.888798566606283
-27.517101505749483
-28.116576551963398
-28.248896968338034
-26.635974042122385
-29.801139371727476
-28.644961583251163
-30.014459828352194
-25.871807191127093
-22.072484457960613
-24.646128953394253
-25.362177820646373
-30.67209959126049
-29.490988829692775
-31.86265139188058
-26.886388163008053
-27.651564204792948
-27.599496025643113
-26.345424553575214
-28.09437179699291
-17.109794915710108
-27.480866475009677
-26.296528457443895
-27.815087642977662
-28.549843284494223
-23.82080341809615
-27.246907275823155
-23.961855379181806
-26.071590237362965
-25.005130694917522
-27.081477024707254
-28.3715969394096
-25.072070312865492
-23.477321103257424
-22.182040745723405
-24.97706394156571
-24.723169822230545
-23.494344697897887
-21.164693328203562
-28.697931573439718
-24.82130831136164
-28.201349302802207
-27.99702305329507
-23.019693708565402
-30.417524078842582
-21.12396856704423
-20.334765381291646
-25.495928174431256
-20.98697203325917
-24.94201670743307
-22.53353762232297
-18.049701993699237
-21.826391017783138
-19.706151351794333
-27.165888224895596
-28.839441001869723
-27.841135237330207
-24.934405638486815
-34.55990696768302
-26.187943968714112
