1.299182219722019
-6.77955402711026
-6.6751689329197745
-7.17005934761723
-5.036743662962768
-8.652138885867219
-1.9922796974658914
-1.822609288230424
-7.158723693395285
-3.8517086345251474
2.9561932950409346
-13.893808652707063
-14.72344534878616
-12.191583748666636
-17.83920369402047
-1.0134907723865623
-4.229537273480817
-5.463728723029118
-11.821419224572255
-2.188673013946667
-0.7888480691308608
-6.767768800152679
-5.557968037645887
-2.851494896186679
-3.1239035116412093
-7.215865284376221
-4.954652958301171
-2.162197280421699
-6.2006963827287525
-5.968090611634748
-5.030071141950575
-5.717560138054156
-5.092185696949565
-3.4118222456596823
-4.517214538814237
-4.562389737603024
-4.529167399271832
-5.020679810625776
-5.621360695145811
-7.369957023937719
-4.169132529644479
-5.507661245275485
-6.408388412278473
-4.7349421412311035
-5.6412328986475995
-3.0451633856952722
-3.4319622487055153
-14.728732184723937
-2.342897907488193
-5.3373284709226585
-1.502469441707356
-2.8344129833296146
-2.211381185790643
-4.232695097911298
-2.139385431803335
-3.157781724387216
-3.310029096726212
-3.8494936070130668
-4.152022941324594
-2.4207081874070635
-1.7626360250584137
-2.7503331317482362
-2.573001424483081
-2.882201145110165
-0.5032795187603198
-0.6951484699623789
-1.4232380884739373
-1.9457241888236418
-3.6998023801107065
-1.447182001587721
-2.850222251030284
-2.0368196675869337
-2.9491293584427396
-1.6635991103177548
-3.9560110578513323
-3.4130226337947063
-2.7482788158540927
-3.326250109038946
-4.012914409049903
-2.1578206795212775
-2.4883850039759605
-2.019196612191172
-3.671001970806162
-1.8420222442530507
-3.0680355221758453
-2.2206617687801327
-3.1772044780695397
-6.647293856445126
-0.8455622784332364
-5.405911194857821
-4.31209956316681
-2.1116229989505064
-2.1472550301006064
-3.3028484240660525
-4.638151126570751
-2.619215383820488
-2.982422831748932
-1.3535009740795583
-3.802811489882001
-1.719090598801511
-3.5830564487996472
-2.7277467520772616
-4.319208231772262
-5.529793500751985
-6.890946569717484
-4.627301351903064
-2.2107754330378535
-4.6282319681340045
-4.382984402555472
-8.356986640954089
-3.9377943389799066
-0.10671007586786185
-3.1478744104567036
-6.254483022241592
-8.633699057487178
-7.449292134793335
-4.064134392428152
-8.565648086677587
-7.760548999564781
-7.102582230604467
-0.5701579102222463
-5.283920449015306
1.199920594295488
-0.40901766504817294
-1.2842696036737402
-0.31419373891121216
-1.2005901496807083
2.301729868855495
0.7383127964729335
-2.586426944234314
-3.366432384531791
-2.1444739569644526
-8.557563076497633
-5.168638800677178
-6.151932621714286
-5.355054009516747
-5.427885693530555
-5.3621248358163225
-6.079158496676743
-6.195048458351428
-6.261346443295859
-4.905836361377011
-5.500786481924189
-7.741627165303236
-6.91494834889336
-8.362466085225224
-11.326812557996421
-14.064019649388461
-3.3468012605069055
-6.173166709058364
-3.4408217867848983
-3.948847591402098
-3.5905117199366003
-3.2121202639454265
-1.9521039099307145
-4.341836308822784
-1.7980489357827043
-4.529206357943818
-1.9378139143104964
-1.6735855525429215
-3.1647514022236045
-2.121494522962236
-2.2399195976340214
-0.7408776928943164
-2.4441888599179533
-3.844658824100847
-6.2599444313940715
-1.6328478009121077
-0.6673360923896925
-5.59155378102264
-6.683384941568939
-3.340294053965107
-4.309324329765567
-5.131580610812039
-2.45116683093916
-1.6272042518981114
-1.7236926923542948
-0.6910881813019627
-1.0093606294941044
-3.7144351841109917
-5.687387646849643
-9.035738185164332
-3.5994380781123407
-4.670412880201664
-4.247381272066537
-7.922666371616387
-5.833379616046222
-6.595196085225217
-5.352269056054581
-6.5637564678940965
-8.515795196063188
-6.374761152692404
-4.471051527771111
-7.037633510878201
-4.011136900124992
-3.455437251980302
-6.87881630711189
-3.9721149975848182
-4.797917520943794
-7.534855316410972
-4.208280276888193
-3.448088227812314
-6.4894485424397415
-5.736467733069074
-6.589685282159341
-5.654994338518811
-3.618308964189204
-6.39174546747535
-1.3398716952793712
-6.382586550456745
-4.599597119905043
-7.229257859953705
-5.410129398081044
-3.7959462088991316
-5.806101603010817
-1.0238428155073886
-2.958460751335219
-2.6055808572018466
-2.8024182559355593
-6.00980757104585
-5.252251630375657
-3.265047700898848
-2.565550625062917
-1.7624646946814575
-2.7936709993888726
-2.1915254356555893
-3.4291924026409033
-3.8094630072669915
-4.706982049905929
-1.8015062248102454
-4.336521226878213
-3.6443651321324655
-3.394282415734289
-3.7147620511393846
-2.5047732426137395
-0.5029736655389523
-5.794519543090621
-4.208413762217592
-4.558687339294487
-3.2015969041667733
-3.785840271341046
-3.60322718920506
-0.999706418261946
-6.410296868475603
-5.225906148125191
-7.992241559694132
-7.12213831054404
-8.16903736384046
-8.234087427189877
-3.545892742377611
-3.972097282329635
-5.778927353187448
-8.195299045928298
-5.353409414351722
-6.353564158281564
-5.159018708402739
-6.279899657864849
-5.821853702484758
-5.453501225630257
-3.7851693878349217
-5.405173200626975
-4.074092433372741
-3.651734375679852
-4.517666567771703
-4.881468466362935
-3.131512983469557
-3.7884129566602516
-4.883490955307682
-6.3860111363943695
-6.6661256445885115
-5.6983944611306425
-4.083553877493863
-6.0884375504037145
-2.7590391853831324
-4.2283174551164056
-4.5095671148999275
-5.702527316824167
-6.194421242195236
-5.136105760473883
-4.273327358778469
-2.429034012753718
-4.06764378621515
-2.8371284454047103
-4.765745820678466
-3.935280539298504
-1.7715349489238084
-1.6948868649155993
-0.10478545658972771
-3.3080646802374245
-3.0890099942231704
0.1890178471110866
-3.66755977848804
-4.042446067717657
-4.4084696332898154
-3.3930448156429645
-3.2216766623427078
-2.74300190877217
-3.781039636996005
-1.6753973974823175
-4.0944147261315385
-4.346295587843444
-3.8518309170889253
-3.1367607391326393
-2.2236701400206034
-2.5852244747473154
-6.742670066684454
-4.817451727422958
-2.5999256060459617
-4.678622445769809
-7.378777304074802
-2.957187609597483
-6.25668204976042
-7.294355464410828
-4.350734868283432
-5.92004298881772
-5.515193230116672
-5.6386088299794395
-4.891534258766275
-7.058428964273656
-4.513718229278629
-5.575798723561072
-8.263376409791885
-6.181287557496476
-7.138573711762055
-5.884140953461342
-6.941741944830979
-4.617706910578351
-4.882566044873251
-6.791249318747846
-5.4960368541531075
-5.7103201974511375
-4.21140986442313
-3.881358817425446
-8.482617542893264
-5.064899588828207
-5.862996881752624
-6.855915604513614
-6.41281714157725
-8.013644007814442
-9.650513794963302
-7.079046619993512
-8.391136560412784
-7.6807605343929275
-1.9503307744974072
-3.642083986455509
-2.521498907619416
-7.010063007597522
-6.6431958202057
-6.545412897469669
-2.4283667577769092
-5.919193825795867
-5.916579031916173
-6.064775111319742
-4.627682656302212
-4.148649606476263
-5.236840169391087
-4.579901051850643
-3.2832799285598
-4.629874726428621
-5.576054981199986
-7.291460748410887
-3.8700215431852145
-0.6138457051579147
-5.249007046622775
-2.1681346382746036
-1.0839581085994663
-0.4957805989088846
-3.106988086394996
-2.942623852788384
-1.9614625942483555
1.1790884516049847
3.6599716496526855
-2.8717311500394245
-3.3072063828861156
-3.101963833386125
-4.303109712901128
-4.68720400453957
-3.4803553355850267
-7.11996113174976
-4.099348886124192
-5.312287161728359
-5.02837441631582
-3.8462867318960985
-6.906832894120672
-4.745883594724498
-3.421821733699734
-4.047518794450614
-5.497745593429821
-6.026576695567361
-5.779822300678536
-8.611020677126131
-2.695394388942257
-5.688351145533009
-6.601338723622679
-10.692076127587834
-13.989272807571725
-9.42899596705181
-4.548491828099629
-3.509975086967148
-4.0129840055330686
-0.21081275702889002
-1.8789991298296647
-2.729433283420363
-4.167402254961755
-3.4499815691190774
-5.780198058199476
-5.738906083890744
-7.46842851030196
-5.472715219277481
-6.186480265352333
-6.543406542466636
-6.820617617082485
-6.445917202696101
-4.687784825502263
-4.476269881105269
-6.808327010967104
-5.3372180210775895
-4.336428202348298
-5.741512264808302
-4.990600756921115
-3.9717146467409314
-6.933455268232124
-5.856376258984982
-7.559093649939175
-6.239504853176059
-7.550217199637647
-7.063267408269828
-5.437958277896284
-6.011032513878592
-4.884593317398958
-8.89385120883063
-7.072055030496241
-9.065583980002728
-3.771162200501803
-6.042095380998286
-2.8959308016270713
-1.1085675641054171
-2.1722171836758415
-2.4773689199478395
-3.84359698129208
-1.1336675483947207
-3.4512570821869155
-2.413254949910664
-0.6516844293573967
-3.50392597809366
-4.575342165735908
-1.6272974324577638
-6.4942428427735805
0.03162253045166796
-2.3141630888252873
-3.853605763135394
-3.3119856421718614
-0.2505292298183661
-4.79661724838666
-0.40584597552015467
0.4916015062504806
-0.13674727262684638
-2.588462439775683
-1.0873609707201863
-2.75401107328248
0.18040315709490207
-0.569552558093025
-3.775520861408246
-4.7272059170889325
-4.486046618513126
-3.7452658958579903
-3.2749674669309043
-2.4202472437020073
-2.27437444244773
0.9407050067913829
-1.270178318602487
-3.3073000925478295
-4.085002602568052
-1.9047837683720177
-6.672028547424994
-2.423146007228815
-4.485849091182395
-4.36269553030758
-4.004870849793725
-2.4984095391675956
-2.164658909614977
-6.83954947894283
-2.169013498695919
-2.256078812486451
-2.2121488305955315
-3.501747371733257
-2.564513663701759
-2.4225781660418635
-3.400290663705337
-1.8264032145652793
-1.4063197314434672
-1.7181786274775643
-4.583189282190167
-4.221671351657408
-3.025495254867553
-2.4330332992728856
-1.8377361324937995
-3.879163799462043
-3.0513613130750112
-1.2664557905823939
-1.1631906870124382
1.3750980406821753
-2.1475800808169137
-0.7763943201398432
-2.655442048537932
-1.0494164963743378
-6.779764377261006
-1.9397528633893355
-8.451877553521589
-5.668289983577343
-5.949027725668094
-4.894204088155007
-4.4096072106854844
-4.7128291255322825
-1.1897516852753147
-1.8636857349219498
-0.7620181240082702
-0.6177884737541193
-1.2144512917395924
-1.646938576632214
-0.475822172409188
-4.224842633841774
-5.830522287028435
-8.129333395828436
-7.945702836584013
-8.239014198821021
-7.124436631295173
-5.969293667508431
-7.279330016408982
-8.719158933035427
-7.779655483790711
-6.3007777076163105
-6.409556569598651
-8.953619245026797
-8.531485935666009
-8.767390709879669
-4.8893151197418305
-7.005987858144511
-8.136662704535192
-0.274084864447244
-4.131151164495466
-4.113382304530024
-3.915771003196463
-4.8462867774821206
-2.347391408399349
-4.29263786344943
-4.851950747198162
-3.328781409315539
-0.26332665851227155
-3.054327077894361
-2.759613399771733
-7.95669792788725
-1.9249388299201449
-6.023136389715398
-5.926581862435768
-4.428586673873675
-2.3741344208120525
-3.4025893887386793
-0.5275957943411433
-4.995554795100414
-0.8001215479239061
-4.324985462259786
-6.4625453038187795
-4.222860192564337
-3.9665947308112246
-6.627660580736517
-9.960132920051128
-5.255835435364649
-3.48375554399476
-8.215185223711662
-6.209281257317639
-10.212780273734701
-7.214401590055395
-9.087513712191393
-6.085273747090611
-1.6735355099667055
-4.525364089174061
-5.010057831654122
-4.492354978937643
-1.5925454640449197
-3.6562989757823585
-4.843776167944852
-3.421204905618222
-2.100050882345233
-3.464718807851101
-5.148650716028303
-1.9295399937520414
-3.2952890077322774
-4.312475410918481
-1.7212588819979477
-3.9000967395311394
-5.806990373252495
-2.1855665045266734
-5.165953163913205
-5.537474362728066
-3.281314025612594
-4.030643702811201
-4.460992307686153
-0.5508343727776657
-3.97555296136464
-2.862537807804789
-0.31766054187150017
-2.785021473990545
-3.1191079586659853
-3.1951364686502037
-2.840360852419191
-0.7667614337691189
-2.0010810317472094
-4.202845156358123
-3.25690670511521
-0.8832395018535419
-2.333576346594195
-3.2410168982330347
-4.073990822633585
-4.605356645245845
-4.45304038257498
-3.397062932159221
-3.8736001270849947
-2.864483859035406
-8.31216403539622
-4.359888270561878
-2.44736061586836
-2.5322623419601014
-3.906040163488324
-2.178213345288733
-2.559477492813669
-5.797008634474777
-3.21273852378072
-11.438721256844678
-6.599990321397202
-2.1673558161728477
-8.901793421780718
-6.390218293503367
-3.4740690435653723
-3.8146659048861253
-3.3396281069795197
-1.6139880411079495
-0.7078333648562196
-2.3391360047913246
-1.9195031945169534
-1.896191811848565
-3.4398929660593014
-2.5851249525899673
-4.284000837646184
-2.2281677330923095
-3.2994986641531225
-2.9677320988956795
-3.6437367450485887
-7.266280102380117
-4.442209199099235
-3.061124001673685
-4.2851292693801994
-3.0638077742576577
-8.185962416042761
-4.179416176155322
-5.081010665542584
-4.403806161565182
-2.2846761946127883
-3.3252815063237895
-2.6375567223230996
-2.785561787656324
-2.1231772090823426
-7.197318771059694
-10.106762034200178
-6.7829707866173585
-6.438380341998819
-5.10236518733404
-3.279935799684264
-2.8250808434838035
-4.563923449655585
-1.4403392327456843
-4.386010100083176
-4.828405055866137
-2.7128068062020874
-5.233425585799729
-4.85185342241976
-5.371054971858946
-3.907966003625119
-6.061729054798302
-4.916027814304757
-6.237710176494234
-3.7350902004682345
-7.979662887424148
-4.8102952598145166
-6.332325869112962
-5.986566052455017
-5.432826170371012
-4.579261006527769
-5.594562600653851
-7.317248823204387
-4.5224139555258365
-8.670378906072687
-8.287083044771697
-6.952145840106092
-5.307194548762457
-8.819700416694864
-6.635813439185623
-4.358088135932072
-4.939058376997291
-4.286749268774441
-5.132554005935994
-4.401583631270274
-4.28930571120012
-4.119219941346994
-2.4394669430662916
-3.4266557364206522
-3.185454696398764
-1.7223669970249789
-1.2819503489448438
-1.7032424238384727
-2.9363094897750424
-3.269588231681634
-2.368795577440917
-3.4282732202772133
-2.522070849234617
-2.4732817920214343
-2.5050619183028386
-3.5142480847848248
1.281885120088747
-3.8788468012842885
-1.0716084871001093
-1.3171947998824114
-4.210306316648396
-4.13263951387247
-1.6936164114648866
-0.8492775297559261
-1.5497645128983653
0.9942915202515477
-2.499976710886615
-3.727551891194056
-1.6034927645192036
-0.00575812702296119
-2.426938972523013
-3.2360610556564273
-2.5072966905856697
-2.713496616691759
-2.6038769647858753
-4.964250932062581
-2.758639040788312
-1.6694382788529445
-3.5500513917587044
-3.242990889146082
-3.4447380472882103
1.0225398844620261
-7.20481850419953
-2.9362373610721955
-3.6854930743866885
-1.8972686680002357
-2.946510069107796
-3.311156666009434
-3.3197438743479166
-1.8863917082171142
0.32906003810185647
0.0958349244528448
1.2003793347878002
-3.217247317754103
-4.3100874419201105
-9.165306903292217
-7.002777810117524
-4.978519667379315
-3.589105099369454
-6.557358945163509
-7.951057234993004
-4.343219070396514
-5.699787684569767
-8.796274349784582
-9.858652842800568
-9.357340023575969
-6.029944281769941
-8.367231198129511
-7.845508154831684
-5.664224118285455
-8.351502006077325
-8.228739945790274
-7.570375777895981
-8.176688073762897
-6.756277368821353
-6.01476356289495
-8.37406075512047
-8.81072653487795
-2.87011642898121
-3.2155112809966093
-3.869451180360302
-1.3391867654823735
-2.8391261143535993
-5.5342391378993785
-1.7457653795394035
-3.4449653978636157
0.22173985976746424
-2.688599306942648
-4.444125082834349
-5.482591201749523
-1.9938323824907385
-3.6765153197210356
-2.971563389948974
-2.9489070047109784
-2.943334742655213
-4.077985642390722
-1.6276889870148734
-3.603203492245906
-2.965715505417169
1.2625997508130546
-4.467753460989369
-5.240826054764738
-5.423530183988152
-7.146149017768002
-3.4524087686921536
-6.898028300882893
-5.751426797144745
-5.98413667137782
-4.4403111929307215
-3.002449479822576
-3.767532517806516
-0.23399214557338843
-3.068654780904266
-3.2485918728400884
-2.872205454991251
-4.1444685147693825
-5.56265075493711
-2.601619159131797
-2.256778825827617
-6.009832152033882
-4.697986968293029
-5.31826158548815
-5.8483322485126665
-3.34658383113484
-3.1594673524017987
-1.566414315830762
-2.4138028134073632
-2.132605503483786
-2.411890377542478
-4.333730301659402
-3.7734643751556507
-5.40327433057359
-5.073930751940924
-1.1208887310487714
-3.3242133428339464
-5.50985123021154
-4.34687896931236
-2.2506546182461005
-3.7042553315086155
-4.935582206078989
-6.050644802316754
-3.7822462215172292
-5.349906221904599
-4.118347745826311
-4.063731839337768
-4.572892457367616
-2.586203405407998
-5.5196825861308065
-4.966099628877991
-2.2803148858691777
-6.8887799231288716
-3.00651765825743
-5.34874659960321
-5.433071340744158
-4.434725075574657
-8.682378125279893
-4.856675737111971
-9.307501357232484
-6.052273764053545
-3.606517098158373
-5.0100562548315155
-5.355501425529054
-4.076986231038491
-8.702295012230707
-9.537383276174607
-3.7512076240365615
-9.225543105143258
-4.697632029280558
-9.20324727953756
-11.19905741843132
-8.553605383070117
-8.089864880863425
-5.16788769706164
-7.556953928155076
-5.014080123357405
-4.785616833330566
-6.359370915462954
-6.440536457275428
-3.361019081876181
-2.0748137005402247
-4.708310779631288
-3.330158590552101
-4.061925217050154
-2.295069361548639
-2.83816929730181
-2.3527232993866525
-3.4263668819792508
-4.239398436279641
-1.755878274761287
-4.69283662301693
-3.1453454657650814
-3.92536674541238
-4.501115603444749
-2.7050371468590324
-4.650653104736025
-3.578793781609492
-4.146885970491267
-1.5164425933867431
-3.347034596271377
-2.8120987312759853
-1.7713625144417868
-3.581837463228144
-5.478731053972765
-1.6171713481476002
-3.7841881398295683
-3.625663490336823
-4.245160398662337
-6.216248912258546
-4.808700473380059
-3.436749372834091
-3.865925592017528
-6.907985961761623
-7.022605253235893
-5.427977067546163
-8.607607532050157
-5.0350484090033385
-9.061165836028511
-10.189919027716627
-5.681305315076614
-5.198345540778382
-4.849324441945921
-5.701563166791134
-5.939858130058778
-6.6753739167778425
-6.902727254317457
-6.860523238833736
-10.683179474759228
-6.63249124769805
-5.468227403151998
-7.3026839494461155
-5.426318666536551
-8.433266697918835
-7.915388774839719
-4.202912810602723
-4.255359611560888
-5.8177522116817535
-4.6806277021242995
-4.669204521095957
-2.319949496894429
-2.221754172077338
-8.96209851724446
-10.093712529500994
-3.1457050510239264
-4.614763678680186
-0.8133520936529663
-2.205385975870243
-2.630169128684532
-1.3314580625308177
0.7938712857063537
-0.23489299091491067
-0.7004159687629793
-3.2419039540420367
-0.3571925457660301
-0.3011136083940058
1.1921557224492378
-1.3598506822724499
-0.5482203437455984
-1.8620121278443424
0.021396718490309663
0.7706475575544911
-2.741721005482262
-2.6137238790902884
-1.7235578155524525
-2.4052090967105424
1.7081751135259593
-1.2426710829286285
-2.7404466081726393
-0.07099000924295984
-0.027320323307838512
-1.6255177184098097
-1.4710413673592673
-5.669925034541988
-3.6026543829835775
-1.7682410882529216
1.8532335830168036
-3.740521580145278
0.9753211659474892
-2.7352578537925143
0.09659377009421144
-1.9091979419956182
1.6816115756440506
2.9126909071782188
3.380823043203507
1.2171871920090198
0.6436508795896487
1.282056248966939
0.7079639224319214
0.0715795096789078
-0.7354894388121005
-3.562104429614908
-0.6275150337219011
2.719016145532267
-0.8463241575332079
-1.3287695364744925
-7.539824656027595
-13.08536484979716
-6.076047006064179
-0.8824003434160475
-2.0895423997235723
-7.621672490691559
-6.2838031085201305
-6.8096184883761035
-5.082876913925966
-7.396458197717891
-1.0591740837597747
-7.261638587624131
-4.074982930315011
-3.616003775132846
-3.4069281328004655
-2.005383169692577
-1.8885493063445167
-1.674908363332571
-3.7307772093356606
-7.452599263389498
-0.7209812272314671
-0.20172637804971916
-3.045535804085258
-0.3292925272165741
-2.7865513722631112
-2.5383356346589525
-0.18529066797311167
-5.999683962805449
-4.055855723297751
-1.6131512000128
-1.1376204521517437
-1.9092786312309267
0.28856587973596726
-1.5718919997539664
-2.3309599285990745
-1.3274073571113911
-1.7739189583785147
-6.714952733022863
-3.0502401892511175
1.7950090386818147
-0.8768893344374378
-0.6631867088382846
-2.234992620515147
1.0409904477169616
-0.23126390286131793
-1.41758290592679
-2.1006382611605665
-6.403680618691109
-6.291334530587001
-6.72269124577621
-4.968800422531672
-2.956821670602153
-9.16105300272968
-7.114476009798196
-8.754863224557065
-11.86675866320201
-8.080248130181117
-8.389979328653713
-3.9379796911061558
-4.7965496576318305
-2.4742234516414277
-6.251770944770249
-6.996066879007882
-2.9187426071093117
-13.191779572147569
-9.018685864189118
-8.893298761698516
-6.495546709413674
-0.6772048000589672
1.2545369714233447
2.220541569567875
1.40116203606587
0.24967346480264785
2.4419474632603517
-0.7200928637166091
1.107788278743418
-0.5543532898820149
3.85157838532494
1.469588616152687
2.2361708739866764
4.020259105300472
-0.6947073801730141
-1.72109837366241
-1.735867069394519
-3.952444939954666
-6.092060174839039
-5.024912344324883
-6.196528893009097
-3.562610439994414
-5.747013776326035
-5.490021445028931
-2.8740955589786035
-5.9793326492853
-5.575964058525876
-5.36172378035061
-3.520304054813322
-2.4076321374879193
-4.543998131737347
-5.08297513000892
-4.346726258952015
-3.249088854590475
0.11665509479178438
-0.932920196086843
0.2807680899081564
-2.5385848623783103
-2.507716736572072
-1.844018621472759
-1.8700340589308708
-4.4882551269076565
-4.051793254438926
-2.8326088241675693
-2.0899152595784343
1.386089677011236
1.9146961485082887
1.375489322726855
-1.115831275614606
-5.804674087964811
-2.6594825293089137
-1.8970638101858766
-3.9546423017096517
-1.6930718547135082
1.0069687417235929
-1.9154457355898469
-0.5744790026107625
-4.121391445577676
-5.1995061436504315
-6.7606504029204615
-3.9506625735832843
-3.5120562279479755
-2.086395140514557
-2.4625721147594444
-2.9494342515429817
-4.578177705313134
-2.4985719279973626
-1.8237693503426524
-3.2682938154477785
-3.6894544241137743
-4.288279238804284
-3.71842945753271
-1.172618059109232
-1.3076739757300389
-3.3865736736238805
-6.4876095956051305
-1.5686904247138351
-2.6419959015353434
-2.8670521206671586
-4.06630443648341
-2.911519660102713
-1.2342522908091607
-7.724164154186683
-4.189940643833413
-3.097194021380997
-1.9699836117037337
-5.289098701341532
-6.3657082415960575
-6.748083054232552
-5.651258562744847
-7.619959471641261
-5.777790263612692
-3.969406345515919
-5.6432506273745044
-6.006725651789833
-6.877782170555561
-4.551969722637996
-1.9493253994629343
-4.670495612355724
-5.383259062502191
-4.327465026021287
-3.931940566457561
-4.7683500714368545
-4.394376508067015
-5.7087906969649245
-6.314199515844708
-4.088971101764555
-5.086600355881609
-3.6118294355335605
-5.797786486430848
-5.749284182652643
-7.744705159414119
-4.831571037553589
-3.9988945148353228
-8.820437958271965
-8.124677292912484
-6.948333066983063
-5.287393153867292
-6.336385001887323
-7.426395313136033
-9.512330114694823
-8.238383628200353
-5.562655863620747
-6.83195303167151
-7.446887567948626
-7.161208634722076
-8.46483652045634
-5.147051303868924
-5.746843787053427
-2.356636149105694
-3.343846057926399
-3.6649206156462673
-5.970156963427627
-1.880696541401743
-3.8072438912681807
-1.9274522796365599
-4.830058171096482
-8.23393018363259
-7.378019076379064
-5.012095134674778
-6.535455415324493
-3.556756523516872
-4.931698424218915
-4.427554144744593
-5.54387769273883
-6.5767563715757245
-6.596434109150247
-3.704166460179433
-7.5820459598041055
-5.544250915826769
-6.898768065941209
-6.862433003898581
-6.870128037013847
-5.948260746999139
-3.2360743057497285
-4.342485794027084
-5.957065757037883
-6.590165919531364
1.035823377136058
-0.5267659080753089
-3.630971395729868
-3.0825345171346044
-1.3477033920643577
-1.3061962241741496
-0.7582410884141566
-2.9893110361832966
-0.44782161454507086
-3.1117398173942825
-1.505773680243764
-2.154597827390794
-1.7124036986279374
-1.7613369727027752
-7.673834141853239
-4.939578880693706
-0.26934578618171123
-1.9169741907228546
-2.291395726979057
-4.618794956343901
-1.2854760758387824
-10.139295311328363
-2.794232522854758
-0.5226570534653427
-3.5100547404068445
-2.946657218730007
-2.5021304876813595
-3.3120501251414014
-3.0221569952551537
-3.280330454474149
-4.972504830280881
-3.534218898649562
-4.485969298316387
-5.456013766680952
-4.753800650274935
-3.5022181911311403
-3.7848832201412446
-1.8327100812476462
-2.0744222993374137
-2.45767377627989
-0.9544937918995586
0.07234374314705727
0.8256904721828926
1.8072398339847835
-0.2648006583980056
0.5561639718372393
1.6886272644510114
-1.6299086340591806
-4.008908125834748
-2.95821862015143
-0.6248564933631489
-1.2166557232886082
-4.987655392658824
-3.0472346963654755
-4.037146152908903
-3.511179904245616
-2.534982794299501
-0.17453267037592202
-1.0919463822120439
-2.2990089267133103
-0.20634623599386037
-5.283197724280047
-3.9164905491532203
-3.5109070164106053
-2.8927544396887597
-2.3602668393066066
-5.208579302156148
-4.12302862549741
-1.8790592994613984
-4.3666564675077
-3.732974276064521
-3.2600289454075915
-4.088005592734033
-2.794660520111627
-9.413414753118131
-12.344034949359411
-4.50008673461451
-5.228412039510039
-4.255479160834058
0.30963906646177675
-5.179194185271035
-3.905198789359066
-5.049411490019141
-2.54033069933896
-3.7112629523072225
-5.7937439513214315
-4.169160242156946
-3.782580960003945
-1.6634383855051247
-2.570308574168485
-3.6926883804196304
-2.57804375207036
-3.821797417780684
-2.994612875135822
-2.136192112990612
-4.631465245403226
-3.708553113717035
-2.490136966016067
-1.9950492084785008
-3.211891017956716
-1.9662632142805223
-3.134208819014586
-1.318391419536444
0.7826971884502218
-8.241276030320916
-6.426675724005964
-5.038159487674797
-4.281217380429702
-3.7805775182183172
-5.096534816393165
-2.44623142105492
-2.5459039869859748
-4.462250631910878
-5.286619134428922
-4.619578939389233
-7.609058646908998
-5.439104322129279
-5.009569976887052
-5.937955214840735
-1.118996113131416
-2.443485677688206
-1.2581083114747575
-6.681231915806965
-2.67780954436252
-8.00933996246962
-6.801252616725791
-6.376360663153313
-9.8309104235651
-2.819437615356496
0.523381782639467
-4.69642579956435
-1.4128817360705674
-13.1540624998601
-13.691161556027037
-8.239220055410911
-5.03307771495865
-5.45370436201234
-4.186624630333772
-5.749289845074138
-7.2619981677092404
-4.303555192053694
-7.484961367560526
-9.043793259673114
-6.1786885901150015
-4.712064600374885
-4.475649487322848
-7.980255700513869
-6.259111342645248
-6.4498070626257675
-4.4706825433627975
-6.516406763094528
-6.057572559280819
-7.983307091529209
-7.568961824872405
-7.6860601876155865
-6.727706449563851
-5.289025083695383
-6.541916791896631
-5.058840060103645
-6.697824969386209
-6.5207972444512405
-7.352227418778064
-7.154887441797991
-6.41358110060669
-7.437364230607816
-5.041368246669037
-8.637999487638869
-7.641932561737292
-7.59938162705758
-7.3133575340619466
-6.110626255772379
-7.240898343515071
-6.488204287233296
-5.61517552237374
-2.004687405162417
-1.9965827520570918
-4.756920636631787
-2.7493306839946707
-2.642035606482016
-3.096367118733094
-1.3433122064344842
-0.7353097190567699
-0.8577086998338519
-0.8110233494633683
-0.9342277078577275
-1.2054408093901698
-1.8702294628243987
-3.4187095946926034
0.5202879989249749
0.4726101003501437
-6.452684824696843
-9.571138369201364
-11.394421204528674
-2.3302087168475154
-2.757117976092278
-3.981034694854271
-4.547455958511105
2.766840058473173
0.7808282279693621
-4.4274375267191095
-1.277436502502647
-3.488694407408815
-1.0848817578677976
-2.3434415064245866
-5.833503197213093
-5.223471223159464
-5.6410051783380295
-5.548678026523749
-5.033315630711153
-3.5693363366607924
-6.538070945919798
-5.43566810137073
-7.3331472804628675
-6.70756662711212
-7.682087877788249
-7.970488319654016
-8.08239382748853
-6.852599021210244
-4.676410789023423
-5.245145624640859
-6.093620598821881
-8.179138930430298
-6.373632350470501
-5.744554032951423
-3.959387292818252
-5.809981540538722
-6.560563800129488
-7.528826746784157
-7.115306674657203
-6.760416179918248
-0.6590904207467421
-7.138717824627599
-8.626312135256756
-9.455556432791546
-7.239537489279206
-6.461052823195338
-6.839959958441283
-4.983182334525232
-5.651719842562059
-7.37373737910325
-3.5544209989314375
-7.500856679778668
-5.157493385876835
-7.075077434739694
-5.9026771293789455
-0.5704729708207243
-2.6313333240377474
0.8422667495808338
-7.879485987575093
-7.271088653448532
0.24028572767397693
0.5591206245414502
2.7555828549596093
-3.896602379913028
3.6288835173193026
3.444474341796373
0.18834364348586574
0.7814742475826675
-0.17532147304961643
-0.14897540607039828
-0.12929781144169428
-0.8198836764273927
-2.9843119747656397
-3.752583020075498
-3.9711251513570467
-1.4121798495849653
-4.2874154848478065
-2.177716756961347
-3.612108467414394
-2.0448354328738585
-0.6694514776381146
-3.6436496496580215
-3.7248124756166154
-3.9343595794715887
-3.823794214981686
-4.94109003817998
0.9647706393601303
-3.2281341375536563
2.915911075066442
-3.403058575054197
-1.5708647452531475
-5.634654586533529
-4.3744474891147025
-3.511678531618945
-1.9675525626914399
-4.157774060374859
-2.646467163333323
-6.050633782999668
-2.5458595672480993
-6.003319440101917
-8.473625906291153
-8.282127337639293
-4.456310455164027
-3.834449748723908
-2.8033824396326503
-4.540502535423615
-2.420198410717842
-4.035613735350098
-7.467827960323011
-6.155920986575637
-4.489478601446669
-6.055757013353547
-12.508128301752173
-11.432634443094582
-4.150516465622362
-0.5212244544097691
-1.6914008848606028
-3.717842247428176
-2.266882185990835
-1.4228480776208166
-1.8264056511010487
-1.6393199005619885
-1.4338452994168822
1.2979595988236459
-0.0838689828000192
-2.681058834331443
-0.7510678018700402
-1.936160422405468
2.3059212823522284
-0.2691399563316168
0.5074803748114012
1.103645361278478
1.8381661347954028
-3.152733102121526
-2.7043224262893917
-1.420508143430026
-1.8295518476837485
-0.5176271043317118
-1.3411256656007662
-5.303514747872317
-6.9786707929301866
-5.247442952016697
-6.555377531700973
-7.6137477928000274
-14.424297655330978
-10.290263606777945
-8.10441355980594
-6.980085308256719
-6.404833397515745
-10.131050155189104
-9.189443516546204
-5.537976750601367
-6.574543265794315
-11.81465855643728
-9.765009539338681
-9.343235934497127
-9.828956163293947
-9.3688685288426
-3.5149730537295434
-5.452631048638361
-3.4312753283109845
-4.4935473808352295
-5.898976814076013
-3.6839526119285324
-4.937033880264648
-3.901435723618961
0.024326592964195815
-2.712919010977093
-5.231674134336372
-3.0696502311865066
-4.670892615296031
-2.326993998355821
-0.4172534879010463
0.368329261808225
-1.8787152280083845
-4.82837244145275
-5.512962727885268
-5.062293299352242
-6.958374479459203
2.460954578740804
5.181509482323047
-2.9980456225143
-4.640248514318781
-2.3139881727820066
-4.19824518674905
-3.918333705174539
-3.4548240368064516
-3.58682577318412
-2.1929156739187983
-5.915918776420292
-3.4183315625889197
-2.783357934141929
0.3335386419571069
-5.132541127757247
-3.9021792548188943
-2.9251916485445366
-1.1700072790314273
-4.876072772362125
-2.726903770829642
-0.5149291568759204
1.4002210188138964
-2.7975282184788357
-2.790635664085456
-5.6329348615467945
-9.163992118777891
-11.189380123236996
-9.68109451574441
-7.236570113194816
-9.578924366655698
-7.023017021154411
-7.639351328749864
-5.3922221993923385
-2.9912372397627154
-3.5058306898629867
-11.43796443431854
-11.237214794682053
-10.240587158788344
-11.194951217813454
-4.926177087168275
-6.797621051328602
-4.880694081620074
-4.83968560697645
-10.410985544596882
-13.57827940506079
-13.265231277670216
-11.192231349379812
-8.237155487249892
-7.432744328363565
-2.727889807075936
-15.260433544701431
-8.366203005105117
-7.423988626495461
-10.254558760446537
-8.374028140115541
-9.797837104535219
-8.657880168154772
-9.113349604874998
-12.004175246698143
-12.274733871660493
-11.072037984137296
-10.095897237459962
-10.09892319859302
-5.646590736184473
-3.200333059767855
2.8418568003023825
-9.251202879315874
-8.861654606982228
-12.612959008741838
-11.762168757355006
-10.379231827926121
-9.034110057487023
-9.751679387445183
-3.0629257074657077
-8.96053941811159
-7.353725794031634
-8.513961106530571
-7.384141768028407
-10.284821274766486
-10.409038504146228
-10.452469330483815
-12.530888422130342
-2.7520228704177176
-0.871297693528399
-13.561216605511651
-8.592295045848527
-9.326906498617177
-9.842052355996785
-10.382355050620708
-6.391531770653199
-13.60990673089949
-11.742209675619172
-8.929307353271001
-11.257508277001934
-11.966289536006348
-12.160108366074537
-10.997492085130453
-10.665861708478207
-11.505128853562187
-9.73030209921422
-11.072290083343326
-9.056686798374328
-9.959930474465972
-7.040978306042261
-8.96643329000796
-11.093500070275336
-13.56468311416221
-10.192733862320694
-8.198381048865357
-5.171945472482562
-14.293149496531884
-11.914449517267277
-9.15895278878043
-9.96058215100545
4.130843615626471
0.7625870300544921
-5.819029998648922
1.3806281702946128
-12.279024055364793
-10.3991317060935
-11.639047787900655
-10.877611552786991
-8.533734653979364
-6.04372135329401
-12.63072945932857
-9.97343541330472
-12.090643422637523
-6.755261449824249
-2.8420274715851432
4.535732743329902
4.162364575384986
1.5275690794741068
-1.7664692771604784
4.7159825210630935
-5.289595321772165
-5.68073113554555
-0.852007672718682
0.4553379979475687
-5.240015748713448
-11.259307510432315
-10.179506506866714
-8.82818826501721
-3.906135324157418
-11.075408829771671
-10.364406951588592
-9.685238220008829
-9.303950368963985
4.864283492660103
1.6395695150481902
-2.7870398197880264
-8.05597897425916
-6.529909626534102
-6.070382854411127
-10.149516424588642
-8.568802278623648
-9.43785914590778
-13.383955836910694
-10.315301215725539
-12.973126958168566
1.6433978223237595
-4.468429361568651
-2.5212504800534465
-3.204782228058998
-3.2854051555153827
-0.603124724097418
-1.7485583211433777
4.4080727009526814
3.141924155392056
-1.0316550836112632
-9.083775977307935
-1.9323011916748738
-7.925912806242318
-7.718315056514083
-12.641208469451525
-11.353187400316044
-12.994177060467418
-10.63811087289913
-12.808654519257479
-8.99587701182238
-14.79361861345123
-12.590607587175214
-14.841621334053618
-14.394707396958669
-10.193132611368352
-9.54913618411992
-11.519963358739655
-11.232271588454008
-11.156335234944075
-10.346139870967804
-12.649978207011493
-10.657750627560322
-13.579380323237036
-12.238500237637945
-11.841703507224619
-11.522271241310081
-9.74910139921339
-10.28188788857092
-10.953810757207632
-13.225152829196318
-7.212652566316798
-0.7651745446314653
3.8827877433097937
-2.86146064448918
-0.9155285155365338
-6.696739466415897
-5.435848573781785
-10.15242556317656
-11.339017534710099
-4.6818166758664645
-7.9494224138683744
-4.737795045361791
-6.640775021337686
-9.988437821799138
-2.9234960580123523
-3.881321400290842
-7.098200886706656
-8.437396454160647
-4.252362431582413
-8.136314195311957
-13.094616029410426
-12.414964638232533
-10.298969276865726
-11.568816584184354
-11.208179645184405
-10.604681257347309
-10.551718000693926
-7.588734477309352
-4.205548450764393
-12.44696535694064
-4.06944323253378
-4.570931136245491
-7.460630187501608
-12.505129936786322
-8.469606018396249
-10.682971487065325
-9.820348093799513
2.402372494718125
3.86246357502133
4.261860763786588
0.6886947851925744
4.717782393199371
-0.8700616601410618
-2.073448675607174
-9.23443914466943
-9.959203838443159
-9.419501972601513
-9.211719709564438
-10.10232028286367
-11.51380138674653
-11.15156409383412
-0.744055852464774
-2.702773796454127
-6.782646323389282
-5.016844877373963
-6.222974187910059
-1.261631919945812
-7.025138944995976
-5.072326115730653
-11.234501368421489
-10.423859086317169
-12.062523801987288
-10.199735190052653
-11.096343102105797
-10.522466719963244
-11.61411387378582
-12.186728820243394
-11.912279628351163
-9.154463940114372
-7.782326885884929
-8.550692434131255
-9.708943595309321
-8.114866198621613
-8.193324448081281
-9.276428244859215
-7.7756194715762135
-9.070909752448339
-9.102591305955318
-9.735201400932622
-8.68331801058709
-8.201840410546545
-8.578810330651162
-7.7633376028798216
-12.35541770681792
-12.518527448366232
-3.16424628348698
-9.412563357706478
-6.753296056657218
-9.71290745875408
-8.608538252381036
-8.90396527439955
-9.254745555519968
-6.895314188372987
-11.07493084680409
-4.7273136389493065
-8.51536645398965
-8.21904664078442
-8.528724924912606
-8.604635485215526
-8.920504902442277
-10.288682450980073
-8.663726634180271
-7.638588767105704
-5.528877324330835
-9.940126291325186
2.553833491019735
0.07340811422008253
2.4186904767077104
-0.585380753711211
-1.3810275071649714
-2.757094026154715
-2.079662386911554
-4.662296521482368
-2.5019799548608876
-0.5176919535915621
1.1725349564125533
0.007877054512848813
-3.260710214378228
-8.51707107552241
-9.4330322827077
-10.818309264684839
-9.160186991777254
-10.277045021266836
-10.5131529581346
-9.823116436572072
-7.6622610270803015
-4.920734377323897
-2.4594262564778506
-5.413873559194901
-6.940512471762533
-8.662039190615705
-10.297381099161168
-9.095497014975289
-3.0220511431962747
-5.197464697089462
-5.016877200823704
-4.471568691828727
-3.6930221758759156
-2.726390313014943
-4.04450962280301
-1.9669403280299962
1.1178702229618125
-1.5235445131795229
-2.3418589995317367
0.9322684152367442
-1.3532231099488237
2.9266787871824134
-3.289152657686481
-5.2794569596468985
-5.536549795108915
-1.914440720267717
-3.9785846790548756
-1.370527435957885
-3.0606967361431345
-3.5162612221118215
-10.73832820533894
-15.400245379655903
-1.0082748250443343
3.195719320240646
0.41170212433983755
-0.4823047915121643
-0.6324733167355169
-0.29771628517176385
-1.5980974319579153
-5.582964433657814
-9.996909675399387
-7.130788067383387
-5.490811587942895
-9.563544498990671
-10.07367738268615
-3.725902193904965
-1.6483150837152738
-3.2184467099497573
-2.528933227865081
-0.30937433665716574
-2.2357555811382275
-0.9216904296438453
-0.8685862523803891
4.0166783783281375
3.73803934978526
2.6790840302290393
4.254835612731564
-9.483366380659264
-10.900666867975865
-8.914423926517005
-10.546064398889472
-9.997353055614088
-11.038214179518794
-8.48763034277169
-9.94235586646354
-9.493018302288617
-10.583566433601346
-10.757880829711203
-10.296220884450822
-10.346217151661033
-6.572953863031207
-9.851905281317329
-10.390104762121588
-16.697488543854416
-15.977511713566033
-0.1597606497466677
2.8315894153442183
2.5681750969275616
3.1827127668037103
-1.5260131759076918
-9.057739526731678
-8.371171514541421
-7.1198591113678535
-7.042533059267605
-6.28029498262743
-5.928791943381338
-3.250294366037567
-9.741737879204168
-3.7145774961293654
-7.494812583305595
-10.092158515466068
-1.7716553290548982
-4.580874849224213
-8.383193642688278
-6.894322392515227
-8.038303024478754
-3.0321509610113715
-10.036126028078968
-9.828201690337364
-4.282750280002781
-3.614232591866655
2.6633340903814924
-9.933154838053037
-8.110083850177631
-12.207583018118436
-11.030313066445894
-9.969761499979466
-10.455384219315983
-5.508268250406394
-10.257664617332477
-11.520604357738643
-11.076173243491144
-14.913079462440953
-11.588473597086121
-9.426801820926014
-12.279393472944628
-11.301286180290655
-11.393724207556373
-8.878072629598291
-10.81120143296419
-13.295208590808093
-10.378850342499048
-8.249225523450333
-8.601269776551103
-7.190202479630173
-8.556525262270858
-4.955622832028013
-6.0967566956816555
-11.403130020800619
-3.627629117487221
-2.7935671650496814
-2.6426126606891422
-4.9483497423459015
-4.789601332656268
-0.4343226251592285
-1.8181908825956201
-1.366934921358753
-4.644092278334747
-0.23169717321720817
-1.0548936325808507
-9.102733161599332
-7.947101577869651
-13.61294460921993
-11.758420182413735
-11.957051500879352
-12.454236377133281
-11.315135318193377
-11.147778970988906
-11.753485354495675
-9.300902663897727
-9.864237905497104
-10.825850075051175
-12.478087265480998
-12.0392426268452
-10.230885507582101
-5.88977421721898
-7.552534528341528
-9.223435281521411
-4.511801639476124
-7.429429347694518
-2.195894958712964
-9.8353733067601
-4.5346203765138835
-1.1676476575546832
-7.897995625317101
2.3932394272282465
-7.172652641739287
-9.730678432665472
-4.281822737975542
-6.320951658783743
-0.6629341888772964
-1.641262611295859
-7.934590421942348
-1.0984337333097534
-0.7897210402620845
-4.8852092345971
-9.47706164291862
-9.996421632019747
-5.391129759928479
-3.713978242439913
-5.576237113910327
-5.420549959759716
-3.3948632277582824
-10.40696988460152
-6.940688288440942
-7.147024265738608
-6.645491207642116
-3.2823179789617867
-2.9492550748504494
-5.599777736947848
-6.642592759794314
-11.602952521773537
-11.193091821652038
-9.051950163665541
-11.275993991956005
-9.913695942024333
-9.36990883685377
-13.650061009526414
-12.476430996935477
-11.115080748131408
-10.911961514030418
-11.465707078244003
-5.251101060876916
-2.659019717118924
-3.5643415117652184
2.241408052823908
-5.464555037809056
-2.733249519535844
-0.466704127565019
-2.9758627591001967
-1.0607654279740164
-3.1492688615307793
-0.4024963032334332
0.5306800914005398
-2.4425310610236637
-0.971025389107643
-2.4563541956055777
-0.5511971258299033
0.44097591120027846
-0.8421294975456607
1.5841491180067546
0.060280462351682385
-2.780784899613205
1.6063346945403516
-0.25342806601309675
-7.582465525212195
-10.81139340655059
-10.785019851937733
-11.392148322299388
-12.26022135561059
-9.843896481374424
-14.170048772465014
-8.718272815225887
-11.593013561284286
-5.804254983812503
-10.917610234422286
-10.402301111742718
-7.282035673238092
-12.226432907751246
-11.770199389699917
-9.297895573244723
-4.227576839898348
-17.59498000778995
-4.3933066469344695
-7.544311897749828
-5.855516847756717
-11.6822921547734
-13.005200995158669
-7.986818012772195
-2.4127674492905813
-5.92360833618781
-9.746934568747035
-9.356153998455296
-10.070180893152843
-10.426966873192566
-10.009617291371335
-10.645616937036671
-8.705045519164903
-11.291836658462005
-9.143897307329409
-6.833797665890361
-9.358523055960111
-6.4505571075453805
-10.086730292814565
-10.810834138102368
-8.313508304162493
-6.493163376626764
-10.574348513742649
-7.479598980630377
-10.261388715463175
2.412845739012001
3.3045157484262937
-0.5264255463817629
3.0754936927210617
1.808614196715105
-2.1907250875915985
-4.7968394901991145
-8.679032177384657
-11.230645437785775
-9.473179457045033
-11.877404417650968
-11.253996934934761
-9.797923193801902
-9.19618016915997
-9.010636984111649
-2.8139766037193747
-6.500102815214216
-10.197842295505316
-6.469763200121822
-11.3512258418747
-1.12746230412223
-0.6844118756437343
-1.4818036189314485
-2.870513726345279
-1.2449997465093288
-2.1330821735093797
-14.247354363358463
-6.494505162479042
-8.473921062457462
-12.773337806799862
-13.182171754800144
-10.567762074125666
-11.769069927671053
-13.562618899041123
-12.498525793196125
-12.952080765160382
-6.594350927575819
-13.125958197102133
-12.178633519206977
-12.359753494398166
-12.842472995259026
-9.906237835783548
-12.730117630945372
-10.33481783622993
-8.082489494344227
-7.261855037744693
-6.513881006864658
-7.7057357071125585
-10.369148753513429
-6.863584728526569
-10.449020964378665
-10.813985163316008
1.4865448476926173
-1.7699387268413096
1.7826301417816928
1.8347615985552415
7.485526297257984
-2.6994956990395296
1.9064146530797568
0.36257577566309784
4.006468063487876
-3.307689664481223
-3.79928019220885
-6.919478402991522
-1.8394347437087366
-4.243564858464227
-12.543555836529256
-7.94961403542119
-5.306901594927737
-6.400662093651839
-6.779240095333733
-4.328320845328946
-10.373255682212946
-2.3162239221155585
-8.82826973043593
-4.316103026547207
-4.886320158371486
-1.3148808242003134
-1.5997525017122711
-3.4428463969242857
-2.8034680751130248
-1.1150882517997536
-1.0701873883720712
1.1508720229497866
-2.7658107925938173
5.1382400533770385
2.8682328768452536
1.9348779512446757
1.004484208325347
-0.41161492768284047
-2.554835814049864
-7.067822284004118
-3.8337991148348776
-8.199657707363276
-2.7705658642027875
0.6687536752422671
1.379618864558251
-0.2195046486498593
-0.9243813813067203
-1.39735639564458
-1.8827991607445251
1.1889052395499644
-0.5604934487422599
-4.191249946783833
-7.306283885549121
-4.655142773048986
-5.788765990687846
-6.327994818812525
-8.059509975443877
-8.21005478348879
-10.428532116608972
-12.410564634661572
-3.4238872568938366
-2.946796537900771
-3.5068474741067943
-0.7732339751270909
-2.0003040520829565
-7.914957486848346
-12.441509065727338
-2.568653474577924
-9.963229415694112
-8.398764552668728
-8.164496956177198
-11.9204838059514
-11.831129196765483
-5.493798149424501
-9.102545940121162
-7.922967098565441
0.779245225398824
1.9960786935276396
-3.201596698245253
-4.990461807552931
0.4315785846000062
4.189708823870934
0.19484000519212064
5.181835759826534
4.098526720201956
4.901892616833643
2.2453909055543897
4.894492894536531
1.8830844483077085
1.3008890471376782
0.26078621040778494
-0.4141574129573513
-11.089627129931767
-13.10795267304268
-11.66927610475066
-7.733699216331207
-12.425337002268833
-9.743987118532683
-11.903480039017259
-12.374376765399406
-9.952487170344561
1.1489798975841752
-1.4871558315370481
-9.182938147189063
-3.509510576556687
-5.498108691999401
3.6734169709769993
-3.6117632875345542
-2.166169204512703
-9.965061678500302
-2.531966863955797
-4.921666061775784
-11.913774832034266
-4.966463285220856
-5.998474723984244
3.464172982693288
-0.7410220521869054
3.4305865871561494
5.162599559511124
1.6128518111073358
2.063499656531625
1.3689552017755835
-9.157288095946896
1.5649040254802875
4.3628657735188145
-4.594069895429473
-8.728624166940328
-4.138674469918458
-0.4650084413414348
0.3248323111831861
2.928630823705061
1.2466744548948494
1.997954163280462
2.6483755687719057
0.7505065320087825
3.010539737658817
1.590491964506319
3.316586696108684
0.4836916349132596
-3.386238689556647
-7.191800726461133
2.4442385255006625
2.463148514543884
-4.443160842274841
-2.3420167390642765
1.2458891931903682
-7.248670811600385
-4.713720537813587
-0.41085003089094396
-2.164324344349772
-4.001867307909983
-0.9596735280625155
-4.533850162666963
1.5772171518540778
-6.11435656882547
-2.8165848108787497
-3.3700491648740387
-0.5283142606733384
-4.564472130467715
-4.1393352928441765
-12.924978251883331
-14.076001011431565
-10.783971665260118
-7.512095431116834
-8.176314985759682
-11.834736390246176
-13.919066138224094
-4.467280622691311
-5.146233731738109
-10.22232983234645
-8.182531066261078
-7.063097884058012
-8.88692453149673
-14.957485186785895
-7.243769637726418
-12.25818354566468
-3.822424668132548
-12.085783126372045
-7.0878389911924815
-10.6205195439823
-4.379757464384303
-2.0099916550941987
-1.7993246755888812
-0.5998778027253697
-0.1425762165911335
-3.938362062151219
-3.8860661001956966
0.15125404685104837
-4.197546272854079
-2.7928184654662163
-3.071494979506161
2.110722686029386
-3.964380343807061
-0.8461907554552026
1.671465590581362
-3.0018823790806155
-11.965735674602925
-6.960090526680094
-10.071000593381152
-14.092240174380759
-15.35343547755893
-10.324521274907548
-10.034670724835683
-12.173315344585529
-11.199295441962763
-9.859876720249833
1.22595317958803
-11.40338235394038
-12.122743971039611
-10.126420024592807
-11.656326785562896
-6.757303345665047
-11.031009437411512
-12.646937905495285
-8.374134619144158
-4.119245632666571
-15.09877540343908
-11.099720332936876
-11.222999552860255
-11.854933881628506
-10.8681530812507
-14.75065291715222
-10.19652960345838
-10.826899647786233
-11.884808623565796
-7.308387770558435
-11.475149406499638
-8.608966543321765
0.9147014587649827
0.44377659166986194
-2.1258433849659495
-1.8370052302407156
-1.3392618286232965
-3.3126122745213378
-3.0420519294417665
-4.276743080792791
-4.088348932526357
-5.950950895634046
-12.028794162063456
-12.396034755375853
-9.064514395719684
-14.128487523078194
-11.565066103482419
-12.108335093823126
-11.282074460638594
-8.20158433988208
-10.952599845151484
-2.2636583360718445
-9.615920317605037
-8.210008172660025
-10.4377254245836
-10.258629449140665
-11.615177558689622
-11.439530003653825
-11.292267959248287
-7.929320997643874
-10.278673863698181
-9.885326414469798
-9.763194653394349
-6.970633677873991
-10.841111401949613
-10.48406309862171
-0.8178192280448529
-8.671574285183464
-7.520470987870228
-8.94291402650876
-8.842610399866084
-8.816749846179293
-11.726798719474312
-10.752576766112968
-11.586197690603495
-9.720067710172668
-9.359433133145735
-10.047372105519914
-0.3002374143869771
-4.275368538906545
-10.009809547338083
-8.608583342135992
-10.118664492077238
-9.5675812691152
-10.114213211234755
-11.519504634343058
-11.08865795891525
-7.590144941220885
-13.10001486109034
-9.47610631908002
-12.415546572919789
-10.026446543871034
-10.809654949402209
-10.851906651683128
-12.407717120357995
-12.060316871134534
-12.104399659753732
-8.30823106735114
-13.271767599785896
-12.183721569923406
-13.745904949082867
-9.691130646108
-10.812268710551113
-10.66364652401861
-9.01514575132627
-12.389537127439864
-11.130432020978054
-9.770752159634192
-4.855184654487543
-8.390934341902312
-10.54713269226833
-8.395970184010038
-9.1774358829387
-12.04611221860386
-11.51193041665599
-11.455267853108491
-10.68755212930193
-11.130559112636753
-12.69717877701366
-12.39845460038202
-8.08916795976962
-11.313486023336797
-8.983023670097987
-10.51776888434605
-0.19329020199993585
-1.6581716453609383
-1.888072322044815
-1.0838053387696274
-1.6078611848112612
2.85307670036668
-2.497022488455271
-2.37434962649007
0.5670585523699614
2.470323028988383
1.0155028046994496
0.36233996697434856
-0.5807911212041612
2.697138031871858
0.9326586233721539
-2.2114869151523604
2.607617569306286
-0.32293657144755206
-7.318691124803282
-3.6047382193195014
-5.458326178505102
-3.6051689641399856
-6.340931763829568
-6.182204947044429
-6.124048143583259
-15.670711483917945
-13.453153614458238
-8.10137898707532
-7.685977703377994
-9.565009726231535
-7.444560096578439
-6.363710594983302
-8.42299648114892
-9.298137054271262
-8.980958157993452
-11.764493577619964
-4.17012235165388
-5.1566174432559535
-11.890513246933034
-10.690635724429299
-6.707046127650322
-11.598932303013926
-12.600826108150429
-11.073008248376986
-8.219669946673374
-8.67909591588747
-6.725299443682287
-5.946468303836825
-11.662381401534336
-5.044831544225865
-10.174164339393554
-2.517347977895579
-2.9888513428230308
-9.14729056834216
-7.7863911034326705
-6.415893583917275
-8.912135853712885
-8.397822149261295
-8.875565994184223
1.4698423098908195
-0.7577317658456426
-2.565045661267455
-2.558473633479271
0.3721697243681459
-1.9156775601659684
0.9007393567608695
-1.9405018227070854
-1.1573587163095629
-6.334870366712293
-7.784757774569612
-9.323870226951188
-10.691773033767747
-9.224482720383158
-8.828438961939847
-10.247398081750637
-10.762905915958541
-9.5946474766575
-11.794488399472659
-8.456067853827644
-8.44445512672006
-10.647430158243147
-7.7029453998523
-10.284576170482836
-6.5094452961497415
-11.14210852627399
-13.310026172022274
-11.354653703468845
-11.278525044511257
-10.46820492197638
-13.179882943475286
-9.812309557964516
-10.214996671612063
-11.162339409727712
-12.614917305563942
-11.021280244860133
-11.913837726951055
-13.528153839207384
-11.1685302976794
-12.869376880870368
-11.840470069722377
-9.763068046373185
-2.88049921830374
-11.388721778198754
-13.937107962102647
-13.908117697348079
-10.278983678932525
-10.857874472459546
-12.304692144709001
-7.957507772280398
0.2523595711064579
-0.7994664552472093
-3.2594516831650746
-3.123135576968211
-0.03278360209052478
-0.02090984216588332
-3.3202958151205384
-8.930967241189556
-12.362443840173984
-14.092503026361038
-15.29907394256471
-11.882298136567837
-4.203517244678097
-6.856775876170709
-10.810204222135487
-8.777336708881169
-8.695885609837646
-10.698499062226476
-8.769296391669887
-9.274092157415577
-10.161837288957155
-11.416143410041524
-6.965271182847791
-7.989976498435761
-14.013977874331651
-13.23355098725779
-17.65946427192882
-13.267099991612069
-11.871792396423109
-10.806676138166504
-12.670003435324361
-11.857760574960068
-11.109882544581474
-11.303714373683505
-10.652182075533801
-10.831427902949518
-10.463296667770425
-10.763366205498116
-12.001415179108061
-12.745077219694233
-11.094212008369178
-11.274497643373886
-8.476712431970626
-11.416602001603408
-11.05881623433796
-11.004568618592284
-7.347658889770744
-8.156257350753986
-11.815590736598782
-12.34550530299206
-13.288297832741005
-15.688982997289418
-10.493819915289588
-8.682161185718625
-10.944052566778222
-10.869233892343004
-10.059550214146107
-9.261200714382127
-9.519482872867924
-10.186782347184183
-8.87097543608618
-10.463065175043885
-7.7263406675811
-13.286553396466935
-6.129578673784095
0.860918334269037
2.2958433657076904
2.6199051232098665
-8.394041407380069
-10.321366050549262
-7.528301360938878
-7.557535653687748
-7.188827427199257
-1.3292820981038913
-8.240988731678659
0.49786024003379126
-6.925120496268377
-3.4852447110127387
-7.204968013627017
-6.276692427970947
-6.579698244256949
-1.5579897844205282
0.8063133909121132
-3.3155551032315196
-11.0682846594329
-8.129854815248608
-3.8519978865436926
-6.366636421275948
-10.111261315798963
-4.031644385359288
-2.3124814984565365
-0.6878225850827075
0.969326563498464
2.083319637548402
-3.033935346298792
-3.2144279352350553
-0.7568534276105576
-1.0245503264109885
-2.3546232405663656
0.9540857601576942
-3.551605763714737
-2.104477045560127
-2.7432929595543962
-2.086010015021549
2.0634114225936435
-0.7332774540122384
-1.54960503308138
0.8371221663028763
-0.9893730441381732
1.2690449338778182
2.2981101620314073
-5.170597850569996
-5.171083562379174
-2.886427739859486
-4.45871338295964
-5.333716526857343
0.8918432767323665
-2.3615908971231447
-0.5092302003090328
1.0341809408923393
-1.633122071434923
-0.6756469932106607
-2.091061328268082
-3.681003725770899
0.32082082514824384
-2.9901796690350064
0.5851914052684055
-0.3595655624423175
-2.8120620278758977
-1.3898111159862658
-1.7593998448096801
-3.2370507534223165
-5.3013259240300625
-5.870771884456368
-7.908018344954998
-8.129558426528416
-16.742912341119784
-11.649396499299218
-7.440807832985237
-4.946022610272097
-7.379394185666829
-7.622918085665039
-10.552015510738563
-7.925784548821065
-0.5011483524721594
-5.210038304586325
-5.118061402374926
-7.68318720453747
-6.592902489356714
-8.881334505086983
-4.125778228271823
-8.01436949907628
-7.8097087503886335
-10.1766503927131
-8.383734875761457
-8.466825881919004
-6.724789163194085
-8.308894920876373
-9.631571801224823
-8.705607610544309
-10.296513930785467
-10.97201478067954
-8.544225996677003
-9.004472148005052
-8.170675319030263
-3.193231522121305
-2.2449820763388613
-8.42790459602164
-7.35896111757836
-5.801258709229808
-11.800704381192022
-5.204575183238037
-11.0444314172059
-10.556575478977464
-5.650304266227229
-10.054069029758708
-10.179282080880892
-8.733978211776625
-9.265991207555816
-11.806761562674126
-4.062497795853
-9.545645961925208
-4.7126117393643785
-7.359615560370379
-12.809961609628273
-11.680829197278051
-8.4675536029339
-9.79990985008713
-8.852636867408105
-10.963149163381706
-9.857762187715318
-11.010334831920314
-10.39792169325773
-11.221948330323507
-10.778616014949504
-9.356706083620056
-10.648722032397798
-10.006916951208277
-8.203333163376138
-5.253274054595504
-7.462387623465739
-11.17975503696548
-1.3331914519918402
-2.36477067281154
-7.9332057613249285
-8.379685095531071
-3.2285555002972135
-7.844690756664036
-7.992748112436734
-7.442023167886065
-9.808689167028652
-5.923098315033785
-0.32017374155422584
-1.067250855128806
-8.883831833722239
-4.65273500453534
2.409685562320948
1.0882520311929902
-1.5545013971453163
-2.0311438563569535
-0.24217344131578522
0.3993555626089975
-0.8823668197049814
-1.118181605599835
-3.731051735445932
-6.267620679546399
-10.568334279743597
-4.4453688083082685
-2.8507032763848095
-6.951883365591821
-9.358202777960694
-7.311257801591536
-3.8671671944806225
-11.986930243887223
-4.075872064408291
-9.784720514460705
-13.479171536458338
-3.2654777401661352
-5.667514472887667
-6.229797703631415
-11.722798031088915
-9.800555057509978
-2.280572236578929
-10.735789378443284
-10.33901187694807
-10.101103382484503
-10.558544828948367
-9.293420111841268
-9.989471568474418
-10.274414042807843
-11.214549788892796
-11.648973711320075
-13.590999263722864
-11.790150742630427
-6.925754782357014
-10.743768826169871
-11.0771269544648
-8.360734944684596
-11.299263271011398
-10.369313459541232
-10.166700490092108
-11.090113388432522
-10.56614371679363
-9.976596923722926
-9.023481358459469
-7.633324722191582
-11.1303898856019
-11.191257147423482
-10.975875128534629
-11.086009370987671
-10.204202824795178
-10.455485438842693
-14.55572544234175
-14.366388275824164
-9.768000301366719
-17.273468251733867
-10.082216274868182
-12.936080809682792
-7.9641099245351015
-6.852545715827172
-5.902714563643119
-3.5002085014893836
-9.765158498828075
-9.31503191361801
-9.179729169692527
-9.915930576948746
-11.169749684645852
-10.439193951869541
-15.399146060649294
-12.261997411639769
-10.342425877010777
-13.161121831049684
-16.300094077121006
-9.887663995613451
-11.656397415331709
-13.687987208394079
-9.83628930140992
-11.290809022022927
-13.01994000939576
-9.560340269720308
-4.935272807390115
-6.932583452062853
-9.92322383006747
-5.275232735026384
-6.088755279420356
-9.0058192935311
-9.798481947423099
-12.09477061228673
-10.445214869846644
-11.685638498922597
-10.935045412034533
-7.442813948133919
-8.536786586010153
-12.403276443322515
-15.943255693169636
-8.742649609328446
0.7492280020869777
0.5232856973386216
0.7537532958577349
2.377087253581924
-0.9110339226491775
-10.874406461169825
-4.748174720046198
-14.029771411142415
-8.742641256806156
-9.028268748412536
-18.428856092664073
-11.116074423448797
-9.17567377808767
-10.29751401530053
-9.507675797423042
-10.569630137465882
-11.618212588546596
-11.02640926363747
-10.911759689015891
-11.10565359963189
-11.657200769519562
-11.951221995660077
-13.136288472240205
-10.978750549147158
-13.094021112865374
-12.873547621022757
-12.859694158189168
-8.902918370823077
-14.754779763162613
-14.237654720863537
-13.642548937453794
-7.503963129764649
-10.199143410442435
-9.322734673945947
-8.35491255687025
-9.590808771873885
-10.9174640205797
-6.259579048740603
-9.293849348454803
-10.407667130279696
-7.874942416955211
-12.115642121994757
-10.708624053348128
-10.914566112105991
-10.603477858769699
-6.593771701082144
-5.105514811393272
-7.3925566027066125
-7.768471035572936
-9.231830956121279
-6.723649353638433
-7.44539666293852
-8.930825512059597
-8.962291645797714
-11.400200103105398
-12.380350350332945
-11.563084220135972
-10.25250942569592
-11.88831001111848
-11.835470228234685
-10.250476732688444
-11.56475601491486
-9.069444941281489
-10.045450131284497
-13.849475707420906
-11.169183362920412
-9.535166664717988
-10.873020673499521
-9.954918778327526
-11.805252136153715
-11.6749098124077
-8.545482347792953
-5.168455189335707
-16.173373471739655
-11.93937904989895
-6.016554021081871
-8.01946590239519
-10.698806893698553
-4.393143804850164
-9.705091035398736
-8.976304578218059
-7.674813062899833
-8.67870957697726
-8.304525680523128
-10.389329763357471
-11.971184681267342
-5.72831108627499
-2.9567472038755795
-1.6981921417814294
-5.6244134847682865
0.2766846037803443
-2.536940555520945
-3.0847033835738853
-2.9319788182214164
-1.0677788312992176
-2.8637422454356756
-2.4742116766574678
-2.0600581243840446
-10.924814016254789
-12.083574453016336
-6.330243249485307
-10.218414570943803
-8.592229381310046
-10.566827192446235
-10.226434377966541
-10.918076872738428
-6.838531482795306
-12.106479083041297
-13.18106461934275
-7.427154349674062
-13.099488975330672
-8.69639943896215
-11.513057330870854
-10.55880386968579
-10.504128555850214
-12.374931589130203
-10.205801198584139
-10.116973669553499
-10.705887625332432
-10.502990388652831
-9.447394671094404
-7.713303063322806
-9.25648058241299
-5.89723468103996
-10.291539231813248
-11.711825372051674
-3.724137216817298
-10.35282193944572
-7.840241569241659
-9.394080766393827
-4.385640749905865
1.0259937523487648
1.056445910977167
-5.490704195751798
-2.5961181268459246
-3.993289904441367
-4.1439533546203045
-4.8019077400796615
-4.1771450018541785
-3.7547785883142337
-4.398229732567838
-3.424754907711481
-8.749118511308138
-8.43301020263721
-8.875595774631728
-11.65447209089166
-12.653863127149535
-11.927542883460886
-1.3579486721876985
-3.5591390001892256
-0.9713320606661884
-2.5630126863918745
-1.4976759813920677
1.8196366554070282
-2.631388797680441
-0.3308529984876696
-3.0332821060786874
-3.85805663991649
-1.7925013052266794
-1.6951713305707214
-11.743124216124741
-9.291930147991419
-9.843524064757414
-12.449296287453333
-1.975531159743414
-6.332274026205694
-5.874957725977252
-3.020138655494609
-1.7448004491360207
-0.8385470149070935
-2.1632953504892973
-2.176055093717596
-2.9772216314122675
-2.2097033693070145
-0.7193341794947896
-2.259332121256549
-3.0080612170352587
-2.1131984842885405
-6.815010878658267
-1.57077675565481
-2.9355325866639546
-3.877941288834188
-2.4862979958259905
-1.7735442652672726
-1.7578003022084183
-1.2107611527644953
-4.488493808062662
-11.324500913272708
-4.295557331920176
1.895190190035251
-0.7149916704343782
-3.5803104152148366
-0.9269566117102084
-0.43195711107466406
-2.7929189974118036
-4.730848628879695
0.8243726877517177
-3.5779459296647333
-9.217181687862643
-4.247082470046244
-9.738813786053441
-10.42063479018761
-3.7740435843303666
-2.4377054567919747
0.6968163907055345
-2.9975212666071935
-8.886713607446088
-12.347258940649231
-14.189484925105262
0.3107419809351848
0.4326551308734088
-0.6535330394061034
-0.12615450932231376
1.6789808436263551
3.0761864826006042
0.394053689075911
-4.825458777907707
-0.20480903844087917
1.930016818750614
0.8819839408966506
-0.3288125581184058
-1.1954846516275364
2.604873262972478
1.2918592432988172
1.549178763479464
-5.342931283097499
-4.7304180662251145
-5.92291506838848
-1.8642603816409522
-2.3220668690964006
3.2147635921480218
-4.934928630820282
-3.266705401610965
-4.034748162171951
-4.748418078021615
-8.80155975508184
-9.048076883287706
-3.587665550273466
-4.45594997557404
-9.607811872441486
-7.305600993612789
-5.446660587007885
-8.01929076505181
-5.977413433272504
-3.895691291668024
-3.313650608919246
-3.6635082341214504
-0.35558516786938443
-2.150124534457091
-1.6225397514880886
-1.6508981270852163
-5.147919862236404
-3.0629000061523497
-2.7166502455973656
-4.492045467246351
-2.89426152574943
-2.1245218086837956
-2.5948882713994235
-4.684521398377459
-7.3684354033399115
-6.9775817110991465
-3.35316668657903
-3.3043717246522455
-0.36491098460335203
-4.659981881058365
-1.8060458067001446
-3.0174142785511915
-8.347919624534834
-4.831819519973407
-7.673725850312922
-9.101653974062822
-6.432604207821592
-5.930168103660682
-5.014058757663611
-5.935412810679825
-6.259949297109489
-5.853427298843327
-6.719382823851481
-2.0600693441587534
-5.203359544430172
-5.431025085995117
-2.4684608585877443
-5.1857126458404466
-5.832160028595833
-3.2621309428983256
-1.285176117803594
-2.52309028909891
-2.480326450350774
-1.4805957555771245
0.399324996439804
-3.9809829682071283
-3.520608236027687
-2.166481968100894
1.6433509311604055
-2.870616526200717
-2.7260517900489307
-4.685320837948372
-3.9808344631151433
-10.36495921514613
-8.062574538947528
-6.681214338777971
-5.898364571154508
-8.223858436470456
-6.626293167057515
-5.907392167046975
-6.95976602085104
-6.97428234116444
-7.257907627066919
-5.560212974309061
-5.397979115703056
-5.945645468338116
-3.77482749879956
-1.1425710530699051
-0.050345283841249255
-1.7468897809873338
-4.025876857944045
-5.926867391141036
-1.1470707785680845
-0.23611129048414403
-4.415892350022737
-0.022110517270446994
-1.743686460201587
0.5160610874622495
-3.712198368546185
-11.703722117134028
-6.79333384765098
-5.621760477852055
-11.201426375716466
-7.824111531655296
-11.727547488838287
-11.754027193778393
-11.6749914355983
-12.712607728498279
-9.13383544958907
-10.852084831409975
-10.181174801808623
-10.514911757429532
-7.870476727434983
-5.261432250780411
-6.785479144088171
-7.528653486784642
-9.471197263551062
-8.976063266790385
-8.83467730765025
-10.911121691251207
-10.133303657308474
-9.972785736738615
-6.713800911708657
-6.918690313495095
-6.804042053905962
-8.952562903765664
-8.237562820811082
-9.545357053583261
-8.857243153997876
-9.723527465608937
-4.151855297926495
-5.993484345547398
-4.528827379445424
-4.237345527619949
-4.424965528466084
-6.642504491857466
-5.13532908018702
-2.538844522821626
-3.8607532950473713
-5.809264387914929
-8.12700905941903
-4.228037968471453
-7.293768589910145
-3.2050391390791897
-3.71560132095438
-5.856709669257475
-6.225310979137031
-5.45763500364692
-7.000535366736539
-13.580957101283103
-7.000447399777768
-9.776768473081386
-8.02105295581569
-6.775433658583816
-2.9931647827869545
-4.021985365765639
-3.2929423708285506
-8.9567486601212
-3.235912550048211
-6.508064480649976
-8.28973486722986
-5.003803029119534
-6.09702205062837
-4.792136343523936
-1.9619791758457543
-0.5967690475324625
-2.1772144538921396
-0.20892349152744494
-0.12353561077287223
1.5332975638301396
-3.3253058690356747
0.28825478740321087
0.4453412549224951
-1.2370836220973889
0.030733392608290222
-1.6747339812945956
-3.423834248313285
-1.526786250073068
-3.8268899808853045
-3.3847850876837837
-1.8618376344191132
-2.2528030261749574
-4.086711717667733
-1.702266094057185
-2.799252396915992
-2.9578360668763164
-1.283156755343431
-3.9700787118394487
-4.419148402725937
-3.8210290154595348
0.2471149231251193
-1.9592840273263232
-0.17075210620695502
-2.166948055505562
-1.1725633500637835
-3.272679962136607
-1.78068196355344
-0.04816218972419284
-1.3634818328239802
-4.004760213888964
-7.6333153794531405
-10.26750686414929
-12.693905353438904
-10.033473402234767
-8.331190284862439
-12.429316847812188
-9.705896266376836
-9.486956142903441
-12.657615797614191
-10.445194088791899
-10.594665492788891
-11.534829242860281
-8.970983106189113
-11.655652994085901
-10.808149096704424
-10.115928615770127
-12.093664286818637
-10.773506496543241
-11.76111486732051
-9.7967579474035
-13.524507142840983
-11.749673353966921
-11.995604723456093
-10.369156705663459
-9.793121467687921
-11.184795417659952
-10.836798009735736
-8.299773030936537
-9.98518928479824
-8.671228832400686
-8.70856525559331
-9.6133935609164
-7.895996471840622
-9.63007259831207
-9.290225405033423
-10.471557223367117
-11.204705569514982
-6.637845393211795
-8.172884316707098
-9.518568590888261
-7.269896594349744
-1.9401261467611657
-2.241797274501872
-4.259127211378921
-0.4208881542387586
-9.44814921848472
-11.74749134286989
-12.489144031830428
-12.509553467893019
-13.122015897228149
-10.99327017275103
-10.72415133757362
-8.552414986937414
-8.443303394661058
-10.513615090029985
-9.578350331939781
-10.483667194378237
-7.557762993381338
-6.900444214688174
-9.802992862847933
-9.311080429543425
-9.183720790400075
-9.75239634100927
-13.868506019595948
-3.657667424019117
-4.131227867143703
-4.016131262355829
-5.618100390976844
-0.9740209288281971
-3.1736348011299134
-1.7993466534318368
-3.7767614777570233
-0.7386939339143981
-1.6007346085638883
-1.1036754071886032
0.7078423156645646
-2.7986249636523066
0.09362815829649085
-3.284026986989658
-3.4493196849279224
-2.7778795387963697
-3.922544036716669
-3.337925602298717
-4.310673165863339
-1.5359213352359222
-3.0191413914854555
-1.72061753525432
-1.1392895456020662
0.310932330739335
-11.380360321746144
-10.837804841474002
-9.142233957701366
-10.196815701983585
-6.780048597196177
-10.56225862118739
-8.801135400002382
-9.872581126557176
-7.125851116234334
-10.147501875731162
-12.079545167988277
-6.589556286778504
-5.897968830167681
-9.853669752873943
-12.500322762576953
-16.20394662174505
-15.116583175566875
-6.909436059386747
-8.628556973907504
-8.633022735188154
-2.227917139995692
-3.318087606827521
-7.186707868314896
-7.405218719573657
-9.349387543719129
-12.132855267359146
-13.669208803274278
-10.353527257505423
-11.000080515088136
-11.186538928465364
-10.325644696881048
-9.866619677973535
-9.141094041291183
-11.120174373000138
-9.994363821358004
-9.34158898544082
-8.790959907943673
-7.7646068976006255
-5.821286617819402
-10.79966615637354
-10.404151995014077
-11.932679299393032
-6.593487188268016
0.8710626663762675
-0.07951816314766846
2.414734456486031
-0.7293764479390323
-1.5468354709965735
-3.6221308265714303
-14.982414135903577
-12.750217267023537
-12.758376109458345
-13.095120325751779
-3.9504913344266566
-3.095780774819022
-0.537833465717231
-3.5171095388599696
-1.550658357662423
-0.5802531541419165
1.6592929037369162
-1.033193301906157
-1.426337307405721
-1.3182750055247892
-4.444173264863823
-1.8110668238256866
-3.1526920342977602
-2.0729000520743135
-4.730366944951771
0.3766446925399589
0.04991576009377763
-0.06651950477578339
-2.2802139246008224
0.016495617782454897
-2.697497446295864
-4.387712303686049
-4.102126194483157
-1.8796448272078425
-1.766604937907886
-9.24374086415089
-2.0093916575451267
-3.359735438435579
-1.5725427198660547
-1.4852188069665173
-2.484087523739883
-2.897786485112713
-7.168037026973317
-12.49586170504094
-11.004878769412967
-10.266461810282768
-5.0961678280898575
-12.1978626170464
-8.397860829119784
-12.057638553545255
-11.935345760999667
-10.509135752488255
-10.002950953754757
-10.383690181839007
-11.55037600780712
-10.258547411570975
-11.967029906470886
-6.747121464043422
-5.927751864721636
-9.742329335759116
-11.1346677115896
-12.253904135806101
-11.031716058113037
-9.636918520128068
-9.70332998399572
-9.622458067294435
-12.304172417531973
-11.118865401912476
-7.470193786517146
-13.129302406749813
-11.312660826330491
-12.460185843185789
-8.453506674719113
-7.384812410071799
-1.7675089073450618
-4.7969380607246475
-3.7700527433216235
-10.513253391743042
-4.999484946357386
-6.492138555495991
-8.65820149820906
-2.134005205142992
0.4055200100435452
-3.5965936685324458
-6.062306996678162
-3.583292138788216
-3.567960178599607
-0.11361608073263207
-4.39335008641219
-2.816369717456319
-1.2125593173294704
-1.678815703392227
1.7749272306749337
-4.487340389266272
-6.354723999423408
1.688418736270284
-0.5603067543959925
3.581450584236578
-2.4898529584430777
-6.62044014860763
-11.012713391836176
-9.905145664609474
-3.9001365312322633
-16.024692538088804
-5.338122519850472
-10.222204454029342
-9.024463661350609
-10.752905689680185
-11.69517175610508
-10.920146612893545
-10.279728149855496
-10.894332124881869
-9.243150849113812
-9.032361883654286
-11.853176933018524
-10.483041108493016
-9.541921939866977
-10.423037014596025
-12.466704195063242
-10.94493950176972
-14.833903272891288
-12.63685995294633
-12.68298173048332
-12.550838399929455
-5.603411028972874
-5.915057205531404
-10.000548566096667
-6.557439051917378
-8.8501617950531
-7.032188550689584
-8.236792856238146
-9.783381005696837
-9.492984081115393
-7.748804406957457
-9.025611042263293
-11.851941514438366
-14.429002602420287
-8.415093990540703
-9.957430579267916
-9.836264460313217
-9.488163371992414
-9.987965059467909
-4.569620880367888
-9.02274673537133
-1.2564712277117038
-1.7317039156374474
-3.949594961144708
-2.5049121384794617
-3.417090935770023
-1.821831991642759
-2.34046772548612
-8.417915138452377
-1.967840253501806
-11.886928227276295
-7.27375188483807
-5.255786147767944
-7.853324152799589
-9.402130220679222
-0.1699965080204784
2.269996457417917
-1.495997908630692
-2.0834665121740894
-3.978751068011235
-6.571919918786108
-11.48632106453126
-10.342333649260826
-8.792656848553163
-4.896167011438582
-10.311552982264754
-9.77336172606972
-10.799471873928784
-9.166830710006465
-13.487934215568863
-7.432694655395689
-13.55905545173696
-8.948979710137921
-7.7513840509286815
-7.0686366486751835
-6.70589256239429
2.006884141824586
-4.427002639310358
-5.237473788165026
2.857312771199727
-10.721493572278714
-11.590576007334413
-13.994990169199983
-6.87882886713121
-10.478646819580385
-9.381247137773174
-11.311581338198287
-12.565368434773553
-7.413571033984806
-10.976843260056599
-4.826314732214001
-8.450219429845562
-8.304513866372933
-10.226723699679932
-10.438523323929617
-10.510852842445681
-5.481753002993147
-7.016423130784817
-6.934148391137093
-6.429191388992871
-5.814476615734863
-8.709354667581534
-10.161137446505428
-7.875973213288013
-11.940556830786099
-4.9854088673562575
-4.371075441364273
-7.412789175576106
-6.829554943710091
-9.556139486158363
-9.282370354824145
-10.585939040668425
-14.150038888282948
-7.055298005837483
-6.877954388591386
-12.049850301274127
-7.204637286811356
-9.905999425236498
-11.045518604698772
-10.695726015535367
-3.10125176188891
-1.5689357689192018
-10.275748005002596
-10.18950799421394
-7.8826074292122605
-9.716733376009518
-8.125349276076022
-2.4770638666988485
-7.005348036903942
-7.157566210403102
-6.845313621837674
-10.44167934331792
-9.3145202920092
-3.838533834514102
-3.4237722546682163
-3.283535127593785
-1.0130485215157286
-5.74944385323276
-4.78610527739081
-5.721446372153115
-7.579382104867514
-15.255869532178751
-3.0559068913299523
-6.061719804056395
-7.819115746302487
-7.330167546608158
-0.2842548984654518
-4.262902742699423
-7.083735947410558
-14.078903243309975
-11.174845637071659
-10.768938783727261
-9.844365731089649
-10.444721591314668
4.0391226289737014
3.8963126736404807
3.432663760277852
-0.2259788592281471
0.5286250915982527
0.12032569128691506
3.9204048513616123
5.070647496839409
-3.3024713787747806
-4.1974108353779815
-1.7950066469959836
-3.394220284895752
-6.631400447451344
-2.083317391601541
-5.5302506707436265
-1.5192759975277776
-6.863284259418118
5.479246792855166
4.0920344775821595
3.3974571253764725
3.00418069480419
4.999686535264058
3.4125534558992423
3.0092869021408557
-0.3090010147162139
1.0416670902262788
1.426253574065274
-0.035862895765644165
-1.5053577126867823
0.1562932441603988
-5.698684395532451
-7.458912285640538
-8.735951321007903
-7.4614373937053475
-10.27101037642692
-11.223356578519429
-8.740510798912785
-8.713743331664231
-11.725098877858535
-11.55284883316488
-10.251227129412838
-9.86975917955807
-10.957735469817294
-8.485902954325347
-0.8125601536255731
-8.993636512251047
-8.564536316144924
-10.23356063237077
-11.566939431020316
-10.047008937313558
-1.5392084540157767
-1.8478842795791794
-2.385037305801254
-3.4646409111307617
-8.043985964796896
-6.588594547019608
-9.384713318938969
-9.27815744983323
-8.429599495072914
1.1230136056812796
-3.8289349301216777
-1.3120803957166705
-6.198508779483348
-2.3947953339828416
-2.718457295273539
-1.7969102070829006
-6.859976321123487
-4.534268961172401
-1.9863780199191658
-1.0473292958124203
-7.115818791272875
-3.2118366098260687
-5.940388232261098
-11.466147401548032
-10.880207718719596
-8.681545459551922
-7.836147118099742
-5.524772450884792
-7.321926549643201
-9.195528224420897
-7.383667024350145
-9.009414915316992
-8.827814216332357
-8.023615374510896
-7.417613305848444
-9.794107647443537
-9.156241507500633
-11.722153427138263
-12.765285109729973
-11.293996709287773
-9.903059113657754
-9.955688770376058
-12.760583049388073
-7.524137025666249
-14.977663016880602
-10.309650756102002
-10.859309991435198
-9.327146723153602
-11.245904024079437
-4.451908503928288
-2.916946052566445
-8.940662840795158
-2.0261577313302217
-8.95575091504178
-7.050630326334405
-3.537201455660812
-11.552830721148698
-10.895844447643952
-10.979790811151162
-11.755868794797207
-8.01720197084536
-1.8983730238563044
1.2654447733003074
-1.8455330962473653
-1.9692678722880472
-2.647646789749238
-1.5675978762982123
-2.989077518490939
-1.8121287962497403
-4.224521331649908
-2.424369832903439
-2.0357132774112845
-3.634657190069907
-3.9673755397869246
-4.4742898177253965
-10.503230121888512
-7.602875526474546
-8.859640723624553
-8.615498108063205
-11.510447488248161
-12.73485043187486
-11.904371938886337
-9.904619148928083
-13.206766895609586
-10.112630009593564
-10.719318691425503
-11.294747722153915
-9.392041927332365
-8.534491456673514
-7.794437354287044
-6.952333747033595
-13.127686866183055
-11.528651211057607
-9.063111184076403
-6.0122778385477735
-5.404056777804529
-7.745190996480616
-7.1732717707094675
-11.15135434681207
-3.6747396355393107
-4.270693831651819
-0.6852880907664738
-2.3299169178157704
-4.946913786097577
-8.7580726964391
-10.651477318136543
-7.431796890788916
-10.35650495432433
-8.173715028860823
-4.511389364183258
-8.111079263204202
-10.325277437308726
-9.672428815100005
-11.172676904435205
-8.846216690458826
-5.626192199957213
-9.534896811820678
-11.551229398563006
-8.011084811934268
-8.136493636449014
-11.88618723268061
-11.173797042739338
-10.278640812174023
-11.730620259183082
-9.912789235475323
-10.154682117204208
-10.084883111027391
-11.697770112484589
-10.505481308758474
-11.638007301348498
-9.687274818298967
-7.286554407166099
-7.425277804324423
-12.647796965214757
-8.452336242838568
-11.725082013659238
-10.73704715878966
-4.7002082047491935
-5.559924242996352
-13.720453879609101
-11.666777315968192
-6.194651585015866
-8.977757670834686
-9.033065432948385
-8.179615567042859
-7.545649306575356
-9.234981312877078
-10.331420993792786
-9.887119147958984
-10.349781827517997
-11.063969891791832
-11.354279976372753
-11.378934836514334
-10.88099793805475
-9.37702762275925
-8.706836192278733
-9.90469260992973
-9.47508767267745
-10.049552714755912
-9.694360074283773
-8.76308234015104
-9.321264956715202
-6.396239205739626
-8.743472845084701
-9.428922358910608
-11.69143524051286
-10.786030798020679
-7.534884553874579
-9.417894388458866
-9.891171072850684
-10.596927585476148
-8.87163668518978
-8.586173239983038
-10.289187398592377
-10.20270077789004
-11.495746603223404
-8.233487058224062
-6.564839812867788
-2.530860893904478
-2.0103451706610334
-2.111250173371981
-2.176350822647735
-2.9160473663675672
-6.581018814856629
-5.897037651406408
-3.7084250870387363
-9.438066634082318
-10.246537010003669
-5.45149225032184
-4.255003980246363
4.859557778144065
-1.4990276810616108
-3.676476779377391
-6.650206037561733
-2.0440088334783715
-3.8955931076668597
-1.828063133972179
-0.6498292571170561
-2.4454340417295497
-4.690474337923963
-8.243827551830499
-9.821102950375936
-4.270852004512733
-6.048101075819035
-5.32798885764898
-1.7162283721620761
-2.4468565616387554
0.7860576880566068
-9.487526242598124
-8.348755561766149
-8.816970142782885
-4.386246901042802
-5.991663151862259
-2.7725108374862844
-7.220198139455457
-6.950434344795015
-13.726552128268223
-2.361427201711852
-9.034721411888821
-9.403278936160035
-8.371121831264722
-10.716248669651122
-9.917996692284442
-5.766577886663795
-9.109871045904073
-2.2584561238513983
-0.37993886308327673
1.1717381775993951
-3.8843554343128677
-9.088585142380609
-6.976741485721662
-9.314299537949777
-7.818409187576043
-5.999295061973161
-7.286472284337701
-8.920582750137417
-9.753045346656378
-10.290594233503173
-8.888571519949775
-9.689843900867134
-8.121227487731218
-9.907922223704894
-9.493704767914485
-10.976309039624006
-10.635420086535525
-8.021864661329946
-12.732830392059935
-11.711264862698858
-10.445273339663126
-12.029209584941324
-7.279822912757481
-7.664608727486382
-11.104664731692035
-13.157654157355058
-9.711714004199964
-15.821739302752093
-13.31380503139458
-9.316709127345739
-6.592494659775543
-12.267242569073215
-12.566881986794906
-4.047184225993161
-6.517846262905279
-10.162548043893068
