-22.10952215700765
-19.087218124551143
-14.386866596227193
-17.52479635230172
-17.875445824418982
-30.68472289776721
-25.532926731125926
-18.652737753736986
-29.583281435109413
-19.615788295593752
-34.48367562361703
-20.21578653480548
-16.356813616060478
-30.30728929813543
-31.647779045903473
-35.47559471149497
-29.030961862733808
-15.93959052760874
-34.33926025467296
-26.529883802828103
-31.514917468232397
-28.749786514720476
-22.686650007847916
-18.729188247151214
-25.399909389318264
-24.387405527555217
-21.390769594355525
-18.90302931461295
-20.272846018788066
-19.578434917289187
-19.54792377397898
-22.032678584441825
-17.235401902571176
-19.653335736826378
-22.846112012335396
-26.88808970435838
-20.32167554269236
-25.714375971558145
-21.232980248936315
-22.399995174157567
-32.5238519458768
-32.49714222988162
-20.91935123672928
-13.649941414494776
-21.20766882285555
-24.566493075606743
-24.86109510730324
-35.83035524028373
-19.751309023958726
-26.39330519549113
-15.659727738297278
-24.289067730165897
-33.206385452177614
-13.082018412182958
-28.713915632365087
-24.18573820041029
-13.478013526095825
-16.285111581956667
-20.857906084495866
-34.75394926078563
-16.931495894194136
-21.85420764396801
-13.99150963430274
-22.5400451550968
-18.966421187883213
-28.64148440151284
-21.85468763018765
-31.35563156280739
-28.40075940302378
-25.122560867730755
-31.16991083570785
-19.941454023524194
-26.715450263584998
-23.521664447432187
-18.08010975183568
-27.84146136333921
-36.89781509490174
-10.69083519979209
-6.51566885168096
-19.057395761287736
-22.48513674216734
-23.6423614603657
-15.97808261823561
-16.14777877595381
-24.95966677534897
-23.748270387540657
-22.193271125902093
-22.392601169351824
-16.429483923544765
-34.85935255710078
-29.42955963567028
-26.072600093374525
-20.764865051601973
-19.79335817348573
-24.884630690247924
-19.859511470326346
-21.53216735100602
-25.015291110924977
-22.41523015201592
-16.8207631903732
-17.551273755560835
-16.252309682903874
-25.102688144905034
-38.03017692572178
-19.394256174894878
-17.606583437660028
-19.18992505827602
-17.090162937781106
-16.322385429789573
-19.36798766814323
-22.084879923886696
-25.09520563262123
-23.78047828937411
-24.520145087366387
-17.65503401019584
-23.89835088759147
-16.042680103493034
-14.170694203258357
-26.249019511369408
-33.77510780140141
-10.569828222940455
-19.85512957533685
-22.93054196303474
-17.526484583225407
-30.315912559816432
-13.018422147910936
-25.433503321735614
-28.282888580831305
-30.05753947353986
-19.013173158635254
-29.406228168244386
-26.014130428544384
-27.836606246326028
-17.292589221624688
-18.18095252429208
-28.34624666106275
-20.86595461334425
-17.448356287138573
-27.334608061775356
-24.633608445539792
-24.719278463721075
-15.459787667475538
-28.52719571653293
-28.04047385242982
-17.71114732207367
-18.026127859293496
-18.009712454379443
-10.098458795106112
-16.50576249490385
-25.634153612620466
-24.699889682684177
-16.08851281389948
-17.680955332973646
-26.24902088619743
-19.915599789621
-23.78999735273927
-21.434471075768414
-23.195262575319163
-23.74463777169587
-26.704612742466402
-32.950429963814535
-25.125310194096834
-33.73622454165621
-20.582924614264442
-11.301165189023848
-11.425603099973387
-24.18906971430264
-18.253795978087233
-15.730966594532902
-31.739066698829582
-28.44678862009976
-21.42743607081414
-30.455741093144823
-17.328833806767094
-19.32181495735081
-13.849108904608997
-33.82846331008689
-29.6159123135183
-24.441386919564508
-25.13217350868276
-17.24231392558803
-15.288538328542273
-26.20088369068351
-15.283432703652473
-18.257421360812582
-23.15085458452318
-18.73373705021175
-14.880070276635422
-10.718869967569162
-18.948558137711878
-20.426869888103393
-19.096960436234188
-18.797403577985165
-25.10501695769697
-16.69664941753474
-25.428668765644318
-24.529363798023283
-28.657556126697045
-22.31197439044984
-24.549132794703468
-16.822100345461976
-19.821527398733537
-34.95513594437753
-28.614557886269132
-23.948901542442595
-21.87671805859414
-25.061195621694285
-14.089537771794268
-24.250397578721746
-22.64993713332205
-29.309966335051936
-30.466103016503773
-20.28829475013245
-24.68630073447877
-19.633726593815055
-19.952978139965346
-23.155712126895956
-15.551261817046417
-15.905194026742741
-29.18639631881487
-32.77617372560981
-23.91875716501626
-8.347560482601622
-23.774499557643416
-13.962596732555824
-25.062245774766517
-20.929868476389842
-21.841309059725546
-14.596387603923716
-21.579661570698647
-24.056975553171554
-12.617573241366095
-20.946734078956815
-18.28471139484717
-17.86423948260955
-13.03208507362816
-19.350104450121467
-25.153846221220576
-25.24717160658148
-18.826416474451452
-20.104399974105483
-20.391358524352796
-8.948163511638004
-24.265610064448463
-10.178414025946475
-17.041658478292483
-26.412323966236514
-18.101653851901176
-34.58529472809209
-30.9865399776831
-40.32662599032223
-28.24678222070986
-13.403601477371623
-17.31196626806709
-27.98690918631373
-28.928674633087063
-23.828033478395085
-13.782657619664224
-26.516591209064472
-22.781040347558253
-10.473586538708837
-11.99303179654408
-20.13387324051245
-16.595080632957657
-21.87104921535593
-33.4725949161367
-32.75126411787569
-26.90379962187717
-21.093462538249746
-13.701134201228356
-19.031676410425405
-16.164828537673245
-20.570562223012395
-19.026358165042048
-33.370667355210706
-28.18696848148108
-18.6228654784384
-17.289232446223885
-32.35266764655693
-27.23896566359857
-21.611892820570347
-21.17056545488292
-21.28553492549723
-31.225006563269428
-20.581851352891164
-17.86329187543473
-27.298418271257276
-28.089867850065986
-23.633170069785685
-30.728152124581293
-31.79840777600421
-30.723596759405073
-19.82880613599381
-28.31213988826208
-19.68782900676161
-19.939451142305884
-24.02700734867019
-28.902603435250438
-25.347939421022122
-20.513010259482755
-18.67804447411064
-29.028798186742485
-19.72239294298665
-17.239277336938713
-21.669485184744936
-14.123785999117146
-26.702609920751293
-31.712275772735016
-20.21119706705988
-30.121152687463738
-31.236344124322063
-16.793956731282663
-17.333776642646544
-30.08755068214202
-26.04175666879407
-28.405614703964318
-23.22328108923807
-19.65211703370769
-26.11043931443764
-24.679941726040706
-26.10560927269168
-22.77150794068662
-28.919595906109887
-23.345014771620853
-26.39526701378726
-32.572625514101354
-20.382339356423067
-19.05471146557699
-17.063107703877122
-13.970807149283615
-16.514762119255536
-18.09183382656571
-25.776147340788555
-15.22639861208551
-9.369193288653257
-22.384775990848127
-23.929101674573545
-22.949186727889025
-21.767890462231726
-30.826544893864543
-20.36600134328006
-16.0242734451856
-23.702225268785767
-18.34337715094314
-8.082167779911344
-19.597088897442866
-24.572138362925763
-31.384881114566326
-26.986315845383125
-34.74622713371763
-18.426387204765202
-23.442647143868157
-22.646701699770844
-24.49975449759657
-31.57768251145687
-26.32218442007023
-28.041813349627667
-30.438349682059645
-38.360771573045135
-22.07748212993591
-27.693952800460856
-24.464690712330402
-26.366412707707752
-20.310964484346563
-26.330288060535437
-21.18996994895963
-37.97709012505095
-19.957600134566206
-28.166352040715573
-17.143965564636012
-18.11514412902865
-18.95263896730581
-14.007056458189084
-17.923368668404102
-17.482998926893707
-19.458326772950812
-24.881231710011114
-16.049955725681862
-16.982478136034246
-18.754863305860447
-28.518096438382557
-22.65513319812106
-27.54329354209502
-32.52720043670945
-25.4088572037709
-12.244770608374509
-26.684877924806685
-21.193820741759453
-22.148092945386505
-17.11452471840132
-18.09570318053457
-25.75462480575213
-25.75432796390009
-28.690048073742744
-27.084878289515686
-22.129830779979304
-22.461622204864856
-16.957410017267478
-25.738955585510382
-23.53472871064593
-20.76212879990513
-23.722134662372405
-24.25240965761047
-18.38043992735503
-22.74691686896303
-20.899199661560758
-24.305063587940303
-23.806574132852198
-33.83930552961063
-33.34577473646244
-30.825150666871817
-24.39517232169954
-19.130073586649097
-16.412821997023627
-24.321852406827325
-25.47809060790742
-30.022941255926042
-21.19990990409159
-13.877524842478785
-16.140618418367062
-11.385645887766216
-21.373112719510715
-21.96174509313476
-30.0728967526585
-24.074979302824303
-28.454624716083067
-21.186395381410186
-26.72695346554007
-27.34789873241541
-20.901401841890234
-21.316294471949966
-33.24576011968823
-25.25484543353027
-29.416939581584074
-25.088734935709574
-17.636172739897567
-15.32487531081307
-18.661494153123492
-16.496635089026867
-27.622726825391545
-22.014106571159026
-17.78263343128863
-18.934061135512586
-12.946701298434295
-19.58193182657495
-14.662872867248424
-19.08949055889328
-15.594299716577794
-24.906838532107464
-20.240309655500376
-29.816753029228842
-21.833117768402147
-25.226832396640358
-22.400362867780565
-28.555313030563124
-38.029897718874025
-24.893264961679215
-25.362971407989235
-22.2343808812822
-30.48498931715696
-28.28874014683442
-27.595729952734324
-17.816741830969697
-21.20171041537909
-22.075795393166807
-20.12538693600601
-16.556624580866
-23.911855686446877
-25.045957719399457
-25.76035618625842
-24.997627280319854
-28.031279004077966
-26.838419368367006
-18.539701127503957
-20.522317554619896
-12.914689912337266
-15.864129988516233
-21.106596682913562
-22.354903336365354
-16.515455642840166
-19.991820278394073
-24.340602780765344
-24.051479837950225
-31.141051102165996
-23.15627673974506
-19.03719395285747
-16.04904035147736
-24.471365208057662
-23.660985243472492
-18.199655456488195
-26.081880478972884
-14.859783794140402
-21.247251935218706
-24.850835478226223
-37.472660557383264
-22.830460158615455
-20.931067302836357
-18.849807293167927
-18.972744464587095
-16.455118662700183
-12.752975149772809
-23.058110634150196
-26.100705670545604
-15.087835861069674
-32.86637974001467
-25.378012432040503
-22.248954591901935
-14.983972443087431
-21.975727390341078
-24.973547156188395
-14.551987235840276
-20.530191408810737
-19.23417416009964
-24.187291861814423
-30.37026786687443
-26.56587993133057
-19.63671379975901
-25.156421229932953
-27.61723726312804
-20.008464380229093
-18.578719504650188
-17.95000295481063
-23.45690436082559
-25.179083329329515
-19.37675505771861
-19.16073350971092
-30.50286421103366
-25.01004679423994
-23.5115810185007
-26.286337243448507
-32.18351633110461
-21.070153186496498
-25.706521819477487
-16.371919222775254
-14.054860729437639
-30.722469200550226
-27.569754230296155
-23.652834952374597
-23.91844319786664
-16.32915920522837
-21.10433692719524
-17.23234529959378
-18.89332431256598
-13.833691886897945
-15.542171144408357
-28.550053770494223
-21.655897634160958
-28.519337075879104
-28.63246013850683
-22.08646589807182
-27.568950803104784
-20.716195812058977
-29.565809952767722
-27.777563996553496
-29.481866392288673
-14.663796978678498
-19.14559386926394
-20.18401250919885
-19.041283601807642
-21.658786140388052
-27.556332765719517
-24.068190529677857
-25.05057965275366
-32.541216411727525
-19.046077992447216
-18.167495180818726
-8.389459811480855
-17.566366569674134
-33.01080783822787
-19.23171901806937
-22.511695468732643
-25.52206366307223
-18.641883120529926
-23.905973778449134
-17.973282224868115
-19.80999592567073
-19.929537195794335
-25.696842939577266
-16.84412467986985
-24.12945964807539
-21.3996079363516
-17.781205023840577
-21.032152856186322
-26.079198146633257
-22.273521893487004
-19.969072773327802
-24.83890272975151
-33.79980546115316
-26.63031339994977
-29.59481512795102
-25.641914210523417
-18.059033267016122
-13.34311476748708
-8.662660882566279
-21.386901809215964
-16.835663692088453
-14.31803717541171
-20.945341151320818
-21.82392198855552
-19.814237394267003
-13.582143658795438
-28.514896556902094
-21.44309432012559
-29.227513011612274
-26.421871981776903
-12.36191258858453
-23.290236741908878
-28.25464052558766
-24.244858244432372
-27.42047634743708
-22.550714110798562
-25.830658205911178
-33.21912263854641
-21.436331133779106
-22.892214922636875
-35.855290433128594
-18.404390125182204
-24.966215079503463
-28.950434807742795
-31.589959641711715
-18.609048009308587
-20.555327637030448
-10.668183617147527
-14.08110383913354
-21.863837526454837
-24.526591791045263
-25.47151291026355
-16.27558648698077
-11.459138672686514
-16.46293343898283
-15.514014148423861
-19.66694407117535
-28.156242513504445
-31.54563295770331
-30.532807764755
-14.304426330676367
-16.578314811970376
-18.6931056962644
-30.71806674132634
-24.928598680680686
-25.762865960056686
-18.990511134040602
-12.989006845826232
-17.664870061965516
-18.59969011278745
-15.638326433219163
-13.653491462658813
-22.734758298390105
-26.100438537901738
-28.02882095929319
-24.234345888038003
-12.907357694952054
-28.180442400966363
-27.234661074036694
-15.097141545135848
-18.2477961616464
-25.231220048768854
-26.844457834929976
-32.228270933913024
-26.048747292613463
-25.749000050859536
-25.845430803010796
-27.99706733761319
-10.308411623688158
-16.271862875321183
-24.565300713215425
-22.567856509737204
-20.661009387393637
-19.807619193105047
-14.818348974105106
-38.10220982476872
-35.651425298608615
-25.87681430697307
-15.760906327222038
-24.610119235105408
-29.901385449636216
-28.915041801994718
-26.64406166931579
-25.037735299659737
-17.119060357422427
-22.17768669371096
-20.453099617037388
-27.89635086642782
-29.940579521840817
-24.860986202883343
-29.16824412360839
-24.948611110684027
-15.372445067549783
-24.011703389213437
-23.208820534771746
-29.101484362627154
-22.343246567126627
-14.492962360235456
-20.51674915621151
-24.962803331052953
-23.59343867596474
-22.089763376932062
-10.572413257249405
-26.721922190152654
-35.98173841083529
-22.654869708697355
-21.443323773072166
-20.026135532625496
-24.64656588041276
-22.950434600690357
-20.203808936697897
-26.06937982587462
-18.06064047431972
-36.782478661240035
-20.017093357842853
-19.378561342065325
-23.322279873377923
-24.56505418327051
-31.804475182999276
-23.217640604486853
-28.36599603290366
-22.5853315333852
-27.64586032854361
-1.8693901250138438
-17.387874467077523
-29.268141869804708
-17.806659918630928
-13.252415602984449
-19.07630636972589
-13.14567408956372
-19.734499240803963
-23.961177985928806
-17.389711187430358
-17.63781910834733
-25.934464201557546
-11.998965272349519
-30.758581799913244
-33.61738226084691
-36.403804334765525
-21.01196788908765
-16.41232342090825
-21.867575302507923
-24.818898702704566
-18.388357495544945
-20.208482052796498
-20.298527704088286
-8.90127105373114
-16.629536789408668
-21.317136294821907
-29.96870044676647
-29.54991959878579
-24.129113963556684
-21.218048373786253
-24.11687976867924
-17.024087284114223
-18.912659891148447
-20.54265328267254
-11.896693373022313
-21.712055573025598
-20.924988494635212
-18.519651201322908
-16.672834468050002
-26.9832496589353
-21.536904671780263
-18.365456334137342
-33.07481289036448
-31.300348024884787
-21.548572769391924
-23.767408175018286
-20.07788326603535
-24.50827749492192
-30.309725962860128
-25.173538472025957
-18.633360842153998
-20.614731124784257
-21.01724032730565
-17.862209646321688
-26.02043052863183
-26.726309474147524
-10.117609773153767
-11.10027405087898
-20.414353236437623
-21.19964946329832
-28.113861618290205
-29.880169665239293
-19.976461237091527
-16.41708272017476
-6.569351479579218
-24.44072777623969
-34.136542423975186
-22.927881414358716
-23.53229086934286
-18.06884960983509
-12.79491662596368
-21.127317984656926
-22.651435868769518
-18.914391556202034
-32.292933923311516
-19.272807344245745
-26.065284774064907
-21.822596448629227
-22.875598942979053
-23.65850517723476
-38.53455931251655
-28.940570603092745
-28.964781354663934
-25.642627948571057
-36.0679851765379
-26.97257298793844
-13.212389617318273
-20.804247102681472
-32.13799968236993
-37.66127590821097
-29.612374242711248
-30.70987827530724
-18.053708059425276
-16.563659391570845
-25.617117823276665
-19.813173227006107
-14.99396614191851
-23.134637489598283
-18.107605332662853
-23.39559804784661
-20.838692357988297
-17.61381583117006
-20.317782101835984
-23.821369196438663
-20.035245679476944
-22.498815852550937
-23.105650155892604
-31.378085282905403
-23.695109588743676
-19.218801019648314
-16.727426420564058
-19.26251869849793
-22.47140556328491
-17.72452774286122
-23.616645450959908
-24.74421623885104
-12.962970043576597
-22.19747744026547
-17.941885222101867
-21.591832722191253
-26.718800225275256
-24.127083192007653
-19.73437145403681
-14.890795563609633
-22.282532032330167
-18.560759035857394
-19.70899811739929
-26.533432701193014
-23.967611837030134
-24.486326035896788
-24.02254773447462
-28.348784056865135
-22.025531131308526
-23.252642009735794
-18.81239461929087
-20.538844566061556
-17.18241994217555
-21.297165713911856
-15.294030752423758
-20.174479882085578
-18.80304419517781
-30.311732527479528
-32.93859500612253
-24.207597588939166
-26.755140217033613
-25.092384415234473
-17.855911357141373
-21.970292032791058
-32.848439026136994
-24.51203994422252
-19.747253723497273
-24.961133468284828
-18.13462243234529
-17.79312836683124
-21.05640891500927
-29.23746499652684
-31.503054656538744
-22.589651804906794
-26.94508364333391
-27.272569220185318
-30.68008879782538
-23.017158633509197
-21.635579512340176
-19.83596801293756
-15.99020053087455
-26.49154775468856
-26.662260619586878
-18.681876365476587
-26.218302171565423
-26.13149967418699
-29.04775791585875
-35.17669859193131
-20.38034958561018
-13.735945655158808
-17.8684459517659
-20.807106836860726
-26.562000552892826
-31.110529999214386
-33.471411144630316
-28.180998967199486
-21.34539468471862
-34.06430917085571
-27.72809438192317
-17.17179926734476
-13.848226923895162
-29.36833124705575
-30.185281589021614
-20.130299054801874
-15.468103475402273
-17.970989338864964
-31.6210610082667
-19.91966605360639
-29.54106569594166
-33.517830414968564
-25.539951500496002
-27.80356905343651
-25.996174181273823
-30.979312124888438
-26.91263282096211
-22.071073246617757
-28.501995642738827
-22.85780141685418
-31.465297974044276
-25.37132605585881
-30.095499819688072
-23.919669591530578
-25.98953729667558
-11.490917073096213
-33.28526865957768
-27.834192875631828
-16.876398946947088
-17.857836208951323
-16.78434315984275
-20.27723841139288
-18.500077795145295
-14.834667158234403
-22.164849521754732
-13.054431180543112
-26.242741896403167
-20.346531518621816
-20.336739391270733
-22.139932949736817
-23.381237188676195
-34.31525345859137
-21.94365725024658
-24.14629504611198
-22.298276672192447
-19.931460324699728
-26.802378828776796
-19.639552452433968
-20.320404490299858
-19.25846297313099
-21.887627348184395
-28.06118855667252
-28.163463008794587
-29.870467629962878
-29.882192295132548
-21.615668367772898
-19.72147294282649
-11.750575430599062
-26.950294590985298
-17.931545128471207
-29.262693270158078
-25.373674637152156
-22.1806624121595
-25.62096639147112
-27.574164412561064
-21.774160401904258
-25.66187787730756
-20.924289098333187
-18.675836645901686
-25.28471263537231
-18.49969923055113
-16.362279504803453
-33.60409918169868
-24.720876144416273
-29.640956734715303
-26.47106777514559
-22.138134823551248
-25.652450799188152
-23.474978132461374
-16.421778165010387
-15.354525456310988
-17.476420506706503
-15.380558349856756
-18.922601751802866
-21.124058278322018
-27.438527443735943
-21.296690965865444
-28.47148264094458
-23.645751813929706
-22.41626326824958
-22.37173524299402
-26.776830896398437
-20.217375416056065
-26.584412624069245
-13.347841803368595
-28.40789980458711
-14.936048931054145
-27.427208741685597
-33.55095366467682
-22.33143538140257
-25.335269346734243
-28.985451298497438
-21.952213262948355
-28.789839593120718
-15.398931112848565
-13.56984917843647
-28.056416625064244
-32.56324011666102
-11.874864995232077
-18.20091246121663
-23.589087439578783
-14.982437912857549
-21.55867844233365
-24.417299530905858
-24.75918967999032
-26.590526541816395
-33.27586167519382
-32.047628109779104
-40.00392912055398
-22.55038738001238
-16.596184319193004
-14.243720297263348
-21.262564652488877
-10.818546448172185
-27.330669811697
-25.30799729301517
-17.17634602973175
-19.795068158633782
-33.7772102618606
-28.397875725595824
-32.1953783292052
-23.404019195634973
-19.214587577743828
-16.610217394511373
-24.961475375870265
-16.382318407997907
-15.647233501205243
-27.179091011412986
-24.39290547181765
-28.244659287458674
-20.590699807265423
-23.577544738068728
-27.038636576750445
-20.97214500796977
-18.36103112300142
-26.444014139523972
-26.596361978200072
-32.108031433978304
-12.339366588032762
-18.71238960731707
-23.492781601749584
-19.625526979594085
-18.922404888282486
-16.290605695937064
-28.17158141853797
-20.349790254676385
-26.869185135829063
-22.93288127054703
-36.85550834639539
-18.056745860328544
-25.623325942974898
-12.966237847147546
-32.718473657661036
-22.269502910110894
-17.34933166916192
-21.429127829731286
-17.558235244498068
-22.489232411014413
-14.16579555139557
-26.150839959187138
-33.486260253842914
-21.42910143201653
-34.12678153841498
-29.633987590199887
-33.63915725356739
-29.183092934222994
-29.741128288851037
-28.64014242961576
-26.962282743065074
-18.74288257900168
-29.259291644308696
-16.412222973304207
-25.87276637801952
-26.28356762951562
-23.6781677977913
-30.657510233603208
-30.05246864110481
-19.02391532244726
-23.754281157011746
-33.812380535789266
-25.679001404780514
-19.126081620812236
-21.75484607661705
-23.014433462015937
-22.59925746552902
-19.487264508666712
-27.686467805213198
-22.158942108826793
-26.70465023880893
-24.235098317990868
-28.7024027674044
-16.546323757563997
-20.573185488617593
-33.29613311460114
-31.49721072465607
-32.707723757728694
-29.549457611085685
-19.517408251807783
-23.977516849354615
-21.07933777474122
-20.384880684944065
-22.984905904141662
-20.187955379584242
-16.431193251978975
-28.78088914069049
-27.161150862755335
-17.956035682072162
-20.781309946295053
-27.032177671436727
-16.07633562790077
-12.922192490636263
-24.626603467838194
-23.620922262000573
-16.013378502071426
-22.57553583458546
-12.983002624990686
-14.190865329368691
-16.376505549041426
-13.098864146469438
-29.087296784766774
-27.081519019295538
-26.702122525844317
-21.906062005986332
-19.04871269210441
-20.917090239197712
-24.735762179367143
-27.53011576798076
-21.777385319831065
-24.48695347756847
-12.80509195633222
-18.206129934399087
-26.01182502567837
-21.904969511622063
-26.921756368342265
-27.745073802576748
-27.454009204019343
-26.00505526636239
-28.55405064622125
-29.073739957783644
-21.82836338442393
-30.313485830888013
-17.60498248636886
-20.646310787839234
-13.657737991668327
-18.252710916208205
-21.424663392651098
-29.51235625945945
-27.77553374018481
-23.09111161649331
-28.42171998971306
-25.50722599636837
-22.196580785371722
-20.505901521077377
-33.17975061466183
-31.150803576936177
-27.88307987037753
-32.06997399104709
-35.21846314958289
-33.54437979979902
-36.42388444693515
-32.61173594015023
-31.06068465717837
-22.63106336943768
-18.786091571627374
-24.366186616907346
-15.138047950394814
-20.07347095927713
-11.821271053356739
-24.75648233458525
-30.18989461953928
-29.200563259259496
-15.991635215852192
-22.501961296249625
-20.182758235945222
-28.152446809714455
-16.18444943463958
-19.337845542057426
-23.55729749107762
-22.723550394524246
-28.084808956155058
-25.66638963437447
-24.261968464491094
-27.845238514458025
-25.59601799275795
-30.486471583164374
-34.37434820085059
-15.389878035807321
-19.288025728808172
-20.22291946703654
-24.236175752812144
-18.291026583921088
-25.505401463955792
-26.387398533411474
-23.332098054692167
-19.835770791967256
-23.074899385811317
-26.38761308554196
-33.18652703142911
-33.43138084736876
-26.756847513700293
-28.007834131610068
-24.03376793254333
-24.84302915388645
-26.578886286118617
-22.655027826564172
-13.345956132801575
-23.502430692383633
-26.197716999924065
-26.546263248394578
-22.097251396429005
-24.081420524120222
-28.701734220323722
-25.506212049053754
-23.151084304749773
-17.515260526583994
-17.63465849616791
-27.987899200917102
-23.18657017096654
-12.215272164723451
-15.669039645276442
-31.730901251380274
-27.17020954005038
-19.163422304538813
-19.86816625495593
-24.91414362710172
-25.239365403494702
-24.656253545289264
-27.133008780288353
-18.715737803010658
-25.942155105009977
-13.811774418184484
-20.020616210604373
-25.99928711754408
-5.976482067022786
-30.05582509537649
-14.030949514408604
-25.138991557814748
-28.502226599940215
-27.136437741674627
-31.41250472910796
-31.824124401427397
-19.961293797862517
-18.93651115765887
-23.474107447278925
-22.065366178238627
-15.703989521555398
-30.98749457827907
-22.878126550910487
-33.61753881322924
-16.219944301592243
-17.70836380441468
-25.076655082218643
-24.36936620037602
-14.3945913827149
-17.07805485366479
-21.264630103805267
-7.762154629214546
-25.71215196763788
-20.733845079044016
-22.64685559490224
-24.734537407000936
-24.0105722592317
-32.776836589107866
-25.482769636024678
-32.59242049505241
-30.160052499531588
-28.656735234393828
-21.282596041312694
-24.855239323171933
-24.631972172568346
-10.297426788136882
-21.87875255222306
-32.758094359285316
-17.218118253304567
-26.312598713663967
-32.27046138351338
-36.13234186348255
-20.34621164632648
-26.771527362203877
-15.219918752544697
-22.17545086042795
-19.96175370130029
-26.074988493110453
-28.586500272774217
-23.7014166160884
-17.87862111339941
-26.507905283918028
-25.029547515864785
-20.183523994118822
-35.20835851690977
-20.12945864590955
-21.843684525468767
-23.449810316998914
-18.46311602986122
-19.3468646582134
-19.44066953015583
-20.18719995852077
-24.78035320943291
-31.08938912427199
-21.767564034699838
-19.474097650779377
-26.975233330610195
-28.922057047055546
-21.61958398058453
-32.76607228887368
-25.351367157362187
-30.137056118895973
-18.629819476542963
-19.594223938721242
-31.150767429265393
-23.39363818761582
-24.841039800973807
-18.210510630433447
-14.492587253340933
-15.54236298924733
-15.47882112114712
-18.888813141722707
-24.65726902819245
-36.208707424249674
-13.506967718751277
-24.57250325148528
-22.98903445694217
-25.767027552601057
-19.139667180093234
-30.336673053029735
-19.323234482713435
-22.12640713806646
-17.145454407438237
-17.497226611515725
-18.990193503898958
-26.063319217920842
-20.445694992200906
-30.342660982537055
-25.660072626922812
-31.563882093683276
-35.2184547468124
-38.043318200123124
-16.97309657533635
-36.97735926314302
-19.80871376278278
-21.58328785048564
-25.47631873311802
-29.97271748709863
-21.19206748253545
-17.395218957669535
-34.94043906223068
-22.533151860719027
-38.85850717737205
-28.571871800312394
-22.42298238537866
-22.66617828562176
-23.09994758816442
-28.87087560252487
-33.170764804313045
-19.55086133270597
-22.366468540620183
-14.252206542759254
-22.603094547083586
-24.19103890049429
-19.597388348686266
-23.03383586605729
-14.152277682633795
-19.267446025598733
-25.945088446249738
-32.95839661635982
-30.894509610447393
-24.922388153127873
-22.561453304035005
-32.509351436642994
-27.06388173053761
-31.834299636868398
-16.464738580763857
-25.899694730486306
-33.681603041922244
-26.297777498546427
-19.6469309806556
-20.46147956198704
-22.57284650165952
-18.748525934047727
-25.827366562778867
-32.55040645302583
-33.729671743443525
-30.530782238411078
-29.470356812554055
-32.951394039646416
-38.445325599197965
-23.174826408187723
-21.707777901134442
-22.877458416794255
-26.921945893101455
-31.375406926670156
-14.73682062451389
-32.097678590976244
-28.69694929197008
-33.272585604992365
-27.52301347018968
-27.48235213270201
-16.662552342216387
-31.29979379599042
-28.148976795908602
-19.51266765716872
-23.07724121939382
-20.669360952276065
-20.936256738555418
-18.446032244766847
-22.292891794353807
-25.287158562270932
-21.436692728711158
-19.045044872088354
-23.069545832748663
-26.774765777099997
-19.468932901968913
-23.776130626912597
-22.992008630944746
-20.890016602613727
-24.905454468969847
-24.570500507581023
-22.040077350754736
-13.816648829979442
-21.44017355014835
-17.32148126822149
-20.492551855483498
-21.682833007381134
-25.72168035857775
-14.53637037776555
-12.980260161155815
-22.45077106154402
-22.385134933119645
-14.039442039077343
-12.585926006883493
-11.471130413647263
-20.763149804055175
-23.43192332071712
-21.04206936278738
-25.848711857179985
-23.105476220038867
-21.975706866574107
-26.207670927274854
-21.095267856959154
-23.746778100486154
-19.457347207164936
-27.48436873428963
-23.057085543521143
-22.68868560010055
-24.773397391458047
-16.51605698888514
-28.679122014341047
-26.27568792320455
-29.931129665885614
-16.229284647551673
-29.09851178501756
-31.08318177923331
-20.868422065965753
-24.672194709647528
-25.93619590208101
-25.530858630141413
-24.328264414298715
-26.677910480503648
-19.907919271563067
-16.108076339987406
-36.2417090526035
-25.11005917276757
-25.90182787552509
-22.670681831154305
-29.8675068101196
-25.4236126731143
-32.27938021910088
-25.976327825188008
-23.58026014434573
-28.772168686652837
-34.653163232777366
-27.828188015969587
-23.56119425265974
-25.84771764197781
-17.492673126197303
-23.117401013764816
-20.21832002859702
-18.5728805962671
-20.678056011278727
-26.277861398026776
-24.219695689471415
-13.534754816744027
-23.993433935323004
-24.28879452214938
-19.325177024172632
-29.27527222453699
-24.558650405820856
-22.703797068633627
-20.342835202818215
-21.83744055514005
-19.790426353678953
-23.387548069981236
-25.237453432743436
-31.42557100357198
-22.402451795840623
-19.65061620531886
-24.828540648459096
-14.191400978633533
-21.457899069650743
-27.17504055996478
-32.87246382663686
-21.66085223873344
-22.92893298266854
-18.364777528567995
-17.328293115098383
-14.736474962051938
-23.447469251752032
-22.010032809494415
-19.940618154916095
-21.951603830919428
-17.57566926845083
-22.980266742924996
-14.284070628524276
-15.775672424294555
-31.51466840646325
-25.617066034218524
-19.098675484211704
-20.38635959053881
-28.958834706386092
-21.69318860884586
-20.13654054419627
-27.48829302624388
-22.962278302089246
-17.11293253986721
-29.916893230816218
-25.83069471314746
-26.15713631787929
-29.817864191590203
-28.827137357329452
-25.491590768639973
-26.628497683996773
-17.650455152084085
-29.53373138884176
-29.451891707977182
-28.95748873254069
-25.69063746308393
-24.15438154741075
-27.265267328873158
-19.43475896160124
-31.713446150039253
-21.831865153628286
-31.057363721425183
-18.147975265198586
-27.763987089108127
-14.020922927069773
-14.942206376932841
-26.471172564523336
-31.84124481409829
-28.899620488148685
-23.511073081357704
-30.207424669136024
-25.674935660309544
-23.00028491128642
-25.577510892020435
-19.770798990380342
-15.862848462015627
-22.932389980831736
-16.331723022047257
-19.490954832176627
-33.650730530863974
-23.600063900401874
-11.139087196563661
-17.050929098122502
-37.72430583695722
-27.030542784384508
-25.406460325569554
-26.09389176949894
-17.84249768940085
-17.873156916162156
-29.894925580298793
-31.421846093346517
-24.05448170126484
-26.02476927737365
-25.85497994362934
-26.729516134739526
-24.054598957806668
-28.456298530745574
-26.976429798881867
-18.443812616776512
-25.252102079460627
-34.39326199501594
-32.3188833285779
-28.283485662951662
-28.968771316574973
-28.312376640725894
-22.68954807978841
-26.812847053837544
-25.887992164593292
-17.87098086844302
-20.29972243217454
-21.81650446313315
-15.313745514805127
-21.319657599026677
-17.339423769545974
-24.284621733810567
-27.971154309713693
-28.94438071422357
-19.446999537184677
-23.979328134580527
-18.457385586753055
-24.82200418614083
-18.03528732859104
-22.41564781727613
-24.412732935472555
-14.631127168835071
-31.107579245948934
-26.49351550052244
-21.230764452260637
-19.43445707611768
-23.413428595991917
-28.713001068697125
-29.018247009293002
-18.643780943936846
-17.120577988519575
-24.538248689113072
-25.948952920714987
-16.223725856883377
-31.35491418925409
-11.817040299642255
-23.947347789066157
-14.35963924147616
-25.446073913460722
-24.102493320404722
-21.20260290380755
-26.790240003259946
-22.184272177822578
-20.7515902266141
-20.600046213433757
-34.16107179375536
-23.26332165837811
-33.5479835322281
-23.80702443466609
-23.601803851725286
-15.042959681547188
-34.96749778718103
-18.84002526782937
-22.508035951206892
-22.12946519494629
-24.78078939901637
-17.656336192470942
-23.227462308128523
-21.635723425812913
-16.464968503337623
-21.286486030370675
-28.71927465749249
-28.227102681041757
-32.06232681706993
-24.95325852627314
-20.573025606680957
-23.755472467093945
-25.327441490131413
-22.418658099305354
-22.063836349864722
-15.252184338366549
-24.987405362155457
-18.962351966532133
-31.443419196330865
-22.014845913806987
-22.04888745538657
-19.87728866112763
-17.116111328319537
-28.73398660409002
-31.108443469361617
-34.81888232964363
-26.35786044370249
-30.586721050567586
-29.14611060775684
-23.50563319878591
-32.08874257285294
-31.587795698735764
-30.22679940483841
-27.596891346290022
-28.710807486725045
-35.26596712319131
-19.60780866900665
-27.23830870765349
-22.434773039697333
-24.6235614038758
-24.888349588988802
-26.740809230082412
-24.63328431183099
-20.314977487248505
-18.3048623267836
-6.985783290782223
-24.858531220523396
-20.601028968489977
-19.56430956033607
-28.905776211940346
-20.32107484053245
-25.800160225792144
-22.93667106876869
-21.807096862346633
-16.38157858881031
-14.444237665868496
-24.611491674323172
-20.65596401219481
-14.084154763710284
-21.04982978955932
-18.204943637414758
-23.30374439225592
-36.97900685935552
-20.212587944057944
-29.96097196550327
-24.387143323036767
-19.857234204592412
-24.593545085721036
-25.89306344028197
-28.160910683265385
-20.480020313543967
-29.545469767772502
-18.101849887198146
-19.61487270240199
-21.171304798143808
-23.273280995952888
-29.479321209340398
-22.886889968157313
-39.354985895896625
-22.532651148122476
-28.016539676264582
-32.43020395868381
-16.68939379943642
-18.69599528278727
-31.810559588896314
-21.067665239794614
-29.063595305488512
-17.859688331732226
-18.523568762945086
-22.266854356627388
-28.469434167618815
-29.161693679807478
-29.40984079579517
-19.950730887084866
-20.417965009766796
-21.976105301777164
-25.559642836498693
-26.869360649695544
-28.86070655433006
-24.830662676965034
-27.109318943816714
-33.66266936049415
-29.02052179202976
-30.23152693157173
-33.17581104886887
-17.254459289211702
-30.616722105124385
-20.45422279407185
-25.7324000385203
-28.27513743857917
-25.88312990733666
-20.054967662896225
-25.394255392782817
-32.833870916649715
-24.02620662700985
-25.06025079148448
-34.943151891009734
-22.93240627310435
-23.66178195788805
-18.465946429318187
-27.933035757108733
-15.58603422585923
-27.156046277551226
-18.046548640817647
-16.41434868915321
-13.464348911212952
-21.738816475944457
-26.61191082440314
-24.66835099935789
-23.054797091660603
-29.36591013278632
-31.943637353730544
-28.07471680374662
-33.27724420238964
-25.04161845934481
-29.6323569311296
-28.369745812615488
-26.05534214072417
-23.02072142127266
-30.37775291603661
-20.518437393782122
-11.74346495916852
-22.826236006843185
-33.1633377387526
-28.757328939896205
-19.549528771676535
-24.58318720478472
-23.477416065133752
-26.17878816333505
-31.0109565327432
-21.959361776974742
-25.886134342499084
-15.943273673376252
-17.907987587151936
-23.346614749704198
-26.802229119457337
-31.84552320511895
-17.534287612312532
-29.62593185072752
-29.031654526492204
-14.617881289807137
-25.85455192778271
-26.37840238733737
-20.12272198494723
-28.265317371045214
-24.21168825821492
-25.309064897026495
-26.97181205932152
-21.89482169972452
-21.3937958783327
-29.843581552229477
-29.322032449220707
-26.823946618217732
-21.366970388642425
-21.66553820864203
-20.876228602672295
-35.116594677495094
-27.801744158137048
-11.959657454776735
-32.941780099726195
-35.81209001420714
-34.38106452151237
-33.497277844540285
-29.139012900757518
-17.10999095809698
-20.375591606756814
-19.58670831843605
-20.723386530703934
-20.050090093735058
-27.71306639369258
-16.026757227619374
-25.437426887430735
-35.63099439221093
-18.662758581910325
-17.705227683059114
-31.60410369475906
-31.277403254518997
-20.845470086708183
-22.572626472744904
-20.666443113538413
-23.964267352478988
-17.83802731969228
-19.88607490007696
-26.343759302793377
-20.12866017897047
-15.401703956115423
-14.694285503243627
-21.53485899555566
-26.121657891812827
-17.904494640390816
-28.555123936139644
-28.27148271708905
-15.473858425037115
-26.272482371600827
-19.3674381757023
-22.98667150305135
-34.88136607984113
-26.84997194815658
-37.14022845195652
-35.48239617608721
-32.766068211737746
-37.85943514585225
-19.895588370436368
-19.8621413715381
-32.04347296416698
-29.900168913371747
-32.42908841568427
-23.27682396390309
-22.04083646726713
-19.502957720261016
-29.753480805616306
-26.27952209626514
-24.44457392418287
-24.711130995152203
-21.15309987127974
-27.4718369500535
-24.91505558818932
-24.32024007817464
-11.276770931823016
-23.466618883224136
-23.623223618986646
-17.265241032581674
-21.32360750587369
-23.712503974599112
-23.31407453477017
-28.757666189112975
-18.028838454557288
-29.940461126659404
-30.84935266536506
-28.85729934696649
-28.810495779728086
-25.430868189267127
-23.70808252362231
-28.99378415178716
-27.8005982765347
-29.069268357635075
-27.26054475738716
-27.85646018000027
-21.411238686033244
-33.71325802226203
-22.096800412675695
-14.994328233847916
-26.433991797529252
-22.45391620528524
-18.58107322669988
-20.097388657294587
-28.082735963200772
-27.452942116494324
-21.92404677645299
-17.38216999549674
-4.11311144016158
-15.649786286169554
-33.82554056582769
-20.77462806121118
-36.9298643018328
-27.03052912354801
-25.59398893667661
-29.186903196787473
-33.563757314216396
-29.11345023133828
-24.28381713920831
-17.998417652275137
-23.890023366538614
-16.9782623071995
-19.053031967322674
-15.484123688538542
-21.166519085939527
-19.284584597346075
-32.44250133493608
-28.739819503618662
-22.608670712412604
-22.6992378686083
-19.49002939615921
-22.257222758868192
-19.951244047176026
-29.819901243226557
-28.48446254207846
-34.695403662752646
-32.97999208080202
-27.822598894285903
-34.9522305014667
-37.2089631769735
-25.975451561398284
-18.074333115142373
-27.007033354348266
-33.69961242554155
-36.438970539337085
-34.116271027674344
-15.368574201213889
-22.770894157925667
-18.551458011851942
-28.04624464916388
-24.88117695840758
-21.680034536671318
-29.96628291721312
-19.192929814247876
-20.434265471266343
-20.896011991783755
-25.85912822579248
-15.390482162144604
-18.52649774795433
-16.257788081075763
-16.98280356114919
-22.102069151043523
-19.565814158234147
-31.917398755336894
-26.686772562852653
-21.513314312493268
-21.9115697875896
-32.722712169467485
-28.80629902923222
-24.343126755271875
-19.465957694044285
-29.50743317772029
-25.443498007117615
-31.00900633938007
-31.179801081613377
-17.465797591486698
-23.929533960916952
-26.112592369273173
-14.794853300744652
-19.32375349072774
-22.901496234636927
-23.459742458667392
-19.34018350446568
-25.468572940105584
-29.775106342601532
-30.118192273301972
-24.3364870928743
-27.38560238173377
-27.706834982696723
-39.511463189814265
-32.9382777883458
-31.643007492778736
-36.21329738419054
-21.946314466181782
-34.63029488606301
-27.316266299806355
-37.1206344619243
-20.256762045109838
-25.107688355794537
-33.41456381569057
-30.46589386216221
-30.46961284196777
-21.85899416626659
-27.888377935413722
-32.08554012127902
-26.43526554872973
-33.32757130689001
-28.316299509247116
-21.056449784386604
-21.242455100572766
-18.74066896525719
-29.261911170563266
-32.5725253155037
-27.623905399852916
-20.553422079623957
-23.746114516426307
-21.56529058481431
-25.769145493985775
-27.488026373923063
-30.593120522787558
-19.275990992770673
-25.755677032755713
-29.046941195479057
-18.165197015525177
-25.35296096639299
-26.715619396137267
-25.66506881778613
-23.405609703643552
-23.26306486086115
-22.715243830954723
-24.45466910866864
-21.88572745716027
-23.129380538160376
-16.700698350957193
-24.20207768775478
-23.361153222548715
-13.023743386791317
-19.565799942556737
-26.777876431777738
-25.417500595493774
-28.859340822095604
-26.746256205826842
-19.417146649533912
-11.940016940244831
-16.90828614761995
-32.0062544141857
-34.62922038048568
-26.337050857322456
-31.335104290611085
-29.241371442167974
-22.370006891212576
-30.150924708747393
-35.50635429832746
-19.9604558753373
-31.821634640690867
-23.398990643985584
-14.936500622677336
-27.710621050422784
-25.044627318772093
-21.701683434272763
-28.970542482286472
-19.899197476165455
-29.53259203252047
-24.03979259627767
-31.84453142826453
-28.71444895108113
-12.69056538203953
-27.826850139826973
-24.327466555521667
-35.03699028777258
-29.78037994056387
-35.92132605072953
-21.670121708825697
-25.059218819912694
-23.433801068742163
-22.216882330023182
-26.936769284694194
-17.98285044065618
-24.391736510041124
-26.09039309679835
-16.381559050065825
-17.556397582488806
-27.356066653035086
-26.624759114022336
-23.303617826560803
-27.4335076381594
-21.860661326326728
-20.641398815448806
-24.95078998152822
-23.239816715418883
-23.399599652305366
-20.584896359097698
-26.769307568885292
-27.95729948424181
-24.39303538571762
-19.595721389712025
-26.625727138580093
-24.003213857731176
-21.54360455455316
-19.78165144798185
-24.742664649204443
-30.1670555631054
-29.4686539102756
-21.67569819026528
-37.22410139212343
-18.32393389965035
-28.66225276664322
-27.742977205603474
-25.453012264474474
-24.733167428726645
-30.23062202702654
-17.225441998660934
-25.965247869831515
-21.30225300017402
-30.723329177157403
-23.48333063849614
-26.143011695336902
-19.262670893110503
-20.425238950656357
-17.584708037783777
-22.973060861853
-23.861663713505017
-19.308784300218075
-19.923348698691363
-33.88684601201466
-30.844483096186238
-21.285528844938383
-23.38978798292127
-22.385723071259406
-12.94539947322507
-22.412702584101925
-28.818435337138958
-20.975008554460018
-23.224355443730612
-22.61558911683241
-22.340896865393645
-23.96816141653375
-26.792630153353866
-13.131474564692617
-14.829931959142518
-28.387042720349328
-26.356262055202514
-22.28893198092372
-31.01264637200424
-23.3066899556307
-20.633417837438426
-13.665215456762034
-17.047907365434575
-23.77981363038838
-29.898763444966754
-37.92600263752094
-25.561563439619924
-37.475790113912765
-26.040922546516107
-18.089214787688014
-22.197970893820937
-25.800234347480053
-17.157490555001857
-23.081515002977024
-26.767600538064208
-31.983175434663792
-29.972950675007656
-15.743577697089233
-18.112298327231585
-16.771511534682404
-16.211534995981143
-14.547197002498713
-18.207046887401606
-25.20617566326482
-23.204038143662068
-33.24843460952079
-23.90833510774334
-17.30855554971076
-17.34902041028027
-34.708622994773286
-20.728634708784796
-22.245160201944447
-23.012564382475077
-37.76680222979009
-17.968547584318408
-33.877084170361954
-28.850309661281447
-31.254972226722373
-29.50128301981709
-20.14328642489039
-40.481663196836415
-22.907242970933368
-28.61648826182502
-26.5023931747939
-19.087423148727453
-37.62260585361903
-19.377087604360625
-39.346444952712815
-37.96421554604701
-35.631869993338185
-31.506599028137657
-37.649954953432136
-35.117122755932584
-33.15267163369969
-35.183974063096926
-23.87190940981769
-24.333036396281276
-36.46831414816467
-28.20700428342884
-26.311069356247422
-17.750107653658908
-17.02508816352325
-28.95736475564678
-25.33370030069173
-25.727154953852036
-23.309131833325807
-28.024298807802488
-23.711649529722393
-28.882499606151114
-25.72664055964022
-22.800222561618142
-24.940182277722336
-23.729375635864194
-32.16550671647439
-20.33886588853145
-22.353109762371023
-26.380104881656774
-15.007950562684666
-25.75820175651573
-26.13133247698579
-25.648738298981684
-25.201778723805344
-33.083577686485405
-20.78381291913182
-32.3328245220071
-20.09533629513564
-19.899346700784832
-22.489671620406696
-32.989990051261536
-29.215070329684202
-22.073471609883928
-27.84764225323476
-38.394284233764346
-13.196952764194336
-17.384398915682603
-21.569271246209908
-31.302107668954108
-21.750526107874418
-15.989416452835364
-24.341389086551466
-31.379655388852925
-31.340482998039164
-35.74944136009746
-30.07774008937992
-33.52032238771237
-35.97587108622589
-35.366263259900734
-31.315947209442193
-34.30722228255422
-32.339738553128036
-28.874075171729395
-27.777183229247186
-26.804743830843805
-32.99768272791027
-22.155497335784574
-31.560099534226154
-20.491788246193465
-27.263874136539194
-10.47311724934427
-23.004322172399426
-20.12693367598185
-12.589661070805317
-14.360751314174493
-33.46200064351217
-28.006078514418263
-15.117497549358752
-18.295055430578827
-23.873595173525956
-18.03636436328376
-23.60457892200239
-27.078907977114852
-30.169613296064817
-23.891562675010604
-27.02489281110477
-25.699885892784792
-22.325202831107987
-21.526663958259483
-25.626100437880133
-17.104128881580586
-12.826740660118723
-13.414440662113762
-21.83756689551084
-28.360375852932698
-27.433973856898866
-27.29758965510203
-16.37333557670692
-18.383920087333507
-17.624969322801128
-15.060151147953144
-11.516331369127485
-24.34750251160243
-17.316435821521836
-18.81469613677872
-12.526301986002068
-16.82956416554356
-14.268450326766732
-27.45927936551181
-25.773879680772033
-27.792663791234396
-15.231130024879747
-22.625040487810217
-24.96162416596911
-19.931961354391987
-21.16641454309756
-19.62080829847102
-16.82617879815932
-19.58262187614676
-23.76983715398712
-20.939642134965084
-14.166428566065125
-23.741645879194195
-21.299649128868502
-30.204651390767452
-25.492537266924998
-17.034663919607652
-12.874625591557752
-20.448162348146333
-21.303263253105442
-13.552475581438411
-24.446618555916984
-21.504018153661338
-26.618875280713066
-28.43304830747754
-23.59823521591166
-22.372428559985053
-14.612483140645686
-22.210712286730228
-30.60524192789004
-32.58292512007676
-23.222948613610793
-33.36832826238879
-29.719384779506697
-19.888864234531606
-19.2567394785227
-25.982521980306412
-21.45855813515715
-19.470010704078415
-14.982064167752394
-18.399449994809913
-27.183670910630447
-29.94843889716328
-32.08029201413231
-23.80039960826778
-23.223398957775252
-19.954862846545325
-29.277667125598093
-31.088986204565238
-19.313096704326767
-23.445961566623147
-20.305925022286274
-20.0705478160723
-25.186301918379208
-18.939185599264107
-13.489507166655073
-12.668704161610417
-14.366465075439194
-27.7820541635989
-28.174249671498536
-24.197918451201982
-21.207066503824976
-31.5403237521476
-23.27704513148999
-12.375845567107618
-20.508894937928517
-22.793469098766167
-27.10193561375592
-27.13763767038241
-15.480744821262173
-18.939516656348818
-23.204654651609307
-20.680349888127644
-29.514357095248705
-24.32961338860577
-23.825190596787635
-20.54559210386907
-26.43661181385334
-26.955487888494723
-21.34379182448263
-22.370655017699534
-25.097281275295842
-16.893899299801447
-21.13720585352562
-17.14808578527471
-18.801350947743913
-18.760097272957513
-26.82468877823436
-24.493695148742074
-29.509299763619346
-26.177368574026232
-17.16382057326352
-22.43992654467229
-29.62634975656528
-25.61315660574279
-24.585857836513057
-24.747380487763873
-17.130334877060598
-28.88085458971803
-42.496981870415695
-19.616540691613007
-15.220116132988984
-19.90945217187805
-24.585958789661177
-30.039174044396532
-27.39718782706022
-28.9801519220833
-31.546006800492805
-32.913043228960305
-37.57227947811023
-34.89439192470294
-37.715522481613235
-40.954595194499646
-34.0814136278151
-33.54023225005694
-34.44120266399277
-15.91489261389264
-18.245867615322013
-35.173574940219474
-21.370882398385035
-21.301621054736813
-19.907896127815217
-26.36317385396933
-17.443496614151645
-12.513068773850247
-18.386200033008276
-20.276927894388244
-17.79750084298154
-16.998110232842517
-26.885423731344865
-12.220955408627255
-15.58904619945995
-29.50561808983759
-21.788107535237085
-16.400560818422704
-23.862623990062033
-22.502865892528817
-26.94331388100818
-26.680275090156123
-22.512923998662608
-19.352825736898588
-25.254462365178
-30.01541321657706
-35.21240798937343
-30.455276509733075
-30.433412046595897
-25.726545164286676
-29.925673896407808
-24.324523988038276
-13.91976726272955
-17.23129116249464
-33.09556249825091
-23.93571158944946
-23.46696168638833
-26.432413904564378
-24.291848894800815
-31.373714417916872
-24.818755515392404
-27.074523816199957
-18.39661439817064
-23.17681075829949
-27.151869005449328
-25.48398343227138
-31.551849950745122
-18.61153060640813
-25.722494803073957
-26.842383967981483
-14.989904082096395
-18.700737304675663
-34.725367766415644
-28.4944191127749
-21.603372860989868
-18.157045530393585
-18.01279100252239
-27.813900841279008
-29.266718862092812
-24.944738267647942
-28.549633222442413
-19.2534243349673
-22.606098289659425
-25.530495574861444
-22.759880180410335
-24.813946050865162
-26.049299227461557
-33.16977367664758
-17.436938453825928
-30.332180031541135
-20.6914786074613
-15.968163292919037
-23.851222214471
-17.9515607521883
-23.655035412634906
-26.279128797343095
-27.42643912754312
-29.09671919560197
-24.440631676810114
-21.10892209820123
-22.45026841399407
-32.603147271747886
-36.235188389572045
-34.320558997660434
-29.55536333289141
-37.54616886405479
-34.010231225035
-20.31512927586546
-21.836410256536283
-33.39088785243805
-28.918201904378815
-26.084751621994734
-28.619194659617328
-19.23589308820896
-29.834052605424336
-28.51502549900973
-23.169370991429336
-25.431361765742125
-23.480650760418918
-31.337044000452256
-33.6042619106712
-23.638272429068586
-24.38614905472062
-38.87980008794059
-29.358901123761996
-22.119915964953385
-33.83532576519722
-30.933559222043833
-22.92388587125898
-19.801284003621475
-17.83762814287705
-26.633956010295773
-21.66599965633459
-20.86774971823666
-21.093038166683435
-19.991720264937186
-24.734517419161037
-16.44170725440857
-29.06874607664472
-25.747153967844945
-24.538966864031856
-20.9736251782101
-25.81757848970308
-17.75970685729376
-21.63042151614291
-24.08076888168884
-33.93762697031415
-34.02939629461041
-14.222007467868941
-18.731000069467697
-20.25410010420802
-25.390840255116416
-14.136808771057996
-30.508373872667516
-18.65398196675962
-19.793464450891946
-16.43314614844592
-31.105693518204898
-25.824064691383803
-27.9815445792574
-24.515870289922255
-19.938111699037297
-27.677801387600358
-13.991095474510573
-31.171148493852456
-26.48271273337385
-18.87838023826536
-28.46978512116771
-20.650325165366464
-30.644038915785067
-30.65035324995179
-20.221793575694964
-32.39453989446203
-30.53885950542126
-24.058835281506234
-25.39156899822669
-29.15079300618511
-14.461859525432956
-34.03929887338604
-26.400127927910354
-21.273919139788756
-16.215845968147697
-20.06754762900306
-21.918273235268472
-28.30253104657855
-29.355416789860143
-26.632180497516263
-17.322503908732713
-15.217364836017666
-13.329361640252635
-28.63302144127097
-30.87178173307823
-24.55928268234614
-23.876386302653952
-24.084690644728866
-26.464136867456673
-23.50411416324844
-22.500950860930622
-23.970168850846306
-27.767344587298055
-26.051778251471916
-27.732025208610565
-21.575828286833584
-27.42071590711116
-18.285846858746886
-12.289508527630415
-25.851194586102842
-14.948272348407338
-25.477621565296243
-29.144304227022296
-16.495330593827095
-21.824787254423686
-25.584746512099038
-35.54099753510907
-29.49080771966066
-11.787322569634082
-31.63001051003623
-25.47266532411214
-29.90885227599101
-32.72650916666
-27.98871808329843
-21.213252838752897
-19.22486955576853
-21.083596897679346
-31.572566242909573
-22.561064071001514
-32.64274489514419
-24.84455982538107
-30.359412102716504
-28.379958945948268
-27.035023830486868
-26.486780966950455
-33.69218590721706
-23.675493688652985
-13.921049340663306
-15.657657952147307
-19.268800801056457
-25.915048498180887
-14.180021929842471
-26.840782730187126
-23.212697708837915
-20.885116328387035
-20.649527883770745
-14.022504273548094
-27.753473558552166
-20.008136070040106
-26.332468730439324
-16.979601011675307
-35.79918331663079
-28.409436117621457
-21.405519446865917
-14.595541809583594
-27.486519717863985
-27.916683960228376
-16.882263205203756
-21.755310187657777
-28.897004336437035
-23.03509760899376
-28.896274236557048
-26.069494771595977
-27.716539933351434
-25.590876957076
-24.707559395959457
-21.858921218498153
-26.276088894750394
-22.275351786143
-28.95705459410828
-20.973346433359787
-14.716084023527394
-17.7067408464792
-10.398418228377832
-28.538294097533146
-30.53118007249806
-15.784807746910879
-21.011151509160115
-22.839962672693197
-27.70505943232517
-34.28722281455228
-25.29334675079245
-31.546480420261382
-20.741135573490475
-27.288626261306952
-23.42369836209096
-33.50949876196868
-33.83801953032113
-32.02594225653333
-26.495050127260626
-18.540956256487938
-24.45685348852658
-32.44758334849587
-24.886408428093176
-27.209338011596813
-19.326206334069585
-21.82082522692171
-21.031964635852876
-20.146414797230296
-19.22256406763586
-22.539034014219084
-17.377636710716786
-21.030211950367175
-24.767414003823184
-24.023801908329418
-22.8635324914786
-23.541996974093326
-28.465325054053793
-26.34740595985292
-37.51573144572733
-21.433266609696517
-13.461257500569562
-25.135473016933116
-28.57773533926993
-32.07463844420574
-23.563149708254826
-26.173805522852838
-11.681145750887628
-27.17198556678771
-32.23691051394816
-30.21143367434906
-29.233571728162218
-28.53682585325937
-21.655099604343107
-19.950264528733587
-29.97667280428771
-28.42203407611614
-21.055666744470738
-22.41580346465769
-22.360931699007956
-17.715197154168262
-18.89304942976347
-21.846485444744392
-20.163963907603897
-18.615807077430688
-28.233345955737462
-30.88056472769828
-19.653384352829033
-37.70547479943404
-35.24299447846128
-18.82512903404681
-31.63724010465281
-26.15009666992691
-17.396294080147477
-26.205409604797453
-27.12961191795995
-16.547861848921826
-16.59532984553907
-25.580950314956674
-15.894708013919548
-29.239704129980332
-26.483958661975578
-29.222404629919644
-23.247955750409503
-26.013700949292
-23.46074761891188
-22.65999908726998
-17.732143269269603
-15.393391483706093
-28.544787499992125
-35.9211378340394
-30.591766718853584
-28.683145745828696
-18.95615456755519
-22.93561537612083
-28.970433517809973
-22.08400704780982
-27.33474049386468
-15.29775007437155
-23.960684803302637
-19.932599116848408
-25.047534787490058
-15.63857633986441
-10.352851736118748
-17.430339764571215
-22.26898768257933
-27.432602650705224
-22.341361872198522
-16.488841034641553
-28.555687551197963
-21.576815425354795
-31.12134723525029
-16.610511622757883
-24.648856327038665
-22.14748300457424
-15.544935374269805
-17.056546947058813
-20.860152087085318
-28.91803939908162
-21.219808066687683
-18.02486406703993
-23.80299163834806
-8.273160420052777
-25.983320086978033
-26.803217068997284
-28.99776257383698
-19.654977543150498
-18.960339478775772
-20.014090596288945
-30.161367289910984
-24.888601024634823
-20.45242558871597
-17.121872838620668
-24.05753031673999
-25.201803296885295
-26.668182253506664
-31.18559536026872
-33.6649113271369
-25.341482006780353
-27.430352956500634
-26.874364898142755
-31.470481361589723
-40.262610093828926
-24.496802479729276
-24.36983875524905
-26.294859340741247
-16.07154673715172
-20.39113050669441
-15.154748982383772
-24.957264610207226
-26.45141719501171
-14.711700601344727
-37.76120367476106
-26.167670618129364
-25.659792057638445
-27.61401198730812
-15.889500905485818
-27.01249292268652
-15.776833905411586
-16.689140209723575
-23.14412313636393
-29.484407377762512
-20.902603191615732
-25.95579965755657
-22.819799167783756
-24.368325996645456
-20.57414733657189
-19.965606774806776
-13.400996432502495
-7.848651144079064
-24.076720398874244
-19.241471957335893
-31.61569335330575
-25.049985973343528
-24.762518120399985
-25.436952776357938
-17.952272961676712
-24.039767715619515
-28.055938782943283
-24.255239769488632
-20.250087083589865
-33.22357092483577
-21.198017301453646
-13.576059388049682
-15.344058465157598
-22.7987255481051
-16.189483576107065
-20.59156946579533
-23.948435282472577
