-1.6977361749857383
-1.4491333235612693
-1.6525622195103737
-1.0971266642413104
-0.24962343173223028
-0.5900501614918883
-0.926324981201133
-0.5417328604262899
-1.8101969949184524
-1.8256171584778405
-1.2935498933793976
-1.1752331635355213
-0.38395875133005
-1.0868394600296942
-0.8315904678702786
-0.6956735074901652
-1.015325068393524
-1.035138960543362
-0.5588296514737755
1.3856933153666704
-0.5337408065059934
0.2962779105612955
-1.2302702996550945
-0.3173293717461346
-0.22771062721251917
-1.1957213835089062
-2.3469036276174084
-0.935349230689998
-0.12069656822396502
-0.629206220520471
-0.6585913115650381
0.2688986815383085
0.09780342586266644
-0.5758380316059917
-0.3293874753833726
0.1897432318435509
-1.180769215993063
0.14122056005657485
-0.48279645338617355
-0.3528130540921183
-1.0214111622416908
-0.6043209088471333
-0.3288919893486004
0.24631455828981164
-0.13757819386522252
0.12389359594583932
-1.8866693435949462
-1.9230209903269357
-0.6241205432604693
-2.37494816268858
-1.8901589711463576
-0.002333495216789161
-1.2446601247653275
-1.0286961974933337
-0.5844886314734918
-1.2454409254307306
-1.4455063234630547
0.18407246009060138
-0.9201098038565847
-1.7030789739216607
-1.0775187685839067
0.26957315182101405
-1.2696971262861008
-1.117881589583971
-0.6238192086589467
-1.5040975100713752
-1.1758997009770833
-1.0577446278009894
-0.8058314681303616
-0.2577779395605097
-0.16013514821400937
0.06041260200256876
-1.1599127070635642
-0.8270586682083776
-0.44287518333101605
0.41853035171381225
0.06761089161186026
-0.6619651625247874
-0.8813293825865213
-1.3914021458358152
-1.783317775792875
-0.6648687822693684
-0.5551648436935499
-1.7689686567044447
-0.36826816982543165
-0.5094862661989343
-0.6977151477376157
-0.41226966677595045
-1.0570691698961796
-1.1128217412282622
-1.3293788114085376
-1.7382315719589727
-1.687894737698093
-1.5790500530404947
-1.3500721010247143
-0.2553414724592901
-0.9648620605123748
0.2687372271189372
-0.036549680284782476
-0.5445445803171032
-0.4883193893164295
-1.117472417075602
-0.6581673065524863
-1.900927900211943
-1.6310111630777615
-1.1914794744490769
-1.1853843928555068
-1.1966284420520152
-0.5683431379813564
-1.0356134482896298
-0.7238557465179731
-1.4579420580078077
-0.8608252408162993
0.8107747298279206
-0.46684076050980433
-0.9749368717783105
0.03563160915984201
0.1683496608100865
0.4228358067110903
-0.7489464187606611
-0.034101928972049556
-0.41279612215208505
-1.1706137560401764
-0.41596930462438775
-1.1826357675255963
-0.614238199698343
-0.7037949717252208
-1.49117537977942
-1.4869332871339938
-1.3780708082990814
-0.8850452395905626
-2.690444126382798
-1.1224660876812198
-0.22060067602680256
-1.0842889858414517
-0.3588948839863932
-0.8625037770252763
0.08585522579010751
1.1839535355743354
2.484045796577283
1.3566124873952239
1.1158061507174941
-1.677452504104251
-0.18720857699469506
1.0343061576462333
0.3915613963287793
-0.10315656794015626
-0.5006657513602866
-0.2696750255668201
-0.3771656466231828
0.3801897130063455
-0.7658147567896372
0.2893407103797273
2.8067412163419774
-4.025878318748717
-0.31154367017132545
-2.214404410385593
-2.4263329818881667
2.146633194639149
0.5742273830576399
-3.345079045589599
4.252476898654038
4.537872832718752
0.9273423865687176
1.9875699161755216
-0.6384594980842362
2.624504973266586
1.6870451161168425
4.041772600590933
1.4781685751140141
1.0896834089700138
2.1982827785970227
1.790968209746608
0.07354804098517093
0.20821037813787807
2.391907281860445
2.496304731963589
1.5158428107750235
2.031867594142907
2.188032314147093
0.6833225083591534
2.6702141205886836
0.19166284387098365
0.6685198667099823
-1.691827335970474
0.2689410405880229
0.7074577175511239
-6.794973482355437
-1.5205518391725859
1.2767477993543341
0.8939104345888977
0.05337453738446363
0.8021251750914045
2.3490550084909683
-0.13033150816919975
2.3124401390894955
1.6947182118608697
0.06469943049821458
-0.032383198692735315
-4.209861369117228
-0.6892794578908006
-0.79305849689117
-0.8787462334331673
1.3463029598816227
-0.5420840347878988
-0.6376993619295555
0.45355779324864454
-0.005877354041299854
-1.3260130320994088
-1.4702172382014447
-1.6319001516307488
-0.40553613869245364
-0.943092869080366
-0.9336270380494467
-1.6910835120866767
-0.8389187786836304
-1.845321544030665
-1.6071781575326636
-0.9179037658868447
-1.3382321889719337
-1.2210939802454843
-1.2474614700974993
-0.6376133597369421
-0.7730532384788742
-0.7178131223163355
-1.3636873602641864
-1.4354907891429207
-0.7689939131188758
-0.5739793917980507
-0.11745152697049843
-0.6531815840272137
-0.5009407314871928
0.11109888320607506
-0.11323574125154143
-0.83046382144214
-0.3819116805067577
-0.8480578118714488
-0.5346770310870337
-1.3345741805475329
-0.8412011736206593
-1.1246169891009488
-2.097006968803736
-0.8999735303273012
-1.1097038755886874
-0.7186089706501004
-0.3526686430315104
-0.7017506214461318
-0.7680562203360929
-0.28944955550507606
-0.8980808208573144
0.32913780900907647
-1.0539975081452884
-0.9984720291561326
-1.1294416109510186
-1.0341441383621632
-1.4516771187399318
-0.7823824487533165
-0.5310633749157414
-0.9151235699375053
-0.8837639215412367
-0.1532164458416007
-0.46066540949759505
-1.2027879298377708
0.4669065630188956
-0.23289126091046938
-0.03141420132339734
-1.3417292887268664
0.5895554902789256
-1.0108154875991124
-1.7056512083948516
-0.9913652878527781
-0.8776140757662532
0.4302438261408098
-0.42654993766072336
-0.2169092040289573
-0.15887782806102055
-0.7580906129421553
0.594818315790463
-0.9758758945707278
-0.9532480706793214
0.543481426050336
0.84157320604212
-5.8393121371156775
-2.282998974612297
1.015070890798961
0.822959569676334
-0.6566665723918759
-0.2718192660060174
-0.1302803317912738
0.25929595000683076
-1.2770860802688446
-0.839979431055274
-1.1675829333587888
-1.3586187488867842
-0.29776014535035294
-0.37927159108748143
-1.0734685037634077
0.23614642471525438
-0.27211583014807794
-1.439620764657133
-0.7356046600707397
-0.5315823566665423
-0.2917765109228285
-0.6538473633976829
-0.257442683752054
-0.12970803929395092
-2.109117575822523
0.008606959144595916
-0.5911614502119169
-1.4512649479386281
-1.2096970527567819
-2.033492844126372
-1.6456002562821452
-1.8351373518257235
-0.18307505791437512
-0.27021425052956966
0.18665238965702283
-0.3218859791760649
-0.4807736642898863
-1.0717117937857257
-0.8563271672810742
-0.567210934582765
-1.2393152928292384
-0.8067112741458904
-0.9528664126894177
-0.7906714719261692
-1.653980084079863
-2.113597115770905
-1.3732245225399777
-1.6223305831645138
-1.088670522561163
-1.7209822081500392
-1.3903178169898327
-0.9082840597342481
-0.948140684201064
-0.7971661141457392
-0.12779747763754667
-0.6422371710097113
-0.8751074305903147
-1.239774473883052
-2.178356580742064
-1.370554324266972
-1.547934045923876
-1.8715033509942156
-1.1149255831841456
-0.5999626567888932
-1.823746726495669
-0.8956691652962795
-0.6068392528656145
-1.1932261294832944
0.5365096771417592
-0.9392930908896873
-1.151981114400044
-0.7234242561062272
-0.7499550691352987
-1.2739064268420266
-1.8146607235605978
-0.6543335749065867
-0.9754513986829025
-0.5235433380319062
-0.3213507390499272
-0.14404790901305337
-0.40138521499562996
-0.787039204731689
-0.6370614385459046
-2.187714635452406
-1.976066827515105
-1.5401924195295587
-1.1837467559099704
-1.8056291691905448
-1.0341936732646402
-1.1724439712233157
-0.6390316370255006
0.08059446685752442
0.27161261211698473
-0.7802631940615764
-1.8764895105641843
-0.5695089069979397
-1.1200359549917198
-1.3589984081281932
-1.420456011091074
-0.23735116181899807
-1.7960837848921118
-2.438519958772126
-0.2699325014678611
-1.2342686870484467
-0.4978334765013294
0.37350575356757276
-0.6152715502157097
-0.5692380793310303
-0.902554942442704
-2.1197428803613105
-0.8086265626501665
-0.8929406622805443
-1.8720853796864427
-1.0195217690857388
-1.3740968416434458
-0.14858093277808676
0.08703207694873705
-2.3006957657724136
-1.8341657043101476
-1.7350745236636569
-0.6282239237765831
-0.7366504992765157
-0.6746968007411951
-0.29044175417463935
-0.6178543243479664
-0.666925245419389
-0.2755017942708936
-0.7881739389913074
-0.2834155520287112
-1.2775425503609517
0.801579268847096
-1.3549216492690288
0.10492233344014468
-0.6742023075968313
0.2902938444137829
-1.7842371053094987
-0.991741855319309
-0.9111497341038962
-1.5049589692876753
-0.6312460924689801
-2.524480065224015
-0.7237165640682012
-0.8030860623255287
-0.5073569580702791
-0.31350837888358457
-0.14341806274969948
-1.851982908080633
-0.10093812934288227
-1.1438388129724002
-0.7704856121722393
-0.1917302174462976
0.17806174904647376
2.218295631915417
3.1077270119203773
2.8075299975876726
4.644221920511446
-1.8522187229712526
-3.08056417582743
-5.416419925147663
1.1545666800822008
-1.3117472213700192
1.6167187098034757
-1.8746584058941682
-1.195128315367706
-2.125840105867314
-0.10395727929642407
-1.0865672865630338
1.574828562283197
0.4426274694298558
-0.5178836992375376
-3.9185170602999833
-2.6528646396398763
-7.35644553954705
-4.92605789827846
-5.166211610747855
1.1214791221338523
0.09633996059789507
0.08925069036285832
-1.4250221287349962
-0.790887664445769
-0.28723768438018277
-0.18722305630022684
0.531550131065032
-0.7966730781634611
0.020926565222714022
-1.4756730902594097
0.8418588741860579
-0.9423319485660867
0.4945846841300461
-0.7696375421594104
-1.452726033127741
-1.2804198411547967
-0.5229693333863928
-0.41611771983519236
0.14035388738457785
-1.3525237996464947
-0.15013608780202561
-1.99464929584262
-0.2508238014602223
-2.1239893242880474
-0.7581202259337025
-1.4303207508459965
-0.8015566648554082
-2.201277240297682
-1.8461275346540245
-1.2596175519252155
-1.1982959586832425
-1.64193930550418
-1.144895652492176
-1.728263310871047
-1.373401303395386
-1.8094663443047159
-2.37266800497661
-1.957577493157228
-1.8942069365128023
-1.7174071297190723
-0.9144064134188346
-1.3942088548316052
-0.6275317779630849
-0.6199279027347316
-0.8034901654596502
-0.8291188573805988
-0.6119606182423728
-0.27318274946262067
-1.0139609360802955
0.6611859039157263
1.4895091656935175
0.2654020993771906
0.1773744682049649
0.9811751889944653
0.491568392959844
0.964513959514351
-0.4984476810022889
-0.5231884492856647
-1.4331587152367251
1.6151754378683094
0.82178306292217
-1.3723026739762303
1.0662828569359482
-0.3462348126815189
0.5118740460659673
1.2978282609128937
-0.8320850779788556
0.3802031353681253
3.002356814057805
-0.3524665125751372
1.0750321129997449
1.4611482348120748
-0.23835349546989493
-1.2481753873338406
0.49971943473740277
0.33487718715812376
-6.865953888960302
-4.922700104601184
-4.242139255159595
-2.504079897742156
-1.2955644812717273
1.3055823408053377
-0.5444939831237684
1.3624698072380848
0.9494816686575226
3.219723932518431
-0.014301819314302466
-3.3741010423250057
1.3277879632055631
1.3352357019272552
-1.7825938560785781
1.3797646959459517
2.8255347167130886
-2.113950676872871
3.022817669257246
0.40236513303109933
-1.3198152189680286
-1.5004687402062202
-0.7035482271193322
-0.674740629634285
-0.6566400913468053
-1.1988755265451934
-0.6007715871858891
-1.0098328659757032
0.011161697056012887
2.426979003902191
-0.52806979289152
-2.2485913654268126
-1.5452318382189418
-0.2427208645809972
-2.21905175417968
-3.165964434297724
-0.8217282926257585
-2.5755803304569582
-2.8164328193940213
-2.388443170310936
-0.9717238180974138
-1.2283904682675848
-0.14688773007847417
-1.0432868337153862
-0.4936696341703141
-0.7273860692845318
-1.7332068107727985
-1.7124939731708655
-0.29254383309788745
-2.7922200648876956
-1.9020483424966026
0.7498297452688649
-0.46542452231332004
-1.226461352775824
-0.14684869294293973
-1.2483792522914057
-1.1798549075389189
-1.9743352587424001
-1.9360660297489638
-1.7298294304942858
-0.15622818242994344
-0.30416345762535313
-1.797879845257982
-1.013461258284243
-0.3519116995868399
-1.086046238961773
-0.983621913021024
-0.3388504252137353
-0.6302388296262291
-2.47262061679006
-0.004042693315457119
-2.232482516929243
-1.0297566862250536
-1.0111993001417403
-1.047932662569739
-1.0784458095552392
-0.04661665342359733
0.1624662634074224
-1.2627452588085555
-0.5380231273681644
-0.69865078671647
-0.7057532338643111
-1.1967407703733235
-0.6706341544494809
-0.6631634816453396
-0.7402335398610784
-0.15883989350131314
-0.8475749983256469
-0.8560465134916471
-0.7700738235118647
-1.5335806300318398
-1.1927150978375582
-1.6229802359318628
-0.8951990815696226
-0.8057429594715466
-0.988398307773644
-1.10390501751377
-1.2030891254590093
-1.147719362914897
-1.9988035657275287
-1.615901034509154
-1.6133070662641962
-1.802954119727779
-1.136339715519427
-0.13684935254883707
-1.099210838546608
-1.6529002334594067
-1.4063345955913351
-1.1392352007859927
-0.8509499477518085
-0.8233463719945138
-1.7392278171972255
-1.4787609519476155
-1.5460961726341584
-2.088572303511441
-2.026967074989742
-2.209982652531846
-2.419974099822169
-0.5379553699981319
-0.5206786798800684
-0.5923986528500063
-1.6222288432957361
-0.04810694308784935
-2.7989204083557686
-1.7908622428068373
-1.0425321387068087
-1.886199734750236
-1.314375652946665
-1.2856396616042625
-1.7594814418669653
-1.5021772147012724
-1.7869541772880593
-0.5934574841456142
-1.8289910142688857
-0.8629850749183134
-1.444847325150663
-1.8885271002734467
-1.1168966923407193
-2.049062495826943
-0.4199718734224691
-2.8614937912603358
-2.1719245042155366
-3.0544765512870358
-0.809993830322435
0.9370290091818464
0.6407918465565172
-0.30111076323005154
-2.2884439672236554
-0.6726775432672895
-2.1266757956007862
-2.233158241288954
-1.0499832543083103
-0.8296441106175514
-1.155093689123823
-2.573522159939078
-1.228407117943668
-1.7285046211860964
-1.9876622356165485
-1.7398044083075717
-2.0655156231779976
-1.368737267298806
-1.1443348307552896
-1.0431378335748196
-1.6217069159010382
-2.3545397270280572
-1.0634521115876232
-2.6095329428061462
-1.9769017873483181
-0.9936350537870084
-0.7391421607346274
-0.8931203367945474
-1.4563053821878633
-1.088273665065481
-2.9878782568570124
-2.355037410724905
-2.0244284988965915
-2.0765510902717867
-2.5532588500539073
-2.7017936778564033
-2.4327053757154955
-1.5629914418325601
-1.5459366469162286
-1.8766063255397447
-1.8404329577253227
-1.752400355286479
-1.7530933829975448
-1.030777366560201
-1.1258121771210883
-2.0365719154631035
-1.8426277301544194
-1.5376282882751298
-2.888255379366649
-3.845630851678692
-3.243530756975441
-1.535769577897784
-2.243679911885208
-1.5550466233825309
-1.354104054449945
-1.3241781850649457
-1.084493996971779
-2.0488940848587935
-2.195832605323847
-1.2012648104000823
-1.9682714417575569
-1.0357318674641836
-2.157733204952659
-2.1937241564570433
-2.975915982749043
-2.0860121636673434
-2.499839707027078
-2.7467665026279042
-2.390126283296431
-1.556482284465475
-2.1754967914625376
-2.9286623479688534
-1.554770495930664
-2.7099967070283184
-2.7497541286048572
-1.5613809018973503
-2.4847127911569853
-2.7878741060736507
-1.5097037774544315
-3.070675245875
-1.2253616988193095
-0.8118408978581279
-2.1482881054857796
-2.255536672050866
-2.9922145620544285
-3.0757428900136405
-1.3421078217272289
-2.339264550122476
-1.509968372862552
-1.9417656863076123
-3.0010737838866013
-2.4691335217922648
-2.6225163011576043
-1.4200034517398692
-2.357972703749048
-0.6172869164482631
-2.3147191659495716
-1.5429702059002275
-2.0372720599961047
-3.2140208740585687
-2.016636909500629
-2.383621854624563
-2.7455475459026424
-2.245661647618961
-1.3257710577968558
-1.7101021331588826
-2.4757302074196144
-2.4845027291719384
-1.5141142823626241
-3.2877947063247106
-1.8589700311394624
-2.494488183416673
-2.0966034354100147
-1.0236317787652773
-2.059495729664179
-3.473755855715498
-1.5056687941286073
-0.892114457367936
-1.8650770391779439
-1.6523645582552438
-2.201451553485235
-2.280013462623275
-0.8469325625175741
-0.793900130906022
0.724459979797636
-0.9212270527860914
-0.8391393552936961
-2.1050977330262612
-2.976878154906479
-1.3267539201899738
-1.68902360320744
-2.3285885815503566
-1.710536680346404
-1.8092370049572748
-2.412016123532406
-3.1635660194715824
-2.670846355892553
-1.762445913880369
0.5073750036087502
-0.8512243759970926
-0.623103207392487
-1.3265393688385214
0.3316206015751436
-2.2342443920465924
-0.7304906120688135
-2.9770999638165216
-1.9995427428139765
-2.1498126179283994
-1.4235149022886617
-2.797992386407995
-0.925513278254514
-3.0209328224633847
-1.5198276942635545
-1.8631391269688895
-2.7958754150091387
-2.3732724507461294
-1.6127145460725478
-1.0956868489678677
-2.344255388541472
-2.0089993926866128
-1.988485541030418
-1.5105461787209045
-3.5202771058982356
-2.78215469907021
-1.713293812640101
-1.3198897816044963
-1.1199060257372102
-1.0729001789034573
-2.157975851704298
-2.166874028883038
-1.1857833726599247
-1.9583289709412695
-1.3112029701868588
-1.2367484315787136
-1.5589286665292246
-2.7042846290658913
-2.4711487830208503
-1.5854612282373108
-1.1185075226419336
-3.131501194255908
-2.608203467420049
-2.320708130261039
-0.7679272574299234
-0.926487359028652
-0.7264475842065647
-1.6156289784199402
-1.099990309948499
-1.6599715386140454
-0.5570118246508605
-1.8330466630157405
-3.4255679030023405
-3.4193677507871514
-2.4851967378612723
-2.7609933336107413
-2.9201990671344547
-3.084663985878675
-1.8204870389491887
-2.6096784063050498
-3.0380403122496475
-1.8413541073169746
-0.6551568233991885
-1.7141551423642054
-2.114684517082691
0.09057375962299921
-2.1708029738182155
-1.1325360652350578
-0.6616091416548109
-0.8896255318717168
-1.6768922638205221
-2.6623215242003937
-0.5743139144097853
-1.141489533439839
-2.8452320805422278
-1.7129529562895172
-0.09127383113217019
-1.2309559554812926
-0.446998778946987
-0.5402727999657277
0.12371771412392565
-1.1246263111282586
-1.3911145372890816
-0.9848302440485173
-0.5338823813368316
-1.2248342410573747
-0.24678640458469145
-1.9925363937660863
-0.11988491170350823
-1.4479067161634391
-0.6636289779722282
-1.0429928264972474
-1.1684513280653772
-0.6440809608897616
-1.1939552201725283
-1.2635654315051763
-1.2795046164022987
-1.6990422633860274
-1.0881198240921028
-0.5322298445278394
-1.739901010549874
-0.849712968610107
0.0361295147786434
-0.5065838630363508
-1.82014874290517
-1.3372684729327122
-2.0412168856588737
-1.7540180770678186
-0.9932029922875405
-1.095813395132835
-1.7703396158232965
-1.0099561782646713
-2.0899670948526907
0.6758055658033046
-1.2317345363407979
-0.6926515821044129
-0.765570994269315
-0.45522040924259805
-0.6405695195890003
-0.9784248981675134
-0.750613163428122
-1.180564713857923
-0.8879391465336404
-0.8235000182757564
-2.2754802631189754
-1.9402890612527195
-1.4124253434396676
-2.068885467677894
-1.4112051745510152
-1.6992671406282496
-0.4138456850400025
-0.5702799616491413
-1.258599403104296
-0.721912908659367
-0.9487822758190668
-1.326107540558076
-1.3687487167770427
-0.618176688096181
0.08328727250814694
-1.0903177200170173
-1.2104343057257563
-1.1342555255226299
-1.1326021007017426
-0.7625272436800092
-1.3265800680606747
0.5640822118418559
-0.7033220636319899
-1.03680779641714
-0.21049753531522725
-2.757743250665313
-1.9494140820670758
-1.7159445864473433
-1.5431618026357177
0.17591223942779044
-1.8911122689239424
-1.7613638904408515
-2.1051159251281137
-0.6630757866733354
-0.672099754419236
-0.7762064286094528
-1.1923177238085274
-0.41451239788260624
-0.10424266118427813
-0.5159704505258413
-0.6131563379001281
-0.08825047948855574
0.18263383175867764
-0.16731726255790416
-0.9664771324668593
-1.0748726209393917
-1.837249494503164
0.6588953435498576
0.11232860952900148
-0.5499148212729071
-1.3135363884282119
-0.319367217397394
-1.9066640006778757
-0.7293469247140995
-0.6344076469683718
-0.5404677656659451
-0.6010055279894893
-0.9332283765121647
-1.2475681729543038
0.02771863841386868
-0.7970693523131576
-0.6338196467068358
-1.6163972699173157
-1.135235093635819
-1.2010271043665774
-0.15559819929179516
-0.7679282077381515
-0.2464023747124166
-1.087743739436564
-0.3371618835994977
-1.6111572221911366
-1.2139978290150555
-0.9650173916054612
-0.1901403486645267
0.31105775330369867
0.07447859624662889
-2.631576223913372
-2.0417458270726607
-2.343644196641697
-1.2032021440661798
-0.7203895043899876
-0.48472324350297524
-1.2338797240699189
-0.5477841889532854
0.43485741722301247
-1.8300455273419058
-1.2340391581373655
-2.473386518046278
-1.0477080916905643
-1.4007711295502556
-0.9934268210122975
-1.3449400070464779
-1.211292187800089
0.3571112747654035
-0.062090518956798096
-0.29574018579855943
-1.0123935688848518
-1.8473120786937907
-1.6032425840291105
0.03672474446388824
0.12317483845603888
-0.1752923882116304
-0.5004483659827745
-0.9112754791037754
-1.1188541502320852
-0.9480976894426296
-1.7856159057893863
-1.0315961290632063
-1.934893446505615
-1.7612093981229606
-2.7721550047351875
-2.9325426683356017
-1.4310646431719327
-0.9587373837473655
-0.19479752068640882
-1.6533210132585232
-1.2968806963144317
-0.5459701670283861
-1.400843627323982
-1.0033366273801079
-1.2954783608800198
-0.6061553100978077
-0.18524764704583388
-1.1379204259684048
-0.1000318243507097
-2.450344959105641
-2.0272597510870587
-0.7963920346180837
0.46433845965316073
-0.9231572856708901
-1.006453403015325
-1.6015415766252878
-0.6624661620697639
-1.4202054040451775
-0.06542401883139132
-1.0954996699460744
-0.8427665369581997
0.3535492253548262
-1.3753800422280795
-0.09752250814284608
-0.14428623655291478
-1.44404234906006
-1.8535352903391051
-1.067208697508803
-0.9305449726011605
-1.7773604860130636
-0.8523187040554536
-0.6828547943528511
-1.0163567946780045
-2.126730929942361
-1.2480957304267404
-2.3999265229907074
-0.6577119824941865
-2.2976910422711048
-2.2302393060173573
-0.5098139257560877
-1.046965388100566
-1.664180527769544
-1.0863450467017837
-0.42716265377274953
-1.2438261167091276
0.4659771353092723
-0.6520198449935227
-1.3083427023245815
-1.1365973179301772
-0.7600065423784973
-1.7772625570096212
-1.3128062021986886
-2.1744981692779977
-2.4939275384150736
-0.7576572079061765
-1.8569022314522623
-1.3601739901792433
-1.11017779140728
-0.9290172446127611
0.4164319143540518
-0.9706270235354975
-1.0939919525657136
0.12936938980335982
-1.2898005589216175
-0.5250790136601138
-0.10511155100498071
-2.6425547048957845
-1.7429215013448562
0.024331521627506597
-0.5674970195952282
-0.8570972093448931
-0.922661137897008
-1.7063584847086168
0.24037808851305453
-1.1887115676411646
-1.876941238573832
-0.6368035670762857
-1.7537716073832421
-1.5978809223405162
-1.3953581872033054
-0.9152382498366313
-1.700652620529725
-0.8457483043642975
-2.003115396566815
-0.7113539331126186
-1.7152531908728739
-1.2271324949596956
-0.6150389988062129
-0.4338902468378368
-0.9071737645220571
-1.3738355215685383
-0.8372329645863955
0.2761512637635307
-0.9294420095657909
-0.6849175369623659
-0.9340005380681944
-0.8752001222042403
-2.7973204372122247
-0.8102531983273651
-1.3116067799558215
-1.378963156189793
-0.1890903191447666
-1.2750448197448887
-0.890893864210678
-0.521821702620135
-0.7645412817084221
-2.002080972903417
-0.9576730064245584
-0.4250295746104577
0.07001109443585321
-2.639676276021207
-0.6164022321011943
-0.3613887723048408
-2.355410724032856
-0.031150334235731714
-1.3532249106305059
-0.9371315412058463
-1.3203169940601094
-0.903140358499902
-0.1502097821784767
-0.43190858978947316
-0.2448926868916445
-0.6723143716461976
-0.6635135927377361
-1.0269031712026542
-1.20837552440346
-0.9487261032484573
-1.48007752470414
-1.9745226640957292
-0.786460191381058
-2.057688166384355
-0.2019575061373154
0.8567640635085784
-0.5704522703185516
-0.10253644892061964
-0.041916383928363554
0.01639480923752215
-1.4334837081298106
-0.80971649808277
-0.8748197856404152
-0.6370127950502658
-1.3144527275796125
-1.319650120715655
-1.1163326085495402
0.11748701435164954
-0.796089118859947
-1.3103969524448509
-1.37663558203574
0.9906371059291728
-1.9225937575794496
-0.8786148358984933
-1.3774496117158155
-1.4364904219746306
-1.5027953972145545
-0.9949767693432654
-1.928037179134277
-2.405386127057523
0.3381830458834564
-1.4980593132723172
-0.053673960657523334
-0.3013687848975364
-0.930846727691548
-0.8536871486710147
-0.7001154908180064
-1.0872347299074294
-2.2380320415809862
-0.8548240515952561
-1.198277023074356
-1.063212327875111
-1.2833585444583833
-0.4332801898277524
-0.26080132097191244
-1.5882929306685787
-1.4808708712467256
-1.8647635217643697
-1.1051135200866777
-0.5522475483357505
-0.29045429189131655
-1.388256601922125
-2.3150886641504997
-0.44495430492314614
-1.9071733238516702
-0.7929729378590111
-0.5851364672292217
-0.9312006902140295
-0.862281308519137
-1.2772205520505298
-1.5999163707607635
-1.3275489704154242
-1.7057481279896751
0.04566133094622449
-1.076399524228298
-0.522004077132278
-0.31718338477536806
-1.2250334696314475
-1.1355033919902948
-0.9364211586847075
-2.3495443392289603
-0.26406399936846026
-0.9263513241711201
-1.6930036244414053
-2.417293162644158
-1.462272480627836
-2.3955643329597813
-2.629985943763763
-1.8984121088437735
-0.7420164450540955
-1.4234589113704759
-1.184234305501756
-2.6060200532935993
0.4397875591825863
0.31565460883037727
-1.514933864886793
-0.9578098921196945
-1.1454790033716502
-0.7582213429060867
-1.5222508340518452
-1.1417950720697543
-0.5143436397237079
-0.8749763307479237
-0.8910527367204273
-0.8181960199307404
-2.2229828395853186
-1.4136481004186634
-0.9511806897731524
-0.7300906238987575
-0.8838347057517961
-1.5698080509375685
-1.6556707037201819
-1.6177548674904918
-1.6218704172606229
-0.3227229288193121
-0.4747007675937106
0.04106050382713411
-1.1141870465994823
-1.3235254238979237
-0.6267419704161494
-0.6310196620012867
-0.5476109709305864
-1.027365174639717
-0.5092516688921059
-0.7457689978645763
-1.0456710760054928
-0.9501005379794252
-0.6901148356781776
-1.0279384707726287
-1.2319210898252198
-0.4669272238024038
-0.8167001672739882
-1.3348430751284774
0.15103032950167367
-0.7515762637744352
0.34140935205430223
0.40653635199435634
-0.5541557127997936
-1.0951178799575128
-0.02399314869360125
-0.7068068613954583
0.12834901144649988
-1.7524963234192579
-0.5974146405014744
-2.255970212385181
-1.5874085411953136
-0.49862317265696954
0.11244771555533381
-1.768448354420231
-0.4070307229604013
-2.525192722027143
-1.8157355491725993
-0.9202076161137245
0.19041707212922718
-0.2612823771002875
-0.4825238111469619
-0.32746122098311853
-0.8950467644856177
-0.9963901533755415
-0.5776927244720838
-0.32955824504083103
-0.9201656433066201
-1.5970891793713011
-0.588545723253481
-0.27528528451132456
-0.6878066036131211
-1.3033378406120044
-0.21727936151155827
-1.321616288018832
-0.17334283397005618
-1.5970941367897107
-0.3510687921036682
-0.9953632611626888
-1.0662717659082028
-2.222681033090259
0.34236632386148447
-0.22113304338855266
0.07546504726291411
-0.6755234096001859
-0.11775007659437278
-1.4996405185416801
0.21829049539570852
-1.169455292883803
0.2275477054361627
-0.9693101506223973
-0.9016149688912186
-0.33546287951200066
-0.1769705745621873
-0.7322896536422013
-2.2085014846449496
-0.9601970658244644
-0.9449181195962265
-2.3381577511890512
-1.086475705034061
-0.7276989006746248
-0.5792722783518703
-1.2809449711545933
-0.6853880667993246
-1.0662167682693888
-0.5999015862826359
-1.5350025651134966
0.37413327202173935
-1.0584153253888624
-0.3835734261711164
-1.065287887168118
-0.6840098222429674
-0.8596319971458102
-0.0812685386688825
0.10713377725909157
-1.5623255160711174
-1.7218940920067998
-0.8079983289996446
-2.063164333923528
-1.0189073595953444
-0.25628370566310676
-0.6251509155948203
-0.2558972293836825
-1.2940276597067273
-1.0436000125232752
-0.9875421011014138
-1.0607333435725388
-0.8143899165654835
-2.5578387398466416
-1.4801173220178598
-1.2480242558534862
-1.1496481580722708
-1.2313742192353954
-0.43332936735321603
-1.170958046401105
-0.20253633965131262
-1.4886298007210743
-0.812618422855242
-2.0128975726659957
-2.56907795434546
-0.565857747677197
-0.7170470399422659
-1.101707324463829
-1.2518839813714895
-2.5283070897989712
-1.7786628351312106
-1.4773675765683585
-1.113931934728402
-1.516778668544598
-0.9408480280768174
-1.1202491529546852
-1.6020455766322175
-0.47403139534718763
-0.8244602479242471
-0.21867464321805308
-1.676014332086487
-0.3805204859777527
-1.7540931789376415
0.33806219476019506
-0.11276895510890628
-0.7276266859556932
-2.050093182219611
-2.0272032782537805
-1.757399545684125
-1.1186940014548465
-0.46171350727664506
-1.0137912626046106
-0.7938889422852495
-1.6383770059188991
-2.1975879497992645
-1.024209345346934
-1.360446335077106
-2.448006850375869
-3.2157020720318936
-1.7874256651185325
-1.1880144824702055
-0.7868222542268819
-1.2334075414140218
-2.542759038564142
-1.2895951042018294
-2.401244848385646
-1.4528770714182042
-1.9983207477073468
-0.9811335029058545
-1.307740598120614
-1.4474025116122655
-0.9475424317314889
-0.5728433903823513
-0.6606595810087179
-0.3294221710217492
-1.3914671953834974
-0.947468896092976
0.24980775335737088
0.391051965665532
-0.4864906901145414
0.5919332952909627
-1.319601295955259
-0.2847497838150108
-0.5861865590628081
-1.2388942339308042
-0.17671320879059277
-0.6067819480000778
-1.0266827540780765
-0.03371071466623132
-0.2970175326144653
0.10450351374563499
-0.3780126131980182
0.6404589948235903
-0.8106987993393877
-0.6622969803407334
-1.0361026359818253
-1.9785380213780275
-0.2328844042463143
-1.8861661232076463
-0.6940095272886038
-0.36988962471202386
-1.0373355396435846
-0.8082061380508235
-1.2794723812789917
-1.34245025370176
-1.6953981732878471
-1.2956532270611725
-2.4936321006460753
-1.3958425930948124
-0.5141121157141231
-1.8416294619060953
1.6139160520908429
1.0998431159127275
0.8851807989735094
0.5078428916866142
1.446040500538849
0.4953624081920747
0.09843480486995773
0.9594304751868237
-0.03128935343203848
-0.06035108037545661
0.2635426616117637
1.4685740161602772
2.006360742387047
1.3487630838299622
0.7029204356091582
1.5987859641489128
2.004825698006331
0.6988134996210068
2.755269561706693
-1.981898811473661
-0.2508926994609483
-0.5593418047006189
-0.41249034749835894
-0.020228505542786712
0.3457846838846884
0.8552750674469491
-0.48129005109057565
-0.5450138007156068
0.17728034069155243
0.404269278999799
0.09126415222949236
0.4359114477007176
-0.10763016110450102
0.8152305069326478
-0.42089348972169827
0.025427297419935657
-0.5927424057645858
-0.42403824950841473
-0.29212149905521234
-0.2588394107021167
-0.5772818880732723
-0.5017861682921586
-0.776364746002986
-0.8382322188450158
-0.08222623804611806
-0.01621144152339954
-0.38233584992813546
-1.3180395280487227
-0.841177159501099
-1.4374078576496863
0.050098512218394675
-1.0199294295645789
-1.2557929397134469
-1.5518582122702222
0.015036289377363565
-0.6518028563637809
-0.8354044306219897
0.15821318944007695
0.2357535465087668
0.3171722886130136
1.2075851659444554
0.522889772984618
-0.6995664045289324
0.17434437307171602
-0.21862802927989913
0.6532542343645746
0.3364462924281346
-0.02158385307737809
1.4449156660308793
0.5272068821160734
0.7446223379625392
0.41285328176199965
1.0865300886977116
0.2370144097517266
1.3839715539953283
2.0077519969463786
1.07945411096439
0.4438420537570767
0.003837187119522245
0.5330586793237462
1.6106403365961335
0.8534166261938474
0.5094420820055728
1.1927146167133515
1.0067361196896731
0.027361762302994086
0.6162668990387071
0.9443690453968592
0.6611995566563222
1.7643019478358302
1.296909926194753
0.12039989844788623
1.2378682245159345
-1.2057938142983227
-0.11909029020100495
-0.02541065004800999
0.041618372939275505
-0.28532013643948256
-0.28640476278315624
0.02513103435455527
-0.6565494510500978
-0.7312552338232021
-0.016253958093365772
-0.36691517828914966
-0.6373504678595976
0.6695455621245278
-0.5422456376391239
0.6170151834144599
0.7279281891168563
0.44343531002724734
-0.20814791604565333
-0.671019041394024
-0.3428200503445488
-0.33200530595612093
-0.3535806434486432
-0.06570729498894007
-0.09344723332410071
0.25412398283592164
0.468984187677737
-0.25573359611666224
-0.061534175435330574
-0.6861415844070946
-0.055481927810563936
-1.8453808671631886
-0.1946407283669822
-1.61721994992187
-1.3914049546525258
-2.3193973293533197
-1.5489619343471919
-0.009947728640563702
-1.0373075955924278
-1.059404596991152
-1.1062948191407174
-1.018194257615822
-0.6574243997390175
-1.7811727562888175
-0.5605050415050548
-0.007481742244546757
-1.3681700314449237
-0.7120891127423625
-1.1883043028998828
-0.8035250778803091
0.14990096883608928
0.15447532945458514
0.045019922897790055
-1.2898799019964726
-0.6004095187377653
-0.3867324659996235
-0.9257639845982351
-0.5668972702837276
-0.3602341227204803
0.07768437398286801
0.007537524551658181
-1.0286208364312208
0.468051395842427
-0.7704934051382731
-2.2326328100447497
-1.1171734088580632
-1.137583883494949
-1.0143212863838857
-1.49454899219316
-0.32974918444525836
0.2696979249167993
-0.4722405396019913
0.033229062655230956
-0.37415140152691306
-1.1846606647697704
-0.8100140313160563
-0.18568593127373081
-1.0036478620833102
-0.23707739142730744
-0.260902409147697
0.6952087862709393
-0.41523332465461044
-0.12189517256902693
-0.05157785944373455
-0.7195592661542496
-0.67138553987042
-0.382788992357491
-0.559242410364704
-1.3320172677881976
0.12112258305515444
-1.1446706108016724
-0.6032636470863634
-0.8867507631613655
-1.0485375514275908
-0.9710218670580373
-1.0062824788472533
-0.019405376230350713
-0.30880585206277994
-0.321548194737203
-0.8921936325121189
-1.509790103502654
-0.9572964076532962
-0.9085644172207555
-0.7567819522760608
-2.2063795197112395
-1.9451020051030494
-1.5188855712822775
-0.8433247420764574
-0.9372270629795287
-0.8887900155396751
-1.099047448301473
-0.27402339832231526
0.05909772335050939
-1.4194197618943818
0.36827919112750257
-0.6926694019617738
0.4435436950832876
-0.3085872377607694
-0.8625969071876497
-1.5053133950674726
-1.2863246770083185
-0.9135345195168189
-0.8085462840563364
-1.7361522860595764
-1.3760050142909306
-1.4967935482140313
-1.2865517230652888
-1.0102428585995114
-1.2396296147340746
-0.6894503357796926
-1.1329936382370165
-1.4051053000846598
0.548751545154445
-2.0648023338994816
-0.9143159975882225
-1.1304987402212172
-0.992451951296264
-1.8018063926284829
-1.6291036030485728
-1.431017560555613
-0.7609836790472546
-1.9430473430563948
-1.3891492783415125
-1.4745822684829757
0.25445003731203614
-1.574861079268318
-1.650643283192832
-1.1161765728435689
-1.6687922177451209
-0.7139358275417158
-1.0421687879234423
-1.6651977895733117
-0.8411824003260457
-0.6802684276761859
-2.042282640421904
-2.313239231206083
-1.5240470363066547
-0.21092396234625677
-0.40043015374987817
-0.8670937464607432
-1.3176428214275915
-2.308405274298401
-0.8353187736978951
-0.18258536221176436
-0.618978693272761
-1.412343384596316
-0.9960926085653907
-0.3497567937071022
-0.8157129650694536
-1.0297966720132923
-1.4132321935725072
0.038528466407418666
-1.1056705645319802
-1.1482153424899488
-0.9730694174025498
-0.6695725686667962
-1.0168619344047354
-0.7318969300584017
-0.0023845574745013087
-0.6510930898925587
-0.7721386542692594
-1.525566806390929
-0.26890147286495836
-1.460711462751478
-0.6648751855704444
-0.1812186588209148
-0.3958949026921839
-0.3670786677333521
-1.1153820295340382
-0.8078720707666458
-0.025671634164268875
-1.9708824224655335
-0.1426452672405084
-1.648327112320855
-0.852346330335038
-1.4084074559475872
-2.0529819382009364
-1.2700162355437519
-1.6404795046133944
-1.2144994664061741
0.4433951045274771
-1.1685472722849992
-1.0935180224754601
-1.1977998330087951
-1.9832078620911298
0.1921305195369588
0.22808303003562466
-1.1234808304969437
0.21987175517730906
-1.7289566171354653
-1.0963312478546199
-0.5123674828118886
-0.6278026571378773
-1.8858101268618845
-3.100432415365894
-1.1725509053293823
-1.8399949054015619
-0.8653165080934827
-1.9347646530052824
-1.4479502238754136
-0.8869712692585214
-0.7865267922977174
-1.3216918103261446
-1.4408692425809817
-1.218746909554929
-1.0949294309402458
-0.17138302974612957
-1.3025118475014086
1.5279309530692076
2.034644501897762
-0.24800480868747055
2.602055872935853
3.3460155956331334
1.1921550911652548
0.6986787816897719
-1.5935007095184979
-0.6506766165783926
-1.7427892223131984
-2.8136782106900218
-2.069679493668231
-2.817443262893437
-1.8645809936815796
-2.028233949802343
-1.4868236657540428
-3.156034702442646
-3.3042095851417725
-1.8592919518527808
-1.468178489033617
-0.8153363089066346
-2.2842961398995123
-1.931685787123039
-1.6038009371655062
-1.4416028443238291
-2.0996599351838254
-1.8393751113698995
-1.633928510604342
-2.1335227554635674
-2.519373018381743
-2.0195386567405516
-1.4891700439507618
-1.4941638683388778
-3.032546822524062
-3.449775225651422
-3.172150745633341
-3.0870297648663843
-3.05764440908523
-1.7373504171144527
-2.0484865294089256
-1.80027444581695
-1.480995349087774
-1.3423707874845832
-0.9448865783719962
-2.1868216995178735
-2.478717511867021
-2.391292028372311
-2.300272127868413
-1.8417799484043522
-1.6152249599250967
-0.7226182354089874
-2.9141498529251035
-1.3144402161784454
-1.620294813226166
-1.3755506638573067
-2.3525748720917163
-0.8023899563680208
-1.9825112181259748
-1.84903654234623
-2.0890551906860573
-1.7924120258377965
-1.3925798790881814
-1.7244512063120037
-3.0900262022707414
-0.4684208068683732
-2.2231123705669926
-1.6418738925334297
-2.39485289910594
-0.7705464677197649
-3.0949540288207977
-1.5631617744475141
-1.7909435942138145
-0.6583940116309364
-1.1039503149391479
-1.633957874175646
-3.917953435627867
-0.8707057098775202
-1.9529523455614988
-2.2636310985293946
-2.2997307381749184
-2.16518453817241
-2.6694856198937904
-1.0097386077048163
-1.3406364445415266
-1.4218566881371433
-1.6108364735358052
-1.118799763135998
-2.020587740606123
-2.0084129075379926
-0.4951807440493802
0.7869638303301835
-1.702974205937244
-1.0267633547204014
0.05182998017319396
-0.4859198036185803
-1.0442850363222518
-1.7311718738462027
-0.7809942078430028
-0.5249342676188666
-1.6065425045957784
0.4292874233632495
-0.6597404003804935
-1.025898742634845
-0.7202601706133842
-1.0912020059740013
-0.014456166165504075
-0.5002055206618139
-1.7164776039753378
-2.006228392402365
-2.2300136269788036
-1.1418439452328466
-1.0663908234106565
-1.5875854568993883
-1.7572789202648735
-0.7043365346033716
-1.1804074191548193
-2.6342761633833893
-0.9110309325347512
-2.480826794954164
-2.3366584786440328
-2.3398010465842844
-1.892110841011795
-0.5032485990518198
-0.6955166405923676
-0.16487201267409168
-1.1847860972047293
-0.7352725596892585
-1.8694031953527905
-0.4172732357256844
-1.1639273195632307
-2.9424876634812147
-2.5767043873402478
-2.016162461901383
-1.1474901539286066
0.4097797091051533
-1.0564211335208644
-1.116945672756387
0.6763187868159657
-0.06738189994057964
0.025122050000158436
0.3648420045690058
-1.343569429494836
-0.4049167164144482
-0.0478235196965871
-2.0291509970734336
-1.3989107912530963
-1.6936400881021019
-0.8701295796999732
-2.1457242864730177
0.712629094137478
0.854711567161557
-0.4887721294473468
1.4288264443314422
-1.3387931322339495
-0.9046792004495057
-1.115493561881018
-1.3545209112009866
-2.7954243039009468
-0.9486585895065824
-1.9027222163386386
-0.10093830535053241
-0.7275724010536028
-0.8221508248913153
-1.2188327645398647
0.1883095351375761
-1.08954390891516
-1.1183097747832758
-0.5126234905697353
-0.3082925323115935
-1.4560098161609367
-1.0339796792319256
-1.1685798828979779
-1.087790164338608
-0.953033146366952
-0.5245558511840849
-1.2772571157923318
-1.4044134977751792
-0.2197726082440456
-0.12581510970428306
-0.15793759601329388
-0.824261631926293
-1.3908742091530824
-0.5250512568333856
-0.7878066529967799
-1.0482154789171025
-0.9674687994605579
-1.6943380087487943
-1.6595053474386725
-0.810122532355985
-1.320645681083326
-1.432079442763688
-2.1672265282525807
-1.771421741386447
-1.3015301870703717
-1.8156676899171407
-1.061533612726802
-2.9270797801634294
-1.6266526994454549
-2.310526265595944
-1.241830629744898
-1.176080082686143
-1.481585313209175
-2.374202207675278
-1.8065979701811687
-1.9006401683083387
-1.369677123535982
-0.9582050866473306
-0.7396554264082232
-0.5431262395504559
-1.2714022404953504
-0.35059926441278705
-2.3002452897340726
-0.12042456793043063
-0.2751773270382132
-1.482524698431497
-0.36246720395511384
-2.391760513077487
-1.5313999122935522
-0.8156283414058947
-0.5438922848204311
-0.11388419058567056
-0.5843912410047674
-0.9899718142570069
-0.5591931646813587
-0.12036031190609592
-1.8937790495866573
-1.4539171636999355
-1.8637211315592237
-0.9716197537619673
-0.5670742293634874
-0.7406332058385201
0.7593892168552039
-0.8329283136538082
-1.3841714988258775
-1.0891832109554946
0.5232359715152122
-0.2240386358793635
-0.8804994101164756
-0.6810713778146643
0.3352559470001513
0.31271948899057145
-0.37287132378110177
-1.172290647828698
-2.858124666177489
-2.7828914012018324
-0.3730399021485633
-1.7564486080987483
-3.060604961141551
-2.293899973164552
-1.1442897763871596
-0.0008526550567260482
-0.9271630016249107
-1.6251345259403
-1.45029508287231
-1.9819467559228074
-0.5711644033568982
-0.030182098721054096
-0.48980136561153126
-0.845589092278092
-0.39279613582534756
0.9491787933305957
-0.03405754608516237
-0.48004083868603675
-0.06439601127656697
-0.07941302107992049
0.35730664507588894
-0.653729298541657
-0.31071449945405377
0.016644159046677376
-1.0692194460525277
-1.2845634185564019
-0.8561849930180707
-1.002811094792194
-1.0375042262523784
-0.46104803388362126
-0.7486118632715353
-1.1153693379173346
-1.623107567520492
-0.10643468740674175
-0.667010639185334
-1.1862508631859519
-0.7009152909107204
1.654858228687359
-0.28804411474223895
0.34464379344004803
0.28380536432598485
0.3884464530288609
-0.3659757902841041
-0.05462343830238403
-0.16258643057536493
-0.6555102986337528
-1.3685642126800255
-0.2949056996507203
0.13986469939543394
0.27069103008973405
-0.5619839454305826
0.5876196022002735
-0.6507181106846514
0.15662064716474994
-1.4116100450302984
-1.7892492163408782
-2.335994014012138
-0.07029761297491427
-1.6051093466801878
-2.1817081997462426
-0.45560479054623915
-1.4989975461809406
-0.5793688274609587
-1.1366736980889727
-0.64755466065663
-1.2715539764076047
-1.785408264524147
-1.328137892501637
-2.1386239797858524
-0.07135605313941407
-2.223415683740577
-1.1996689328514767
-1.0611127853815727
-1.54296786248064
-1.027439580507094
-0.18315273012717287
-1.4380631025697237
-1.1177566693277945
-0.4425272979265515
-1.0267787317713548
-0.9367248758868736
-2.1810141013108124
-0.851790599713788
-1.1825823813157694
-1.4279558213722472
-0.08366712059050274
-0.8363547802523734
1.458492619755663
-0.0157836268496917
0.6410255755653124
0.18371454139336368
0.09438568289292892
1.787003625472889
0.44169741415452257
0.11591137507631938
-0.1197403870050994
1.0898329761657286
1.5763174138654064
0.39076897029292257
-1.499613403458973
0.18815021686783007
-0.5800558497250934
-0.8708524341396052
0.016006153076174146
0.09024117134515117
0.21209008566990006
-1.008074811611506
-0.3884607371898436
-0.7681957709635339
-0.40494685220090565
-1.1586277089326003
-0.008953609048652278
-0.770815890049132
0.5491125667235672
0.20742539316951297
-0.6243868454378345
0.055457849930648506
-0.2013493824585329
-1.1307235862831675
-1.4723826995387166
0.4342991005215339
-0.7653739462757319
-1.1122361287854161
-1.2530730807480304
-0.3424923999119165
-0.480999360414272
-0.920954525490908
-0.9368518893844776
-0.6572234722089721
-1.4442937939587643
-0.4062576488193633
-0.6063180106415507
-0.4570420220935484
-0.42924858901230123
-0.33847676861778175
-1.007599164465812
-0.7101716655454458
-1.4411961866270844
-0.31911318423145274
-0.3812584367067646
0.12689870657176727
-0.3810021321389404
-0.6315036332886736
0.16331714864654978
-0.7478946553136452
-1.740577283320491
-0.2674236760009269
-0.14684808056168586
-0.052804811776731686
0.08562299147236163
-0.339499110803385
-0.01872815266945327
-0.2691210259614544
-0.3211302388629057
0.0656965452445466
-0.10468241665398326
0.14706041960664712
-0.6107054274548642
-0.9826328716081798
-0.6434780864854666
-1.5643298047222025
-0.3070514950836503
-0.16239536480813843
0.6429888833204406
0.43660101964439935
-0.7391533304137351
-0.32257052543284254
-0.792043679561582
-0.54603352704479
-1.4300062930780424
0.66709765982334
-0.35113778052016287
-0.6345118574624444
-0.39555850162000183
-0.929556639228106
0.29412297463871484
0.26846092153073703
0.5037755356708303
-1.021692885056277
-0.4725029583806784
-1.3310525766033225
-1.9596778267107857
-0.3116920299287596
-0.6428807996885948
-0.5172834454328357
-0.3833551886774431
-1.539571432634025
-1.9815355335962646
-0.4483089937344862
-1.1917792350207321
-0.7311280755581029
-1.1900568087094228
-1.8228709662748521
-0.15018501178308902
0.1786116308640514
-1.3087160470494867
-0.9101237670076778
0.48918146959796616
-1.1521047931322774
-1.1665006863137803
-0.17418308712171504
-2.183978360799358
-1.9661137361735412
-1.6349943776230902
-0.4443788138627659
0.24991012318632266
-0.8170850604450969
-0.7620963732554173
-0.7538381020137717
-0.935927085231327
0.645907590594975
-1.0389076927152885
-1.0335836132704759
-0.7063089711266342
-1.5731173959711588
-0.2476759036863987
-0.9890449793421787
-0.9361332715026763
-1.1977120333744602
-1.6503130093760965
-0.6802598716802513
-0.46447532368867794
0.5779762772914245
-1.2980495291433125
-1.6232791696637017
-0.2592569705035438
-0.30334348021487845
-1.8159036723254718
-1.2844934527948613
-0.26615601504108316
-1.8187962115124738
-1.2240090950338793
-0.42547008224530036
-0.6895018132983346
-1.2631997755810187
-0.4421564192802682
-0.6847077031388906
-0.20396354375362613
-0.13710046595014796
-1.111857422011762
-1.2076219938255062
0.3183784322306694
-1.227559518481597
-0.8327881670363366
-0.6338358694342161
-0.7347875696027595
-0.4388904900862689
0.48713805790714393
-1.0384446390733635
-0.8739618882871961
-1.289994959177985
-0.77516342136663
-1.1222809200763812
-1.4030457725193572
-0.2933499908078124
-1.3497893939308385
-0.09813024947194363
-1.0453341025743448
0.0158892196942525
-0.8876704406083937
0.33578282479790245
-0.4132006671543106
-0.21630558281406737
0.9455716162901575
0.28392727796538475
1.1096835483608831
0.17340766274862465
0.3697113971444923
-1.1717981857335826
-0.6033016890531908
1.4815274349356256
-0.18315993129976774
0.03150501244694859
-0.05936326086641841
1.1302295041777948
1.8507844068583448
1.3655987672150216
0.4149675960451859
0.5414119350463662
0.8836003451365038
0.297209684098098
0.7315955250765569
-0.2355786215991005
0.01647255390323521
-0.16749313471076083
-0.4727683763119237
-0.7325522458442175
-0.6520954386773048
-1.1757849701179213
0.29738002409636777
0.24431060382861633
-0.7040363172895343
-1.1106519012802332
0.37031000023364896
-0.127874364027653
-1.0442457570793104
-0.07172306549219257
-0.664608010091944
-0.43473509909137587
-0.8989194373048002
-0.6882479281921596
-1.2381769794591972
-1.3626845960710048
0.08548375962165058
-0.5389086577162647
0.01570245628036626
0.20409654066874822
-0.2724901125569321
0.09355774300296438
-1.4108285944319534
-0.0006107659537081256
-0.8026554077427148
-0.8781500553271177
-0.8695778472249044
-1.37267592582023
0.43087018064352967
-0.16292099757027623
-1.3798537130711201
-0.5089747045600732
-1.2168420265957718
0.2504501463241288
-1.0757781018587127
-0.12876329242954476
-0.6300372440821149
-0.26962874728020186
-0.0264571772809582
-0.031164280781790538
1.4020150941095055
-0.22320824477315343
0.25302650723745485
-0.65518864906285
-0.8441269163048252
0.7073380576218842
0.6313916346284076
0.591920635923177
0.5701204297951488
0.26625156535177635
-0.06653675395116448
0.2974930281589097
-0.6436247314145318
-0.12260556032950393
-0.7709110025634975
-0.11442205694663865
-0.5122662327951624
0.058292246952792004
-1.9199445119645588
-2.0184674299455154
-2.3407067411452114
-0.8087602474992732
0.5007015119965115
-1.3628168217623793
-0.5588264327229697
-0.09359626654504555
-1.1198581775031116
-1.094049516387804
-0.39655249808506415
-0.879972183057097
-1.598316088478344
-0.9567559307778175
-1.6337967576217935
-0.26924556224203827
-0.494175782090931
-0.8511470741209294
-2.049241530612985
-0.03749921814889598
-3.2092905088878076
0.2799165931732367
-2.1322166340096436
-0.1520561222898657
-0.5298262658654243
-1.7858634229427996
-0.5958601291580475
-0.8314650270962994
-0.38651074832053367
-1.0175677179417573
-1.1198207202994208
-0.663970760032252
-1.0059899219995028
-1.4880082048971564
-2.062035632639375
-0.9123933662209995
-0.32916651425472643
-1.3808018602719312
-1.43207016318838
-0.6567874331844603
0.3642015591887567
-1.0591124476642668
-1.5680037175778172
-1.4902449976936754
-0.2438765628396291
-0.962265642183158
-1.8188785899025914
-1.3052881664006186
-1.3428057028966247
-0.6551757770828919
-2.170921583816616
-0.07002072004564086
-1.346663677889465
-3.6791178645151663
-1.0376163769226867
-2.599669691120558
-1.972472273935258
-2.3740052047470135
-1.5539192137325972
-3.486291740265845
-2.4761409364719182
-0.6237733846277486
-1.5480651236810854
-2.298644319608145
-2.1473273210782597
-1.024392940634652
-2.5163600256096346
-2.89786500361367
-2.259320984444955
-2.1132397121786752
-0.012015972630090077
-1.8944663505158266
0.03385782139118576
-1.606019101846705
-1.703192330441601
-2.1095824025655694
-0.5716038992005503
-1.616284424658024
-1.4387883599407196
-2.40709509940896
-1.3037486020414129
-1.2160194461322469
-1.4285220819232185
-1.3378514596471576
1.1128065668948255
0.32697217295356185
-2.097102099929408
0.7245400587320743
-2.3033420534984623
-0.9579247914238862
-1.8216661532811596
-2.1268670630020177
-1.0859987616246685
-0.8695485257598353
-3.869920254126436
-0.5400533007151288
-1.4813575429832393
-1.3971417770813264
-0.2122262215139784
-2.525219256486538
-2.4723525379103375
-0.6359508284971636
-2.227927685507343
-2.8085773745830434
-1.7123714852336227
-1.0408068879313328
-0.26670509695726385
-0.1375412203395447
-2.3689018108439917
-0.18515711664209272
-0.3705969858383675
-1.207173725277861
0.23218688573100899
0.9070833662104918
0.3048153964579352
-2.1817734449837314
-2.054656859783927
-2.0820984648243828
-1.4469879951103901
-0.3048570544758143
-2.2226655990730904
0.2829060489557754
0.4280217784030576
0.15850631328273646
-0.9119738019679698
-0.26278602599111656
-1.6089974967808847
-1.6732202240230247
-1.4050638870971992
0.16763531350430694
-1.1355392791997727
-0.3120497515996814
-1.0370425761352229
-0.5209026552985317
-0.8130912364851195
-0.924377268964679
-0.972770355984738
-2.4239473759029417
-0.698432877270756
-2.1072009763534036
-1.7223060406855084
-2.1495359590691168
-1.9023098641790444
-1.1620529127441266
-2.4791456244669816
-3.0313391284704365
-0.6032063643555456
-1.2756658201953706
-0.7732548065657576
-1.156304885697719
-1.8867081570299826
-1.1271187835756051
-0.987527240794527
-2.2296698479550234
-1.6482754091853475
-0.8214357965347021
-2.21613296456158
-0.6581639409690887
-0.7700758403765974
-1.0674132992423604
-1.6775503674587626
-1.640193982440459
-1.7179482800869326
-1.9201253202449489
-1.3612614346299183
-0.7088770079437148
-2.8932060864555567
-0.8271928748524243
-0.334411306621502
-0.3013695119559111
-1.0486047818413113
-1.42065435091968
-0.8013411463271708
-0.7488627483421464
-0.7144751807647874
-0.26242362261365065
-0.8832539610141522
-0.8932733158620533
-0.4097403585912927
-0.9361402445169548
0.7644381275050061
-1.0707913532480007
-0.8642448552031778
-1.2388830258832453
-1.1186071955274892
-1.332610009336192
-1.3420720682004217
-1.0093567036862872
-1.6897930083984412
-2.123422423841135
-0.8432550242505288
-0.22453772633936547
1.3665911183431239
0.9058328751058609
0.6680505039423852
-0.7536492050519877
0.2969733396078766
-0.9731715384809584
-0.10220490293749032
0.7701750606163478
0.5933491737629653
1.1183132898634867
-0.7885590934954729
-1.7366166872701772
-1.1325296971954666
-1.1136743257783628
0.4010679468127685
-0.2940398131476925
-0.05576774248302582
-1.0539365210903089
-0.8450312801748685
0.049195810127909245
0.34178621779861523
1.364501770321017
0.4024257684482975
-0.8952939097872554
-0.32375451521025156
-1.2165283349853193
-0.8116322764854651
-0.13735789199957282
-0.562976662841281
-0.27379652009869726
-1.1455112414985278
-1.0063608216833124
-0.8351665277231735
-0.2546510922887262
2.202636814761734
-0.3579102191815728
-0.4048025071774759
-1.0374270629403435
0.4701690716192591
-0.9665384483100379
-0.3917704249346984
-0.18146656587906473
0.07394029095198668
-0.7322841889385763
-0.6018391222539169
-0.39772760480030556
-0.15248962162707214
-1.249657396560417
-0.049728023610024236
0.7425116797956514
0.10620680970756802
0.34427050475011545
-0.7273358373541907
0.001189716430514659
-1.0410938377544317
0.21249934444961832
-0.4496663462555776
0.7975024306796793
-0.6648981172809064
-0.1595824590445265
-0.4091049998615215
1.4108949542360545
-0.9169991761639001
-0.4327276024766468
0.32131386829969444
-0.7803639546102843
0.02232156110079203
0.3189654426188312
-0.04586126583490935
-0.7320451313577148
-0.6117950715801035
-0.5299315332224248
-0.5839851692533342
0.13941849212259155
-1.2558975674111574
-0.8235417955251223
-0.05627741097276187
-0.36547962468380785
-1.9471408419210556
-0.8959347759525003
-0.8551394102689406
-1.5254960158497755
-1.3848596178158814
-1.0698603686315642
-0.7855289729418434
-1.0924180772931176
-0.9546445071396881
-0.689575667191103
-0.9487119634478034
-2.1835934815088276
-0.2554243285120147
-1.3407593389849763
-0.6903970779096764
-1.5077444349367972
-1.0064185701835133
-1.0381807001959602
-0.9052283911729931
0.33251979261279485
0.12829210982986478
-0.242322754061931
-0.6718641191840546
0.5357195293655612
0.24918479825083117
0.9237417045881653
-0.347602310893923
-1.1429160364122055
-1.0502968620035043
0.5022084039225381
-1.2590983975569727
-0.09450543864785699
0.18692051057527342
-0.5868377174092763
-0.7966532433113929
-1.0623200601200946
-0.020536949783861558
-0.5319255790144455
0.5084325052365004
0.674734757987525
0.16708672685474887
0.9739422429255753
0.19854233975980062
1.0814598094866685
-0.10795770330291882
-0.661927956585897
-0.33713047438782673
0.19861792242052217
0.6818404385583481
-1.764351952631389
-2.2579801382693647
0.47347855887828416
-0.3809703685577899
-0.2190903882522562
-0.5261086847834571
-0.025436038823015178
-1.1829535859458695
-0.7920020382724087
-0.9439315573383851
0.22405853076839483
-0.5513408772997476
-1.0410504365780533
-1.3466312645452991
-0.34592794104966956
-0.621951765825258
-1.9884241603210393
-0.1019108515063267
-0.7087202333274492
-1.0129181523877568
-0.6628717804801489
0.43006974429164185
-0.4563114620213643
-0.5753655988943354
0.07802728536871206
-0.35397595159876843
-0.04255965100869033
-0.2538484174337432
-0.8914057149469934
0.2890581769505946
-1.0135511608527885
-1.6139299198867645
-0.5583212303881175
-0.1881591572244735
-0.07649789800729578
-0.0889420639669962
-1.4962471638557087
-0.7463698642564426
-0.523126719449341
-1.7070355463976383
0.03304584355973478
-1.8944245749779594
-2.096780705667414
-0.9947570621474295
-0.804534024115858
-1.6614070981397535
-1.6852186214401919
-0.7731409499029832
-1.3172889570742035
-0.314208706041365
0.4319759145274747
-0.8727729950340304
-1.8971888931851435
-1.858806337456272
-2.0651178739851845
-0.05721549394174466
-1.005022390783183
-0.08445133708540459
-0.2241336624220447
-0.798582597763609
-0.6366269916427234
-0.28735831993207717
-0.5153572347738131
-1.839278797193863
-0.2592090304589406
0.030966343061773927
-0.7519956797498235
0.8229552542686016
0.5392686700630758
-0.4243446774970777
-0.022926074845380395
-1.8669339130479221
-1.5322109250081035
-0.9594146324754356
-1.6280071262635527
-0.92341811623992
-1.1948806337108049
-1.3302031899024445
-1.1673810112543417
-1.7041153572313708
-1.6172836772166541
-1.0485167520342598
-0.5089028385600233
-1.0955225986341972
-0.9612942768579333
0.03707693281604507
0.3686887016594007
0.47898227288201567
-0.9110877631402614
-0.07794497328338101
-1.2678700859167649
0.05720769476678311
-0.340447383748001
-0.5449895761037076
-0.7935368721694411
-0.4397335698710626
-0.00015367622389755864
-0.31655749264292393
-1.8408728360571758
0.2722803788376123
1.2425150764256578
-0.25909176168599646
-1.616994678666922
-1.097240269819037
0.39480067385191636
-0.5389957388151034
-0.20765482460867885
-0.5568651327527561
-0.4142219564163412
-0.19358767994796483
-0.804971856046544
-1.4640696213320805
-0.754248789597983
-1.0760680443652602
-0.7584145302641294
-1.375503586827573
-1.7237750289954683
-0.45123584065912903
-0.039280977009661794
-0.6118984100428293
-0.2657608858391351
-1.5374990615055777
-0.9926378313297386
-1.3844161996180806
-0.779139191491465
-1.4350707228967137
-1.2621469956888738
-1.3923392046668859
-1.4598163468429302
-1.565414198376747
-1.2126566370732876
-0.37037804374280486
-0.28510509971614306
-0.7179995514215507
-0.7685985979507817
-1.0098365813160881
-1.7260005230265572
-0.47771132673973765
-0.07118832697520946
-0.6120034134193775
-0.49622675915479375
-0.3115386070993955
-0.8400934161795803
-0.08631459419022783
-0.9287381481469097
-0.5782788960382317
-0.07730791940058726
-1.866340212329813
0.6254266523847158
0.03029705468370275
-0.2364550830878684
-0.48404834893689375
-0.6174925544209859
-0.49398094185551716
0.28192532083307015
-0.8650506735750445
-0.42412747191096906
0.6968678534475972
0.09484371900754923
-0.7673931537616848
-0.8726281287725075
-0.14696427463312586
-0.007604590252115184
-0.9481711894829924
-0.723081111895
-0.5528316902728505
-1.020169634983055
0.4560914393808005
0.02660691807061477
-0.42171834373413475
-0.7833198233422209
-0.9811629168335709
-0.23012607816162964
0.7121362180472574
-0.4157215462509256
-0.7076020096957646
0.02393527437882853
-0.2659654371687201
-0.5330495848422601
-1.1581866670992227
-0.3358779789227828
0.15533119927128475
-0.33470562002204973
-0.8489788600034267
-0.24850543591278973
-1.3854739218858754
0.3714519191569039
-1.0376839755280158
-1.056361435177325
-0.7252896311826491
0.1014581943121996
-0.9185884091574685
-0.8436987478407909
-0.09369875993718932
-1.6430733378930715
-1.1920384699938023
-0.7250289274929005
-1.0191158486819862
-1.403894319458066
-1.7874716090786724
-1.2376461835400874
-1.3370115988402234
-1.0927137798391704
-1.7799170570718814
-0.2094514252345058
-0.9793080616817647
-0.6274341270652114
-0.970672892102824
-0.28481026772310103
0.3240106747887954
-0.1337265168562822
0.7904306439899834
-0.4354132773405635
-1.3746436378567544
-1.0571864360310257
-0.6726665182292535
0.23398658932773891
0.32637475183412623
-0.12529406749652583
-1.7283019469159342
0.15641707486215545
0.3660908990030826
-0.6240996322152577
0.798555977791078
0.4001046321896186
0.9698246501520074
0.15071431769351412
-0.2464649242862843
-0.10040257033026143
-0.0951840128341147
0.09771161924434302
-0.6432600215596014
0.6283492309449589
-2.0632621982981076
-1.4904323371696357
0.5924991390923972
-0.2775993758948414
-0.20213414714398514
-0.6058086671378137
-0.2104679778646745
-1.0525033174602516
-1.6313678493250725
0.30869187424877387
0.17941150614755436
-0.1339365652852813
-2.070684467594586
-1.6266486547532253
-0.1989642345857499
-0.7632087268737988
-1.1599650400431527
-1.251482429391008
-1.280834937695058
-0.14619401847933888
-1.9237314425762475
-1.17375524633785
-0.8209306659497567
-0.5138032891717099
-0.274599009706577
-1.043369789488389
-0.4412299732954973
1.102030171646029
0.1545977013811669
-0.8906147632374518
-0.39737816722212094
-0.2833359128322711
0.39799410021252635
-1.0286989629920522
0.07498387479603263
-0.18916900159403305
0.4434370527162236
1.5977314509146083
-0.035740141380904755
0.9505420716891857
0.6233268805285583
0.135086466205935
-0.14757428165800385
-0.5516546139899978
-2.164413884004274
-1.821827963229837
-0.6662888597506377
-0.7402288558787683
-1.1903394611313556
-0.8199054518121713
-1.261587272759114
-0.37199808333728196
-0.5952223093313875
0.6503424438386585
0.10732460963845875
-0.7103937361166676
-0.8289214292922117
0.29248105787898443
-0.6273386252649512
-0.7826626634837162
-0.30529438393631575
-0.013099724354147912
-1.6484864264933834
-1.3769948216361287
-1.4835214020910252
0.5913069728910774
0.9837583407596772
-1.5108973070773632
-0.4781647946558609
-1.1646375584304425
-1.9624711199360123
-1.4524183615609931
-1.4977561629270046
-2.610980424832796
-1.3115584238428617
-1.4812298873056289
-1.2115324569802803
-0.014623556841134838
0.03333287685068348
-0.33873386647725445
-0.054578331359226295
-1.1719682414673656
-0.47440996330074187
-0.5573802084669789
0.9887281996434896
0.3437286719756451
0.12538915445381105
0.055039444945676363
-0.12187277400538377
0.24428115394683358
0.2664103919980596
-0.057982288403970544
1.1433195147807187
1.3339521214951375
0.6627740651207523
0.4212361749277782
-2.0678312811671278
-1.3287902670892504
-0.00958227871807002
-1.7462193999003641
-0.600584562741387
-0.12140094164172782
-1.4793471628791153
-0.5467713483565084
-0.2878056200400199
-0.10971354953911686
0.412077698677217
0.0059657095684649275
-0.5725101344843946
-1.2396940126948308
0.16734470296115805
-0.4821886537876986
1.0665018419161518
0.6399452006434974
-0.5429891671010234
-0.9843654895703385
-0.8985119621198656
-1.8519062477602524
0.4742711196683628
-0.6665294166898815
-1.7115846479259653
-0.9795230556482315
-0.7419304168727133
-0.35974945072790554
-0.7211647209789575
-0.5908532013859614
-0.8113875324066592
0.1767103441473618
-1.6805735430466546
0.9781972022355733
-0.9567080943488426
0.3574101386359846
1.0064936384410514
-0.6871323949019332
-0.41154276501459985
0.33456229438625934
-0.8253203840920853
-1.6466953994257847
-0.1385781831826323
-0.5870939587579935
-1.9135983418322708
0.04397620719072154
-1.1631903764572094
-0.1332793859484624
0.6018346576650757
0.6756542541146071
0.6498638292746503
0.9412566585405964
-1.9730167254023143
-0.8296326494940225
0.08099973825512966
-1.6448284270422622
-1.51051747766909
-1.4283971480492397
-1.2834091546876574
0.052840496055512
-1.600293147764582
-0.6894092447701539
-0.3158178410860121
-1.5366321584594902
-0.5623704313675995
-1.1217915184831648
-1.746961322260962
-0.6489836434315355
0.3716386867386724
-0.08753783555878508
-0.005159847111196769
-1.5229323154496455
1.5501051233268235
-0.542695431052534
-1.112878950224079
-0.26454110797829394
0.4483224071976303
-0.6631530476137055
0.9396975288511
0.22396467349033483
1.5176324129865895
-1.1935591521335993
0.3938785646188501
-0.8174220982687425
1.4696326946014406
-0.3295196891428688
-1.496820692481438
-0.7782146672750166
-2.053894927486639
-1.0805847431566322
-0.5597124343458473
0.05089209014837179
-0.1344179450491792
0.39749603004507095
-1.4129235536083828
-0.5478713907095712
-0.6565989357394661
1.1112224003072178
0.33082411037389525
-1.0809901654889766
0.3008492218454253
0.01749299029855164
-1.7069269242850873
-0.8627768533904634
0.08110718423849828
0.9860504647001038
0.0075841486404223946
-0.49646911527433113
0.11043506822692933
-0.5188040409733266
1.3211626235516474
0.18317744457592494
-0.7855789893908205
0.8323788507048164
-0.10192496630719255
-1.519214182529437
0.7810825278230622
0.0095158900941818
-0.15392036977014745
0.5445105250748281
0.9502544055346499
-0.4723419967429138
-0.22372060426033852
-0.8139604851010996
-0.81008457968841
-1.3764347220493323
-0.9176607934472778
0.321764088180594
-0.4013164180466239
-0.44614165947448237
-0.5035026648370458
-2.2448507903712316
-1.3540916447185434
-0.6470485686301471
-1.16670131571138
-1.5431449388150213
0.13045912666734144
-1.5488518848962483
0.37982230830514474
-0.9608001179991922
0.4429504587695916
-0.05461633674264463
-1.6343081012981722
0.18229731751005396
0.6037773842890453
0.15952577408957602
1.2152846450523633
-0.6261217883086889
-0.1784031560277008
1.356090839953666
-0.4634957928774937
-1.4459404084835323
-1.1694729378855548
0.5729312311249641
-0.022621335699732514
-0.3534717332585946
1.0956048833884948
-0.951064098747352
0.17787558783468382
-1.3439367878933473
0.5032982796123913
-0.9611870807115995
-1.7603226388266084
-0.6766651144975412
-0.2996758908871435
0.7504686413134727
0.5604961941577091
-1.1316905355323503
-1.7849955860334545
-0.807584311498357
-1.3696990846311212
-1.0425965665789554
-0.9142403305520705
-1.023740276425726
-1.4192039377144494
-0.23831860209724998
-2.0800557051715427
-0.2549703897411888
0.4022685501315729
-0.8315676455275168
-0.40975415160834705
-0.9339198753503746
-1.4068285570144496
-1.5203964015210025
-0.9634518471446585
-2.1287168997209944
-1.9998191402502286
-2.4595722691266464
-1.0733986201355372
-1.8686988327642675
-0.9034575615829709
-2.3371967921035015
-2.536441830043824
-1.4077120450003977
-2.419864778856883
-1.4386208279388588
-1.4788747470535617
-0.7584777265059801
-0.7129361778126784
-0.016530161584983938
0.21239262170927087
-0.9525424704685698
-0.18740627225335615
-0.35014350673210365
-1.1218436985958844
-0.3176491103253368
-1.1397358357916287
-0.5718630913821583
0.598793447446507
-1.0996309657189396
-1.6021906312459273
-1.0956852184834722
-1.7003330532300596
-1.744054098273464
-1.3306471494552685
-1.6701393513489062
-0.441230283037502
-0.775360589537476
-1.5124962582668455
-0.7263415723598089
-1.6848678110910411
-0.7590873201671398
-1.7598427708809272
-1.6275094791164335
-1.3003870034551774
-0.7522811054975151
-1.2498621490649011
-0.44548355156890845
0.30519603071742774
-0.7994436810503525
-0.995247619936406
-0.8982024672975442
-0.4884782889208219
0.07710208482646969
-0.22444669678954726
-1.300556252391318
-0.39456445244260424
-0.7169190746924995
-0.48342566641337437
-1.3315735434299463
-0.5798961824321875
-0.2217130052654092
-3.994462280179027
-2.2026536412054596
-1.1221320894611642
-0.4539967010858899
-0.4502238047745991
-0.4946317971263653
-1.7009847056488663
-0.7520014876948966
-1.5508535675825224
-0.07857442188022229
-0.19488919818857278
-1.330164168846741
-0.2569209625167691
-0.6081343515269582
-0.23881772640469617
-1.243160698158474
-0.5989329305319442
-1.1502473851686785
-0.3121351419061545
-0.691796370606226
-0.3256725638932666
-1.072658187639079
-1.8525447865845928
-1.0580768814501682
-2.1553786440484006
-0.2718930555957653
0.44575012088857047
-1.3722544412646385
-1.0147762233666087
-0.8503504540419597
-1.7321607239817753
-2.321368368844621
-2.0131658760849964
-1.920412660620069
-0.9571185938247546
-1.3016268929660808
-1.881475902129119
-1.0766776510331044
-1.7599069351870709
-0.32530924134976325
-1.5784125451138373
-1.1367962745191127
-0.4475440985407129
-2.055511903376732
-1.261406132589304
0.06529962831753017
-1.6698803195436613
0.14680367563776575
-0.8946810751879437
-0.08789131478463397
-1.2315183357742139
-1.9371576680304474
-2.6362693221474665
-1.2863333428890547
-1.1950661360495232
-0.8002849141609305
-0.19556888043473553
-0.3372844964960212
-0.4197750504725851
1.5977659584361819
-0.3071430299380504
-0.862220748275457
-0.15795972874607245
0.653952236466025
-2.371400447657182
-0.5575508067056802
0.24871109397135277
1.1057254315680225
0.16629810141451407
0.07268148294892712
0.675997807304854
-0.5009740709631517
-0.41505543488897617
-0.7643003440494741
-0.37571459335716806
-0.28156028040786213
1.3472392577447256
0.019184290166832207
-1.5000768161572509
1.0617919621063119
-0.8253103222399433
0.7081526107587932
-1.2362987003506083
-0.32922203892070695
-0.2408721621635872
-0.9226576667118255
-1.0858288823763231
0.25431599367285196
0.5929810246850615
0.892175111008106
0.49376422530779573
-0.17803194756711582
-0.44401868901708463
-0.8194878155928724
-0.3024546750268979
0.4079957753662491
-0.08900857589602093
0.005472848448518308
0.1385112592538454
-0.7073739365014262
-1.1240679746799989
-1.0569187882021192
-1.7953723264567212
-0.5877394340756268
-1.1827009938236295
0.6918408170261785
-0.3419909591445243
-1.0064284079261652
-1.1702767886381527
-0.7489008556105698
-1.8350811445881963
-1.8064358612853941
-1.1016387252224025
-0.9929820570647709
-0.8510193520420328
-0.416798919377676
-0.5269494584019994
-2.0752123581619015
-1.474909383286283
-1.1437760910011645
-0.22437337869575186
-0.7880392366743142
-0.8078302437054969
-1.0105077167963499
-0.6002312547680787
-0.5164511806103478
-1.8442947834886356
0.6084606217647608
-0.49420518013729786
-0.7417865021468848
0.18311279719995685
0.775299543456389
-0.4860231901974831
-0.7107334192575363
-0.21280229688597616
-1.581245188770416
-1.018238110918801
-0.07572098043087527
-0.12375007030446089
-0.8167795083209936
-1.0068762938158493
-0.22729060303691456
-0.8150922050088334
-0.7955066673069096
-1.1426991756901237
-0.8735685464447358
-0.1741488941885098
-1.199840307945201
-1.300020065099626
-1.1437182967180652
-0.17599467930979498
-0.3614778966533382
-1.5691240833949722
-0.1823663267896925
-0.7986264964363678
-0.7836631849638882
-0.6615417847434844
-0.4623031793049994
0.3194543773096133
-1.1342804513426412
-0.9716865112991098
0.0716662788148022
-0.6048119570208261
0.2880777114320071
-0.06639310035776624
-0.23211468342903924
-1.8052366169076173
-1.1036002294313456
-2.082851209913949
-1.2910749480564698
-1.1155751153623639
-1.3026246277959836
-0.7082391192242153
-0.3581156040034096
-1.4325229372120492
0.1016835619748323
-0.41784494970271346
-0.011984172018981831
-0.14573207362676432
-0.11842872953393196
-0.7679450083014516
-0.39494385864342874
0.35023812375556373
-1.157658442245044
0.2800339524312673
-1.0722307920659837
-0.3061790352676448
-1.208178956068789
-0.576779972682336
-0.7012224278079464
-0.0412193565353442
0.18161110188215568
-0.9333948925500042
0.05290705042633975
-0.7477189004944029
-0.6156738374377861
0.2419076451976433
-0.44952104643554963
-2.2982424435377125
-0.6009590907992639
-0.6250921316395159
-0.3833439665402729
-0.6444290440461278
-0.5261223768111621
-1.1446412079385917
-1.1356023700417128
-0.946746255399658
-1.6014305364816641
-0.4128257880842551
-1.5639456830532392
-1.9569103337783993
-0.5288957506838818
0.19480467244749589
0.368355714508543
-1.0713882001142234
0.3075179286617997
-0.9774626051848474
-1.670920393737411
-0.2961276872678529
-0.04915748842656198
-0.3250316649504832
-1.3189275417043813
-1.0583335778293435
0.6451208693667919
-0.6653596795141675
-0.6527927024594895
-0.10175989393839968
-1.0619881038171266
-0.30911325622124464
-0.792450756930116
0.9076573526860038
-0.6085109442398712
-0.17577633999581455
0.46619366449171185
-0.7935978890763691
1.28456537388548
-0.4857029734871471
0.14304906532884867
-0.713500796547248
0.010326522148661088
-0.383513185714826
-0.8437073201618006
-1.1175034277926148
-0.793642069025208
-1.3282897976231773
-1.5079592394160244
-1.2928490843351441
-0.6965962947844584
0.5191408375497928
-2.0945755396398114
-1.1376414678395894
-1.2504867607507948
-0.22272594152018227
-1.7572705537653996
-1.3279194085529549
-0.8523772683097977
-1.9860343760481753
-0.5239790921911889
-1.3577000741101
-1.3083157321524999
-0.7759505004507103
-0.7791133676582995
-0.29133802931335223
-1.432934387408629
0.024070219839634144
-0.727969894047201
-1.4250467224312644
-1.569519993605193
-1.447881301795319
0.36762470619492904
-2.35779006299557
-0.6867953469644698
-0.08975190455817467
-0.4713336104508806
0.45779917898593087
-0.3607335640081597
0.8242517608637119
-0.6254513429854913
-1.183020954740654
-1.1007772245920329
1.1206325327881888
0.19520618624738295
-2.0859198476124106
-5.699761649647844
-3.4408580617792377
-4.727497442813746
-6.678060812495707
-4.001968240580558
-4.402787940065739
-6.220572196691496
-6.3881481174567565
-4.42934971801242
-5.260172206784541
-2.6698179454906557
-7.638930892361927
-1.8607437160857758
-7.079500052099407
-4.368211092727561
-5.892859211452535
-6.9991095506017835
-4.598831674296788
-7.104148296982063
-7.1403830190487305
-7.233569577997976
-3.4737798042188257
-8.113989495708827
-7.890491592032873
-3.334554865678048
-4.740782635268135
-7.990736447395589
-6.90395596686953
-5.461422633229149
-4.3385861552628295
-6.204600167441291
-4.4058361552280845
-2.2420740149899174
-5.250071997723996
-5.810785699741213
-3.4421314508395033
-4.824113801648826
-4.592346833151452
-0.43250773980107104
-3.285150699295401
-3.9785689190574973
-4.705239818459687
-4.0786311693906825
-3.203022227581913
-7.365242829468992
-1.7539805485357254
-3.330461649911668
-1.8797166914351702
-4.18098496641097
-6.479668968596877
-0.7285598425807756
-2.7637325202085004
-5.386744615781847
-3.2958342159211966
-5.510698594770717
-6.106211951121842
-6.067666643948083
-8.027709501825044
-5.323040408333238
-3.2879129133716116
-3.5666491879774953
-0.7332330321835403
-5.943264267833547
-1.6242969881019143
-5.897121932774486
-6.629048460517069
-5.092039428349834
-3.0324284485336435
-2.3974093285257174
-6.242366683239252
-6.544016135910132
-6.805372110387482
-6.819850201190615
-2.6714402264645822
-2.9901520945086606
0.1957234868359592
-6.733603743180701
-7.4261386809037635
-5.0631444389263445
-5.3351556190643175
-2.5055810833656063
-1.8897711594665576
0.20674561570555494
-3.5104127089952373
1.2595064084851209
-0.3846315396546246
-5.029512320509512
0.9560831106624108
-6.699642492788472
-4.76820784606313
-4.620051146061599
-1.9087751571769815
-6.908631142477551
-5.775876269775925
-6.082634081010536
-5.88801780082064
-7.858043771916647
-4.595463839321701
-5.94168510560141
-1.0502119627818218
-4.957137033741313
-4.935928988186744
-6.498537012856827
-6.952837914499058
-4.275652685151868
-7.455209338046815
-5.689474475706371
0.8327567911665552
-4.406486870324807
-4.235427460452691
-8.39243250724792
-4.940432420663119
-3.306636739220248
-7.0450862211345395
-4.695327524381588
-0.8790570806440103
1.3480712378502993
-3.2221155428881554
-3.9067431768929506
-0.6035880835329762
-1.0225484635774322
-6.732599229957514
-4.51426537439225
-5.30496691329644
-3.9709680359153223
-4.245555237759301
-4.267406255062943
-3.4604231396432774
-6.165774572240113
-6.390299076615367
-1.481246923528787
-3.8106420665379495
-2.7108354772471475
-4.533743816680185
-4.653306527222389
-5.348411534759142
-6.323412524650958
-4.374094655145963
-4.690610368552507
-3.83698762149341
-6.215521462716935
-4.409151307191252
-7.340293830770433
-5.263505005578386
-7.3829517627513885
-6.926114625656117
-5.681229672844067
-6.112972762956976
-0.6958455075623503
-0.7136395277963041
-5.894240027878997
-5.410433614583326
-5.661480298961131
-5.209146413066194
-6.049828665365215
-5.59742897042596
-4.947671972508013
-5.571202952628569
-4.348023588688715
-4.479490552180504
-3.3694815026618894
-5.57747503067697
-4.205882246402741
-5.952146728657199
-4.496406647751101
-5.386656603137997
-6.569642487781177
-3.467576291929825
-5.686785435619667
-3.480762865419938
-5.342170321853856
-3.905933954753887
-3.234951574556599
-4.352358076985549
-6.315578456725544
-4.185379094016313
-4.087879278440981
-0.9124443727301503
-0.7478510456944971
-4.426703977732456
-10.028180438265593
-2.1782005543967324
-7.427502494430092
-6.831945955740455
1.5691686515382455
-6.522164178877894
-4.445268048985805
-3.242188986097052
-6.517803452379046
-6.444883110524499
-4.9966434818339245
-1.9207561628290488
-4.757389754308225
-1.548258495522778
-4.364792426826223
-4.3735552271205105
-4.944416924879745
-1.3328695165766726
-6.624523135513771
-4.70676386975146
-5.988025873023632
-5.352454231952083
-5.055126260897162
-5.027587286848008
-3.302054355321699
-4.202440534433841
-4.508131844915214
-3.968707477821913
-5.661473650987222
-5.962149514872397
-3.81016282188954
-7.047728761619183
-6.632210274323974
-5.132523528798527
-1.3029337881341743
-7.2663837855882925
-6.352285705856574
-4.242136697617916
-5.882397282888
-5.969113794040831
-4.555493395778056
-5.854578964886198
-6.214038194105764
-6.392103564306753
-1.964289163734499
-0.08071046992806824
-4.528592945312869
-5.588876417768545
-1.7400818523248747
-4.683003177980824
-5.391924310902842
-6.420270282841285
-5.9432486425160835
-7.02439679865336
-6.976911707659513
-5.392073843075002
-5.434094834844758
-7.224433127750312
-2.9523640135611857
-5.461448285913466
-3.2344796833005134
-5.792666684666939
-4.321178022553637
-4.106582204521489
-3.9007161432449586
-1.8255385461434295
-6.073899519193552
-5.328375362210139
-5.085506299268624
-6.734367516449524
-5.005191345090624
-4.684159769440598
-5.193672320369264
-0.9310399591273106
-4.081150009271365
-4.996901751579141
-3.3597718123859757
-4.604663341175847
-4.406285343909429
-4.970557536235563
-5.643363566880967
-7.47342421640169
-4.146999729153338
-6.247409068722382
-4.90871443728046
-4.789790727480875
-4.892559270124945
-4.002973497250344
-0.07503561062127972
-5.431907336041848
-4.412482343777873
-3.481014007985879
-2.1795112776273777
-2.5307070080016607
-4.204429115051054
-2.770770651630056
-1.7813104011864247
-2.721148486380959
-1.5048590524154437
-3.4427016692399532
-7.7882913161930825
-1.5770729584354575
-0.3240813932778779
2.383437747198152
-5.65552447966979
-3.9385690126086654
-2.0588136394841308
-4.671600921149476
-5.656977126583109
0.8293541246604823
-5.903498521276127
-6.701681085074696
-5.435473593016705
-5.5368793797361775
-6.431048726989285
-5.29317989030873
-4.599018635548688
-6.336482010070278
-4.60597839427417
-4.960927361708822
-4.769620538292054
-4.231543201206053
-5.596083047621572
-1.2962765204472402
-2.0019212793621346
-3.4612042770467113
-3.529291955605934
-5.7513624872867375
-2.568227515095118
-1.6985962263920122
-4.184705541784918
-5.996520973633115
-3.9809534822392343
-6.507539555859879
-6.0206617223551175
-3.226331408643741
-6.050750324036626
-5.972184383939453
-3.1000941815845082
-1.2853726077767789
-5.604073101098358
-4.800291415522059
-3.315143483556871
-3.1182334739474036
-4.28453509373429
-5.864717444431186
-5.730689123387761
-5.064283636709948
-5.018686203313226
-5.027116713163896
-2.8766527291161883
-5.142942825458391
-4.502049937414136
-4.611042338910627
-6.875789884448872
-6.927870146999334
-5.512886481243365
-4.570616591464716
-4.611063232993903
-6.045428634195041
-3.3494324926312737
-5.49161884929276
-5.522337152363172
-5.943344928335071
-4.277899182116789
-5.33420215798564
-3.193495611067968
-5.754940205429955
-7.152395203822181
-4.74238220515944
-4.9204112336312535
0.10133694629636303
-6.563787064862561
-6.135186666419754
-0.696265277917011
-3.066432903441453
-8.061970523922643
-1.8533867108730882
-3.090182186782683
-5.6204033458236555
-4.715224207682475
-4.330820706703899
-5.817764998429787
-4.6329061272010446
-7.443560343605631
-6.783007781249319
-5.271910191491195
-6.760917177058351
-3.6446217866046333
-0.6420796389977026
-4.533992137293138
-4.701654482726702
-1.749280383418768
-5.654508041086951
-3.652580054522915
-5.458740695718739
-5.259002992151146
-6.562456693061834
-5.2652261120594055
-4.6227306025170725
-3.6919437702158353
-5.285012159896631
-5.038828228739338
-4.6327086536594635
-3.079840962474887
-5.342402833122068
-6.751726336901587
-4.900667683426477
-2.345776067746234
-4.486902575639882
-6.502760124761508
-5.774552368972788
-6.394988885378506
-3.633232326302358
-7.445871577537773
-7.763127445552625
-5.866874652487324
-2.140533836082354
-5.945379631091419
-5.551464283068336
-4.593360404316401
-1.8596645926305408
-3.93005207851666
-6.157963274600988
-5.634493097911592
-2.0114730505118485
-6.018341753993098
-8.33467352401601
-6.198729610271188
-7.006402112720402
-5.978456013174592
-5.177758507568826
-7.214997499560696
-5.67228838440518
-4.524499440968597
-4.929752540438347
-5.678135954736895
-5.6683134486864954
-5.0153861516763
-5.8997928610303045
-3.796819256130827
-5.68175931413524
-3.068408103115105
-3.0954924491646034
-3.7328609783452147
-5.6343028589933155
-5.047951086581308
-2.7942994025537145
-4.025178126366574
-5.776239451151018
-5.843701545926742
-4.064463386057953
-5.198951408948772
-5.639147792769967
-7.037871890821507
-5.378433486873472
-6.461346837918575
-4.874145785120055
-5.8958787480006745
-3.758186309666447
-4.952968473722985
-3.3246330521961216
-5.975643614861467
-7.72239490775667
-6.1717405058136166
-4.348066804165859
-4.083662919134564
-6.5784482443091825
-3.6251110660130554
-6.9789380934411795
-4.824734737190233
-4.95386936063799
-6.627326279145347
-6.887092950219361
-5.313368797894961
-3.821471334343025
-5.747620312522336
-6.905084905965078
-6.655083784343488
-6.159987617683083
-4.588377758872779
-6.195488522101501
-3.918824780590022
-6.685434698984255
-6.635035835573689
-5.642868606231929
-0.17876349430409655
-8.9293343974979
-7.113904038222889
-6.37203341703753
-6.872814089249847
-7.6860956274293555
-4.4070548274154895
-5.710458325589766
-7.6358329885995
-6.4049436842807905
-7.630282316076512
-5.964858253211291
-3.4414900238110446
-5.654957317871588
-4.653135113790262
-3.7850507561950666
-0.7937995687546411
-6.081668234607179
-4.775104537660415
-6.753591404898784
-2.674479793524368
-3.010758815594644
-2.952719381719337
-3.424083964231928
-6.795836308037172
-6.22854125913967
-1.8840519436219338
-2.053652679392854
-5.184076456658482
-5.574181867516859
-5.273890279165609
-4.4614304417472965
-3.0328093946809282
-5.61890125648773
-4.709038866126446
-4.901359210431513
-6.858585839989285
-3.948391575349051
-5.524545352896498
0.638204388476418
-3.4519848644987894
-3.5475164341369925
-2.9308026477647435
-6.460363891418213
-4.661667152916386
-6.230269610293156
-3.087551298333151
-0.6827040128666937
-5.7013758361033355
-3.8077568454468467
-3.9217308582218955
-4.485411966855941
-4.631893653532325
-2.38704013617279
-5.890047819943449
-4.497446719909847
-7.524467811424125
-8.056877347256268
-6.730456406356225
-5.318048810163784
-5.523957718707576
-3.874815829136009
-7.691605123982187
-6.597931916370025
-1.36095538726715
-0.19503397445615905
-4.565971679154261
-6.5976967660182035
-2.0366279713430004
-3.862627478287261
-5.822278675736519
-3.319600783951863
-0.02531983147199013
-4.616688235168033
-1.27160062197022
-6.471465478990515
-9.595175752019763
-8.821054098457465
-8.025605418894848
-1.0608815127380105
0.30876509937880087
1.1173165612365805
-0.2333844475235275
-0.27363018060149047
-0.5125010244862298
0.02364882223520437
-1.161899441925177
-1.207419922781231
-0.31244193124759634
-1.1812932521571482
0.1714186556713581
1.172287880578341
-0.6079306510989588
0.1475249305796596
0.348927833708632
-0.7403702161393841
0.593990344410438
-1.5867649954903038
0.22528468186010162
-0.7591398893339479
-0.8296311993300073
-0.45100783739446426
-0.06624930397908968
0.02459126107864812
-0.0305308246068553
-0.9064577737117642
-0.3538651546832452
1.0468411285192198
-0.5802017610608716
-1.270363912203998
-0.07721861703392802
0.18119573439958714
0.0970096788700475
0.1471340487529813
-0.20394420909009975
0.15259484928050526
0.8530067472805114
-0.17246083740867757
-0.06998918128522258
-0.7827908163745045
0.1439953560344277
0.022392992025328406
-0.007980178402391624
-0.15470451583090522
-1.6910147322244715
-1.505842617485663
-0.7444540983214147
0.7493772230024891
-0.732484489500106
-0.6054002308890395
-0.9343056152078686
-0.5027386306604491
-0.7850226922045493
-0.7079123419863645
-1.5651931760561366
0.4143060043802756
-0.7269018417362343
0.31915208287516494
0.16769285085450575
1.1433944774884315
0.17408301738937126
-0.5618452113005745
-0.6041063893283942
0.38399528699110663
0.6604234489988916
-0.8488930005977401
0.34476823858178773
-0.5269626490445083
0.41915875446771633
0.7182079420004865
-0.14648015163984723
0.6031739188335637
0.3646917915371065
0.07690230752889032
-0.6097480009166512
-0.4009527931215645
-0.5785948249025576
-0.7759743542554367
-0.16367510309715455
-0.7634840998270234
0.46213671338392154
-0.2303001490696114
-0.70419175161177
-0.2167479612924969
-1.037943070018848
0.17708632412058925
0.14027159065760114
0.4316551132228633
-0.747810883537484
-1.1679411697015893
-0.033848231868873424
0.4550500024246771
-1.1951150444135357
-0.5853836205764384
-0.9817155915186921
-1.4502501599689017
-0.592787784919766
-0.26181126802395716
0.40742973371960356
-0.39278753890669743
0.22895632856138526
-1.1217085493018413
-1.5461864398002265
0.6702447347476338
-0.7020027444597412
-1.0194855872059372
-0.8047235167012979
0.5874899876387549
-0.1951015756699901
-0.06323843933852819
-0.02803000226889668
-0.8469886209804078
0.2973180047602943
-0.5769672611269979
0.4487338110061353
-0.12138294367385699
-0.8839168499902549
-0.5398972932300286
0.3309032922747568
-0.31034898620013185
-0.2568601101139211
-0.33160380448041604
0.2993619441512385
0.385457134652678
-0.3401662342330589
-1.4084317310508658
-0.44046920094935893
0.32078492967634914
-0.08325486936548449
-0.7667402720695735
-0.1324633120474379
0.40996505615091144
-0.30625671255573333
0.22453441582555075
-0.2777555554582984
-0.387043139495867
0.2597385736194533
0.538629953816596
-0.2155401067389614
0.029056887333130277
0.14359826919326016
-0.5027243094985315
-0.35489486886671007
-0.36603996464482985
-0.9407327959647578
0.27576616447121544
-0.32088620389910566
0.42171611025820555
0.7971334298041293
0.11957512991655947
-0.11211452320172755
-0.3049618326259832
-0.4401712649984083
-0.25181085489924
-0.35363252616452967
-0.21258538775629532
-1.1174024264625717
0.4693939448128412
-0.0468533457785838
0.0653290258494365
0.33616957468472264
0.5105671547046208
-0.05851183604798749
0.05133944903413873
0.12699791815543698
-0.02006551414193508
0.7708076794731854
0.013642181772353046
-0.14831102726046697
0.5368829173054752
-0.07984320794571398
-0.2684416500712453
-0.03767781054109087
-0.30765726105549945
-0.9986550862581964
-0.14030275238268347
0.15725633072652412
-0.7814210253887318
-0.19647924104362213
-0.11929684567286009
0.19121747786366866
-0.2535512400905088
0.6966710058696618
0.024323403081462636
-0.24402162674870648
0.6981573867672609
0.07167426037886948
0.34314214375582147
-0.42504750526110463
-0.052251103539924376
-0.9899937573482145
0.4380804687927274
0.5353123820494088
0.5926909968091361
0.34729204024924154
-0.540706493842433
-0.5214694439575576
0.16188575534423932
0.36343649253065363
0.011881843601809577
0.17989107657233766
0.46472955123017196
-0.2240736416893283
-0.018642561429845605
0.02550787099353216
0.3472959933092926
-0.3759770315541143
0.6933561447194436
1.2186341994159204
0.2737828530718389
-0.266036812168984
-0.40843042699943155
0.7795163020414217
0.12230720287194052
1.0437717685052195
-0.5566105076435892
-0.18909893685716117
0.3378798089066265
-0.17694600161949176
-0.3073097401326705
0.02660588550221682
0.29557137068466516
0.08651083195990705
0.256933708705292
-0.0474653795012715
-0.460941612688723
0.43194236082656445
-0.5199168876173045
-0.11448955864755511
0.3583745010160614
0.9370833882090033
0.08291877907535877
0.30891449846331326
-1.0316987570848069
-0.8752143659487608
-0.12656579540459129
-0.11948665278757131
0.6003983091749852
-0.705255989254311
-1.178176050543024
-0.6229616493136076
0.14755413569520337
0.31762468271343797
0.5472888805659482
-0.6658447773820847
-0.22983145098840463
-0.6604980219407413
-0.08584955496937319
-0.2916945892857304
-0.617047542965911
-1.1021716687539984
-0.6016714116723304
-0.4095746735442347
0.05275505018965093
-1.3836755318977492
-0.24480868357274702
-0.7919908435920748
-0.7925796318471533
0.37706241674446983
-0.043339369667782346
0.7843153085358291
1.161829865691649
0.2818153916978898
0.27674523152661373
-0.04266487507678657
1.113999472781853
-1.845883813017525
2.06608500949596
2.6658196715848113
0.4361299983719833
1.024700164031508
0.23484556105225263
1.1439089244112652
0.34223145320896237
0.8118807572185196
0.6498630811878398
0.14430942591837453
-0.1207686672659648
-2.02579203224892
-1.308561299176257
0.09067655052265383
0.4037461663923197
0.8041699239073321
0.766965591324533
-0.2865416461232253
-0.5067031581756288
0.2348477393283877
-0.3070980905789393
-0.2840800842582259
0.12973842560851145
-0.39247088262051943
0.5596826899971183
0.716485767826577
-0.06558018910420244
-0.9331811301190936
-1.8140406142745005
-1.0183214333678803
0.7407792560252009
0.5055950248998657
-0.7395791452091824
-0.24477528691762307
-0.20549788105022454
0.1388567486171841
0.6233997102797268
0.02273001641239042
-0.4589692290231802
-0.007722664663009832
0.046381536102527265
-0.13905606790016245
0.05876651735269789
0.4663685073390571
0.7169127343587473
0.12826409749519996
0.5097757823271601
0.015560903599875997
0.5833338895106088
0.3151230446415274
-0.331897081550835
0.04817031877800537
-0.04581288761030028
-0.06307788854189197
-0.052295630827202455
-0.14366923231644899
-0.2948552227583908
-0.2412492639192471
0.41841050125699414
0.6531952131265333
-0.5667207529652236
-0.7233839699997449
-1.588631730102001
-0.2981513454864989
-0.5011945994075538
0.1356991838422638
-0.21481595267691156
-0.8697355494454775
-1.070353264840251
0.6005252659577105
1.27625397114452
-0.15169666886255057
0.5506866170322526
1.2424949569951798
0.46681716758818276
1.3084056813145182
-0.4129432412248155
-0.403611257451183
-0.20229276331024487
0.06792091860647403
0.9572014790184646
-1.4746021849617292
-0.049648791285704125
-0.635152155040211
-0.12074006906797294
0.049831921535691326
-0.28607643468469834
-0.055774091610681004
-0.09584586598552663
-0.606434650914768
0.1868787084735803
0.31862301735812604
0.3996507164333527
1.0072182442536326
0.08405541972208408
0.7008905955431681
-0.08012399463979664
0.2764030778142926
0.03695174872572138
-0.6663182984139017
-0.0028996396775736732
1.2800647547283024
1.4931120202465233
0.744347876449806
0.6425431785283171
0.6943945076877089
1.1243640625986784
0.7835434883019781
1.247652779709098
0.5437115790839945
0.6429086168151099
-0.9755096652138584
1.044755180743683
1.0840311846764983
-0.22428519543142583
-0.19933735600935648
1.7476755859628337
0.7394915724606659
1.0642976253043668
0.37922008557250847
0.19799831085413852
-5.840441496077073
-7.0735436261472024
-3.0794386488250307
-2.26399063071622
-6.921220601917854
-3.238459065158475
-5.520666716717812
-5.151728598943552
-0.3806325728169573
-6.134681039432461
-1.807760473163182
-5.335195088160022
-6.053527170759329
-6.215721125608765
-4.730064172644692
-5.513803764337028
-4.529510716817615
-4.864853478844548
-5.0427143110821895
-4.662200781729357
-5.17722835695241
-5.10683135639769
-5.13903387604315
-5.559963046455331
-7.212756752124254
-5.6782100894909915
-4.348995207748229
-5.702354669828116
-7.013392691384185
-5.464673656674675
-5.7132641474901495
-4.272724335462742
-5.779180846619942
-8.088768899758321
-7.01305113638027
-6.12441611867275
-3.0433188478538775
-5.756299971326548
-0.6179435127430803
-5.647978661347404
-0.9706725737778832
-3.9760113923399683
-3.245970322676843
-6.6892913391912945
-4.209783061337228
-4.134472914745403
-3.601929482102444
-5.523212121614446
-4.470892693158807
-3.5347195019953523
-4.185629369779148
-2.2849482676236197
-4.7310552776413495
-5.494793657795127
-3.8723703349247764
-6.680508456691344
-5.889014634989609
-2.6136893332783613
-5.671363407758423
-3.551293964208157
-5.309027505744879
-6.348779832407492
-1.1434064659821153
-5.153930567398298
-3.867623232887401
-0.6811398447559411
0.12908941543933644
-7.55273768092309
-5.412937179540649
-2.5271256951422307
-3.5320168013769915
-4.308449920100491
-3.9659355394095157
-2.946547198114058
-2.2099069078574423
-2.479950336000483
-3.5133521972331576
-3.269170846926799
-1.897597464921254
-3.485446235118421
-3.836249929809068
-2.4311367696549584
-3.854317052159759
-4.6228221940306256
-1.5610520132413515
-0.05309598361568563
-3.056062548558195
-4.2309577890051555
-1.6227145157472251
-6.3812455428153845
-4.098954386663721
0.18351597617201199
-2.6611194767345334
-4.60914452786054
-7.193997023644846
-4.270774759934865
-2.3500765770990473
-5.416298488689514
-3.2690475390002707
-4.919156429792086
-5.82769044176777
-1.773378244514283
-7.499675838984274
-2.7115526534358163
0.6811698020546271
-5.755213945904398
0.6216399209920955
-4.080182495231371
-0.9481242554276444
-3.7842009660558764
-7.4760980592941575
-5.573263586674663
-5.761123567028284
-0.7075878236280917
-4.495138740679223
-5.190915425807599
-4.886969355869537
-4.774735848826458
-3.7143986272324323
-4.956046826041423
-3.4918652126347323
-0.817215341579334
-0.4853160057817024
-3.9934730000292658
-3.1206657231945396
-1.9040645037373862
-1.3701807362015541
-2.615145970384288
-1.8303401403197745
-3.9861447815143274
0.9014649269019032
0.548609863894096
2.390308017030541
-4.283128446686709
1.6309584491566542
-2.252386905711014
-4.653444114015376
-1.674586708234942
-4.628968325127024
-0.7791323592026506
-2.95645367429219
-2.8517478396448834
-3.655547378263871
-3.4881489909920393
0.465290187693717
-1.9760763915378545
-0.44870932182030016
-2.9742685195009964
-5.841583505260715
2.5920863492616646
-0.43995054562135766
-0.8243152147630461
2.20291024613302
4.180290760312723
1.5196781525098957
-0.20532006934351388
1.53615171525635
-2.1333577821132264
2.440192262276936
-2.284895174077029
1.7079067499447684
0.25991459477701867
1.4589085867743778
-9.568275507498576
2.5534903893634326
6.660410993965561
2.613970578728348
0.853351412213739
-3.8815544893925096
-6.870615201307601
-4.437142997149116
1.438788876374228
-9.596815554869488
-2.285028365646529
0.9714815294699118
-6.676294129486778
-2.9923091216877817
-5.277893351460056
-3.417465366838696
-8.0707572814313
-9.067635869277995
-1.7995343270877762
-6.76758185230371
-0.6077955455961064
-7.6603383045567375
-4.53052911591025
-8.248209009818176
-3.0701458695202826
