-20.66748325951131
-35.56984985363676
-33.61013189649669
-31.348583894160736
-27.9763324806135
-28.50499267425338
-33.62019856392875
-32.21884186174925
-33.27145029068288
-18.235170868785943
-31.57131765886453
-30.729882849035146
-25.347121138399306
-23.452315865842507
-22.097285761830467
-27.622323634033886
-34.22826299757503
-21.985686814417363
-32.36007825571173
-31.069685241704352
-33.613204585131555
-34.95416371059003
-30.138346167442318
-32.57186888030109
-25.055704958711647
-22.821277307419013
-24.49356524414283
-25.59352782143234
-17.440283961485413
-34.76681493729474
-33.4331087952848
-15.858418109748147
-19.850300604416805
-22.249139187186675
-30.148780202095303
-36.091984623516815
-11.451062537580214
-35.73015716903946
-29.43947871382745
-27.367613569334807
-21.11415047481374
-29.611424551178263
-31.630987792802316
-20.578743860853784
-29.84238207817028
-25.601861199079323
-20.082944187137926
-29.098642960810174
-38.13584988482265
-30.04010459228212
-22.207738627010247
-29.893641137033413
-34.179505417119714
-22.2649186676909
-25.47744059037822
-23.822419727918636
-23.93352924874996
-32.829032983289544
-24.021881716532477
-27.804075347381158
-27.06652717973859
-33.8720447220118
-25.401108210050467
-23.324567070722225
-24.954408383207287
-25.822886304511087
-22.788404145392683
-35.04710888761954
-26.51236092731593
-30.47461196684143
-31.089336886117522
-28.399879931748316
-37.56982605670506
-17.50242455172385
-26.33683058320964
-30.64926238815569
-25.959274998775612
-33.07324662747243
-32.008904091132116
-30.51042994509384
-34.998123544516496
-26.15248828134927
-28.215194532193742
-27.151948445031323
-32.162648333123045
-27.072037820110257
-12.692683350687535
-26.129440306545
-22.490545995286908
-23.235386977489316
-21.927481133912973
-33.83654225447961
-28.003567031990897
-24.453070264631634
-34.388755113519984
-28.168630791576906
-32.25065880953732
-40.87734757535388
-21.774049967916458
-14.769578867643823
-16.282255156424966
-30.98646349834133
-24.14444048083018
-22.3991396049662
-24.108761420622145
-31.220663167761273
-21.84599483725598
-21.146647142641203
-29.19829344085224
-36.12112810079864
-29.317740073686867
-20.232567130248928
-29.35943171915844
-33.528901294883546
-31.504549929240433
-26.10136764729031
-21.312872934419232
-19.73090286392486
-33.46484774529736
-37.26147994265047
-30.599695749772724
-28.07923620211792
-22.548113090357543
-31.93869875624998
-21.309677665493794
-26.73273124502544
-28.4698891846526
-30.155245309187418
-29.122496128407008
-25.185017812409644
-25.277375519473665
-22.86509882487054
-29.13533480899739
-30.84135480292282
-26.686821479350026
-29.20139750429988
-30.918566597811864
-32.200495513566764
-29.857059957851078
-27.65717454361446
-21.354874939609196
-23.046177638212278
-23.72699563216432
-32.04844586435644
-27.563013720068355
-29.109070888171765
-29.333158581084646
-26.76769401282215
-20.101403026990226
-30.030893166374515
-30.590195413891987
-32.352408710163324
-30.077425426891885
-31.359474196253252
-31.334784636584267
-19.71988257544871
-31.707705159049844
-28.865839859889725
-28.744844851331074
-32.42790250393654
-30.95659873329768
-26.87965440032537
-39.274022029697846
-29.154643144678793
-24.33226006919844
-22.389034953100616
-19.764083733891628
-26.778040297725926
-19.19470578587734
-27.62630646859626
-22.35122025524177
-35.072621482716485
-22.53993960219802
-26.849915989626023
-24.582255651484534
-22.74644602131227
-28.756944796304058
-22.166116883676896
-15.932665839411296
-27.771221814164125
-31.242023273482367
-26.31518062455553
-28.801332558172742
-25.865554915234963
-36.848376628976965
-31.639621830528498
-25.625189773147042
-34.422099596589526
-38.5077403235339
-32.27829336876239
-28.717889283525224
-33.972286819489376
-24.4174217100242
-18.14512691369296
-27.535118571785993
-30.572145930610397
-27.081870792644573
-27.147548899711232
-33.845009033450765
-17.879723718465527
-13.37310371920691
-16.56627397137534
-28.50879561169669
-24.89620765657342
-21.858315368077868
-39.94462776893302
-25.93826446992731
-24.811966580540535
-30.808517651746982
-30.15849308616294
-31.42318871863818
-32.152309984576426
-26.11413915924578
-25.188505023971494
-27.922645820396802
-23.506742061532762
-27.06363817353366
-26.1268580953095
-33.1366370498948
-32.60357354494187
-30.279341581717482
-25.43221582616146
-31.084549144040146
-24.153284711114395
-23.469529997320656
-25.48684792344595
-22.038087252139896
-28.144808391095747
-26.303999118509246
-34.39874481785433
-28.34828235696724
-20.35514283299242
-23.907653646283
-19.334492744148047
-27.342240517596792
-22.390686733465202
-25.9738014144597
-25.595412343934306
-25.85782490339833
-17.465581449242613
-25.851841261377015
-32.3146592620935
-26.84990289211749
-28.82400267471896
-28.448622194561416
-32.932548167310635
-35.49974572409979
-27.489348433377977
-28.641878321050058
-24.015894930851076
-26.699422007262243
-21.95783794715406
-20.733736321967115
-24.082966357122885
-26.54125701945737
-28.606949889924852
-31.70408858804825
-29.068195110930905
-27.40434472031501
-28.503498447206127
-14.822218271971263
-20.074518435560066
-30.32736674786618
-26.698864984827264
-26.99363477218686
-32.763490925677004
-30.551859402867592
-37.28722541875012
-27.57121419980581
-30.62544278131741
-26.628609072710383
-24.97785959937181
-25.371847696071235
-32.814649579240054
-21.417315414812148
-27.385907225180446
-30.118283400550972
-29.04586156707169
-27.747273737066074
-14.93962075400659
-31.229127531974903
-22.088171486265654
-26.89059226683217
-26.589068313044905
-25.078751626641868
-34.930068539033556
-30.436339274176248
-22.160669649183262
-27.991338094353615
-23.78696641634682
-31.17377836165172
-34.81249132080907
-27.21618681506061
-27.387081330575462
-26.597532163279734
-27.861726800290494
-34.09568444811251
-25.096115972104847
-27.723271205772797
-27.373596339816487
-34.07156043745385
-28.301186712828077
-29.30248913308549
-36.08807371440146
-22.839207919629537
-35.16277187145623
-32.8920546512506
-23.479927217452587
-26.782105358414235
-24.127479557122957
-19.57822660121056
-23.500800588646634
-27.405526237673172
-27.447068355334824
-35.82987524055612
-30.056149821989976
-21.230144658595428
-29.81522349644107
-21.276995732442426
-33.61668372794197
-28.87118207790077
-25.10068203989804
-29.955239200471265
-25.990183983129626
-29.28949829382551
-33.56121416522052
-31.466898530267684
-32.902980016946685
-20.72984731488081
-28.057225802891864
-30.723018898518777
-36.30538144271154
-29.217549221688493
-31.625670191808148
-24.749361840056228
-30.23175785493066
-28.009785708802703
-33.11522672858642
-30.090665763582415
-28.101782934911704
-24.587733463213404
-28.160101635111676
-26.21513073062216
-30.481530075604347
-28.506999202047854
-29.444067854561865
-26.086468079550723
-29.751321757835367
-37.048705821655794
-31.900281074075444
-19.596603528279445
-31.004457012635978
-26.093412933965503
-20.272388055837965
-24.049418209832027
-25.357908235741256
-29.851440527489416
-23.314742962745317
-27.4567180712853
-23.569074433713244
-29.250671851297156
-30.69385120722506
-27.31341171627927
-26.53855034587619
-26.90731847452347
-28.333055694160677
-27.07728620706733
-33.79194489714781
-26.582200387310678
-21.920251447633667
-30.697852739745475
-30.302538865568806
-36.37417686808772
-11.29713086940082
-31.99056177796053
-27.79390638214415
-35.826981967518755
-27.099189241214173
-31.585756448851786
-26.674691195758125
-26.9827503949868
-31.01549436255105
-22.313947510253936
-21.56468141791128
-23.659534016457442
-34.09480132055734
-30.192379040743795
-32.24259568778636
-29.241433096599188
-35.43465657485231
-28.198149075263025
-32.83704476925939
-28.67795634110881
-34.39419493718685
-35.07878860564499
-26.033747817189138
-31.287588322971853
-32.410713741628
-29.47962441573151
-26.406341401126156
-23.655746351801362
-25.59010815210899
-22.502006778879636
-28.924597723651768
-31.607224627923785
-29.627562340832384
-14.370354710215487
-22.38301256014185
-27.520598847285584
-26.316793611522456
-23.60583624354441
-29.264993752589056
-33.16761370628052
-32.34790965192917
-24.73946872572938
-18.411250899824527
-28.99485742222747
-33.98115900932876
-21.323434101695803
-26.625712763641005
-25.457786798477066
-31.157966357500452
-37.02059914240026
-18.660822809286017
-30.04244407894234
-23.56456021376399
-19.62435582080594
-26.660907331522356
-26.235282726471873
-30.7245355915682
-28.79034370169754
-32.32925006711601
-19.957999084044854
-27.2155874428988
-33.98295728139681
-18.780535284971194
-18.001362307877905
-25.936751285486736
-26.673185007708373
-35.38648207952218
-26.66149962488556
-25.283534049726807
-23.284175992971868
-26.72721651347294
-25.393153667064794
-24.664835745525053
-35.398024028908004
-24.4602857539671
-27.67852798735648
-28.904126392239384
-25.74224358837306
-22.127705592326507
-26.148182318012367
-21.625681146929004
-24.16300240806472
-24.80765829583732
-26.511873145170973
-28.688209245766302
-31.03626413429291
-24.790824560232455
-33.320577502391295
-24.281366159557475
-29.246274154333072
-32.062167456162925
-27.88670610279408
-27.316913941736768
-28.23166048827685
-26.64150818035371
-31.12182502987085
-33.90819918077418
-31.6096687624972
-38.1433171731056
-22.065323821246754
-25.004611246466787
-21.105078615416872
-19.385469315897645
-16.253068385669557
-35.81390473467782
-26.86748654750123
-25.62324518370364
-28.7036771303604
-24.522844637921256
-27.55851272952605
-18.583696664608183
-32.26576835499439
-30.158801489524855
-29.849379282671972
-24.075309799141454
-28.919110078750474
-29.949209253113413
-31.09642636216878
-31.14896011627127
-19.558108181039813
-32.80452850984079
-31.489490386049063
-27.101286220980782
-29.21806523824607
-32.05603464355249
-31.895354071482007
-19.869456206108108
-16.852299295647125
-25.20365044811184
-17.942361993248532
-16.651169641686643
-23.117661363779426
-18.936913470424265
-28.43752978115251
-24.090767253904932
-26.652391138797803
-21.439812496582405
-29.168785485674917
-33.36703742184132
-27.11982024287174
-42.06932951879684
-24.914361374923175
-28.710869732644753
-24.124694570752304
-26.792037424542464
-23.30753892507336
-26.329988588751227
-38.15635772315805
-29.499862556280554
-32.178525957529985
-22.198626177419044
-29.072516904033012
-33.661597777500255
-30.082188540842896
-15.722470119404022
-27.201881793043732
-29.518841564880333
-32.07291751278148
-25.74685806921153
-23.054196042901285
-25.648493767569075
-22.900753547230522
-25.75505482424642
-25.1503818244654
-22.26663243032151
-30.21704974810594
-23.177596912037455
-24.902258656346074
-23.748027713443435
-18.240719454552128
-21.33459867544127
-24.70512142382956
-22.842328524769265
-20.10532177513727
-26.778304084554918
-28.61955964411176
-29.211794713722725
-27.754990952228653
-26.79726873128299
-37.479581138432344
-25.782828961768338
-32.28227208260783
-27.35897419614662
-32.90261924036833
-35.70339656050237
-17.486764421801606
-28.62497597570042
-20.053436951509937
-24.58028067041328
-27.016455197260637
-31.21340065369443
-25.85384552717607
-28.233320350209098
-30.91272565516609
-19.577169284351754
-27.20449442314137
-31.361357272758756
-20.746628546318295
-27.01622110599954
-32.520278145408355
-26.75768338880658
-32.18162063235707
-25.076300052167124
-22.438402763460374
-25.057432832555158
-29.223760987474172
-27.00044264682474
-24.054377461733313
-21.945461131453357
-33.31911061651046
-28.83584544789543
-26.11656559694806
-26.312286557310948
-35.36654341914354
-23.8372691383523
-24.92288488832216
-28.523088007710538
-22.165411689466318
-32.32328555745984
-27.417016221651583
-26.790697494149533
-25.545602712216393
-30.662099422840353
-24.622165860396002
-28.42193116468402
-18.019554470750577
-26.429959833091146
-18.07164513179741
-21.81887241618781
-29.035597666190625
-33.87939461426351
-18.04678644561823
-21.63750162077899
-30.2401891911517
-23.78155855704022
-22.346508359879884
-27.20579035115255
-29.7793042783347
-27.531634979015706
-26.597787895844228
-29.505081774473283
-22.82720599962498
-24.696263288331053
-15.552444189641278
-32.10357445126654
-27.471831622294854
-19.10705938072132
-28.321289165114898
-31.577897786178987
-24.35411066364728
-33.23394022443454
-28.058999235069443
-21.132740160403124
-15.081075215454554
-30.79595132875035
-31.07198965379131
-25.427385967349974
-22.896654407419422
-26.34035311892744
-27.850420222397254
-24.49861666149369
-21.215366780105093
-17.04912148103783
-24.915118537895765
-27.655249703389863
-28.810875855499546
-23.19521554610577
-33.12336090502348
-27.425342098577204
-26.891807660398673
-23.90258933327207
-24.956697007058686
-29.20459321519693
-20.411978178211164
-34.00363141396211
-21.888877959517437
-23.808994034220447
-27.716297866020426
-33.261901565721814
-28.169121502735777
-27.95188378366654
-24.84029547217306
-34.02077903825912
-26.342788546797756
-31.966234032781923
-34.59201870678988
-25.389963130254163
-34.59717359929896
-27.810732667594102
-26.54748884345648
-27.835766540274847
-25.1219001257871
-26.063654601242362
-33.70161215045618
-24.329034736244175
-20.659964560112307
-22.856499978316133
-25.742044625895605
-24.98676080421158
-20.107509049324694
-29.573781899614026
-21.329857471310792
-29.309630774356528
-26.299094183374386
-26.844184654271636
-34.973595390402316
-25.40050623840861
-28.941470626902216
-20.304582500582583
-28.5781588999343
-21.546795719475142
-29.38273820815648
-29.69993501990137
-37.484522564381265
-30.317640686307563
-32.81880633358597
-22.135937175412415
-26.132957678769138
-23.1070201391163
-24.53658257312223
-21.21432770138253
-22.539600689625065
-24.22526139366498
-22.89962403474059
-23.352513437131343
-35.016519641390516
-35.5070339228649
-21.9550939070862
-25.89771144411577
-21.19622259858538
-30.04565482672923
-25.028085201269572
-31.952774150439918
-29.893570971078336
-24.899137503989067
-28.77563651598422
-24.158005424483733
-24.40135021879609
-24.79578718237451
-27.478436965832223
-28.145383517833658
-22.817996333732594
-34.11781658931016
-24.6461650433697
-26.915081034712337
-26.748895517503925
-33.28351736816973
-30.96369331203386
-18.74555961028223
-25.47926449151217
-29.390616344606784
-11.37913810513595
-28.742250765414997
-27.510500526420422
-28.969528507961314
-23.03865209128042
-23.426903938075334
-21.712862325176282
-25.298204684953213
-28.05646594256075
-27.109021233059217
-15.51737443295223
-29.090286714569885
-27.427719761695876
-27.396341853794105
-26.656588723807566
-35.40556761423276
-29.2500643426566
-28.988959716661277
-29.14482891505118
-30.113140792846096
-24.268860200303287
-28.324281076987166
-24.658962916494517
-13.213073592303061
-32.8201376260598
-28.4413147301504
-34.66274613113509
-23.00233450113091
-35.40573915382402
-23.856847508128048
-25.303450268689968
-27.834243378869136
-22.89313768893528
-33.09945430145606
-21.595209840687552
-34.49143278732927
-29.6533262059698
-20.166907884002725
-32.50472489808618
-28.025581702378986
-11.57569279629405
-31.302692355227915
-29.84666404403919
-34.300572974641085
-20.855199372920925
-21.24856675168292
-31.47094325115824
-29.750047468272452
-23.225981129669762
-30.438902781169595
-29.17206903606926
-25.46679761410808
-31.641409727555548
-23.07084857457204
-28.654400544673425
-26.25575993433003
-32.81385261792293
-39.52058046136905
-36.48639272309292
-31.300881774969096
-37.64809662889058
-37.37177500947285
-20.949063614241407
-22.732141926034007
-20.32610886469176
-26.851575980244355
-29.422433601783954
-28.984186843488068
-30.991990500031008
-18.282215115334118
-36.739616019143085
-28.568595279598412
-22.544997040566592
-29.537786690344717
-29.99993942333728
-22.671117597190673
-37.336746053589614
-20.073043952454867
-31.483364821316826
-19.3389927686183
-22.1692262763854
-18.76432885287361
-32.03537199750939
-29.02163566118236
-37.18072465295493
-33.614642711111216
-25.72726853962359
-36.321453631977526
-26.862687344477038
-28.451814748022734
-28.621639916220673
-20.924044160104636
-31.059585836562754
-29.732670265938353
-23.402214677786887
-23.214824123598497
-21.08718305103676
-21.79429973253584
-25.32766375400199
-26.122736443943307
-22.12458701199452
-26.522580956446724
-21.056338110382725
-29.06605261151728
-34.59798902016853
-13.999415907049372
-29.86271426433658
-32.3480523470302
-30.173269497716696
-27.560464108156427
-17.56328520554657
-26.317105894533114
-21.46059634564641
-35.81889088076444
-18.9269340915424
-25.13946323273639
-34.757533055080366
-27.14720295942083
-25.37654874544043
-24.440129879633382
-26.099299663504056
-23.310885124432776
-21.586542620596866
-28.116126185968664
-28.177750470288537
-25.66891410582496
-30.361403253187525
-27.415969104541887
-32.28915667441037
-20.49863010084569
-33.826624784629885
-31.054719338294
-29.158884089039844
-37.07934650958962
-27.456622808068175
-28.195029608890152
-23.35772433820437
-22.256318834722812
-20.793647308419427
-30.873539396477398
-24.05460559343652
-24.772160481407525
-29.684915226729345
-21.5710756451211
-35.63293702425976
-21.229021427449375
-22.286578608386048
-28.37090723178592
-30.473847564512504
-23.029315117563115
-27.735550387460357
-33.39816373016248
-26.017219787898412
-31.837403373765575
-24.74949623089568
-23.953971614407678
-20.6406305463323
-22.54775213591207
-25.04103778125224
-36.00485184704347
-30.570543295434305
-31.486139773918808
-28.306793859140218
-33.540816456588885
-23.245767588873854
-32.63420859387413
-26.722813684235426
-34.19018348605284
-29.69104131537186
-32.82391185993409
-33.11678838609646
-29.942637618419184
-23.003978316681177
-22.608032278457767
-26.473469579726157
-26.827150122257613
-26.282204292470908
-34.3996033183859
-29.366603153341785
-29.011631154291706
-33.015661405591466
-30.047363711320056
-20.6419884245499
-29.14611707307558
-26.738713320943003
-25.6427525595547
-28.217795172001594
-25.478549741135538
-31.74213419007554
-20.266082549085564
-29.39879370335114
-22.593248584280584
-35.25175757267943
-30.45903355923417
-27.79306508352726
-28.680287127825277
-18.623957852109697
-32.9947805059977
-25.51789595910287
-19.794270146074584
-31.45382953710906
-29.90108423643698
-29.333409668036985
-23.000000587960695
-36.33763037685434
-37.18657937137836
-31.968608189560335
-22.790246842765406
-29.37381494799758
-28.07514265905637
-26.27685352221459
-20.096301435189545
-28.643868739397814
-32.7045253216575
-15.695896979683443
-29.691623901034514
-31.580244196226747
-33.937559548031
-32.16612727595786
-31.899607034784122
-32.501841223385355
-28.49155175413497
-31.139876589506354
-23.299596068729738
-27.461961155610187
-30.60375899778784
-31.40131259882524
-28.896527291404006
-31.816780818323238
-30.639908059943167
-24.24119831879187
-20.738635315039552
-20.46106354022103
-27.303531986531176
-22.834364723382798
-22.961547518893195
-20.25071583132608
-25.706873262477927
-29.980271367492605
-23.096682802353744
-25.81918098880874
-30.36498450350122
-37.221375405705174
-27.52615153705149
-35.59788092931845
-24.60226910564423
-31.53115243636637
-18.783785666474056
-21.310780712066297
-29.09294766773018
-21.2007184323027
-21.665697278381067
-27.93822076412411
-24.950675667381553
-23.57937630622982
-30.431900175498257
-34.28331749272152
-30.89806280352328
-34.45390528227744
-17.28588320660142
-23.067318222971863
-19.425177506363674
-23.021667958797913
-28.02640135367932
-36.60034282000624
-20.404863607880333
-27.64178544312442
-32.115411741920326
-27.213573257667445
-33.0340983399703
-29.127174090730474
-28.406459572429974
-28.078304235485874
-31.43764697922291
-20.271001638827926
-24.52173392744052
-25.87235000012337
-29.691267950856115
-27.60721681432114
-29.376179969151913
-19.467217878021025
-22.03108118335234
-24.210242395354662
-26.0026618493442
-23.98300092331486
-26.314917482963686
-33.894627480823324
-23.38140697967912
-28.557095858728957
-26.238535138753544
-35.497877352272866
-27.208418973889255
-28.70615234307273
-24.045820776712212
-27.61878911639308
-24.682811318229213
-21.94975868655193
-26.28762367887672
-29.042260059252463
-28.716022457799397
-30.198227340881544
-21.907655894027435
-29.16656969336893
-18.438881858599856
-22.54455315806262
-29.064141287633866
-20.294047322431567
-20.269063229516263
-24.518714159121345
-25.701140068829027
-22.50641948198608
-36.185009302894116
-25.69968984648029
-33.12107328180989
-22.15809152782837
-33.32992749646406
-32.36000406588009
-27.152856484205216
-22.174658959457517
-19.22993039485185
-17.447086434760735
-29.36925478316824
-18.077912009331015
-29.889139564802647
-30.414504298748604
-25.031458637243773
-26.41908019288406
-31.13293660019123
-34.67913989403322
-26.368092243434095
-37.07549741302653
-28.273241013344446
-26.13602014988485
-15.899440485756692
-16.62105280635545
-35.608903688989614
-29.159358562470103
-25.043573181058356
-39.32333411037027
-27.322960538522743
-35.42845471046292
-30.01935903910274
-30.886525272907313
-27.993612174194375
-27.78810657702404
-28.658461932991763
-26.190300509271253
-25.822539741436373
-36.26346051408703
-31.84688579466266
-34.52800822626637
-19.886316573113128
-20.36925782309499
-28.776605276119916
-28.896622422040487
-19.058692007283074
-24.247955362728177
-37.892012129809565
-23.564823408183557
-18.679662871349038
-23.667559314219524
-16.255441857146323
-28.23368043763596
-33.757402216686735
-20.395317334048826
-24.028791127475266
-20.557973340318163
-18.589796287709465
-27.669897660114295
-15.655284947444674
-25.17457649134454
-37.25889870480232
-24.473981583573977
-25.08696358025297
-28.461889278122857
-27.784130719078135
-29.508518573737412
-21.311976734171253
-33.832929778488904
-24.986869785148347
-27.333879706957177
-31.760147501653957
-28.923085454523402
-28.42734455648619
-34.61234884270361
-17.47513227012652
-30.58781883852312
-28.470213343214503
-25.54577712535639
-29.687557109877424
-26.88982324334676
-32.910880829951566
-22.948746302688193
-22.50942789938366
-24.610841378650164
-30.220474393747764
-25.23638855634625
-30.201906191595267
-33.461449361887034
-28.846610511939694
-34.41055208032912
-33.24111487869174
-37.387308728363486
-32.74282892413893
-32.37593101818206
-25.279916910967685
-25.975258492319384
-26.982664204901727
-21.916303302549565
-29.440664006229973
-32.64793930562416
-21.699260620873524
-23.909039657365625
-30.093394357018603
-26.50976506856738
-32.38853608999115
-24.445462772303358
-23.55051546495967
-25.525431013743194
-24.251918965070494
-25.94210268939346
-26.1662005447013
-24.747228753661673
-17.877926979376124
-23.772330272424675
-22.871170975596204
-33.880047557053786
-32.99691870385653
-30.111095061490452
-29.566441030673367
-29.241556086432777
-32.22025337165019
-21.427937881390555
-24.10955934661494
-25.787023359846625
-27.267043706049705
-26.42647470086859
-28.433654733476043
-24.538995790026306
-26.032234627797774
-29.814049800297568
-33.28833641806304
-35.37005396106852
-30.69903732881088
-26.10435217718328
-26.288811038583088
-26.687503235797465
-31.215910245943874
-34.00405348942432
-34.53719673637876
-33.77253355016088
-39.298220188531175
-35.345421558679305
-26.244574898686135
-32.47194200217897
-28.536169933972815
-28.951084149882966
-30.518886506817985
-34.634816010502654
-29.948876320945082
-24.492936419855297
-25.531518999862378
-25.869501283210866
-36.77808966268931
-23.667816532692903
-24.1837850654437
-33.140586907500676
-24.81902897042213
-33.3260444621258
-29.664367913860907
-20.238331421922958
-26.474534896969956
-33.70891831547291
-21.56079446865385
-28.95046285774719
-28.35122727607221
-25.264210509636495
-32.45737165945923
-30.771886564632
-29.74606606798956
-20.158688601301527
-28.062211629012936
-31.38811669344023
-35.34506970964273
-28.300050167297286
-32.23497096889707
-28.33904584530553
-24.340935578989075
-25.5801796357257
-29.290756626864123
-26.81145973816745
-29.487983161786627
-30.130092201374424
-29.655713454753496
-31.54834828893611
-24.43454634577413
-20.47859492901896
-23.07002169644668
-23.310849430865268
-37.791892532838936
-22.531691666663313
-25.707316401268947
-23.185868608385924
-22.297532424689415
-25.792741120066076
-30.188459177936608
-26.770554816888456
-31.295225288456805
-25.04830870507984
-27.72428118284408
-27.7951074915373
-29.55529107171945
-27.660207327119018
-18.37976273322586
-28.173785820110684
-20.321974200140595
-23.44881316636481
-33.47355568240005
-22.829214767785857
-30.887725183053753
-25.11431018280482
-25.207236062041012
-25.39512303940068
-26.84328424544387
-17.722740551558665
-26.22585351295701
-25.21864507486958
-30.789796341002386
-19.744113124247107
-21.971016039069344
-30.714854373562673
-28.28325957367874
-31.180213469528486
-31.437316093978975
-21.65844627228278
-26.79134693355705
-27.343569122499865
-33.387614689016026
-26.957472744714295
-25.0745274414066
-23.16366313181154
-19.938419666894923
-30.712320156282736
-36.85780287961414
-33.022592945103156
-35.61545345814624
-27.195969778057695
-31.83875791833885
-25.081571427338623
-24.28373335422117
-18.910935000412195
-28.091599433254807
-33.685700956873475
-29.359454734667857
-35.78745765376425
-34.756017671327925
-28.665912232253795
-18.598472898913847
-39.93130696111802
-30.863805357053373
-21.54612258625866
-29.042500927356752
-30.42971382645695
-25.692423360916113
-30.75460563188002
-34.39779683128248
-26.22605516997436
-27.852518359731413
-26.583431366143294
-32.11937368817999
-31.648405320135303
-21.95403924189786
-29.810752858525852
-28.84532847329706
-27.042944204609
-29.63977190042973
-31.946037341434952
-27.337813179149997
-24.444320027135895
-23.342805524723694
-25.24690155034587
-22.63631762353682
-20.34041383712534
-14.039175183143508
-24.860202704860097
-23.40777012889543
-37.88906175551301
-28.067130753727955
-15.516309816036244
-24.869614499944174
-29.652065474922402
-28.236502445898083
-25.219220017752015
-36.68228366016739
-36.520350560060024
-37.09806041210004
-30.36073854537962
-27.792139734350208
-27.871078088258507
-25.258528645754815
-28.987429536883546
-23.04997947576289
-25.039492829635833
-29.714535193804494
-32.15499216987706
-27.28239984817391
-34.109745577281416
-24.238870218592886
-31.542369656727644
-30.144418506620816
-28.19655787541967
-33.218423016225245
-38.635981573205726
-27.63059094673261
-29.655043797298255
-36.20982608118596
-24.94219477105149
-31.08090448566564
-24.83650987356902
-31.247920227756794
-18.77556141904178
-28.544612919876457
-32.221761988530005
-30.908532254962125
-28.47405634286947
-29.672859441153754
-32.17584246244171
-26.459111315178774
-31.16017558064744
-20.412143056805753
-30.026710443151146
-23.733409007399636
-29.436776813725558
-21.715184723913858
-23.840080615467503
-33.4094418718263
-40.801341052813626
-24.110106674963212
-35.56911140455673
-30.439440686017754
-31.974149303357805
-28.334172472807836
-28.237062845851547
-26.564889102561395
-28.667316320226448
-28.404401602379373
-25.096678675077115
-30.68170524155324
-26.45337828128094
-26.669392156308504
-35.98633081210205
-30.5629761129342
-20.376510809034706
-28.589400017456633
-23.657970392420097
-26.760463951356968
-25.44840326881062
-21.587959837134903
-32.26536449114583
-29.59073859169179
-25.690031173744526
-24.222491936137864
-18.769527174084928
-25.361674920999512
-21.333275770749854
-29.72384153855334
-31.89458340856803
-35.95712231549791
-32.673805865449765
-17.927132810623252
-22.98391535484738
-28.887439200963772
-31.60458948846015
-24.045040332183255
-30.613820978731532
-21.10950133827814
-34.35869684779158
-23.022089849052275
-28.362645619480737
-29.39998309632839
-28.568229734101315
-21.87665360090554
-24.892105611731598
-30.49963370162034
-23.71498193391949
-28.473539981712285
-30.845078770862287
-20.48948448076748
-25.578401484416204
-30.7159769824758
-30.906625659602078
-25.95587403299703
-28.731463361859007
-21.22048556609665
-17.590731497183807
-22.448302147614108
-28.75167459532309
-28.481041307028995
-27.384254889354132
-42.46124814284181
-26.865072662723037
-29.132598161873666
-35.37653925137923
-25.735943486010008
-30.16673583803588
-27.044527597801896
-26.52961713926575
-28.4369239717082
-35.008390587737566
-25.89140530454727
-28.34503550331226
-28.944408977493385
-22.846731955647382
-24.218372710116967
-31.017552629429687
-25.665427088688674
-27.615959649879088
-24.71609031255211
-29.675135894949957
-36.18683373445225
-19.84404824885732
-23.34374298626136
-30.193537578266454
-23.52804128146164
-19.872768214228998
-32.8771895154003
-21.986464277620314
-29.52467634955369
-29.29409043490141
-27.24054127397967
-28.835618264161543
-28.334323478449758
-24.489288889879987
-30.080077084032467
-26.376264380003924
-18.024233998424656
-24.81006306344323
-33.609726919215866
-29.536602341699584
-34.96503713743154
-34.308393195249124
-23.576425035324057
-24.723716967309528
-26.657707000118585
-18.666827308210735
-23.08513568359595
-33.29987883872816
-26.662132896343977
-23.214336368598758
-31.187452526958598
-29.524815231276335
-28.709690621205148
-33.55670979208091
-19.312153692289897
-19.271189447223378
-15.150559004489411
-29.316536512658118
-22.955111292914232
-17.122782931580552
-25.355252641060062
-23.94628919059135
-21.603546490920895
-24.880639409488968
-31.04771513365069
-20.894357258939223
-20.910322855109584
-31.120640990972568
-25.254829545020257
-29.727764905293963
-25.50569839744939
-23.0594082079437
-27.053691814007927
-28.869094305177804
-26.090642791463317
-30.791410455996647
-26.608934414649863
-32.03340390459274
-29.48653805726648
-35.51805414538285
-32.264678673499354
-21.153203185077594
-30.7333228422375
-23.895005384083554
-26.246374149711215
-30.407966122768457
-29.464959610324257
-20.567194148417222
-23.790918861863815
-31.754875016519705
-32.2205416824921
-29.211797905260255
-27.103076379727344
-24.49359368001384
-19.809625653180944
-24.29947994604359
-18.33741815740965
-23.243440939312592
-30.19426855068312
-37.46657817213966
-32.49712076969784
-31.25753926351653
-32.9653646175261
-28.25218922581397
-30.785834531452572
-25.34826767700544
-29.163745275931515
-19.3894314451602
-16.157662085315106
-24.393248547870474
-30.23308299147027
-26.091296831738298
-33.63696519729274
-27.225619108834383
-36.06079069897492
-27.641380069600853
-32.686879034578595
-35.40081857053989
-34.42664865112634
-26.63522815420336
-30.36734710626433
-23.089717185249814
-23.882839330617145
-34.951955674105015
-21.267778966906363
-25.003619216871975
-24.14826299251024
-26.828613575951344
-25.363938547915623
-24.112115983415265
-24.13475530233267
-21.697056896367926
-15.66948347918433
-26.423740237052936
-30.32800652262543
-31.767149769596926
-31.269456665825253
-30.69468377478436
-21.208788998314823
-28.290724649282517
-29.48619144294146
-29.737913553773637
-30.585191101661376
-25.759571678394543
-34.393723353090344
-35.87523276703568
-30.703773114662432
-18.314308091657253
-22.701809491572675
-30.204160299098053
-27.78363532273474
-20.07495952999122
-18.779860799891267
-26.56628867640317
-28.193516662656734
-27.97413108714122
-20.62905111916288
-35.38468810738766
-25.41190998756273
-35.876055267753124
-23.37097238938245
-26.86640742723756
-25.03536664837759
-24.30499559233634
-32.96287251555131
-22.577525254128766
-30.372742588698816
-23.21031478973576
-30.447785918915592
-22.350968327793183
-35.5002014932773
-31.722272166153665
-33.25916843621693
-31.153512691047474
-26.748159590291635
-21.411758150977157
-22.04722928873931
-20.997643843665607
-25.59182201505469
-27.201616339760875
-28.2819303049013
-30.946621722701558
-30.155567315655922
-31.703719250546243
-35.36677384105389
-28.634521981091247
-26.783420120837263
-30.371915709559694
-29.358000132824724
-34.6429017454264
-30.88488162363479
-25.96116971089826
-27.29350346800229
-25.68073675842262
-21.220924950288484
-32.52161742951767
-31.199682818478827
-28.72813118100406
-28.296634463754927
-28.235497615549626
-28.96426610913086
-27.692637996807587
-26.023153803627135
-24.40054432040281
-23.39387968665546
-18.712491381832603
-20.742105191701597
-37.09009999474284
-24.48157974734394
-33.22384922860253
-25.0428949426543
-23.857333677941906
-29.99989131038079
-26.500963714145797
-28.22076627453677
-27.522928013963153
-33.85170305787092
-31.474860575600182
-29.552509055181954
-23.63753090915117
-27.722092876157028
-25.615111007367705
-14.418654814554518
-23.752657100896123
-35.73773896369613
-33.892852707353924
-28.64024713427134
-33.552604646187824
-30.505828554224614
-25.356020273027283
-25.608615620464533
-33.9889635300518
-29.1843335886335
-26.719905013754765
-26.28957075754306
-28.957161030165455
-22.85456104422218
-31.722411117425168
-24.096071378366897
-25.1708155260152
-22.785083832037472
-30.266576333387732
-26.896537453279542
-32.06775075047042
-14.415821112595196
-21.80668345842573
-28.330198141407195
-27.97300376487364
-23.56307463169552
-31.584715572075147
-30.973459529014086
-27.99354256726853
-21.66399669089495
-27.637085566060918
-29.08338242724748
-28.302304634936423
-35.960788785655595
-19.365155735785898
-23.039510532791255
-26.67202615128728
-19.38453195253324
-24.33506753411147
-30.24349797492502
-30.134186487538663
-24.275517999062714
-35.030429109930864
-22.932438947736337
-31.828214916221665
-21.52166558641549
-20.05374966526538
-31.64245262136372
-19.678463611009697
-24.34037797229957
-24.464909463134127
-21.51510081775806
-30.265170396817588
-36.699848177084206
-25.96473335602259
-23.781714366293436
-22.680256904425388
-22.923554960924964
-32.996546391250426
-19.732433387107342
-25.057594117512615
-29.738146618844986
-28.26108201910793
-32.561208203233505
-23.101358069108645
-21.207916221038605
-33.79315542068839
-22.860028255620247
-21.344562803980693
-25.769788299115298
-28.465632757731775
-37.81404949592514
-30.467246411053246
-22.548012800215865
-30.51808378859506
-29.918024723040418
-21.336513719890135
-19.918364635231285
-24.791840774809728
-27.672375671577022
-32.49111017858254
-23.02320745635274
-24.68588091232977
-23.65943470061521
-27.476220421772993
-28.491836941820292
-32.14019482372008
-31.38539093774135
-34.62052911370681
-25.84265141353971
-25.326055378435367
-36.21365486026961
-29.941734721416612
-19.011081796841214
-29.81516190252423
-28.1878688813273
-27.408092688851454
-34.82976390400839
-22.461320950716054
-20.731679960581115
-31.46642829268548
-23.81974645319137
-27.19265879545231
-34.304186122651345
-25.28364403389636
-27.24425309799939
-25.467344951508107
-31.61406445572978
-34.54869484840026
-31.780704536083213
-34.09336544941273
-21.50160456877077
-28.4192816221375
-33.61540440911187
-33.08815382945902
-32.446345992834964
-23.58348649064994
-34.527361271281634
-28.82037278540076
-34.56703832868466
-28.695579711296265
-26.23516186990547
-28.44718308358699
-21.98810749206045
-18.092969970780135
-25.300047237318434
-21.583976308280953
-25.048073124907162
-23.8270589393518
-28.89003216018976
-17.67865199829153
-27.415118249282255
-32.446939555195954
-30.72689497693965
-26.80950619220122
-30.152541604003233
-28.97199828959441
-18.137557612730106
-27.499660065043297
-24.129934345283864
-18.657084969482195
-37.45216215885399
-28.64700385870184
-29.46146118231477
-29.059508379715957
-18.565154057341875
-15.9229608346619
-19.929468840649314
-20.35700126127736
-22.08685578844072
-32.420817358878054
-32.835846930304164
-30.865878592582348
-22.80672744455238
-25.967811188791593
-25.567562260325317
-28.41534157442186
-34.43469629446386
-24.041519653623006
-26.52157959977018
-31.30938043627838
-22.693544860649283
-20.260774021333653
-19.92424403881484
-26.821190040373274
-21.280323746163624
-24.48777884347726
-30.319331594173306
-20.03269560812022
-13.55377267955619
-20.432739352109273
-23.98155209618527
-15.637496218363523
-19.776794267701028
-26.078992070400687
-33.873642130045205
-23.564860016650734
-32.47402757334402
-28.64534575196825
-26.10080414373955
-26.667262340572385
-24.111898407709766
-31.912015847900616
-26.15760798278166
-36.51626723832591
-32.94698227422672
-22.729428135805946
-27.797711108656713
-28.841612095771836
-23.49532359343872
-28.919257142651595
-25.16890226271153
-23.755981328952643
-21.96131066138436
-18.78263490371962
-32.58315103762294
-20.965489174680563
-34.68455995751027
-34.606449988621044
-26.461858246381254
-30.88009940614252
-15.161635726040977
-29.74371678993262
-22.750304094354565
-20.1718054598778
-25.466029030136475
-23.939487992172076
-25.783081963059914
-22.96083182267507
-20.676850616581888
-23.150133130618524
-32.3403597996848
-19.811153650226935
-24.630824012556893
-23.29663738458523
-15.848754976048667
-37.7943336795734
-26.75137180071072
-26.37181457864228
-33.09264422565914
-16.977605595017632
-31.565102153912903
-24.188069335771424
-16.39844083844261
-30.063418599074584
-28.771589741884732
-28.834693402731084
-31.07565420197062
-20.8783437266655
-30.80789031882251
-23.387341240509425
-19.76917371684612
-33.5445268972389
-22.793517035418105
-19.465467070047474
-16.71696405201336
-22.79995265802802
-19.514058811513806
-28.802908570825295
-28.12941045096691
-34.1924711291567
-31.826258694701092
-25.67589170926839
-32.22152126147109
-27.030588531671356
-26.14709315670958
-24.273167012599682
-24.665874486800597
-32.99886018909054
-26.653483715357964
-18.159547735380876
-23.89886728141571
-29.153247369917608
-30.689058723883306
-34.28451007190515
-37.57673753468394
-23.075268107686114
-26.861120965929423
-19.717818894608495
-25.90965074099767
-22.10580575239741
-33.94396462374215
-29.19522346772354
-25.77872261540153
-22.164034861308274
-31.983691584467095
-26.55496348742263
-28.150365350445
-26.453112654370965
-33.49834043854857
-27.200945405771094
-32.17275423217178
-29.862227364276308
-30.447027154304628
-25.986911337223724
-19.645296966632404
-18.99378300510665
-28.384413525303984
-26.575314799041664
-17.624968949677076
-34.815539822414806
-38.88154399516358
-24.1957948234088
-36.38519114420546
-20.693581655343117
-33.40116476778719
-28.0944380220501
-30.90209429673502
-23.214489944834007
-28.8926319093011
-29.015286543041604
-26.915015283520553
-24.94889708652392
-31.588694671824165
-32.55260784020938
-24.118307478106352
-27.887460721444207
-21.167993090472343
-26.286914937651844
-28.808042879273692
-23.08516478012052
-22.850096578237896
-26.75140487338766
-28.555931141855687
-27.883428755173682
-28.023781730433207
-35.177593944572024
-32.27275502677092
-36.10662850758238
-31.071313830951162
-33.35120839194507
-32.309667655999846
-28.385735957085203
-29.930057592404044
-24.887028423815817
-24.398840798575332
-19.87427968891519
-32.87761773867339
-25.63629607218276
-31.5049116270275
-23.873055462850125
-27.42888919315517
-30.08625169324811
-26.167468679150005
-25.51273554251626
-23.574147802722386
-27.72554968929208
-33.45355867956866
-22.574464174908172
-24.6988417176278
-26.45247952488372
-34.654926343216715
-23.023963535308294
-33.080363890326694
-32.04249584163479
-26.17441166450932
-32.33173162511349
-28.576792621584502
-32.349806797305895
-30.726338018810363
-30.278465589854513
-32.28638238190308
-25.27974928180899
-20.367848737383216
-29.244077775399216
-24.122525940409485
-30.945439039281794
-29.970720215476817
-36.896963207038795
-26.085969643005384
-24.55517028540806
-29.497852424921554
-35.08779158727653
-21.121297457811306
-23.31199650165783
-32.85874958700969
-32.33005642289253
-30.582916233102623
-26.71486204988493
-26.930254423425282
-24.98494317654435
-21.03636808903868
-35.90023064625568
-33.36603828069509
-31.539711168775373
-31.092057387681486
-31.874262693247246
-18.696633811465027
-22.89784253829171
-26.031615729785536
-30.03310205560137
-31.654077509250406
-28.903159615161577
-33.68763301328671
-29.20097474391467
-25.899990392012327
-27.593013122932355
-32.573654633523546
-34.0440830289083
-22.79314776738748
-31.712260551556533
-27.14941865392207
-33.301872963550395
-21.28638887922004
-25.18587910545125
-31.34937332633153
-29.486558667109307
-31.83396520708375
-16.52283152095782
-28.06120251983836
-30.5399667699658
-29.63903812586597
-26.293680548920264
-28.00584958497449
-19.368377530054232
-21.723612403472238
-26.531642868319153
-31.072236013281696
-25.016022458231006
-30.472559640150493
-34.17484941847852
-30.566894350437877
-32.324594776096944
-34.50684101385711
-20.414736075346127
-31.77866505861589
-24.623283501968174
-36.27645276011906
-28.500103986807446
-27.310952772611678
-27.722144719148034
-26.960898654565597
-20.53075271834343
-27.31051747454545
-29.13455285148803
-19.606650639402652
-30.43548270436683
-34.45426017743647
-26.26468904015545
-26.856812563232396
-20.487064768270784
-19.93298776198793
-28.717999750522033
-25.79583809850698
-25.341015340788047
-12.966090347106235
-28.099005950065887
-27.626107082705698
-22.754214500710273
-24.81164889520933
-26.757200004186473
-31.436784371723636
-24.734887201580285
-30.1426890629398
-25.28569937078536
-23.808010149224145
-36.72586832616136
-31.201005936746462
-20.367045616907536
-36.74808771200727
-22.449614379603712
-25.021905285242255
-34.33545377459013
-26.656655303074608
-23.212046614791994
-33.13925743878972
-28.579121276408465
-28.72129422634427
-27.27027065511499
-22.366158759247472
-24.894783952336798
-27.06698309840732
-35.26622863400911
-29.991220781187323
-31.421855499315996
-26.715700204561816
-28.072625813180387
-24.96733892272262
-31.598889506578516
-32.820558723875735
-26.12897431982859
-28.25428157239962
-31.07115632253644
-31.87018378603944
-34.521097553104596
-24.848479787629188
-28.49908189771145
-30.31391966102101
-26.5395545272716
-33.831500159107485
-33.481150497175065
-29.56258920493448
-27.102916093720538
-22.486825780490438
-30.454267721275542
-22.870660424019167
-24.60867231132284
-20.649460661944687
-22.422329416937128
-19.631418057877774
-23.54688881628321
-34.88842258035428
-26.041426072915748
-24.38308914963231
-25.80527065301763
-37.88730564347532
-20.84480152692793
-28.01651238988572
-33.37840643980379
-27.372308691599066
-38.132763870144686
-36.812959028540334
-29.143235466102347
-24.47860608301704
-30.378862364682497
-23.98144978282511
-23.99631992471901
-16.662498494877347
-22.124863150783497
-12.506801316079947
-20.606314345087917
-30.72674749816101
-34.64659170540901
-34.006893670827395
-24.036919050155156
-24.846365502320715
-20.559056016964746
-25.909093772554225
-31.11441508273198
-21.62304554225194
-20.89003782853744
-20.70578829050808
-31.86925629591289
-24.138870768576258
-26.92160860111973
-27.92497965540679
-26.63141765750211
-28.355643857613558
-31.87634205350363
-35.125845836571905
-26.51956710249249
-22.16039713328989
-28.021026504334046
-22.7584583082059
-28.39650736397262
-27.48156832850838
-20.13964564251885
-29.86878339719595
-34.62128707703648
-22.55612486205869
-24.594074031310022
-21.529823907710696
-27.401596272913334
-23.05587778381512
-26.576107769188248
-24.17125700948877
-17.282425612290044
-18.397719974449195
-22.346842198151016
-25.409523976736484
-28.812787385246434
-27.35700863382871
-25.732477848631813
-29.417052269484344
-26.32956874803528
-28.218913404297517
-28.816620875578423
-31.84070688422439
-32.578418999639844
-34.893448432001456
-39.5463435477805
-36.28305687516459
-21.498069231040738
-27.394832770803397
-33.27343733242229
-25.504585172430986
-33.96844884764291
-25.452116459911736
-26.960749307636828
-25.679130911300483
-24.278490693431237
-23.131280227310665
-29.46641907771848
-25.226233153994635
-37.944105213221626
-36.716903418282826
-26.348607875847797
-31.087802908004264
-29.325879066143155
-30.715588645059995
-28.69881255268193
-25.339515735908076
-30.52825842209611
-26.227237547441902
-26.77966329436922
-23.221446032888664
-25.52842964398727
-31.580209614519486
-31.083690752038034
-31.40762966504652
-29.061139266577857
-18.635844609947004
-27.218601144465786
-23.814203711911986
-31.253973395259116
-26.73396419012123
-26.08334493264841
-24.22426864050486
-30.628509884273335
-33.88056839846597
-36.47465596927464
-31.400793383655163
-28.292128504379612
-31.418273967964502
-31.195372109092098
-25.000574536641437
-31.658260891983737
-24.529806121239723
-30.18498334715065
-22.551389701182224
-27.214576717695188
-17.717345259248518
-25.44806542742753
-20.30934452246582
-35.66796826817972
-22.692290077084202
-14.533051217374563
-20.80664856429127
-30.6542575076856
-26.89950287087857
-30.427081518050848
-27.202739274515913
-26.11198986527169
-30.088175255042245
-31.516639284483873
-29.265137772619013
-28.192086276280012
-32.56815683918795
-21.045045914381184
-30.458142212041885
-27.784399638138794
-34.3216002764113
-37.98966729334444
-30.553206276719877
-25.129405975909336
-27.517541037442832
-26.21181350116688
-34.18574237664572
-33.75354264090465
-17.69415803042051
-29.03781434486845
-31.92167296091921
-19.50840012623963
-24.247056670743575
-24.899490983150002
-26.62880223289998
-24.52848648289563
-37.238567060767465
-27.043333877681768
-24.480474436055957
-31.524584589160177
-22.3932097105374
-26.32179609372117
-26.115018698217494
-31.5995307201877
-33.30776539697399
-35.66051090442531
-29.945598301666582
-29.02008195737553
-26.583545103329897
-31.505250581793575
-30.192971157930785
-20.915872248979888
-23.37810297302871
-26.745254151138898
-22.541328613142607
-32.0761274939518
-34.86472627927677
-28.272369192153704
-20.186099849537698
-30.366297024756864
-20.1302913852469
-25.994737379772218
-26.41725832518215
-20.454424785750348
-30.829391736106803
-28.178384504791733
-32.81768189055191
-24.449755299534058
-25.425648060512664
-25.877278379942332
-29.462673636350832
-24.61762007444242
-36.374352421002875
-29.086431175138536
-22.474289100226237
-24.511916084495667
-26.133601231179327
-29.86743163392657
-30.01726609221351
-32.00721991590319
-22.14189824735911
-33.83364118023374
-28.147262240775653
-20.414872002845875
-26.384899705801164
-18.576144029444023
-28.34921815797366
-23.463496014164136
-21.43125189071923
-24.96769365572154
-22.393940065153
-17.69563316906381
-22.246142290328464
-28.576960671680116
-30.548190895913443
-28.793181588689713
-29.32615818265683
-27.67247164177222
-25.84680583498993
-36.61298598060145
-25.283513977637796
-31.578372310006742
-28.099473057914633
-28.639346693652616
-28.716320772876486
-19.993807503796102
-33.71238603078605
-29.803744464848187
-26.647286132348086
-37.563121249374475
-31.806367532324927
-31.15528082331209
-31.45542452608096
-21.39559511141139
-33.295367578388365
-24.059712489423557
-30.179962226049042
-27.323702027854303
-25.037836007413595
-26.4644754316114
-23.856608931233364
-33.14956129954839
-28.593617824008792
-29.11609640379372
-31.29843819861943
-24.89830752232022
-29.783083556430157
-39.00766257544746
-28.108085192429634
-29.641535598632565
-26.489367306606404
-30.30122175333964
-28.802045859027924
-34.08730023504279
-18.096208693344387
-26.373963823403056
-30.60674625448557
-27.49278245844505
-28.915373967718473
-24.075488391380112
-34.78796408945493
-27.61221312260784
-12.454398918275828
-15.256589170587858
-28.6059513740678
-27.826898877904597
-21.658081623957564
-17.53174411027298
-19.97451559709876
-35.50239262900489
-31.571729937056332
-25.759188634605856
-27.307721034564523
-30.267449429237473
-33.087942344852564
-35.128883422382486
-31.70496159719361
-37.732793339257675
-23.378436452369243
-23.918149512819433
-31.59585008307655
-19.841121770294187
-33.01136334558823
-24.562915480165707
-29.931640186810803
-29.429783454566667
-25.373660484106182
-17.808002508792143
-23.16911197450199
-23.00344210395868
-25.442663226113485
-28.755319689138524
-29.275918009050358
-31.1272472816418
-26.46242538867595
-34.73042544264315
-27.892890901872605
-29.30898738026027
-29.135599178989636
-28.93877728978982
-36.27257859510618
-32.67463684674253
-24.697172878962395
-36.725269412458324
-24.303292840812006
-30.54950336921813
-29.297197613711653
-28.295358897390727
-34.182364443492034
-31.512947790344477
-19.766041832459535
-21.744740198650213
-23.964490601899207
-28.495868202998533
-29.925708436506042
-33.55620222347349
-26.728176016296405
-35.41654931313936
-24.721189444798163
-28.076174227288956
-28.362986492050034
-24.286240633904598
-21.459921991741297
-12.235410634905499
-19.951214003889596
-30.560107183317527
-26.401348289270075
-35.56124039590485
-34.082421502816054
-26.2431105712093
-25.872782622522088
-24.18299508265089
-27.475281956111225
-29.931383767627544
-18.910543000734513
-25.550304057485537
-18.52321675822026
-34.19302705655724
-27.684930017631977
-19.668114150665794
-30.79779165324716
-34.39885237577491
-31.063696825814446
-32.66558404014649
-25.516881883634447
-32.304221752498265
-32.47538121678597
-28.473006113790152
-27.305862716026773
-29.657624397978346
-34.8048521937666
-25.702865577913265
-34.61120849794542
-30.659708785222513
-19.261579895521834
-25.753118700181943
-23.267631443928018
-24.032441394261603
-19.966925552309412
-16.498311795285744
-31.534068045637326
-21.295250681307873
-17.968268205579722
-19.33501875303702
-24.37409956911062
-19.161894940757783
-27.23282994529412
-28.764818391044397
-33.348828684638285
-29.579802227560684
-19.753444299756154
-36.412755165159766
-29.53277381416268
-31.259834734100647
-39.12981086253522
-31.760254490949052
-32.38455094199416
-23.77940554198689
-24.599560653439497
-26.9394848591295
-32.59613244333469
-33.47522095596224
-28.06291584608923
-21.384125732260706
-12.15502670641039
-16.95736297491735
-32.604737851061316
-21.729988814049218
-27.2001913109739
-17.512162076157686
-26.335316819375358
-20.438538339902117
-30.583904232439572
-32.13467912576367
-31.006933465643584
-28.53267465852776
-26.42488773320555
-31.70227077176208
-23.229841837325296
-28.19640978099783
-36.62395188164708
-29.04627223744135
-26.50728075063532
-20.67418002565195
-29.834367126387463
-30.612464772298665
-29.570768259353933
-28.18482612461736
-30.956593831826687
-31.719896116362754
-27.8612081307192
-25.54053241862887
-25.871489980087198
-32.55695689260918
-19.124097330605508
-19.593828770367047
-31.57118686423855
-31.454398654623716
-26.385198907687254
-32.04942470376881
-12.753037217308659
-30.932337849929592
-17.60403611432851
-18.771492753413668
-25.959757603425032
-25.50460277821623
-25.11280304659449
-32.82946394808645
-28.364795225993213
-17.800279232239944
-31.71040052137554
-28.01577758074099
-27.609188520631484
-19.57474804090992
-26.425640742313917
-25.034481233363387
-30.886871517527375
-32.76273066397539
-23.919459507153867
-39.30657330153398
-20.133205037898552
-22.731562029384634
-17.95360238442982
-27.266444453077227
-28.173050514524014
-30.07980885722037
-26.973405151451587
-27.326723150091645
-29.56323972733191
-26.673874108248395
-22.288483042551967
-30.56658020516383
-21.214103282001446
-30.914654548757774
-26.449347286153895
-23.701466164187437
-31.00458275228182
-23.032045652591805
-35.14182014179531
-22.921729465850483
-31.56602163265855
-21.766392144678598
-26.080027452650874
-24.336155020258868
-34.094906000757014
-31.12874089412108
-37.04239197551036
-33.35730499274763
-26.713442823817932
-21.552338837872234
-25.358737664739984
-27.862035043270694
-31.31415335961112
-29.297233662767297
-19.05569972794466
-24.635984333931482
-19.184255042463214
-30.46032899522739
-28.5762701677284
-26.101901148353168
-25.567194207475897
-35.75590745828839
-36.89406765791932
-29.531225637980025
-25.933150314518343
-28.163832783218727
-25.329205315079324
-24.196768318495607
-28.842538189881175
-24.108279681087772
-22.947872149183468
-29.366807461375256
-23.283876533959685
-24.14519063844533
-29.481007261615158
-37.35162187356718
-25.360863539694382
-31.98074470576941
-26.52558781562165
-28.577261611538237
-26.18502123788837
-22.472547691888145
-25.344560847958835
-26.085298284821704
-35.39175420157772
-31.516111863030464
-33.25506221145089
-26.941916862393395
-28.30532852581988
-24.442067115548195
-31.866298544127943
-30.510797680005467
-27.21731571278237
-32.25483510969671
-23.954307050201464
-27.210181698036386
-27.90571503061421
-33.34321288146726
-20.7932447162354
-11.317032669324657
-27.083777437784597
-24.091976282143392
-33.809083236625014
-26.276249471344748
-28.77728724652215
-14.197080402209654
-27.457138568965203
-18.274335064553306
-26.641749274443523
-33.508918199362824
-20.303682994353736
-27.291286560203257
-29.76879714080166
-24.415666703891354
-32.79892820394606
-29.10460159679687
-30.70424062892582
-34.74090589289176
-30.29719846604645
-20.19393299665323
-26.769229636725175
-29.436782088010418
-32.65512020144775
-35.11363319741405
-31.617791584159576
-21.356093534478127
-25.182151128545193
-29.99429273593026
-20.985178087022067
-27.85767624989244
-26.28499530594989
-22.913193262502965
-27.212634385747364
-21.49659981578982
-25.24938822798572
-22.24328079232415
-28.255626322650965
-32.12847122200334
-30.76359829990342
-28.896690571839088
-27.985344466453025
-20.854340510999165
-24.379349505157002
-31.79490986823174
-23.946105124859173
-24.98624858007598
-28.133700336062113
-25.372305411685623
-29.0518939873106
-35.316548645608314
-35.1876799796205
-20.49606412890245
-23.69807046508012
-26.23163972429733
-22.799494105530044
-20.855359684766775
-42.58655322377829
-28.802547636016463
-30.207748518436386
-28.87528668939985
-25.966643908938398
-25.53036280725332
-26.75929705266209
-36.85276589276363
-40.71407331820839
-23.922297891538157
-27.91819983085447
-24.9772280370411
-28.495145523534134
-33.33260240421269
-34.19731587783153
-32.23436322572171
-19.71431947772689
-19.707604076738583
-28.946366550182873
-19.973919995749817
-27.64200473846529
-25.651036998093318
-19.656795484524338
-29.108353750385728
-33.37591658788608
-29.402108786768416
-25.04549643865911
-27.1811714406913
-16.98359461236101
-32.00041987678638
-30.241140411558327
-32.0301950093413
-31.59350462193114
-26.448029659580314
-31.938522835081514
-28.06504012483581
-39.00156142777443
-25.400306789632452
-23.99694679278229
-23.77919321611632
-27.09325771968482
-27.240909945691563
-31.0253010837221
-22.735953691727026
-24.26470260362109
-33.1324207033671
-32.513093946692386
-33.69244282847893
-20.080251265855296
-21.458507836750265
-18.573620025238498
-21.8005342902415
-20.094750822441547
-23.267629237305066
-17.54257732875356
-26.331911990010994
-32.14796895372468
-23.3582042867276
-21.41366238062986
-27.91897558212296
-18.97106180149038
-25.786471177904744
-28.110715568696214
-23.927498211869732
-33.00400526195113
-30.7378908055949
-26.387348549410895
-23.744527684586167
-31.26830784218169
-25.122007805732167
-26.57434198912859
-29.653091605631595
-28.9251186038302
-25.901939671893246
-29.820462588183148
-24.353328269225244
-26.769200513395226
-34.27408974341761
-30.900892629445742
-27.35821562873018
-17.927119327573024
-29.85471241011105
-32.40391441762084
-27.828438805779626
-25.158880828357752
-19.883659688613314
-26.048927031707656
-18.746027063285876
-28.590239601337785
-33.763498732176565
-28.716156869333304
-32.995094429645164
-31.040957263522245
-24.569214519595395
-23.155332432253715
-24.92969041990134
-28.701437377059698
-32.88735454332238
-21.93883142313124
-22.979501829072383
-29.074360106885088
-36.44921743835359
-17.66336894284714
-29.659301339655304
-25.19990682382895
-24.689435874500326
-31.881699000207632
-16.476185587784016
-22.124670211313447
-28.65049161303114
-25.994347332865175
-26.089644018168435
-32.20573809835306
-17.88385929032083
-35.270995011031104
-27.256205653110992
-29.536967549290154
-33.03023866142335
-31.829971809712955
-15.763922776289728
-20.822427911428534
-25.513476049310086
-28.46552306795295
-24.19987274660736
-32.449410040443645
-32.92350792372901
-33.195743937358834
-27.718314766775983
-39.47293682963555
-16.045339153000505
-32.012600433593704
-19.10576711494384
-38.16174224751043
-29.130149544310804
-37.61027778660918
-25.628296728577578
-34.31686095403903
-29.930314620480864
-29.86397906143305
-33.151792122681684
-32.08412400361888
-20.649346137832907
-25.803050912200106
-20.518569054555307
-30.163339471145484
-28.43742379762011
-31.928169575846766
-33.59093368173112
-21.476128091402224
-25.889844458364962
-26.166449965354992
-31.364437565412906
-29.26973477503128
-15.263118882363791
-27.750147771292625
-28.545868099532253
-27.199854694734263
-22.724689791591302
-25.665319646537053
-32.50063204144816
-23.747844623088795
-29.480273452713732
-30.779844782761153
-25.14770841442946
-29.63950605066379
-30.954089111874886
-24.592743353792457
-18.87618857200787
-9.997107841555433
-26.252027898296465
-18.751796833158323
-25.662869820719465
-27.543035077023422
-20.079183522818376
-25.826334737225977
-24.24809109460745
-26.331081889731937
-27.741112931024205
-19.266297213420813
-28.759449462339123
-26.411299827116075
-23.49445623820598
-31.196672593475267
-32.51267773369149
-30.611548524699437
-24.316574893717682
-25.55105479295778
-23.892957386803328
-19.130021454327178
-22.32775913483637
-23.192357888304713
-35.0277996866522
-14.847612873538782
-21.554033760704858
-19.091436262948022
-19.76633710239313
-22.024839729180336
-18.570988306377743
-28.329875370371937
-23.212171444468684
-21.199381149545527
-28.71624516563982
-30.198315582210988
-29.57316223356396
-32.05104736876713
-31.41867927905774
-18.61720908818835
-30.357300638256763
-21.511806784807057
-33.31696588295304
-21.879739052563483
-16.024784881707937
-26.945811540999685
-24.646362464519903
-23.449347544492547
-26.433321593193746
-34.99447016778586
-30.237005620382842
-35.43104187834602
-29.136159164097414
-35.43609971879565
-32.44499667982187
-24.42105350523703
-34.93049055834183
-25.62809612886726
-26.34136979823205
-25.89759637117415
-30.688103960872937
-25.446455425845958
-29.546506399140373
-26.295447844888553
-34.890954658447555
-24.574427884491445
-26.49538020457436
-26.984894551340126
-32.46931541066318
-29.40707870462348
-29.054330896691397
-33.78829052994216
-29.925022529329272
-15.898824499531461
-18.971900319457564
-28.926428007679988
-33.072521924282995
-29.965147048188882
-28.983146419476718
-20.600901789136863
-27.321079631472934
-31.703617416700283
-20.035850481036732
-25.65424842411418
-30.37855671805388
-31.231957226986108
-32.3709193236528
-31.667193112513978
-26.17379765304419
-28.81024362991785
-32.580532224470225
-31.795406281625674
-20.23979319543252
-33.4134243285104
-18.673004691064257
-23.083386972472347
-32.595143757050444
-31.390475391606934
-30.107738440338373
-28.50588186339907
-28.926751083886394
-26.68595260159399
-16.644131470347652
-37.669258646208185
-30.97914143537261
-27.207425874989568
-28.143628896699653
-21.291491100014014
-27.651395546376506
-29.544844738865617
-28.56527826270662
-28.595188507666325
-24.210453101885086
-23.012041996976965
-26.975030160151196
-25.281784964977426
-37.42628106962505
-40.090073988912565
-23.43792488964155
-27.459962365485964
-26.666693402666322
-25.386204978034286
-34.59017565306742
-30.65460506417925
-26.718836374403086
-21.842352609557793
-26.028390255803913
-25.63615152848737
-32.03898869535768
-28.599293957382386
-24.13082853374769
-31.113752640556907
-30.9957085545433
-26.299007022158175
-18.13047582570542
-28.4175290486043
-28.58102945390707
-29.710540593152025
-31.817382794129458
-32.56569623945254
-30.033288132064296
-21.241745080316672
-27.270036910283494
-27.38099013610291
-36.06103911742336
-30.918366425405665
-29.126038865965004
-28.16963294889472
-20.869824934541253
-25.729925684155827
-32.20401743480045
-35.754409861791956
-31.893178166393035
-21.616013176797104
-28.669914891709357
-28.897032736418353
-25.668067076679115
-28.949088142286847
-19.983068545968074
-25.357175687899062
-23.701334127008003
-27.6144981135406
-27.410986764469015
-25.515623662798454
-24.857605441093796
-28.997096184673023
-27.923881973707942
-25.107872120706972
-24.564994747851
-29.066119248782677
-32.77221710047874
-23.820255838014397
-21.221845909418175
-21.901138823743675
-23.144604582443304
-27.519177961927188
-22.350038534002223
-28.47531914062595
-25.05708096805501
-22.200646762337296
-28.301734732464435
-26.701044337285552
-23.234512644862203
-30.43259393983373
-27.662080386107192
-16.222984733228866
-23.064648407533724
-22.45250937657668
-23.99044282657965
-25.031033342401418
-18.272709653971997
-24.321233184771668
-27.83803692919384
-24.820265918373675
-29.898091957129573
-26.564666458767864
-24.011126578022775
-28.47032409564543
-22.967428385663926
-30.039203888201556
-29.915542039229443
-18.476734488909642
-30.3005778744224
-35.60355859456267
-28.693414464584116
-28.28678145889002
-27.114278759216052
-39.45782887561774
-28.605143879194625
-23.36142492217264
-23.612094196965927
-36.90266885790179
-35.97082854950334
-31.192274621915733
-30.98887666720315
-24.918709941649947
-20.860635725394886
-24.223897976232372
-35.44526635753053
-15.709793927291361
-29.257812662931972
-33.421658729900514
-23.753928218373392
-26.79315092493959
-32.58955027634026
-31.168861280974284
-26.31890556071459
-19.48568785896021
-19.049928050637178
-16.506858041793706
-28.341961307016756
-26.229843219174285
-33.52314763052347
-29.559676054381477
-30.300960332724284
-26.22179206508793
-21.478110614552126
-26.005510181312157
-14.40595907479532
-33.72891798002682
-20.48620323313234
-26.46097127773345
-32.19176714306101
-19.883648280148698
-22.212848057221983
-21.762527952285968
-26.726364291150098
-25.108093610671737
-28.600835194312566
-30.087241685986136
-22.667069393272975
-27.431717991629483
-29.706553661900326
-27.547868029421593
-24.622475850554398
-28.007308680602385
-32.07317690167669
-25.343428200281437
-38.80182937480932
-28.678193774386706
-27.143146323212974
-23.576161957178254
-27.598704309924145
-19.42026353518652
-21.76205109704523
-26.951258680862153
-23.02485445283026
-32.09765102680272
-26.18743435728176
-35.13739677135563
-11.599030221429425
-18.850385042485662
-30.415814909240144
-24.00856543393099
-24.76745466050059
-27.22826455889521
-25.537206799475996
-24.888331296593087
-25.34631414617919
-30.76662776858908
-25.696574906093602
-29.15247753958363
-27.244612716800493
-32.56422128236388
-33.00775025706296
-23.44952890609371
-20.412115330141084
-26.94163829781678
-32.58960522623799
-29.81465302482781
-29.418224414752395
-29.794478817474715
-29.059536497624194
-28.052483020596235
-30.715113115203465
-33.593388677080966
-27.13998358285691
-20.182352354004635
-21.817573545716478
-15.445303299518663
-24.841152659783567
-25.12924659347452
-26.2647462336329
-35.69205772499478
-24.402095014471893
-33.23462377909419
-32.56636181617932
-34.603935971474236
-29.919003477132595
-34.02851503321276
-28.240085089486243
-27.23475598752449
-23.266870406488756
-28.777477391476694
-25.692633587518557
-27.793931258056332
-24.364143064967728
-30.97183355758122
-22.746388555477097
-27.168492681816268
-28.376091713554768
-34.00476557152441
-20.11704662971249
-32.17388047627227
-36.201271033142376
-26.970246854610046
-21.6360643692269
-33.188786023366895
-35.702981687576916
-18.588999069895635
-26.837187421391818
-25.14972385987266
-25.408844905665575
-24.5636553733137
-27.953877982109585
-32.89052739998779
-30.954917889291053
-28.677875852922647
-28.460348944396575
-31.534483005070626
-37.099436591851806
-31.62645881023237
-30.628510179932082
-31.837492809065253
-21.85213011718175
-26.689436632059966
-21.968002212861315
-32.1173516156705
-24.490889123440517
-30.1140199317069
-23.596675073272188
-26.130751518568438
-20.06211931000793
-25.08722043425209
-23.31860453177791
-18.948366989357257
-18.1568576023908
-23.116695234647665
-27.900828823480282
-17.616586688087004
-27.3795841826211
-36.21666379787939
-20.54104333660981
-28.845450825195577
-16.483834495232664
-27.28420989185873
-22.721156457857564
-21.623765605359914
-31.50184100298172
-18.816860617438014
-29.89981672420418
-17.69359768364056
-27.804584910321527
-30.140595001930066
-25.474507321405234
-26.474224436402473
-34.69193551498367
-30.27952576673087
-31.766614457677452
-23.25600241171218
-25.01062371315376
-33.841859198659236
-32.64616751415804
-22.48674880218681
-17.065818160496384
-24.480307421312126
-28.14477750620369
-29.79172162452251
-29.34610651738518
-22.520932068526836
-18.22989440951368
-24.360629265545427
-33.18370872997137
-27.71303691142058
-24.201175905231814
-24.26198917512283
-28.710809130894347
-24.39361999664816
-29.66899403336695
-27.199598002798915
-32.765198081468895
-16.307296013701755
-32.620802414865054
-29.890157275085425
-32.968783385120496
-26.688395780777807
-22.541862199839564
-27.006830700078208
-26.54505494353139
-20.354465343779324
-30.0485467823962
-31.33737157104718
-29.660401694615125
-25.34852632907893
-34.95082575669992
-30.707565060591293
-27.46522226178348
-29.96589896984768
-27.001147425132153
-30.54670651352614
-27.953466167625642
-25.140943444619413
-22.19141040294849
-17.975080938540668
-18.453273002491485
-16.33863691074959
-30.692461300753997
-30.011443585241835
-25.445550996770564
-32.79597977136841
-22.46779961779871
-31.20253940234379
-31.59151744781422
-30.33758560878993
-25.80639915037355
-27.132666154461923
-31.807306150242127
-27.053105922713108
-19.478824718118066
-29.06440819150808
-25.70512141822342
-26.33360304730813
-30.70455992808659
-28.89821654728585
-22.204129989526294
-29.691434555903257
-33.46706649014934
-24.474038589411368
-20.916062761049123
-37.000175510108875
-34.110888563556074
-31.050804432409976
-22.28480894694082
-28.134676939304505
-26.74605970751863
-25.795639235601907
-29.1217420370772
-30.885410787070754
-29.18678373184831
-24.25030845030919
-29.99335298217835
-27.850037331512844
-27.780827726097186
-21.7284999631322
-30.866337932976744
-12.54192442764473
-32.80662989070209
-27.27551701168162
-25.02124349218751
-27.975931528842914
-19.481495823482298
-27.404794060914504
-28.709140607468868
-22.82595686237179
-29.759107751896487
-28.25153324546655
-34.441430340463626
-29.50011298384249
-32.42129278061648
-33.6030822566854
-25.765222579530878
-33.30922172769558
-30.178168291107248
-20.951614739780354
-23.2064958423329
-23.794676604490007
-30.928435435044996
-28.623759773669562
-34.74285654755499
-28.788277658949973
-20.956760778789338
-28.24028771176534
-36.622153597422624
-31.854890849848818
-31.523990601424167
-28.45919578108724
-32.64806182733476
-24.111951852451398
-29.453900483781382
-21.35379284512061
-20.3713722438995
-33.489603505403736
-20.805762570858
-30.631973793433524
-27.689131710387116
-28.774141860070515
-19.890427445468273
-18.387146556991755
-21.31501236787975
-26.472838882250098
-37.78213292066259
-27.716798201128736
-21.177005474401078
-26.888753431892038
-21.438588711525163
-23.574989901234723
-30.102470599393076
-25.248931818917196
-26.332898131314852
-18.54205855041785
-36.0066528136657
-31.058686443059422
-37.51090228343509
-18.42296960870999
-20.089373040930404
-26.34993358161902
-33.865735359408916
-24.456722480462226
-28.92872967520723
-29.19106483755592
-31.72355045386611
-28.211000322782503
-22.510140787067236
-18.081878680336303
-30.231856550042203
-25.428144169291436
-24.895734459307732
-30.406335666947015
-22.628298132339886
-24.37880300595566
-20.830984578674574
-28.134777134957027
-30.20698453381373
-24.623274831630354
-28.279347084045455
-25.325649811935108
-31.15072578128697
-26.425761264422924
-24.398212462749974
-22.901945738756044
-19.738981730846916
-23.703474783308245
-25.572092550903125
-28.705322784656836
-30.281618218263922
-29.727207200209506
-26.548365374641456
-28.100172272578234
-27.93466658345348
-21.964207076627112
-30.713516884108575
-25.72683555716001
-29.71476588750754
-38.85545968803348
-25.13333737853864
-29.726698054697856
-17.425904998960718
-34.31097806060005
-34.06631260319095
-32.76868163454097
-14.887374433651782
-34.063123666172864
-25.53946676270306
-20.765200254261636
-28.245351657669246
-28.952350966761774
-26.05623063027928
-25.63904998967639
-14.49816233526731
-34.1352022163641
-22.224145464814963
-16.81508560824191
-29.536404472451412
-25.916747017117046
-26.251419414361564
-26.468757915346167
-25.051517463699604
-25.135443643532945
-29.87793742880394
-27.819697584627516
-32.60654730009742
-34.43208944459072
-26.818453329561873
-34.400874235046274
-20.962394603153854
-26.525488803012102
-22.426221058860136
-29.882167400285294
-25.964957513071912
-16.05130601934981
-28.26593217892148
-31.54686197079316
-29.395572370945303
-21.67351405497478
-28.481744901713554
-32.047129434757984
-21.38299695719624
-17.73731596606504
-35.215324398367805
-23.23669683752302
-37.65187304585848
-31.439907268688504
-25.579843570956218
-24.175635574472246
-26.5061403604572
-21.757967556184767
-17.7029451081696
-25.78528620383864
-17.198009903323094
-28.05444048282591
-24.275268660682173
-26.837387714526713
-28.382377229952887
-28.003106932915582
-18.491681802945198
-22.438100513134692
-19.879933003426547
-30.220817214390202
-28.639859240754234
-24.5409223407174
-26.909038234456936
-31.562101891443874
-29.590686731447793
-28.636762250099558
-26.04901236189542
-26.154720467045095
-29.57424108823227
-29.791603101507384
-28.646770091867882
-27.782507827443617
-25.47217405458144
-27.58101227400445
-26.833512653226876
-31.628737814921017
-18.780106025117515
-26.09054938666595
-36.185335160498674
-23.398599477816862
-29.24474998852296
-23.498745591143056
-30.85695137103292
-38.97016439115503
-27.424987954709408
-29.693825619594413
-28.772572144301055
-35.57074544661892
-21.088210872014145
-20.420210551435147
-25.435296546927255
-17.300417382701745
-25.270477325953244
-25.94478335998407
-32.06356869368357
-26.34133249999588
-22.240760101571137
-29.24387831314064
-36.41253982684134
-29.55644493336182
-35.684548016068625
-30.504842153119583
-21.507036849065248
-35.58365062579682
-37.937503652230845
-31.478596464528554
-26.5305719534548
-25.753796304552534
-41.71617412739371
-35.49419927117468
-20.354107618341125
-34.00293270436532
-21.967575488656358
-28.70748148205642
-28.07690695832938
-26.1775281828532
-27.039604888560795
-21.962296083095097
-17.40332665291912
-32.62239734787486
-26.898704604026364
-29.387315907308754
-28.016625824609235
-37.7028742677947
-24.544975425634576
-27.799342715837348
-24.513641811413777
-23.617661141647268
-28.603327267172304
-29.685861481209688
-32.77376273675475
-19.619641496358476
-32.32236112357062
-33.08811754381723
-18.954743525610876
-16.267976851945598
-28.71052563130722
-21.180444275727986
-27.08072215448749
-33.95971845903033
-34.07645076961657
-26.911344129058087
-28.89343875729061
-32.4047608471146
-31.69955161054287
-33.5861711949998
-21.79655100599554
-29.726733875088264
-18.47938948411077
-30.706870730977727
-24.29978203090687
-31.7626014283079
-29.76953253560822
-22.887773456931765
-29.408269483110914
-28.808189617577362
-34.11736483476701
-23.96290388268934
-26.019965016616634
-36.24757473167006
-21.426371490331032
-30.243524468652836
-36.79875114399119
-29.393273345997194
-33.595179413140016
-25.111513950533027
-26.02782178459693
-36.06343092365614
-30.52264141476592
-35.05105284282998
-35.528637405451306
-31.871533916344923
-27.220392678759485
-29.64073063357257
-34.46469418973621
-25.986685203502024
-25.56187360295301
-26.314587510213236
-25.984124969593836
-26.545259809755073
-23.64669274604097
-33.04656462071908
-33.69667673799086
-27.629428525382806
-33.71371646170415
-24.641083187265657
-28.356133877804055
-25.09700756705032
-26.839362654175652
-26.563957055596603
-25.481471390273015
-32.31317140481873
-25.09978165891721
-32.419054549410596
-26.206588519520764
-33.6430722862803
-30.778642282163986
-27.627869502757136
-31.615789563161798
-28.45952146964919
-33.74520775862787
-30.13946127325945
-33.131616012552975
-39.33257236259355
-31.13595752070735
-33.85919596322079
-37.79330018257244
-36.84928117007451
-34.549309026394006
-37.13201073920835
-33.188276860902796
-30.748929486212788
-30.97009410881828
-27.374863087164222
-27.57208325860131
-24.365176032871034
-24.5969829719552
-27.105131449411623
-29.85202369808909
-28.947218445464117
-21.934705480868814
-26.867626806715137
-32.603875899496046
-21.479056109574316
-27.961551901032692
-24.31678811874395
-26.683350394198868
-21.96568355868306
-33.40411661997951
-30.072529730483502
-37.14895941167569
-26.235520754462613
-23.026049965872623
-19.909144550387865
-16.419568921459614
-26.16700711053773
-38.3581334939638
-29.358103125317452
-30.159302609718807
-38.053375204316595
-29.576702530901805
-26.238288500400643
-35.26695109357531
-16.00922259393387
-22.8950014908512
-24.669415278970746
-35.05106474747104
-33.76710075453994
-16.32446656736217
-26.504939626456398
-38.28076498780571
-33.52144095621158
-29.389388338194298
-21.999291036598926
-23.193369438782483
-33.40308392707203
-24.699670699777112
-21.41225374228832
-26.582277586352422
-16.24883240027718
-13.672287425013238
-23.702597147906054
-13.081189866206252
-25.037423215351794
-16.959176092525027
-17.67749812360006
-32.43505053966802
-28.50061858601714
-35.316613425058286
-26.90216718450975
-19.216055974076163
-25.7768070884634
-26.860115213461235
-14.127393962867728
-24.733323306493233
-18.787615077770603
-31.63304288948559
-30.29974409352197
-25.466245682289976
-22.964043041998835
-24.671766503715588
-35.15274460344524
-21.80359288369381
-30.303028696654962
-25.849762750442558
-20.746088157772093
-25.778539780122703
-23.01516204474359
-34.85196025283228
-24.687277556000346
-24.437677802680657
-19.31284004014893
-21.750365104078377
-33.22344573907472
-18.270252770615894
-23.392731952765093
-24.842502600957943
-19.883338495106756
-28.795658307149424
-21.904286103311186
-25.53083876332053
-19.926328771363444
-28.772226984487467
-26.646158013602587
-19.528659169335935
-28.286695343946594
-32.4325191398977
-29.764784627569483
-30.430836238297402
-19.3499046621007
-31.772599281067123
-26.9029119019855
-25.84850475080656
-31.82341644583282
-29.097450235326544
-31.93792483208442
-29.97996955433895
-23.55524111314015
-27.99787260141987
-29.938995422132407
-25.590594143327046
-28.4645513352388
-39.06566473022504
-27.36076501327759
-24.159031201653285
-20.65500513854533
-21.44309348619863
-23.358644318001943
-30.394515708781867
-29.461330611685984
-22.83781507322057
-32.30689780528827
-35.69509789363201
-33.09585181629594
-20.79969160827217
-20.286720150854688
-13.41974663478831
-16.39563365197612
-19.668384770041563
-36.707576936251044
-33.701528569883465
-27.278677300350274
-27.225314069430205
-29.33930499984975
-26.38616568101657
-29.705369590653902
-27.720405120155434
-25.93090456879819
-20.579219144189267
-26.76185478492245
-35.70922245411254
-34.906906242637774
-27.05477328799487
-32.18003620314572
-29.014512483097135
-29.622973710524086
-31.273655898897477
-32.361850427421714
-31.150898155393016
-22.485039550053784
-37.12563400802781
-28.54706144238999
-25.660527718614325
-28.371759795696157
-13.642045049808289
-20.006908630187247
-34.3156846455599
-26.282037823211965
-25.867954746119125
-26.446114954553934
-20.860986702397362
-30.427303254254802
-26.966874672214907
-22.571327494117906
-25.477321598288736
-26.520089933158285
-31.25782554837589
-21.4076260182569
-31.005801094014863
-19.9268356106988
-23.014439729737056
-19.72654582429132
-23.795369177414422
-25.279129612318698
-32.13408924021973
-33.11864079512888
-31.584614994070915
-23.31938726580031
-24.59707756913199
-32.45464550000485
-32.231598544918626
-38.91748143400884
-26.379582420853744
-34.48433379282561
-31.61589615452573
-19.20800262095763
-26.260847006438603
-25.15168657217986
-23.890378526666165
-31.84758582361638
-32.32984265679392
-24.959187534144363
-28.41796729799566
-27.39674747505117
-27.383263137566423
-25.93610753409834
-29.68669668541269
-27.149275785911158
-34.6904613581637
-25.964304264538917
-35.00450671574216
-24.66139451873471
-39.956434574204245
-31.9038689256311
-30.266500964754595
