-1.3258089934208332
-0.8747919630124013
-1.2540062459300017
-1.0635652553826633
-1.2893196745761402
-1.1353191817337929
-1.1279498037822124
-1.2800419980295372
-1.152254973785146
-1.1126923838146818
-1.2064494815117819
-1.2071622570868479
-1.0115030324610914
-1.1982138759359577
-0.9425232741389402
-1.0413539081011718
-0.9530127028272866
-1.0574395007816317
-0.8778913164502489
-1.0614903962516713
-1.0848295983935305
-1.0053068950067756
-1.0704222085034583
-1.162020053449285
-0.741239032479995
-0.7815150168927255
-0.6119387619414824
-0.7903938843632182
-0.7203627756837104
-1.063019748726826
-0.8919217060017928
-0.8497156712731089
-1.095145979846325
-1.055864210837179
-0.9042062754321154
-1.2119520090658733
-1.1812605422392233
-1.209515923867875
-1.2093012421669505
-0.7903473551452023
-0.796987416532275
-1.0622877215501414
-1.1174672526042224
-0.9272405313517257
-1.1502337118450097
-1.2725062856371059
-1.1923245693134088
-1.0964430270562764
-0.6454846428237232
-0.6435044961632747
-0.9347275665681539
-1.0003400419459956
-0.6702526182649788
-1.1599936890736537
-0.7031356238514351
-0.915572963882409
-0.8776283627598724
-0.9239379415909963
-1.0029687384093717
-1.1519689976791958
-1.1554662408196448
-1.1176028849439998
-0.734064742689376
-0.786229763267569
-0.7221144552574326
-0.6338024944804667
-0.7030920194659795
-1.079917610394016
-0.6513710927501561
-0.8104388008274764
-0.8221971905618813
-1.1892639603691155
-0.7380201922363795
-1.1819773913006035
-0.7779113399558424
-0.7546946096599279
-1.0721151683684373
-1.131038153552017
-0.7916887061278575
-0.9943629950634024
-0.9288416545650966
-0.9117236990360948
-0.6680507483276286
-0.8864832096632467
-1.187317617452412
-1.0254334037046244
-1.2248679614123419
-0.8879920326647455
-0.7905955594506355
-1.118925401449954
-0.6594692963268034
-0.9741868508278658
-0.8692155385688931
-1.0405659235212013
-0.5850025274257431
-1.1692924847821708
-0.8477628157644355
-0.9021771913999973
-1.1756565443981248
-1.2116860683466142
-1.1726214007945819
-1.0255958504617677
-0.9889603883838307
-0.7389015740101551
-1.18404749086718
-1.0130377862421813
-1.1026654851469913
-1.0772098491630238
-1.2839216142716627
-0.8184192045138593
-1.1561752885701866
-1.212583678997508
-0.8577045477480074
-0.9058462945951369
-0.8388739731265997
-1.0051715241029024
-1.1780562014515494
-1.123153189239823
-1.1063487406453276
-1.0440952839536894
-0.7230115952510876
-0.8485454297389566
-1.2228701306425975
-1.2067078833219622
-0.783091660892323
-0.827572122108235
-0.8879743666191975
-1.0141327766121428
-1.1393779358211684
-1.116716307237273
-0.8523490790830077
-0.7336922694945152
-0.5012892202336187
-0.7575437110325888
-0.8317211024955286
-0.7892694184647983
-0.6254863240944243
-0.6528899989967676
-1.2037760308695071
-1.1169381521509767
-0.9451930518221523
-1.3055221127376397
-1.1000855414470454
-1.0593627802547025
-0.9282867050299949
-1.082181702006598
-1.0403482397211612
-1.1012766901105193
-1.078800555548062
-0.8796328758347238
-0.9565059680471009
-0.8240853225608522
-0.9738672109708959
-1.2509917251640286
-1.1937100441659576
-1.177005033822688
-0.8681007870607912
-0.6968452131691834
-1.1881068145266152
-1.0640094098442447
-0.8559559524865938
-0.8281730650936526
-0.6294047051214738
-1.1560851694993983
-0.7078968727471255
-1.2077124126057794
-1.1287900448200279
-1.014638174689477
-1.1466712862142303
-0.9269294568500738
-0.9936829436042687
-0.882350557534026
-1.0107054834071236
-1.2041448266790433
-1.1458281761993738
-1.3150164654788719
-1.1896116717360183
-1.1397142087809804
-1.0638949136708664
-0.9861583916271861
-0.2577883424842906
-1.0943045991526898
-1.1196691026869354
-0.8679102922671307
-1.1140830479622437
-0.7785213047690536
-1.1054874711693048
-0.8610503338301126
-0.8200349823873312
-1.154770083386111
-1.0773748460945933
-1.1051768670766207
-0.9247430198635561
-1.0864248352212436
-0.7339282276424492
-0.9983556656295692
-0.5668018924080519
-0.5578678057300877
-0.5408211527355323
-0.7318718109010839
-0.751052789013753
-0.609130886257323
-1.0495628858228276
-0.7338066347946826
-1.0629872898882482
-1.1880369417224115
-1.1647804440227651
-1.274470567973697
-1.2917895052582362
-1.0711064834147273
-1.1561078948439412
-0.8124423131543025
-0.6296789846992886
-1.1360251769506315
-1.1509627258387096
-1.1507461214019439
-1.038037910581524
-0.8389844887363497
-0.9715871821493591
-1.25238691477702
-0.5565323425596319
-0.8688875095169915
-1.2787525544474547
-0.9456525832680168
-1.1842245139955552
-1.158557669764824
-1.1385403610008769
-1.084405923595487
-1.178211151595429
-0.9254925784663541
-1.2875826167897473
-1.3183625370845895
-0.6645653261775152
-0.8036333636004435
-1.1169115295379186
-0.5223385077964152
-0.7761658052158303
-0.725680978238693
-0.8733564796600608
-0.5573870881214511
-0.9353671894705257
-0.7381754028373511
-0.8872465292956779
-0.7169693793454954
-0.5146944363644291
-1.1517078144881183
-0.5570658331902298
-1.152398438198885
-1.019270889491325
-1.0950391604212846
-1.0004336451202402
-0.05035870527044102
-1.143545963243741
-0.9837468189170827
-1.0253366555678785
-1.1893076629133645
-1.1221867743433291
-1.1339347504737358
-1.1121082712776142
-1.1994754614667729
-1.1889243844093746
-1.1485172120603475
-0.9026086182302744
-1.1381363626338217
-0.7953839908304454
-0.8342449161173944
-1.267589010057076
-1.0278115470772635
-1.1174874512253257
-0.5656996016788954
-1.1054047726996448
-0.855897370415831
-0.8586394753151766
-1.080018387774937
-1.2433863650290675
-0.9361313038483926
-1.149249209847695
-1.2749855872529632
-0.6010759206432239
-0.9518654199225944
-0.9357488783372725
-0.2713091631513096
-1.0839054290152252
-1.2248464153367131
-1.1836645868158802
-0.5446694571097199
-0.9095302458036858
-0.9324813259362206
-0.7859857991001389
-0.9649673995644792
-1.099022164031203
-1.2165607974253696
-0.8741795537651638
-0.6570803052830975
-0.8949290251429156
-1.0897802662959977
-0.7721172233170044
-0.755112450061122
-1.1356608643678368
-0.7302192144964316
-0.7073293441736243
-0.9456335226278374
-0.7923443833133564
-0.594797313830523
-0.8157154022415364
-0.8726705189905779
-0.7947166890679299
-1.2288783351168682
-0.8749012558003707
-1.1807661264878024
-1.0228916729577595
-1.1767401480499422
-1.0861427014049163
-1.082856547222833
-1.042740527903806
-0.9988841840460114
-0.5902756404250166
-0.9051718936143326
-1.1405684394751352
-0.8630168694559884
-0.7873364701924396
-0.9048778622240388
-0.9492451906577054
-0.8961893955434002
-0.7907736183112251
-0.8724051649372546
-0.9911044373053908
-1.155011272812148
-0.848344091539211
-1.2398077282668003
-0.7425965713171687
-1.1173062428567822
-1.1713130303488068
-1.0286394237031447
-1.278718568016455
-1.1387019706280341
-0.7642972855414609
-0.9533488816790018
-0.6668095249544992
-0.8452308809165059
-1.17590845101804
-1.0115174969053715
-0.8869734487955834
-0.7983525101460353
-0.9933239897232103
-0.8301938574437664
-1.0855658153043826
-0.7898157002820386
-1.1673432972691018
-1.222923969152065
-1.2278464192794503
-1.004873616694168
-0.784814530833621
-1.0963349476099529
-0.6813566037752055
-1.4223899201985732
-0.8841271396903462
-1.1519555583160668
-1.2479445451700055
-0.8667204996267535
-1.0771912971738296
-1.2848187752349527
-1.042042619420972
-0.8409655757502505
-1.0828765416348782
-0.9990923933686401
-0.8439259460793257
-1.227030511332186
-1.138039870642961
-0.9411856175473539
-1.2838219577400836
-1.0711446335967572
-1.1064260983358671
-1.1437283233849385
-1.2251411809621862
-0.9424834080136937
-1.160211691303117
-0.9212985350216796
-1.1898419375905243
-0.9789478880089559
-0.7398818702910885
-0.7781745674596869
-0.8678849047016066
-1.0912643548418741
-0.8928378211474266
-1.0161774342115582
-0.9526739353213801
-0.7381318086795733
-0.7106266788096467
-0.863780279919514
-1.0462317425350323
-1.1852490282080854
-0.5760672382151661
-0.6549897633229127
-0.865300869834001
-0.8944535515465353
-1.232581351658145
-1.0404892107219506
-0.7417171787203328
-1.1416620960673118
-0.7579824548030876
-1.0897303052776806
-1.161327444886409
-1.1465323223167825
-0.7590999401608671
-0.9856197160529248
-1.0322697340884908
-0.8739495867703232
-0.6564133396882483
-0.7908247274233563
-0.6411979638307255
-1.04531109890704
-0.6236057126590997
-1.16630890282739
-0.6990795787100925
-0.8992914968580062
-0.706995634872763
-1.0563022125942483
-1.1086971967683026
-1.0224907839302435
-1.1813339297547751
-0.8438992385707079
-0.8031509917315945
-1.167257334757741
-0.6660378201034752
-1.007476392692798
-1.1808700783510024
-1.0820618352933262
-1.1604416836407452
-0.8807234826902276
-0.9149941187771301
-0.8802601762143942
-1.0870435992773682
-0.9970475314802746
-0.8913133077447326
-0.6584456676176855
-1.053096217317356
-0.9616559030649918
-0.7948056935923571
-1.2856762832546125
-0.8376203879197294
-1.0214527038005436
-0.8275421589510222
-1.0204885428708317
-1.1677083087375184
-1.1746224369021372
-1.1379146659991046
-1.091476309740781
-1.065500264095215
-0.6887010577831488
-1.0270011483812163
-1.0279004450539189
-0.886005542201312
-0.8192883851914348
-0.8877668281979778
-1.1982946152135934
-0.6732911719956676
-1.118321993921926
-1.162134200100601
-0.6459283921629189
-1.1352163055870976
-0.8898624869155645
-0.9431337208326355
-1.071702718734833
-1.0253490985245863
-1.0121008562572695
-0.909205961887437
-0.7334175693145198
-1.1452547573965643
-1.0007908500206204
-0.6491455833283143
-1.0444090752631419
-0.7337659591194847
-0.7035702577401779
-0.8232000374951517
-1.1490747799947065
-1.1003436803225117
-1.231240125900064
-1.1836136879904033
-1.1313417845461278
-0.933471836423036
-1.073757699809871
-0.9675585962312203
-0.8102323383415426
-0.8723897151308673
-1.2680904498035181
-1.1654708994402
-0.7424824208815769
-1.1279552579183425
-0.9649275356229304
-0.8431995358856063
-1.0957378096591601
-1.086955540437429
-1.1453560095914423
-1.3400942651540473
-0.6012111990732472
-0.8905819988585902
-1.1194046099767572
-0.9415163525641306
-0.8814627264155337
-0.7611322589683296
-1.3238042253778677
-0.6953178900728784
-1.1450413570975655
-1.0771676411689228
-0.7499787064517522
-1.2822946511850972
-1.1230295075556502
-0.9640294004455084
-1.0538064493183845
-0.7226666599729848
-0.9465889703483114
-0.8046418153678041
-1.0057490258006825
-1.3549618561217658
-1.253437878401646
-1.3606789905438257
-0.8476761034594676
-1.2015566933342694
-0.714191487889387
-0.8283724382031519
-0.5134499240097825
-0.8108961233203525
-1.2275274580647835
-1.2478289430095648
-1.2420696043342423
-0.8366500884044115
-0.7254712041847835
-0.6957007229235812
0.3830465766247865
-0.9349921112612913
-1.0657007551053024
-1.1425115317127672
-1.1570444598844873
-1.0936609720259827
-0.965034438022501
-1.1455959501578552
-1.2157196221155873
-0.9073609456347841
-1.2706805927794924
-0.8500715540217378
-0.7525253279161466
-0.8056218734804264
-1.1899907879477551
-0.8583298445077391
-0.9740776593844841
-0.6954302688144522
-0.871414968224389
-1.2139965574739051
-1.215575574086852
-1.159738550203418
-0.9327423580709004
-1.186767654514864
-1.0815348464853876
-1.126682965602212
-1.192790877459612
-1.1496015661260797
-0.979187982102359
-1.3596249196734485
-0.6783421857762644
-0.8118339628498132
-0.9346047786098959
-0.9352831263810544
-1.0512441715547112
-0.9684101753519551
-1.128653549722703
-1.1205739936916341
-1.0083336214444936
-1.183657723509848
-0.6706970444968788
-1.2676342855431877
-1.0432333484852032
-1.2352085902535619
-0.7706791147838444
-1.0846385137468695
-1.0548354790608498
-0.9602291427119608
-0.8448296885724556
-0.7102172950637784
-0.8269769770767268
-1.2501861590266825
-1.2396993594403862
-1.2585594607848576
-0.8953841617762831
-1.2149336010970466
-0.8179940897249827
-1.0641011134412601
-0.8441102597468405
-1.0779344553408379
-1.1725154430011395
-1.1323486069374291
-0.8943987392619079
-1.1921299929527982
-1.2537056020184603
-1.0296623338587079
-0.9821552042734845
-0.7102002662474983
-0.7047759927604671
-0.7049945398552563
-0.8404842489780872
-1.2409325383675038
-0.7932122768952906
-1.039559044090577
-1.2148375159449654
-0.6740010184081147
-0.600009637838537
-1.2228564884404642
-1.2639936745177383
-0.7507324889099735
-0.8413621696854314
-0.5852517363562446
-1.089812964647093
-0.6433675701798875
-0.7390194030340677
-1.2253669290714149
-0.7275503398498994
-0.9258976586866661
-1.1217399114144573
-1.0698433778989123
-1.1294563431686286
-0.39808261515310917
-1.1085830630679945
-0.8972336372894698
-1.0860336464291966
-0.8802799792114714
-0.745433115704198
-1.2932719406089364
-1.1239630387604007
-0.8601603795330605
-1.1670780874969455
-1.083950879414588
-1.3002970766898252
-0.8284675398056347
-1.0565241714622544
-0.9280622781920713
-0.9454041154476285
-1.1416799495046597
-1.076860071615284
-0.7717113650188572
-0.19425992786179824
-0.8832796176828039
-1.1658063320832295
-0.8640570999613431
-1.0872433897560438
-0.7450929351382676
-0.5939435217510081
-1.190374844212947
-0.9346412853349421
-0.8856312768105439
-1.144009464339119
-1.0002949911929002
-1.0445192106322343
-0.9397058942576366
-1.1150981700526061
-1.1197306287302653
-0.8282185197725408
-0.8897201799210862
-0.8881744869110451
-0.888041101381278
-0.38198708446902185
-1.0939857517632048
-1.1404595520192307
-1.2156933283347744
-1.1780229261468456
-0.957905137686169
-1.2590610259633195
-1.0054951716332035
-1.3828110234683668
-0.5968849928364187
-0.735190775393991
-0.6518875413704277
-1.176055935426434
-1.0361626974624225
-1.1439907515653263
-1.0025599701964039
-1.079420367542669
-1.2382182177627572
-1.116484250974074
-1.1769037998679204
-1.2169402047385598
-0.8719272776894453
-0.8864149300735689
-1.292371175159405
-1.1435992860810438
-1.301489740180313
-0.9914011613735424
-0.911825045086207
-1.1426972704018166
-0.9313618103938465
-1.2218456524287749
-0.70564772884826
-0.5890729252656397
-0.7445668323323865
-0.6742345659990154
-1.2487233398454056
-1.2941687536324018
-0.8011021903867743
-0.9501318367506347
-1.0537018774970723
-1.2449307685102826
-1.294361200144726
-0.9459319166259731
-0.5507117625327526
-0.886873513295887
-1.1139682781847238
-1.1594401914750272
-1.1365312224851847
-1.1621085199077419
-0.7033926784790142
-0.9831956709600674
-0.7019477377551332
-0.6867580836482151
-0.29826675978913564
-1.073751839076698
-0.696249870698038
-0.7370943552262652
-1.0172234694593085
-1.2169612963469119
-1.163923473253838
-1.2072987123852235
-0.7277442415443943
-1.2280279579919082
-0.4600835586519128
-1.0191718804139445
-0.8961747996813063
-1.096209197045208
-1.1751180245583768
-0.9170213310265773
-0.8956952313513248
-0.8144507584628692
-1.1997009762093016
-1.1204353895184287
-0.9335612136078153
-1.067162738320127
-1.0758336750814217
-0.8795527320736838
-1.2576790407952654
-1.2283345599201856
-1.1968156762569955
-1.1313662990243845
-1.0562133899156636
-1.2872687550974984
-1.0862615448280786
-1.311451807022074
-1.128790060198403
-1.0565994567229082
-1.1070835031625186
-1.130106339618203
-1.1901109459929424
-0.8695120550096817
-1.0095835721088942
-0.7372604656295991
-1.091835475228482
-1.3186939581699493
-0.815081406178111
-0.6907229632323272
-1.2549696257580272
-0.6362800480526548
-1.0862342870738757
-1.1397214502823354
-0.9835340469223981
-0.5578343976550854
-0.6685370736675478
-1.178915889368419
-0.9979176688149808
-0.9163114149262245
-1.1661769662277945
-0.7917157674572319
-1.2287263173142728
-0.9611850139051588
-1.311747172993196
-0.8735350496009711
-0.9023260863112564
-0.8587508147141951
-1.1324742053283683
-1.1236674414482402
-1.1202818912412045
-1.103342525478984
-1.0383188943903334
-0.8459188602677925
-0.7648625501339548
-0.8738306187923857
-1.1314038922519083
-1.1621011688081162
-1.0213249492602139
-0.9721610899637991
-1.1450083751885851
-1.075234566895785
-1.0425760175188314
-0.9542529946931465
-0.8939822104874251
-1.1338904164506172
-1.0572426863133126
-1.1167938111310896
-1.1184349959149018
-0.6397537493572734
-0.7211003863611685
-1.177379451600407
-0.716202699827623
-0.8695536212446214
-1.0559294220012212
-0.7079739148477626
-0.9963045864547955
-0.7968700526430583
-0.8869302414419864
-0.9960753271498204
-0.7362483362274639
-0.7073132331236353
-0.7038874419318019
-0.6013343780255249
-0.9908039548101728
-0.8843683907866684
-0.7170899263048995
-1.1795534991146859
-1.2135699488757248
-1.3163423837691353
-0.9470944284402691
-1.3448430485957334
-1.3608894380324394
-0.9884887401068045
-1.0136362096218576
-1.338086447968446
-0.89426367377392
-0.9662386167599603
-1.139694409647077
-1.0603755840689
-1.0047385687969201
-0.5812617073768456
-0.8566834027927709
-1.159173455488536
-1.2168430542671536
-0.9063116772212985
-0.9070774319270495
-1.1343931910014826
-1.1253138582627065
-1.2839434619999386
-0.9493097474832212
-0.8601399469042097
-0.648379327128866
-1.0908498935419382
-0.8290642002701613
-1.1523584409447725
-1.091907369575373
-0.6434307930508205
-1.0090084716714762
-1.004101317892711
-1.3818632521827814
-1.1377497210615168
-1.1565143632971568
-0.6208182848729432
-1.2093059075701686
-1.091989846038918
-0.8441627472618722
-1.0756654361779112
-1.0934540361826812
-0.8821308575687624
-1.1885885738653335
-0.8898415892538776
-1.12701704677389
-1.1512573326996307
-1.1763676191731969
-0.9396880939874517
-1.0560193403194935
-0.9867045267363033
-1.0058928738336552
-0.5114433802362864
-0.8361319261812126
-1.0622895339791965
-0.9432293563455275
-0.7840716750781014
-0.8603797619057598
-1.05334766775637
-0.7710512951721464
-0.7553435132202219
-0.6591652552871858
-0.8438915459875148
-0.9462398668184023
-1.051482330309003
-0.8413120935972657
-1.0638825406137127
-0.766595251648066
-1.0965595171356108
-0.857764485180822
-0.8721798067367668
-0.9832630702031406
-0.991077997318006
-0.971263374798331
-1.243667847225393
-1.0856135255382104
-0.47477648768968367
-1.117211392503374
-1.0625851117384797
-0.7183212119810942
-1.0121142483198404
-1.0845988271578533
-1.0591600968903396
-0.7467047500382152
-0.5727765337026594
-0.8891543404791346
-0.8173815191816107
-0.9131242811073448
-1.2040772141625495
-1.159213608808821
-0.8849510756889939
-0.6108040976702727
-0.7961096089656909
-0.9309976412437367
-0.8877886700849846
-0.6239517380554342
-0.8672579204260076
-0.9536452504739799
-1.1634962177279409
-1.0191710701286643
-1.2802810288553628
-1.1160561487332934
-1.1312071388887868
-0.9426361734495827
-0.7462002895647168
-0.9577200550096263
-0.8324085778198369
-1.0301100695857401
-1.0412852542044027
-1.0941889039370223
-0.8671352460249083
-0.8223576961733742
-0.7071454297987817
-0.8966553454295106
-1.1652976135612807
-0.7283553805531914
-0.7438119819111033
-0.6384604849903748
-1.1686760915869308
-1.1428078657815879
-1.355377141151203
-0.8077832734885123
-0.7765923904941044
-1.246256014443226
-1.081558729700929
-0.9431274237827018
-1.2321101453509666
-1.0787257397083037
-1.1616701618547047
-1.2379041592803766
-0.9590014847318838
-1.0758537923716283
-1.1888803906500118
-0.7860727852821194
-1.0063363097738345
-1.185506831343878
-1.1923478539344878
-0.6033997083541613
-0.9355140884170761
-1.2486135782078045
-1.0473713417534345
-0.8072335568879444
-1.0820326457807148
-0.9571243797416629
-0.8543577781636612
-1.1775680524099166
-1.1831654162861795
-0.8437591177468001
-0.9044032390849924
-1.0816901027451291
-1.1065855732945429
-0.9683568349044253
-0.853070380118668
-0.9696878253316913
-1.0041605216999778
-1.02328146797814
-1.1613464357351115
-1.0778702156917788
-0.6722177410790432
-1.3141603826998756
-0.7553012045509905
-1.288842424665179
-1.1672240307157584
-0.9246106373340386
-1.2243834447537647
-1.1878279018358557
-1.0003444059614717
-1.255475521222018
-1.0401905845485078
-0.9120076515733528
-1.1053362099418917
-1.1092061278686993
-1.1998613015405926
-0.9186803287820756
-1.2609176494828946
-1.0176843280733112
-1.2396574560823208
-0.991907402982278
-0.9174458228113769
-0.5515235794264073
-0.8298546501579649
-0.9067378421440978
-1.2024108442834573
-1.1047675743351073
-0.8794720886842884
-1.2595106513946694
-0.9312376530628563
-1.0932371644469945
-0.954875439941243
-1.125818457379432
-1.2561478304160287
-0.8845315592302121
-1.00642108021682
-0.836993171180557
-0.9708081196500503
-0.7245302245632241
-0.6240221103322517
-0.7850714784018616
-0.9564634692722602
-1.265126864970797
-0.9463796916312746
-0.9958547135626409
-0.7650397935845109
-0.9336750227290453
-1.1880755649156631
-0.9122861564306275
-0.7672412812040248
-1.1071343074731324
-1.1286249858463238
-1.0360402142448801
-1.1203159048925255
-1.1319557765831547
-0.9968463805521066
-1.208404248336088
-0.9187319978347104
-0.688964108953847
-1.211081445140375
-0.8114607920174676
-1.069337798090431
-1.1039657970277914
-1.0387495658249766
-0.9758391794136521
-0.9713275213132154
-1.213888776579658
-0.8547964566227996
-0.7753951290838171
-1.0032959229939198
-1.2193156924992612
-0.9794692655837471
-0.7910600755619585
-1.0348948983963695
-1.248228974357575
-1.069117360566292
-1.2489366741596422
-1.2228806858012389
-0.7917912894115042
-1.0086013858513272
-1.1798614315525795
-0.7569273925831778
-1.1779268335415225
-0.982930768518447
-0.7701151879676674
-1.1163826876217167
-1.0284850600254076
-0.6560668767545236
-0.8552729548054315
-0.5702084814184105
-1.0217566739087527
-0.6956258616182052
-1.084109446189395
-0.6778767449356788
-1.1250519778250732
-1.0847279528258356
-0.7113755657477808
-0.7624303211706632
-0.8789456459267538
-0.7103990294033316
-0.8197805679927243
-0.6320031824825801
-1.1547631801668456
-1.1678306523340523
-0.9129921041059558
-1.2865243771618928
-1.2410212756299646
-1.1962502557703392
-0.902524190653617
-0.7153409326035743
-0.8267011448826578
-0.8649026808224178
-1.1988540410321749
-0.8757767081632577
-1.1059242647974707
-1.216874067905276
-1.0821830051846006
-0.5605522938913583
-1.183417231135144
-1.138049324488856
-1.0380408741612006
-1.168885318084254
-1.092548776598923
-0.9084007813297419
-1.0666377475550821
-0.9716158622938293
-0.9009379907599095
-0.8656853052195531
-1.1731514358033
-1.1386537322797678
-0.9017674259136712
-0.12229995137795649
-1.1386420248045563
-0.8816119235878366
-1.1867654554779614
-0.6870976245069271
-1.158170334400933
-0.9477141351938122
-0.8148664057779009
-1.0936508595574932
-1.0073294410182432
-1.0954785135082374
-1.031031037273572
-0.49917538615174845
-0.5994608246994925
-0.974083135178754
-1.183321986132032
-0.9439022348748649
-0.7975619718108773
-0.8537510111388977
-0.708021834680163
-0.7400292409126368
-0.7493154658039503
-1.1205985500167333
-0.5865255397128224
-1.1396842033728705
-1.0122565362835192
-1.232784147597848
-1.1573793442833338
-1.2427874975535287
-0.7627119166800486
-0.6997772750624429
-1.0811610199060453
-1.0257587142747315
-0.855520736620413
-0.9110959710132259
-0.9521812740088474
-0.64953353414533
-1.133902496506833
-0.8649516655808083
-0.6175232496668432
-0.682022223470937
-1.05369568276632
-1.114352492104752
-0.779309405986566
-0.893627353027228
-1.1501977020539211
-1.0136487358394
-1.1710821626095944
-0.9780740323696204
-1.3373066820731538
-1.120054767347408
-1.08526914151272
-0.8493565647661635
-0.9859472723675674
-1.1955434566089373
-0.809734433136086
-1.0386242116726503
-1.1471134455051981
-1.008909789093438
-0.763668586292299
-0.8185402021672514
-1.1430786751113828
-0.8668758560311897
-0.6663246114039177
-1.1175372576878082
-1.1760621185583506
-0.8383033742065318
-1.3020191357417286
-1.1612557899086537
-0.6603188795408158
-0.8240399781517255
-1.096257454753989
-0.6399623594919246
-0.6229312473779488
-0.7409612614314283
-1.0334019257928388
-1.0172677207438903
-0.802616119689478
-0.7976437221641223
-1.0133755208266981
-0.7313852804355817
-1.0679581696804976
-1.2140948959568714
-1.1645903368602515
-1.1035677695027173
-1.1807108445445529
-1.1924544744285863
-1.0030737975666781
-1.0852389928224135
-0.9771991308341789
-1.3778918059106737
-1.000066530392439
-1.0842368769108413
-0.9724083810744674
-1.3485191392610192
-1.0387825972054654
-0.6222031146178993
-1.2029195042789274
-0.8667306144904929
-0.7439734001630602
-0.9868785285171784
-1.2139629142606576
-0.6531067959904032
-0.8526120303756815
-1.0635291089907035
-0.8554277075217723
-0.8865601485134306
-0.9365274926067526
-0.8939969745259325
-1.0981542514266394
-0.9664339627809037
-1.0214892286819541
-1.1332562983676948
-1.0987145334457562
-1.0734510484208415
-1.1200694086993925
-1.0464767425783914
-1.0869412729388994
-0.9723787731793727
-0.8156685125474314
-1.2855540865263084
-0.7735205782685036
-1.123711006290727
-1.1766312535195136
-0.6469907426780878
-1.0980170377068799
-1.2905968802780403
-1.1531403647768057
-1.2234208668959121
-0.5979300368075168
-0.8857029861075681
-0.7522954860598877
-0.9864422454198366
-1.3988328021508127
-1.0574495751445836
-0.9131264977986823
-1.3292737547898923
-1.210498101863653
-1.1257329689623508
-1.168552731640554
-0.9674012786945172
-0.9653939949219069
-0.9695138308945737
-0.8899229372580952
-1.0879777277704317
-1.0436119980925886
-1.117301831020996
-0.7594525343253585
-0.9054448568505243
-0.9856089446637748
-1.1550628928971463
-1.145635951087207
-1.1779403824500057
-1.1780090650637745
-0.7972372508632254
-0.731600033365882
-0.5646151717306132
-0.9742276963001861
-1.1258798672553871
-0.780246049068564
-1.0068867589818158
-0.9516652172640951
-1.0815798807707306
-1.2874237869929055
-0.6472371981948795
-0.7706655947183977
-1.0132744224078887
-1.0907517209190283
-0.8754961084640764
-1.1526336619259807
-1.1648855477582083
-1.2409305274759113
-1.1558912012403626
-1.146667013201386
-0.9525672383808628
-1.1331177659212368
-1.228792004300577
-1.1142340052085784
-0.7858999201462011
-1.0755788057715885
-1.0970980341718184
-0.9764826804287164
-0.6439925855845886
-1.0147986848969155
-0.6301377266577202
-0.9886546907430835
-0.8411817065424821
-1.285155295766024
-1.1796190756124538
-0.6459898698512195
-1.123801621620297
-1.092123340822126
-1.1491721202844012
-1.0544815793390363
-1.0450194818382046
-0.9436419237189756
-0.934241422783624
-1.192985526182455
-1.2119878669953261
-0.6977272268233262
-0.7426304512265309
-0.9573417738008319
-1.0970976055657473
-1.3090019695082105
-1.107427594694051
-1.1177456463188435
-0.8776601443449491
-0.8274419089501178
-1.071410073649298
-0.9865340785948469
-1.0601883491903745
-0.7495510000657629
-0.5830900899080617
-1.1037586996465214
-0.8734828105088412
-1.1578675829016252
-0.8671254143363619
-0.7682959413552897
-1.2493395026463456
-1.2052054643209418
-0.9545898599996717
-0.8817625785579487
-0.771867560890428
-0.8326745122992395
-1.0811155269270798
-1.1234375007649195
-1.1006600727996094
-1.336532261079389
-0.6450143404080575
-0.852178410054853
-0.8768390677125913
-1.1742251926230243
-1.1276506279926475
-0.9983406547931284
-1.3132516119388296
-1.2831087644805714
-1.0742759674950684
-0.9431838043081657
-1.1731011345076992
-0.8566240896951788
-1.0575726699703107
-0.640894635308269
-0.6763233619114036
-0.94821664840309
-0.9940117247168674
-0.7824673631473006
-1.1975132683725984
-1.0645898270345866
-1.1572996696616986
-0.6580824425547603
-0.3972616161653858
-0.6872464415130524
-0.8116287389450355
-1.2470806640901124
-1.1895192352939161
-1.0193445538472
-1.1002088097161498
-1.1730601091730737
-1.3415434634179793
-1.0965738932181404
-1.2019085087836772
-1.2597477874948342
-1.1270386096071106
-0.988602440500375
-0.7121607289093462
-0.8342607039601637
-1.1600207303203651
-1.165510463178965
-0.9368379936008641
-1.1120464622890283
-1.1112983518473167
-1.1251663762608648
-1.1877884165358243
-0.7059221195629434
-1.059178620017873
-1.1581631750948886
-1.160255986548818
-0.9774927764346496
-1.1761386009958323
-0.8738048312531856
-0.7322287470281448
-1.1000617675121778
-1.26717417165769
0.4754655166718465
-1.140268832358928
-0.8277199700203257
-1.161444606667394
-0.6976481692718736
-1.2001048648320236
-0.9495593569893086
-1.1836551603305425
-0.9188917631657656
-1.11501116010858
-0.8076462589364884
-0.7644091041367791
-0.8532410651112208
-1.2211042843081708
-1.2251104983425902
-0.6990859768132568
-0.6240420392033046
-0.7125995166765587
-0.9853766308105057
-0.95278331754302
-0.9361472971950019
-1.1368535425730883
-1.0174889111874175
-0.9577168459240445
-0.982715981278445
-1.2338033283685965
-1.0498587787113616
-1.1119835725630716
-1.1406462666853974
-0.8094503398480025
-1.2023272664267664
-1.0567496352129315
-1.1863988741368243
-1.0708122503386237
-1.1511166668048318
-1.2011678391752378
-1.156437972711303
-0.9125752480581342
-0.7569301985181747
-1.1920973100471604
-1.3166772808123899
-1.2205227042272009
-1.2683070459081591
-1.0510069252026837
-0.919172518540785
-1.030384248975035
-0.7908579985522329
-1.0092137415660543
-1.2092884303802678
-0.998875368264503
-1.0680444206068467
-1.150939629591594
-0.7716406359046815
-1.1062124924196137
-1.0672606116773786
-1.024054596823214
-0.8565045091337357
-1.223140216884501
-1.313103566816158
-0.8083305064467453
-0.7822867435688087
-0.6993926630716483
-1.2061993670910138
-1.0308172395796444
-1.1519331088678644
-1.1622652105179203
-1.1814128628559146
-0.8981515467372697
-0.9348919744110181
-0.8500216230868581
-1.271407009469483
-1.143222292236583
-0.8579737418005298
-0.9521206721329547
-1.1709726112048973
-1.126020471760756
-1.1223983322915294
-0.5316912482208471
-0.926935182111459
-1.012980118847601
-1.2177638978938172
-1.1920967017976882
-0.9383688834785103
-1.1023762591287436
-0.6980842787363942
-0.617639995899695
-1.1197261010509403
-0.8007328269492611
-1.3754190824566415
-0.914626799429278
-1.0885005450457903
-1.0689300045848746
-1.1960595209428737
-1.1966525904462098
-1.0687473297130548
-1.1665446102081598
-1.1658419005878122
-0.8017274937738752
-1.168143900593981
-1.1966670079688149
-1.1238379698058838
-0.9743479830185573
-0.9106689605157294
-1.2151448837387264
-1.255456826597621
-1.2408912848364828
-1.2244603121520368
-1.2228429635258165
-0.7809929516625657
-1.0050728622796312
-1.2118202429308187
-1.181735239053889
-1.167602949467441
-1.2227357009976205
-1.0985997493983872
-0.6757843574286012
-1.147795650824223
-0.5510430145055146
-1.0436917030186554
-0.8980638743882822
-1.1831808258024141
-0.7833224767011167
-0.77510431354295
-0.7361276136857557
-0.8635625489666766
-0.7668885263387505
-1.1694035473490973
-0.6112183293649824
-1.0942451840464167
-1.2058279302084765
-0.8663099479353671
-1.0485395771972508
-0.9956372795884525
-0.9578326019022121
-1.1612431094959197
-1.1513964545667752
-0.9495686934306032
-0.9538783700021705
-0.9645499597261575
-1.068914346721204
-1.0075243753222656
-1.2880161480250334
-1.199278512311286
-1.1088002232423873
-0.8363060794686791
-0.6393685689781978
-1.1469995270365902
-0.7823320900469699
-0.8326370220284255
-0.751399255169829
-1.1880690134450957
-1.138662277199134
-0.6921044513215575
-1.0412412536573246
-1.03853152539442
-0.9879771237780645
-1.2255158836054127
-1.2717060458216614
-1.195892172933534
-1.2715555772520062
-1.166362698366292
-1.3335824319500211
-1.1796883753182406
-0.9183022213603873
-1.1589386399258985
-0.6338207467842177
-0.62810208684627
-1.0265920305582878
-1.136185194902513
-1.0512359327177008
-1.2868260238531657
-1.129066954191311
-0.967190749059801
-1.098970721583644
-1.0631049798681982
-0.8747167995811578
-0.9531997235573206
-0.7414110516140172
-0.8874148478160581
-1.0714764162465769
-1.1411189428702087
-1.0726437989373148
-1.165179077239989
-0.8363305607184064
-1.1362814024859018
-1.2494303718216575
-1.0584895283394922
-1.0355484738042213
-1.1093996844328105
-1.1736197969382753
-1.1047424319494978
-1.2510314463582506
-0.759675987820786
-0.9008087984202174
-0.6648018640471977
-1.1915349800842623
-1.0848735734392934
-0.6979082040572978
-0.9271831959192315
-0.9602876602469091
-0.9135964477332801
-0.8275254451540378
-0.8082798967838067
-0.621480827484913
-0.8129063553150812
-0.6510423839239579
-0.8025093489771493
-1.1266478325076372
-0.7082123867337091
-0.8824330296796851
-0.5539847243109588
-0.5867760003171375
-0.6905923962815131
-1.1379314496127155
-1.0440716132283563
-1.2446016830100788
-1.02122858784315
-1.1133250941915158
-1.0866906401214942
-0.8582870138283826
-0.9747940051306876
-1.0982442055123967
-1.0299509858709661
-1.154294455062178
-1.1905827942787917
-1.078080259663437
-0.9538512593242363
-0.8979423871071066
-0.9132657279222037
-1.1683567264385262
-1.1852100977663924
-0.8903643391369557
-0.7589255817264354
-0.8614768205226955
-0.6154044030521497
-0.8804093668118108
-0.9428944721386632
-0.8443157634733784
-0.9080076111549154
-1.0912190663846002
-1.0208573072208407
-1.1272436039748037
-0.6657655868914087
-1.0296354533728849
-0.8717860586336542
-0.9812502648601036
-0.5325132869917493
-1.1779786510533048
-1.0469559587865773
-0.96767080598218
-1.0258132571956753
-1.0730130232799948
-1.1798311160085697
-1.0676617257023497
-1.0205358108321088
-1.2076982912181182
-1.1261473436807168
-1.1211161669701422
-1.0979822750639314
-1.1891869467666507
-1.293663141822484
-1.2853461800967856
-1.3357618876263029
-0.617816853000021
-0.5789060423304677
-0.7461410526688981
-0.7969120122175356
-0.7229155921428172
-0.9892016614368547
-0.6248095717863584
-0.9376387260842829
-1.0382498725002685
-1.1991581892039125
-0.6005518886591159
-1.1572348794249012
-0.6621650066916281
-0.5993272819636043
-0.717516267781553
-0.6387303257291659
-0.7224020843132168
-1.1603558431556582
-1.01048513253847
-1.2337013319530552
-0.9833449530801607
-1.099390044524726
-0.9341025714468024
-1.2684793543265094
-0.5398257711367609
-0.6614580332708172
-0.6255851192200349
-0.8853852170028772
-1.1379540922595681
-0.8748328188356056
-0.6693145147099449
-1.1537670898178845
-1.0683800361915867
-0.9208085754150729
-1.0668333867272295
-0.8460925369849651
-0.8276166861181629
-0.7396674139518703
-1.0231287401984552
-0.995934416644499
-1.0133483364227656
-1.156480595191147
-1.0963642979465638
-1.138908884098072
-1.0897835897479422
-1.1170981465847776
-0.6646364475150914
-0.9271904765762892
-1.0872736049411889
-1.166009806690712
-1.0398619644578386
-1.0857943272433652
-1.0031025353675693
-1.2631491012248035
-1.2383751719282112
-1.0028914151426624
-1.0388543918375424
-1.1536693502429765
-1.1853728020327206
-1.2325098390226619
-1.2065799284502037
-0.7163710301078778
-1.1565620905921696
-1.0260058094879392
-1.0472444699373515
-0.7893746701985023
-0.8632269659794527
-0.9573559434517069
-1.076879150680432
-0.6456838336454472
-0.7800630030560219
-0.9961565623437826
-0.70005936566072
-0.8118186230568452
-0.9768348033799525
-0.9572065338684091
-1.2292010266124225
-1.1848767531508793
-1.1493062247294503
-1.1762231851940081
-1.0936974620797602
-1.1336724673366472
-1.094516982677529
-0.10260691045203935
-1.2436410268365103
-1.1517032769458113
-1.0653395054901214
-1.1428790773265443
-0.7885907815754276
-1.0437571411884798
-0.9635470149874062
-0.7949556407579775
-1.0620615351488016
-1.1497093624843733
-0.8427675048690884
-1.0308667162087397
-0.9683958108828276
-0.8005596162983993
-0.9056854924717652
-1.1621066043387123
-1.0924946840890755
-1.1030110690266368
-0.7656835666060625
-1.0762213251603803
-0.8050417661129262
-0.7798885184268979
-0.9424339877279502
-0.6466800255667634
-1.2990139494385327
-1.298151910088985
-0.8244575433555553
-1.0862620274253376
-0.9514606769111505
-1.1194284378215418
-0.7848202792282502
-1.1682118158159696
-0.9703703656106172
-0.7132878381209091
-1.1583048550792752
-0.7377996250535817
-0.933077919732956
-0.8324864448177932
-1.2688198199627414
-1.1612833449726299
-1.1817771342618317
-1.1553553041554023
-1.018468603396446
-1.296331997348899
-1.0257008653182904
-1.185428327884472
-1.236574893611398
-1.2807125296879929
-0.7892290441106434
-0.8275429775477435
-0.8974436998670007
-0.8493063284436504
-0.9386163025456503
-0.9726984581011461
-0.9681180711372063
-1.176744262613938
-0.8284008355591832
-1.0151799872061953
-1.132871598080147
-1.2028929122704142
-0.8448742275741777
-1.1945311219224883
-1.1182924150051419
-0.8719183436205833
-0.8316046000697719
-1.0431943385906495
-0.8198279834629651
-0.921917299951417
-1.1835836414146792
-0.6810060159105941
-1.167455519801523
-0.7684844527486268
-0.5663014256062708
-0.7987041765216012
-0.8587836769447661
-1.1205188550874186
-1.1096062604973818
-1.1089949104095032
-1.0460664460934053
-0.6650324746363747
-0.8762121066671744
-1.0900841915821093
-0.7781801243280541
-1.3356669124168792
-0.797989822124748
-1.046116910774952
-1.104906273811583
-1.1918815988684746
-0.9523635899015629
-1.1498446022938067
-1.1732677155102116
-1.29386869238442
-1.1250361218543814
-0.9844198992792891
-0.5882677151723684
-1.2691574387503755
-0.5680433061905689
-1.1545015211890055
-1.0289234368688283
-0.8843404037296448
-0.69809914303613
-0.6116731528925754
-0.7644345003543754
-1.3254456114122062
-0.8686120558285219
-1.1142658494937985
-1.0173506988155914
-0.7478179752412059
-0.8663006919231186
-0.9556640475509616
-0.807313126793153
-0.8338061300995057
-1.168865260573873
-1.1150535304136966
-0.6414453537005455
-0.6291951750902282
-0.6216829122268634
-1.024154408490544
-0.8152512089749009
-0.7632500728602755
-1.115525293711842
-0.6677601495055588
-0.920690369196244
-1.1264107682212032
-0.7685282464644833
-0.7304136918220613
-0.9410704830143685
-1.1995911984738925
-1.0830970044071877
-1.2402763097501595
-0.7901587738012589
-1.000274015231061
-0.7011568403960768
-0.6140375483599084
-0.6982763609126498
-0.9281831061004108
-1.1872360400335495
-1.308540125574093
-0.6777866965895288
-0.9934414449866865
-0.9754877925762927
-1.103504924795025
-1.2150253970947102
-1.2015082203341492
-0.8647794179949638
-0.6188160439637505
-0.4676058269657148
-0.8026225314676453
-1.2669123976597658
-1.0325780063370222
-1.1892062769539442
-1.2066374885712654
-0.8202733317210222
-1.0828175425048083
-1.2231216057356227
-1.055532808958364
-1.1371452426627529
-1.18688831133857
-1.0273184850328485
-1.3495680522128937
-0.9688259758154637
-0.7778575762159117
-1.2051449683111015
-0.9210453549679425
-0.9285611478908636
-0.7401833494240526
-0.7454318863530399
-1.1900562129485746
-1.2378063037942997
-0.73093118341054
-1.1179544453375925
-0.7475709988932304
-0.8259553716986514
-0.8625704391001818
-0.8648779276636552
-1.1728851677469583
-0.9916735956855746
-0.6084062734658667
-1.1839379618268826
-0.6606454597433039
-0.6305799483992759
-0.5906660522731106
-0.8364902063543187
-1.3194656952067791
-0.880106070104106
-0.7426689098479561
-1.0123907783527735
-1.0104615776692374
-1.1778658630546055
-0.8064190633111445
-0.468018177693223
-1.0175328714832985
-1.153093457009704
-1.114548887479408
-1.0909115871933583
-0.9855031428286757
-1.1479619539191899
-1.192645963436594
-1.0836819100192188
-1.196694793618218
-0.9445664511494276
-0.7712936923150064
-1.061114897917101
-1.0490004482962936
-1.2058627025442301
-0.9617533065147242
-1.0244389887175125
-0.5285646692110367
-0.6003474994999002
-0.7285145795151722
-1.1737117027746007
-1.101591887713219
-1.0553717961003843
-0.9322905292922806
-1.2579325322929107
-1.1489081046585652
-1.039175107490961
-0.920097512566564
-0.8540793048113893
-1.074357196615334
-0.7682967489147982
-0.6587643064083242
-1.2293252371310817
-1.0690500010694888
-1.1219479699029258
-1.1565948616350792
-1.0435896095665262
-0.8789392926600402
-0.8602839385913795
-0.8960072849228636
-0.8091589413681826
-0.8309839380672742
-1.2792086153462452
-1.1636007338580001
-0.5741012008491193
-1.1036531778520189
-1.0967884911099464
-1.1088158328694795
-1.0384506188941514
-1.3400826553355976
-1.3366082930743024
-1.195054065769932
-1.2345575431556013
-0.9161496209073192
-1.320495076371391
-1.361312220583434
-1.0272997364705165
-0.9372205380374933
-0.6834790727496065
-0.5517608221474134
-1.060181254109143
-1.275079727482891
-1.1959655120649475
-1.0869733712104586
-1.069563525775534
-1.0817914116009095
-1.2150490304496644
-1.16962524661049
-0.8403834201484577
-0.6684984064399879
-0.708526960545997
-0.7356026469354365
-0.6833433420376829
-0.8618676673656263
-1.1257664788344108
-1.066077129221192
-1.1288795443272654
-0.7325550502367695
-1.156363634039095
-1.1268906814903752
-0.5110291184763556
-0.7619346829095315
-1.095815138133698
-1.058730003006271
-0.7144572000645371
-0.9404715449750726
-1.0416146275667524
-1.176117160126965
-1.2343398382739807
-0.6219350356297375
-1.1032289630125203
-1.2240432339504197
-1.2181048777724324
-1.029873597160085
-1.1797824070793284
-1.1568000108061998
-1.2164273225226083
-1.1597460386006575
-1.0992407715266879
-1.1508723889648738
-1.180506950131128
-1.1974432431106987
-0.7855711903966597
-1.0919268546101297
-0.8299862965916128
-0.6714788094499093
-0.9653277901594778
-0.7600946359151924
-0.5963341636995048
-0.9202802202388182
-1.0442195716442484
-0.862192941674331
-0.9594452409878734
-1.035008552018038
-1.1832947385890176
-1.1610880757206712
-0.8128730201325194
-0.6597474233337867
-1.0726715704772771
-0.9420220006983908
-1.0246243357092515
-1.1736073800934415
-1.0212654476302627
-0.9358676663602934
-0.6849081746750164
-1.2703864055616811
-0.848861090811779
-0.8820660796422333
-1.0911024594165932
-0.7198251172616029
-0.5752978117026964
-1.070828152810545
-1.0830548580706432
-1.0932009001622107
-1.095488026053319
-0.9134168260021864
-1.1468691746299988
-0.5640421191448175
-0.8284406673334141
-0.7561654741294922
-0.8216780066170837
-0.7893157567719031
-0.6653752454418536
-0.6956665120166913
-0.7622990526960127
-1.126539116832239
-1.1395703690564567
-0.722544386533921
-1.046947486785823
-1.0060132829981765
-1.0850191081132217
-0.8957416441195021
-0.7678984085189178
-0.683553475981765
-1.045721637726562
-1.1474966074286863
-1.0778933147997771
-1.0814841043716705
-0.796089524025603
-1.0168166277683355
-1.112735571551069
-1.201278837221186
-0.7784383654875964
-1.2081486075346513
-0.8259949960921447
-1.1541108619440026
-1.1310151796028032
-1.0867083533412967
-1.014735324294567
-1.1092825319365245
-1.1467698542614364
-0.7656713064806935
-0.9386522213876488
-0.832999856802127
-1.1501672551335413
-0.845476743716469
-0.9671612545496385
-0.6684925135462768
-1.0800865070832228
-1.036371051917589
-0.8395633330586458
-1.0236381229192304
-1.2618150227892806
-1.0382434101939806
-0.8601661480021573
-0.5621107458597611
-1.1807793005167562
-0.5846155541189957
-1.1249364907850408
-0.8925477426144961
-1.2562514820147554
-0.6051485679224664
-0.8955936018882535
-0.9619437130024717
-0.9827250891315545
-1.2890526267859284
-0.9172278736578463
-0.8736991653126766
-0.9710760548616888
-0.9285675032969455
-0.8924931244216208
-0.8725805610908747
-1.2507729573192512
-0.9498673083563776
-0.8634133248387685
-1.148303813228724
-0.8407107043063123
-1.0040522178271256
-1.2782407967184943
-0.9326675942089965
-1.0089145391150052
-1.2256520971235656
-0.9126943316731978
-0.7739994308454059
-0.6101326569861746
-0.7597909362917821
-1.1224888271742932
-1.2360423324303964
-0.8545170106895115
-0.6260350490943869
-0.9073522306331521
-0.8405240866574227
-1.0446453278815426
-1.096685581316141
-1.061231194346897
-0.7084140460135314
-0.6418765018446886
-0.8104166592608922
-0.8285374612889986
-1.1408843865370304
-1.2466967668981563
-1.017386285104306
-1.1086216876235697
-0.8840998738903071
-0.7105136578010471
-0.8148107119253046
-0.8404836363486288
-0.9932701592989045
-0.7848280745565808
-1.19888222590396
-1.2462323261962225
-1.0822552425923415
-0.8605265331640221
-0.8631907951634479
-1.0224489164867379
-1.2661047928723974
-1.0352472908280363
-1.0884228203268245
-0.8668885241190754
-1.1652005902101206
-1.0351350052583839
-0.9627682838182082
-1.177731910624097
-1.1694115043773505
-1.1346480939973032
-1.1818214223030865
-0.9097267943961478
-1.056258306381899
-1.1560781036415588
-0.8397864964350918
-0.7849868440588706
-1.0629624180081894
-1.0830036673111771
-1.2347222733265286
-1.1688878087897083
-0.9409303717261082
-1.2078134538689433
-1.185327941460074
-1.1887430538918444
-1.0944436300207399
-1.0442979755637933
-1.070546864784025
-1.1010965948086957
-1.0190304370427146
-1.092227032385259
-1.1823349041468534
-0.9931161788560496
-1.344819741768711
-0.8953805308435452
-1.1373269037992442
-0.9196963282232392
-1.2594564439896365
-0.9839167396403048
-1.2132309345552201
-1.107616520311474
-1.1196387207430312
-1.1496850725193146
-0.8887334802348262
-1.0800759629513097
-0.9719996470149223
-0.7025648039347021
-0.6494184835271923
-1.2025542720215052
-1.01850909131111
-1.154510208511997
-0.9506893908009629
-1.156593033085728
-0.7376081435687839
-0.8566680056886996
-0.9827207505040881
-0.6599056598386804
-0.6462459074147415
-1.0922789368616583
-0.8595026352426306
-1.1650955704092358
-0.6315337503444978
-0.8244583204613609
-1.0841218664938126
-1.1691595084436042
-0.8446198234567602
-0.9580275384639686
-1.2221008164902472
-0.8393383046661744
-1.039946976329451
-0.5325943085707245
-0.6217478649077356
-0.7364910013548067
-0.8664167899580413
-0.866208404905103
-1.1349898683624278
-1.1006340254733449
-0.9500115258395512
-0.7131184802119886
-0.6036054816302208
-0.5231653404995591
-1.1857186633290548
-1.0392688050336616
-0.8082865720524881
-1.307370629010936
-1.123261884022245
-1.0375236743172194
-0.9779955570351948
-1.1181256993048443
-0.9739103939647401
-0.883523592417304
-1.0348022360681715
-1.0630723579258468
-0.7115475866275186
-1.2315509275858625
-0.9800196657850713
-1.1221008400267465
-1.1154184716604258
-1.1816235289052868
-1.0541784782962897
-0.8773660980194686
-0.7769957149368569
-1.179907728489495
-1.0331439010529442
-0.5373871604770941
-1.210326291077733
-1.1487965490843928
-0.2012784127312757
-1.204846427581207
-1.2064123166124012
-1.1528917213815884
-1.001031073790749
-1.2814504097840365
-1.2613533576842948
-0.8951638356313757
-1.1891319461211056
-1.1566131023822837
-0.9845556419281972
-0.961860465208533
-0.8785613586452892
-1.0562661944369174
-0.8432656920432725
-0.9603477665528874
-1.1889345220770429
-1.2522957802302492
-1.3726732407443294
-1.2192976712275154
-1.1910984028709592
-0.9452253240106496
-0.8761976275868347
-0.943534282324085
-1.189157725433615
-1.0687521756272298
-1.134747525793737
-0.7896365543733017
-1.0753303935678349
-0.8532265673523651
-0.9144586027854101
-1.01890336884648
-1.1583222934973274
-1.1421899485492386
-0.713259507743319
-1.1715883990950133
-0.6989834812662107
-0.8889948965292889
-0.9147898344030491
-0.8683165258071621
-0.9165227711183362
-0.8644914451578248
-1.1158772388146148
-1.1055649572626618
-0.7259419482949203
-1.1451307626654208
-0.82031845978144
-0.8713400323688794
-1.1078083903447808
-0.7780640743523455
-1.170367392989774
-1.1051287748029226
-0.9362887174261372
-0.9783121740273752
-0.9662608740703996
-0.6450209124169196
-0.7636976940625895
-1.0454508300832022
-1.0396349609706588
-1.0552792645087519
-1.1570790014851837
-1.1437916230741714
-1.0867521539487945
-1.0695841502150092
-0.9252444799908226
-1.037243655067249
-1.1095676756371362
-1.080292573701951
-0.9565666212535942
-1.1443623105080132
-1.236614100403364
-1.152150633741972
-1.229719918243263
-1.1926138303859668
-0.9455851770898446
-1.0945109267356357
-1.2258911592443074
-0.9830057891118057
-0.8923455903026996
-1.1478143908953948
-0.9138272322791949
-0.8155543107296601
-1.1372630222867735
-1.120038943982271
-1.1263361979202933
-1.0558328686153597
-0.8534233790533265
-0.9355196596422877
-1.1639734175737384
-1.2071136301613379
-1.1877035009869765
-0.8175635795192372
-1.0677946345068114
-1.1354384604344614
-0.9224897201362516
-1.1276923819727156
-1.0274815318111783
-1.1049384803703504
-1.3350268379234203
-1.2065375445280226
-0.8087426519610621
-0.618420010021547
-0.6923612211806236
-0.7439052151440457
-0.8797075857989518
-1.2101765980918406
-0.8025495717326361
-0.9478686925282944
-1.2102811594595027
-1.1136008522138003
-1.287199219424032
-1.2495640554582144
-0.6664096829369067
-1.1124091959679527
-0.8142370643849867
-0.8799660025460808
-0.7684523043545824
-1.0804555891340522
-1.1595535705166402
-0.6650592145649163
-0.7212560279426762
-1.1523279788910799
-1.0346977741547803
-0.7587267173553451
-0.905060071731968
-1.0517193347764056
-0.9433336471911544
-0.9295401997326337
-1.3123497146207683
-1.2902905342910607
-1.112545315111243
-0.9643369055716935
-0.9677417697032911
-1.2751180402285245
-1.002426018329429
-1.0832130701499922
-0.7234243688768487
-0.6771558697604122
-0.5579229491961747
-1.0425472965659102
-1.0737945023225821
-0.6134082969486019
-0.7851962406621009
-0.8960420958773928
-1.1598911879005986
-1.0089677709369556
-0.7150488138854073
-0.8223100414421305
-0.8549988769555532
-0.9292380642108201
-0.8776914947823192
-0.9998552113308972
-0.6427982152541476
-0.8118794930550502
-0.6221387599149777
-1.2274076966994432
-0.6960298493387197
-1.1509938979952807
-1.1034459716745373
-0.9626162402993425
-1.172442089754409
-0.7811190868360999
-0.8182842493895516
-1.119774533067412
-0.9814386723969827
-0.8540528009665836
-0.6530784147415062
-1.1960290129622062
-0.5287448735199263
-1.1567323643925795
-0.8757625252085193
-1.039626969114601
-1.309918110183156
-0.6364391816905833
-1.0284113319450094
-0.8369578077425671
-1.107012640758257
-0.8489101274988814
-0.7291249629994544
-1.041690482920057
-1.2731016467017873
-0.891939505632655
-1.1336677581473988
-1.2038835430114416
-1.2059617476101967
-1.2139300581516332
-0.5892889542775591
-0.6202455329988693
-0.8149287550036455
-0.8781958348641036
-0.792511535450916
-1.1191800482224636
-1.0780646224866006
-1.0205280855933467
-0.5727933621871211
-0.823381783737183
-0.9922802743695831
-1.1790564950159859
-1.0860940272099913
-1.01024689823945
-0.6444433559869767
-1.0740289260372915
-0.8622457774176231
-0.8261891099823379
-1.1473979163481605
-0.8829177748368454
-1.0645686833249977
-1.1044930290983586
-0.9581711924963263
-0.9746415301667634
-0.6457362762787849
-0.7735697200906428
-0.7170147805807386
-1.2146245234681587
-0.612899478179935
-0.7941402032365361
-0.5112692988597082
-0.9041413399734851
-0.5902835790092845
-1.1329303813328642
-0.6387852215229624
-0.7768903722885074
-1.083027809696087
-0.964758173713574
-0.9280629464350134
-1.0412954852593268
-0.937670780377831
-1.101227615387163
-1.1343086805562814
-1.220347949194409
-0.9594750962208991
-1.0097602144994045
-0.8697850349349603
-1.049503107063319
-0.5650318975050553
-1.1539285671140813
-1.224588715059097
-0.8177922301493097
-1.1877440207154135
-1.3444959338982114
-1.288969789339653
-1.0265775520326088
-1.0570103040596295
-1.1165226983985779
-0.9917314839442336
-0.8338880535527018
-0.785961404079043
-0.8588506268722653
-0.8792641474954493
-0.8371073628903236
-0.8881332136824268
-0.6639822681804459
-1.081311069504519
-1.0265659211583749
-1.2699983221240494
-0.8920414051735568
-0.6434908133010621
-1.1884429662605027
-1.2119135060577224
-1.1242437822220404
-1.2652509639285474
-1.2724137442312873
-1.3064485425809476
-1.1317903659674144
-0.6038793446303725
-0.9617631497102868
-1.0800594503609924
-0.8976963819515004
-1.1282745414855917
-1.165337472540354
-0.9749815659877392
-0.9851252519513067
-1.1904959877281391
-0.8742781145399694
-0.6459522054749335
-0.565294470249622
-0.8589792347084484
-1.1418381680988445
-1.2371934719407227
-0.7905185079948515
-0.7064762615739799
-1.1026951059761028
-1.1550640535995713
-1.0924538147655305
-1.1879077197545007
-0.9400985522593303
-1.2343785566068484
-1.2581167715588855
-0.8346746293876585
-0.6372854746095596
-1.2299609821638637
-0.7023232400800212
-1.2275106290886983
-1.219458679318902
-1.1815475739343528
-0.6500481560817799
-0.9717555164448312
-0.6791077868771815
-0.9429364040313556
-1.088946030464294
-1.221174577492746
-1.141607522022889
-0.942774468480875
-1.1495168338215855
-0.9747544917205876
-1.278322342886591
-1.1205795902111038
-1.220722707779581
-1.0187723218348517
-0.9715491922560713
-1.1931749242451628
-1.1902747830866434
-0.5817881362151471
-0.7620119076295985
-1.0328934390461584
-0.6126287772773293
-0.7464314020689101
-1.0437653223792986
-0.6474911460441118
-0.8514947548348403
-0.9185423071009248
-0.635437222188042
-1.0975632048891002
-1.003677593999209
-1.001545126554865
-1.0545681581914061
-1.1919208476490977
-0.9961587493294576
-0.27649041420265913
-1.0900847023200753
-1.0346866828747718
-0.8669583337894007
-1.1069977073595734
-0.6344048438071404
-0.6571071568126468
-1.2173472202421725
-1.2633385958404235
-1.2058935292473985
-0.7347656826712232
-0.9476640591949274
-1.1836472990190097
-1.0007484481172224
-0.8806131712300265
-0.6970955948905677
-0.709001691573809
-1.045877159892054
-1.170369180134354
-0.9844941938643497
-0.7741005321200575
-1.098494770117404
-1.1585858580458719
-1.2545155794023188
-1.100580229545935
-0.922078718115041
-0.38819868835896254
-0.9443728339500425
-0.8897047244236463
-0.7695511682147647
-1.0854186404999835
-1.1238570223603537
-0.6693527995762439
0.7645081866594454
-1.1223382631703873
-1.2793861581520065
-1.2417100750746022
-1.0670078564527403
-0.9132740358971061
-1.239125551231551
-1.1488616534992981
-0.9582850154487529
-0.9390545004451768
-0.7466871537489826
-0.9528622361622305
-1.167761361746299
-1.1965288097275761
-0.9375845934125675
-1.2448945226281152
-0.9875310485113754
-0.7945655084271487
-1.1402270279710836
-0.9993768298975627
-0.8716226318645927
-1.2917402877927926
-1.1510220628366234
-0.974327451478303
-1.0447817731271019
-1.257783381372779
-1.0815674952269925
-1.4025195678450377
-0.9394173432412297
-1.1067734109990461
-1.187974587925909
-1.1867321498406342
-1.0210170349443561
-1.230490138440394
-1.0341905223597982
-1.057193254056373
-1.1135224277318985
-0.837268427910976
-1.371674189953785
-0.8557895435774369
-0.9664615787382341
-1.2315612139394505
-1.0490884302543146
-0.9452324490386624
-1.0616447200909547
-1.0481492557261283
-1.0761723794368712
-0.8094377953476348
-1.1313476629589245
-0.7008950403595091
-0.7538539442550936
-1.0321461472884903
-1.1972652489451319
-0.6477328599073872
-1.1293758890538348
-0.9251089711280801
-1.0100404893545833
-1.1868496908144561
-1.1282587491491964
-1.0547268997145431
-1.1966275057412754
-1.3694517501761336
-0.5557940696218235
-0.6061417920431437
-0.5380561526470822
-1.2959004647717376
-1.0347842320304195
-0.8570540951961715
-0.8967306636976043
-0.5774985248944051
-0.6064447232457609
-0.9342429108443429
-0.881110615491976
-1.0226195244060032
-0.864998585507374
-1.0166436457379269
-1.0062208402936614
-1.3917572443212487
-1.2226506929989227
-1.1098035667696746
-1.0604270238918674
-1.1707870471232646
-0.9703507857859723
-1.1965457813447034
-0.8801427871296084
-1.1179066204156693
-1.2235030818592325
-0.9120506084811566
-0.9950251756856584
-0.660078890885149
-0.9961582301631291
-1.1704016780788844
-0.7914126109171341
-1.0677503445568135
-0.7038873657395636
-1.124380032543159
-0.9177544216797927
-0.9635692650046942
-1.0610103084603981
-0.9769457389474581
-1.1014150344493503
-0.7509549178083657
-0.7122723033208743
-1.2745059702324715
-0.9725898159078947
-0.9145600116839029
-0.7066176212658419
-0.6093241454359556
-0.7742216452435615
-0.7256264099520096
-0.8480919821113682
-0.6804123886244849
-0.9267166276670573
-1.1508869310019514
-0.902511726844851
-0.7960896273132763
-1.1560855942303065
-1.133277474088651
-1.3078847058979943
-1.1798016639225377
-0.7629928806971282
-1.0149506461904096
-0.9020253521468481
-1.243379335797549
-1.050682162749272
-1.0534240900875598
-0.8355276407186057
-0.7898346361373776
-1.1992060030366107
-1.1210724844053346
-0.9734567381383357
-1.1873250603162302
-0.8618538290373052
-0.6118527458201288
-0.6809777256937284
-0.6996723207854086
-0.7440043971210346
-0.6685663642258017
-1.1970690748573798
-1.185452245228298
-0.8786552889464083
-0.7809591597768865
-1.0791503886793539
-0.9142559331040838
-0.943940792931518
-0.944202720472596
-1.134678313039658
-1.3025922217320476
-0.9065230939797966
-1.1717034990877355
-1.1964700730376234
-0.8392459340545212
-0.6839816462019976
-1.0133796976682943
-1.2534346384581259
-1.1582634032068426
-0.7414464316388139
-0.8875247612944052
-0.8272913221619753
-1.049191736807677
-1.076515853231591
-1.292753169372642
-0.8146454027786577
-0.8604296831089
-1.1021389025140373
-1.1270204807246629
-1.2227546101560125
-1.0567155285998848
-1.1756700007817849
-1.1333675794118707
-1.0659472998588801
-1.0157687406999996
-1.1285911467485696
-1.0787734587415514
-0.9655828790961792
-0.7118541404596066
-0.9819601530693195
-0.9527856909889248
-1.1135972276043282
-0.7756305537844781
-1.1304680636547912
-0.8120483354593414
-1.3066646245233147
-1.1069503825277516
-1.1034485600923778
-1.1315604090784053
-1.3070290197225858
-1.1062104274976887
-1.0742295691324897
-0.8271632499865292
-1.15780416987718
-0.8494409552780118
-1.3035757262697876
-0.8246815214125041
-1.1678613844885295
-1.217004166391492
-0.9655543884086554
-1.211104373290838
-1.055937629606872
-0.748798869636148
-0.8066884716888245
-0.9886326206858788
-1.3257311438834665
-0.9010554983017955
-1.1261322360107786
-1.006959396400507
-1.1317188491745114
-0.6004227324495929
-1.171022832309509
-0.9830136091558158
-0.7693510801618207
-1.276164022230498
-1.1570217119187916
-1.0969663699810626
-1.152645100903677
-1.276534003687681
-0.9620918196877803
-1.045130672753425
-1.1172488907197171
-1.205722611531984
-1.0894336548407673
-1.076269090132104
-0.7561466512818082
-0.6778917654013479
-0.978605614120272
-1.0311877697703369
-0.6633273253052893
-1.0423736221517041
-0.9730173469022075
-0.6677356373188191
-0.6433005640509643
-0.6417561808162074
-1.1127567545948744
-0.7875430263431983
-1.1409494134915168
-0.8365897658750899
-1.2562789988421665
-1.1831047142807132
-1.12679519632426
-0.9287583800167465
-1.0953156217975968
-1.100870617501204
-0.9064719293349816
-1.2232032718503583
-1.102798544478954
-0.5805230247702846
-0.7121695242608869
-0.7766369571749879
-0.5938216025986806
-1.0783646917997243
-0.8905813936136924
-0.9156787320768287
-0.7004652489114271
-0.9228226279410313
-0.7997073989413862
-0.8697794570561748
-0.9493256202844154
-0.909256753948007
-1.10146501973777
-0.8786434309763739
-0.6472753546881732
-0.7029123608078562
-0.75413101283018
-0.7252660944785443
-0.9730990287182429
-0.902571752493158
-1.1822022491054072
-0.8370847074918617
-0.8794036825053961
-0.7600132708875831
-1.2327458587768083
-1.308904816275508
-1.1342612011996718
-0.7576373837778883
-1.1849737276325263
-1.106025656581565
-1.1764660641980158
-0.9766336557571085
-0.9064013644823944
-0.9826320199203656
-0.6682201707790582
-1.1116107540104023
-0.6606654394213349
-0.929366931857514
-1.167050694950868
-0.792573511705633
-1.0351004901688021
-1.1013541196075116
-0.7534649532725248
-1.09259604244773
-0.6748507093788225
-0.7554602266888121
-1.1892226444666179
-1.1711860491658763
-0.6215792919387492
-0.06649984139084467
-0.482700737220547
-1.0545477467568205
-1.1134257664411846
-1.1421047232161223
-1.1065750967684425
-0.7194210394739068
-1.0893031391745032
-1.1424265332009036
-0.8501046521629441
-0.7313262388785802
-1.0464099627669299
-0.7427213935673884
-1.0968775600344676
-1.1281264706776761
-1.045181680434268
-1.073148657892857
-1.235882033347273
-1.2776864128532375
-1.121652249027177
-1.2119899472807627
-0.9976700885565803
-1.1243551985782263
-0.6314031340507829
-1.1548474719922919
-0.8476089082284013
-1.0702240393020857
-0.9456922158899868
-0.9853218495921557
-0.9768407547013732
-1.1223132865481413
-0.8436696175375519
-0.6396980915820951
-0.8942385822319147
-0.947205033945696
-0.9535400925860136
-0.7760304823817665
-1.1760145981838823
-0.9245364638562085
-0.7910109997761573
-1.1627904732728356
-0.6010068128397333
-1.029742481287473
-0.8339952523840746
-0.6372471951346931
-0.6699846695485175
-0.6431050759510457
-1.0748283298904326
-0.9857525120650575
-1.2999954813339931
-1.2959864238671717
-0.7569248635301554
-1.0127868392880635
-0.799071421847476
-0.8951301179096813
-1.325567610980238
-1.1893574638708762
-0.7260449619207574
-1.2168076529748326
-0.9168944216077265
-1.008472772330997
-1.2368668614012042
-1.1646368606135316
-1.2714727835149382
-0.7248974898907221
-1.135198975544297
-0.9483449929447247
-1.0235554005526573
-1.0963437302014611
-1.3416693673893296
-0.7992793090367979
-0.8925078102783947
-1.0501941506696262
-1.1507447708721579
-1.0333479956238574
-1.0880385936463208
-1.2116403025335967
-1.132336107632105
-1.1488428867982377
-1.2325104806058351
-1.1626045622627807
-1.163102773809789
-1.0114175843251332
-1.1549163890628318
-0.5271978262327391
-0.8485468005838154
-0.6134010517543277
-1.0917895031410842
-1.1750130196688116
-0.8794138650703087
-0.8465552438019327
-0.9729197971316861
-1.1298729384038884
-1.1742836080136225
-0.9072312677496857
-0.7846319342278318
-0.6770408719016614
-0.7118549725585963
-0.8403053297822338
-1.0451855684663665
-0.8986183357528323
-0.8627602543362902
-0.9520945694163963
-1.1098464415442133
-1.2001769662211457
-0.7589978163077626
-0.5131464156971925
-1.1705805419464508
-1.0503777972637869
-0.6396967843934269
-0.7278184200475502
-0.9101489913868799
-1.293659993503761
-0.7753227040603562
-1.0251586175339522
-0.7219971822949923
-0.8792583081146991
-0.8230903321275244
-1.1769395540509953
-0.7377749776372944
-0.9859391167640696
-1.1620384038875209
-0.9950299560267152
-0.5697669606958473
-0.9412824287321512
-1.0086482786927233
-1.0932322473081089
-0.8362217927941011
-1.020295393625162
-1.0505860216252498
-1.0391415497660297
-0.9801321896667422
-0.7149044019584527
-1.1574734671951261
-0.9735148790005533
-1.3055953972172596
-1.0124870102156436
-1.027265102363175
-0.9237814291988298
-0.5423522345920778
-0.7768319120592183
-1.0980763314850994
-0.8398099242189379
-0.9598347381053245
-0.9019203904127484
-1.2247458217343294
-0.8923577989344602
-0.7218947792742383
-0.8219411898853265
-1.0898317667359962
-1.1390999965511206
-0.6383181930829812
-0.7785954597028913
-1.2097868247287327
-1.2868163659853844
-1.24441729450646
-1.1133738157276116
-0.6421542353551273
-0.8040621266428736
-1.1972081662917136
-1.2078761698267575
-1.2797110489714238
-0.9729156889513797
-0.9411296118051583
-1.0766490606805914
-1.2333124621966176
-0.8299925264938378
-1.1407199056389699
-0.8319279285836751
-1.1074923208866134
-1.2254822761382693
-1.0823864788563673
-1.0497639974196116
-1.2550866069008597
-0.6702089158105948
-0.5689033734261533
-0.8854335367923154
-0.8820227843558965
-0.7826864724410674
-0.8705431004437464
-0.634600785230532
-0.9831219304785241
-0.5168057124687613
-0.5111835518705538
-0.9317223977714455
-1.122647463406739
-0.996743855360549
-0.4545014319899455
-1.1402885415117054
-0.9002661908968275
-0.5524310789164742
-0.7916033135535966
-0.7140654217947354
-0.9038190484093207
-0.6049611694600081
-1.0106363582159936
-1.1252021561010905
-0.9614230048538185
-1.0997562470757842
-1.0142269214457882
-1.1762610212000912
-1.0485743568389083
-1.1992421651587808
-0.9033090151530107
-1.0684545273295456
-0.8244504308295388
-1.2197439249706121
-1.1375727976985166
-1.137944725394139
-0.8758071819677747
-1.2081750264289841
-1.1006783087257288
-0.6382972551088837
-1.1758849733194465
-0.5698818634707693
-0.8669218494087715
-1.1220011729209862
-1.1832154404085298
-0.6035834017704989
-0.9451762099184591
-1.1745255068706089
-1.2608598602945906
-1.0251947103099375
-1.0163327122699772
-0.8249763106828869
-1.0617983117281546
-0.5545664500364208
-0.5364577411415381
-0.6005733625432145
-0.970589944126694
-0.8557321885406607
-1.0664266375933629
-0.8011021830822431
-0.8386354284535579
-1.2945258425400552
-0.9444528679004013
-1.029313008397925
-1.1415818524586578
-0.6744164085703139
-0.7207062445404642
-0.6467849386063632
-0.8639332865482139
-0.9107258384229014
-0.9428304592136728
-0.8195250070237293
-0.9122404521694426
-0.9310765373667039
-1.0647889025579536
-1.1906851912047713
-1.1203681619866137
-0.6368271956479318
-0.7300739364356638
-1.1031514214521227
-0.9492552514138448
-1.0949616873651158
-1.1389979701282988
-1.0837638571086177
-1.3301686575035663
-0.7889914749629606
-1.0888520801469832
-1.0020396678466506
-0.6705188536813947
-0.7065926601644246
-0.6475506947939593
-0.6179935189302191
-0.9468511428632395
-0.9471887772493688
-1.021353377464333
-1.1591712473270175
-0.9551845757041476
-0.7593669769589265
-1.0449661756684359
-1.0879933784431017
-1.1052553629670332
-1.1613773699767842
-1.1761225142306713
-1.1381496622924803
-0.648164292973508
-0.8814524419362325
-1.0943915230053218
-1.3213288475426166
-0.9210607756825735
-0.7689365946514868
-0.9590684862283778
-1.0968866735572038
-1.2176193402779607
-0.7537387417791017
-0.9548559104774637
-1.1480838155647728
-1.062347677661082
