1.3691706902293124
-1.7236835789337712
-2.1083831301304476
-1.7925946112597853
0.039392181862856646
0.2824352926576146
-1.992091505892346
1.5783707203231305
1.3735060976338538
2.370085186839023
0.9683332028612006
2.443395543493315
1.312948970904099
1.323305850654842
1.6222685729576158
1.9291078396333088
2.267215389611884
1.0449010420499283
1.916297139282872
-0.2726236334981246
-1.5884965033523164
-1.299958479977104
-0.945199908561877
1.0686915249718154
2.230345250375322
1.945531141934521
1.6523479424896328
0.2278895624727788
0.11737005000818801
0.5959648786902842
-0.8217601729253049
0.4653860920926318
-0.44627252276895113
1.7315817412410284
-1.3616752526190044
-0.8883081160700363
-1.4394323400497029
-3.0695976810134735
-1.3041533522289046
-1.77435736204955
0.34166225779765913
-0.0030877086180375324
1.4750213279738247
0.6556202594733336
1.9211223583644144
0.3350688697673926
0.6315601850044898
-0.489545261714317
2.670899793623989
1.386127998453424
0.006372506805090494
1.2149349904552227
0.7982992255267869
-0.1417281430948084
0.0007555136830205145
1.3548515918067232
-1.1503618826407727
-1.3980529870122957
-0.9352954204027484
-0.43468534281120913
-0.4669889021343809
-1.3555413212514795
-1.94960169917821
-1.5854883493665077
-0.7283547821575058
-1.3808151084901112
-2.7178399723019044
-2.187742131886886
-0.7681080657276727
1.6880140974685096
1.6192105821920832
2.186665458867785
0.17928520501833092
1.648359058729252
0.6545196242167272
2.8142007542065346
-0.370439608947266
0.9815886554721357
0.4527060792517652
-0.5240124305625171
-0.18175037297473973
2.687093262114241
0.6088031702718435
1.4199574486684863
1.2016941541174082
1.901969557806979
0.8301549181339583
-0.37102188302805306
0.4558975412593762
0.022286059889655152
1.0766325010353106
0.23073098312232887
0.4669084120748235
0.39618948697763456
0.22574946976143684
0.6461981682285995
0.06924867007463753
1.5089531661890034
0.3530021970342122
-1.1354127957449829
0.6896302687189162
-0.4220695736853205
-1.7140007998594013
1.4557442477214986
0.04984180341356115
1.3429861050787708
1.3829038672591767
1.3946672322936038
0.9242692916754056
-0.004073883218903562
1.2564920352037263
-1.9752974874029294
1.5744668429906659
2.0270784787008465
2.161708223074146
0.46081614887235656
2.355250851887166
2.171556735128563
1.3028049884310227
0.4377572820636373
1.3744774525934798
1.223392672788565
1.888800891392894
2.1457085835030876
1.002821155274307
1.4334591459366908
0.6671165596419388
-2.720069894725377
-1.4693513647540322
-0.8720267991875204
-0.8692182299773645
0.5704263094428278
-0.8172726610631296
0.616891435180816
1.2451222990174564
1.0882674178706266
0.8598304178753475
1.9522714121874187
1.6807344632073535
0.6694681045605835
1.114722093328597
0.74448067043722
1.7356294426733452
-0.8229655334769046
-1.4541380782455686
0.3645906018093059
-0.2984332076883567
-1.5063482064005047
-1.0180762497578946
-2.0715644217362366
0.24461344237216404
-0.7841377552899129
0.8532951219849569
0.676644168638229
-1.6653211510615722
1.4844258489497966
-1.1204783635834088
1.242178840738844
2.564417460674332
1.3105052871564884
1.5587354821746933
1.4192197996462887
2.2963889491929925
-1.665188846165763
-1.1856499089253922
-1.7278627490984284
-1.6401811380982263
2.5115163861988195
0.5198680537573153
0.6633593389547572
0.5315435899966233
-2.0924432834849425
-1.54836577377527
-1.6887083419659958
-1.6483710589608114
1.9619217464343317
-2.317782050113432
-1.8015995737090416
-0.2549092913716442
-1.0744361207320354
-1.3069310702839898
-0.2707181653315931
1.5351077597875982
0.6899432288217415
-1.4979493482937671
-0.9474049321464042
-2.386707345438682
-1.9929219207096969
-1.286638536774879
0.45799877253591714
0.782109562834685
0.720290800478069
1.5359669084865346
0.6281591211937574
0.8048842250494269
2.316648461351593
1.7914545543503242
1.9228214911786763
1.7164548491010352
1.5207784839251453
1.8146735206312008
1.1588178959784374
1.7796626626771879
0.8326134597211137
-0.4966004284662402
0.5338956473557361
-1.6281064223980166
-1.1806970964273842
1.4757758381354869
2.6090084271416663
1.4505125193347785
-0.34345554268312917
1.327424274383855
-0.8475538626476322
-3.2497159056348788
1.6639600495913411
1.2307666844104075
-1.4061443815247876
-1.348841145105408
-1.7612057356470698
-2.718882290812195
-1.1735668016372987
-1.4105419783921682
-1.0456136753013494
-2.3037621102249917
-1.2095875671895846
-1.4145810750441614
-0.10217464943491905
1.9607158154202082
1.2813398884704925
2.3785267912532433
0.10733696418062011
2.6027573449396626
1.1748034334983877
-0.4434743145824308
2.949600712828594
-1.2946395765735113
0.4339945896312989
-1.1925832606003635
0.8624333585249635
0.7157432568860551
0.23390280493427784
0.2146463946972319
0.00385144895242584
0.8522448244275919
-0.6340831940018461
-0.9074341081113606
-1.1326139019504826
-1.3407389749117313
-0.9814801954243741
-1.8075940527634584
-0.8296304652410615
-1.2205955235841217
0.29033481252506943
1.1145485237112072
1.0014965050764335
0.06784078446388198
0.36016299288816644
0.3140916956719999
1.078446169351654
-0.913092355091703
1.8453356367559375
1.9428373453075247
-1.1396868150887611
0.7976883029406796
1.9074910920459611
0.8149543526653915
-0.6485428494644916
0.7444270468993881
0.4282499231856225
-0.007169881516874144
-0.12779251303207706
0.34263497853403135
-1.791615606191317
2.414849602246006
2.26292165714037
2.3420451506305198
0.9312589112605336
2.484693268007473
-0.21980368354357915
-0.2785416154854998
0.820303237863909
-0.6175626476545832
0.19015568407223232
-1.6401391558653462
-1.4338200355147575
-1.4139083363050537
1.377677766633203
1.6084736202449572
1.6021761278676874
1.301706341512872
0.6498769849680401
-1.2813227365131734
-1.0915941093768962
-0.11123498537872456
-0.020082719608199073
-0.5720773508359598
-1.5901087231537105
0.1427922511909157
2.054106045281002
-1.5344732478570324
2.0573001564338367
2.6451889216752402
1.6069723805877805
0.6736367248763051
0.7418859798949264
2.503611849995803
2.2252400995981807
2.381277851185397
2.8950182330256946
1.9679012147910624
1.7026519255121517
1.797539782467119
1.3834440471228657
1.237878017560763
1.2395166736260899
-0.0896403699655316
2.489697719511508
2.057043547907405
1.8330588965395513
1.7038427168310348
1.923485724577422
0.9860992363509324
0.5365659224284323
0.7502329011664335
0.6209698894325222
-1.4803019361691108
0.39961782613651387
-0.9353204890887572
-2.147969554780788
-0.12994474653580967
-3.3813124003129653
-0.6518247142555531
0.7644196463614217
-0.8643466670600677
-0.11333195578690314
-1.0203465520700783
0.7339386883494289
0.9171573066445968
1.2939277709466355
-1.6186260373775934
1.5510977186153483
2.1714789260544185
0.18036398327283076
0.7634929216376329
-0.277061599007952
0.28753143602202075
1.324715122175074
2.173777772243478
-1.9290056279144194
0.2419313112314596
0.37431567297797075
-0.9949098558867604
1.6900325257423359
-1.225306063028374
1.1487785266653483
2.091548942844675
0.31272362490163796
-0.9541457465558628
-1.5801216335119068
-0.8790040735707456
-0.7733538911257231
-1.5598166483692752
-1.6892577318890265
-1.6639978199385053
0.7982620019393013
-0.46393291223214606
2.0890604316979813
0.5982667543757572
-0.993496908962757
-0.8508992565122059
-1.4525091304632254
-1.3735040789860102
-0.3200157320186925
-1.2630401852771223
-1.3383990239659824
-1.2033902493999107
-1.7481384402543418
-1.342631854415197
0.15342059279989653
-1.6400463967391232
-3.4996804481728585
-2.438286598786619
1.9881660302620685
-0.235576072238182
-0.6346423168037649
-3.881417588995592
0.14002790449382338
-0.7418219862014634
-3.4474340496117994
-1.8094747287757826
-1.3710722657170287
-1.161288560014302
-1.6938088478343747
-1.7381366318297593
0.5619294762021383
-0.7506236513830393
0.612882669250908
1.1842871315175698
-2.2807740157520935
0.5531431178452975
-1.7201890623640423
-2.0807698709567264
-2.272706155702161
-0.6972510368631899
0.43954556169060566
-0.4165650661729805
0.21347572092652345
1.4773772429356242
0.98993464347706
1.6773735143750437
0.3815401486140496
-0.9688773458226941
0.4602044467279779
-1.087486152794782
-1.4996813989589424
-0.8017541886271586
-1.9981984947350657
-1.4562137743395192
-1.613185868595047
-0.6282086697212143
0.8688947400857661
1.034498228567454
-0.4228968839238674
-2.4998294433336055
-0.1975991734934504
-2.121595254591491
-2.6749366849435594
-1.853047410275728
-1.1737731409482235
-2.5679495656187914
-1.9726978620249043
-1.668590955780163
2.0197052253225367
1.554183664923295
1.6799263470119907
0.6955435907401153
-1.1754860151957125
0.4033893188275628
1.399504033856
1.5108900137919792
0.11038369494685174
1.236529506213441
1.1119102205499807
0.47377134638195706
-0.34490311518934114
0.6064120580481767
2.095007667327642
0.7163768770549692
0.7395890644162584
-1.3654730070658019
-1.865332204703913
0.04397805138092481
-0.6500164482956144
-1.680602503827655
-0.5883764314673423
0.555230337891766
-2.654921880574309
0.7134880806438576
-0.36545511377688367
-0.8446389209574268
0.07808270024636166
1.2550346544738606
2.353704784927907
2.988652097429198
1.0798399833068446
1.7856787931359706
3.2805286423207187
1.6360169073196211
1.3601167665396559
-2.6586761953459943
-0.5370000843012841
-0.055265102617777284
1.0791644126408928
1.9651180748499815
0.794400821142752
1.3730857926394653
1.8348503707564847
0.7212101773710216
0.9188115506639014
1.1958033699863806
1.5707702800412162
1.642559127350734
1.9683264486950978
2.004633521149149
1.7897754107954251
1.5082735712791735
2.074593644565271
-1.3823399050872611
1.3569586689772697
1.0324186385546859
0.07104164989346573
-0.1270726948124703
0.9723960307779528
0.31879306428363385
1.034934090038796
1.6021112893164402
0.6518536223894718
1.2654568281449354
1.502829612356797
1.2308100302445406
1.2688529542902405
1.6149239666390178
-0.34542165308139616
-1.1467630247005538
0.9011658055009397
1.2370932319956418
2.5273474012832535
0.548126153895921
2.409898910471867
1.8735457361047372
1.0984732745310377
0.7673821656309767
0.5396349791390538
1.9841748402334938
1.9838985589239817
1.2540392970643872
1.6718367885896457
1.575833262720016
1.910653345948045
-0.556732258381182
-0.8268431063961168
-1.6851447169990137
-1.2098795194285006
-1.5267677085198854
-1.4260596830516263
-1.6799433123501026
-1.8925604659666888
-2.7391525042447094
2.4503913735803007
2.1732687637681596
2.2305670091530394
0.6552470098772858
1.0550267833511968
1.8731168158448268
-0.48222693460984867
-1.5778896608968505
0.5654908078401685
-0.4887188819257813
0.7832388687186688
0.6599301892570475
-1.3671314500178948
-1.0252798134281587
0.5457696463535078
-1.1510316624053485
0.6567799666655076
-0.8188618687910397
-0.43464791708997164
1.6076886539498476
0.8289579556771016
1.6107217237346054
-1.612535789218945
2.0017934518478646
1.9633290846415177
-1.859708189805947
-0.8523618872105484
-0.08712714228473262
-0.5649870768317462
-2.178715155602059
-1.546467712515046
-1.6986154614580555
0.5265001267984263
-1.7061762877503996
-0.1805240042024614
2.1314750097722004
2.0658144147032464
2.7146961564776264
0.07764856263121589
0.48698282946386606
-0.06359316635062617
0.5743032693813479
1.016589230504081
1.5032027501543692
-0.707413973093582
0.835344194774122
-2.9749736233731503
-0.5346223675680528
-0.6816347468065649
-0.3916321270204852
-1.3020356467401624
-1.0744455389815566
1.6305112824565497
-1.7501727528693438
-0.11240951902596652
-0.5198056781817296
-0.6489588803378018
-1.907913996480724
-0.36992186285810214
1.2134079355490408
2.1268411581709925
1.5868817832443358
-1.5761170313019703
-1.5029843850203795
1.8711096232013265
-1.5202987552964589
1.189239730400316
2.402486485872208
1.8312836052122177
1.1522590588394648
1.0699079176294908
-3.3326595715697898
-2.6317952877125776
-1.7100611529808927
0.8238757710444495
1.539420863922888
1.45804830063715
1.621534745173808
2.175885607196259
1.8458863688798033
1.290078006341071
0.810071393699318
-0.8324617943497176
-1.7128783704248292
-2.1504813135908094
-1.4646919955772628
-0.9612068599972825
-1.2007123919370486
-0.41344962607825675
-1.3037698187275892
-1.9122386787504229
-1.137126319538429
1.4047517847371394
1.7855983123215213
2.123355689594634
1.9136589302937896
2.8052870890904713
2.225380067445806
1.8335818113606057
2.0475300330094948
-0.7405165363724521
-1.4577525765115207
-1.2362157306538792
-1.1235424604801434
2.6658976439558266
-1.6076272127865636
-0.16942108989888838
-0.6269370532489896
-1.668996341862223
-0.4006875523990423
-0.476159770948902
0.8524212471769874
0.006044791223385193
0.8871837715397122
1.1624531994417793
1.7540700383819845
2.2420103431828853
1.8553179205062884
0.28817539542790416
2.96331159540053
-1.1520368412921391
1.7823933059415924
1.2323843261672933
1.6634341873158398
0.6872907777067183
0.325895644709868
0.085108575749274
0.5705220829285926
1.4532358353284558
1.8193058049492987
0.6735421847090994
2.2797126207403666
1.741661758189729
1.9281431859287417
0.47942166404539766
1.6660273777998111
0.8606872259448326
1.4533639976012496
1.92998642192681
1.8631911070494094
1.7448470016572353
1.5391752883679184
0.10975090153322842
1.11065095192894
1.26904638326524
0.7833051519412297
-1.0259764788046157
-1.173063166609321
-0.6461591750633183
-0.8871297286152229
0.28359261793564755
-0.23018307151251616
0.6371622700964588
1.153176623509063
0.1626787363332574
-0.264023731372249
0.167542169441871
1.6402238760150416
-0.18438875214509198
2.0813738620289657
0.6612199483127021
1.1816272636505911
-0.8100833939830423
-0.8715505071988462
0.9669569381804376
-1.5417481242496112
1.7904337463857751
1.7571366233544519
1.7853670721928918
1.6685924277687434
1.7995100038914416
-0.04838982953240656
-1.002645094006347
2.159880487951277
1.518228863805834
-0.6976931369123494
-1.7175018522413938
-1.0456984861154144
-1.4501045531331291
-2.682756988526358
1.6863300181565914
-0.568270590615086
-0.3856519523546007
0.5951945501829843
-0.9807244511945441
-1.120742232593432
-1.5691278806343831
-1.2409095363060687
-0.47792921218962736
-0.25990324393870834
1.4780367319855596
-1.4235897567879903
-1.6519610169017482
2.1103181942627884
1.0061774809031254
1.9603562326055304
-1.3204942052575788
-1.1071000748340192
-2.315025827151917
1.272703916342415
-1.9923840097749774
-1.368117122206392
-1.3175276720884033
-1.7452073503375178
-0.4764186208382667
-0.028710275377656247
0.5529133053329549
0.7577353199138772
0.26939629843326396
1.4946960677801164
1.4244460527624054
-0.028562953084210085
1.9220116142971087
-1.473849934943025
-1.8274913417109846
-2.236652722097433
-1.5920649630969945
-2.893348233335869
-2.8644956816055664
-3.175259737923489
1.6360474686135407
2.21253929085215
-0.17029226372400408
-1.8373729412292794
-1.360809291106216
-3.175822549085594
1.7601316085337002
-0.4478242485461007
-0.11712552329806303
-0.5458214513201527
0.5023042043455951
0.686128899910294
0.8483245206199737
0.07343933222810894
1.2325588491412367
-0.7491128328900676
-0.5366549127955601
-0.22813695792596966
-0.5808854871347121
0.12110526173687641
1.3215190652394015
-0.3090924717299651
-0.6725569335350375
-1.2096496749167889
0.024651561305035763
1.002642942970051
0.1557291066622729
1.2847444883159582
0.7579724643311263
1.9844558703702533
1.0704678656436264
0.8359622744653887
1.3007344223165325
2.965151902744095
1.7531618123634463
1.405842517994628
-0.7404146658579507
-1.4730257094854706
-1.6502898988247754
-1.5519525316015397
-1.9836147814747744
-1.739248210327729
-1.6745708211463683
-1.781294643047492
-1.5082539117223726
-0.4312569563187131
1.910584398967911
1.062132856842164
-1.6775981618234137
0.2858124004640654
1.3813710920848248
1.009690353750878
0.607215035360837
0.20060288522395653
-1.4979880110547745
1.5664978580969817
-0.00556614533286226
-0.6136656917165959
0.9771948077507675
1.1749073170227025
2.7569743022696267
1.2399166937441637
-0.6283613312695381
-1.0885899114181665
-0.5436790933951018
1.7806093256671585
1.1947916788647057
2.9216580708922155
1.3975974530545494
0.9690108471254213
2.0011283166256004
1.9058172813635539
1.1283875338615288
0.6479952311119233
1.6942568781538534
2.7023751595707868
1.5758036096290697
1.8948986001196046
-0.45310970458729893
-0.7291053921641755
-1.1049102239027193
-2.12748217981572
-1.1851072974389072
-1.4142930038902508
-0.28981964686450323
-1.2740010981364966
-2.7930842213094413
-1.0667217341659727
-1.222067267520107
-1.7448707207853915
1.095080776183313
0.8685271023604572
0.4204893902599749
-1.6114349898356455
-3.223838629506092
-0.580446794686671
-0.9789911729353947
-1.4579890380681622
-1.2830892193761019
0.35846174573165046
-0.07183714234793659
1.1893566776329974
1.4363429223744035
0.6784335864235711
-2.7262632825170687
0.9310129575588517
0.8877423944292544
0.38938591847291304
0.49131534674392996
1.2111178165516283
2.175655188477477
0.7868986797073252
1.7131246041896426
0.17391824184483917
0.2393147135359062
-1.4903060004064905
-1.5326226357574289
-2.256244861361973
-1.043299544308225
-0.4152199731203474
-3.637605388879971
-0.33648847033638274
-1.9736393885271082
-0.3049398323884778
0.7184315779983108
0.8817720691720871
-1.0813665310648652
-0.7354853442486933
-1.0832472642044984
0.7900134090310189
-0.5590488177547119
-0.7677057915270606
0.14683267183002735
-0.2629574188169772
2.780631156380114
2.1937884109088217
1.2916219292551112
0.9524789229907773
1.7353771247766618
1.6892719980459379
1.3418994065178753
0.8283489583475083
-0.7002033223590455
0.7700795793445863
1.1029083544670943
-0.5599416443335756
-1.1550568188811554
2.000304136503271
-1.3707288032180107
-1.2723508251482143
-1.5323997434570424
0.35459212039722965
1.4001548931362695
-0.40797167643122234
-2.154641694610202
-0.4963901294556387
0.5422715742399912
-2.518834207750142
-1.5494631899956113
-1.6572775591586946
-2.3100437270807546
-2.209735836048852
-0.490732083139902
-0.2058550866824842
-2.1082470360883354
-1.3534223371130687
2.3288459034017452
-0.45906274468117847
-1.9543530639152513
-0.20427801846105
0.8063639089542739
1.6026327213475007
1.6317985344811174
2.5645096242543968
2.271788358319002
2.483378482641034
2.2914486764268025
1.5785149374340426
0.7343004558436281
1.6675241353982788
1.2125029498758768
0.6209900237716378
2.209879582539687
1.8279377765006535
2.752486298634769
1.7449057232942549
-1.2843905133555653
0.2915143600068443
-1.2607038958418963
-0.8032974363016192
-0.3121507705280109
-1.0493356223446682
0.9875438670056774
1.358882309007457
-1.2126072722503287
-0.09470230310977812
-1.1980985294189852
-1.8302855878515216
-1.0608664523869975
-1.1855894976250756
-1.1894102894660836
-1.6485989783622614
1.6028361062812047
-2.4845945755982313
-2.1082936861176993
-0.9961739970840797
-1.323372614338815
2.134224558293183
-0.21470040860356368
-0.468505930672628
-0.41355632822498445
1.2251617547984512
0.129287901142642
1.949684750067533
1.2946308017266202
1.2581521104379947
2.2639460681364127
1.674916816873362
0.1128390778668813
-0.6330388490408609
-1.151319512787143
0.9175487669456595
0.39756569259288255
1.272870743328557
1.979939561472352
0.3449554473577725
-0.002368553294161968
0.23629998583081147
1.6059041394734719
1.311692441539153
-1.6676012816230774
-1.71176475645603
-1.8503484490136222
-1.7801979056604806
-1.6516021376417678
-1.766627029629833
-1.9022428694606872
-1.9888649338629536
0.2044311899532607
-2.4258567214633597
-2.2846503099775215
-1.7494809100703923
-2.7221129845797387
-2.5058834516613495
-1.684387057288577
-1.0959760438169812
-0.019329689791828142
0.38806970058105006
1.25408784523938
1.6219924238298178
1.4813222642273862
1.668710771706451
1.5734487061019888
1.498479510991116
1.483945850703116
2.2251382481877235
1.333924066065722
-0.07830621003129323
-0.8180634770242794
2.253564185907618
1.0712071971693995
-0.5816624106670779
-0.36188033721092006
-1.0112024241685544
-2.65264738144006
-1.6412698436427953
1.6296691038951105
-0.24867736912979943
-2.6247537577960993
-1.2054592497435905
-1.009587266307217
-1.56384966126318
-0.6671303893050567
-0.34879868232751743
-0.30556918214501677
0.7100314698529655
0.23059004101178904
0.07481282107757103
0.7968612821546627
-1.1731449631637483
-1.02694284064977
-0.2228339687701042
-0.7427614331948185
-1.1272836589182513
-1.1895007714564523
-1.2910784197557938
0.41836072654385736
-1.9374280584471761
-2.1847349872703714
-1.4938884861705448
-3.1601009586520954
-0.3958389203246375
-2.0909475937671234
-1.6877143504007366
1.4938448124597745
1.5880058531616266
1.5988016031382093
0.22876899891931846
1.0536977856663228
-0.7827982650684382
-1.3899713824279483
-2.319499625192331
-0.2738180287771852
0.5361095410466019
0.9523585408162172
0.6443066475942599
-0.16785698273726068
0.45486821773837005
0.34828773265646196
1.7719130921596136
-0.7364640807479437
0.6749752569228098
1.5812478006653232
0.7613317277339244
1.5337075844363057
2.335185469288855
1.2607522740616142
-0.18833342127918995
1.2561524447429289
-0.6368345628543649
-0.9173470851062164
-1.151069442851044
-0.3589040614587613
2.6762928739172134
1.5555161654854794
-1.1931548046907847
0.4303441030515952
-1.3315205570947815
-0.8584464354617444
-0.35767385442638866
1.2595919342436446
0.3321424514101885
-0.9562896888590656
-0.25666791609106754
0.6215006403887187
0.7722229621555445
0.5734659552498262
1.3254831657087263
1.8291009360214483
1.8092201824156324
-2.1584935304093826
-1.6065611245219613
-1.679834735163326
-1.6339280801801352
-1.617172828391352
2.0010486387028874
0.12167472581465322
1.3097122967978638
0.7372424677329114
-0.8571741859686753
-0.36650031765307844
-1.4442596384433486
0.5669508682651843
-0.6962274481855897
-0.22038872471826432
-0.17287363512074894
-0.5062341561662596
0.3448089249316224
-0.7698437186948912
1.268846055052134
1.287753962149367
0.577989335837767
1.0478674898175737
0.8967171208260887
-0.14599587375980871
0.9187356368385133
0.19643289474089887
1.153844575166095
1.3397094527951237
-1.209938123288295
-1.2907307396000325
-1.2741319483529068
-2.0479689009934816
-1.7069038446029483
-1.080278296635945
0.20147428999303324
0.025630279477353635
1.0342482321884976
0.33135583469542995
-0.8190949620953769
2.15945840161644
1.108538233507482
1.9595168333060364
2.1165932824889557
1.0211769663936523
0.19982328581717484
0.9277467730655293
0.2305096340773598
0.034029107923727736
-0.6544787244148025
-0.919791936288341
-0.3946781571093716
-0.7075397150044871
-0.481097777651205
-0.185676504434939
-1.1568222810296394
-1.1954331574065726
-1.521900378021726
0.35359882656279085
-0.10233150974450456
0.06376480856053135
-0.019302007618067663
-1.7808181665755705
-1.3046492350299324
-1.5709664569422492
-1.2701454689928042
-0.34306869432572296
-1.5329790619607377
-0.916751324914842
2.3117275927595733
1.50991891692498
-0.6952420023772522
-0.6234829483239572
0.5812828118075697
1.5398020985267262
2.1562217327883313
1.7111153531087493
1.3860476651605143
-1.419444915908442
-0.12879805051789361
-0.8471046540619167
-0.9782654916985114
-0.9100031017392916
-1.2791081169299252
0.8624656806051685
-1.6265930023602406
-0.9102885944208268
-3.5471749327753797
-1.4033235176797545
-1.9507325914244336
-0.9207798516304792
-0.5415241105474145
-1.7400782451304044
-1.2048674422260865
-0.2764224451104128
-0.8399186945210471
-0.3857117826929125
0.30484206763595445
-1.7426244496844399
-0.7105223237708561
0.8997732603446005
1.4482519142031034
3.0535278911753485
2.4584978058519127
2.3302907853983603
-1.8081064633134543
-1.2938369984645133
0.8160511400040464
0.30405044173136275
1.5397366441335434
1.4466565944952583
1.7826327367727879
1.6208496900057892
1.0602686695496555
1.1555808319338796
0.8471092135714747
2.502228115209421
2.785603036376251
1.2646811027774156
-1.0761561095560588
1.5536712760278621
1.8772285716178998
0.8514221069161201
-0.5896196854081603
1.4740310074759284
1.5258995937893134
1.8429008357191448
2.0866373271127108
1.310587190124843
1.111013133548494
1.0855356802665999
1.1725201862502312
-2.2195952991740535
-1.7343081761434322
-0.8859147044887709
-0.5857479421228546
-1.7795751411907996
2.0340521413239445
2.062422699272494
1.5186561983332605
1.0399378030778617
-2.0876679085072527
-1.1528536242624723
0.5471285685049794
-0.5267967767566177
-1.1803415519315354
0.38395148875890395
0.9216883921962018
-1.100783513710092
1.4510478782719378
1.3868042899378834
1.718725582063798
1.7036997510748533
1.791666128119879
1.9690838291700092
1.3959330611892051
-1.39108531314532
-0.7643712174174708
-1.757324040992539
-1.1223286889876471
-1.5284997998942025
-1.8610703049970092
-1.457561582069669
-1.4304360244942709
-1.2964679919271365
-0.10504894238018525
0.8183898529325374
-0.06168515149971854
-0.3948547781834667
-0.5333863542483206
-0.6560229118197601
-1.566575541325109
-0.6197551212245245
-1.165932721355369
-2.4257447445176767
-2.1810808807988393
-2.455185310926831
-2.1602975831014453
0.662581188277356
-1.7301844589504667
0.6508286905887714
1.0475902902405745
1.6205096074701437
1.2353196835612779
0.966965372603382
-0.37399807248447436
1.5878172330309632
0.951248356638801
0.6519681501618746
0.010935578928037093
-0.788626709821
-0.8285121827435714
-1.4866438276226142
-1.114907974288451
-1.6214782896973303
0.2448922728079096
-0.3267307725980637
-0.27382020815380503
0.5227297975194151
0.8290696772835271
-2.0113011705395194
1.1839187400174525
-1.6770806584481086
1.2610218416460255
-0.9777926480757512
1.2407930465433283
-1.0627746382609538
-2.4667103043734624
-1.2548495443579921
0.4718414079133577
1.9218587833595129
2.6950578108457877
1.3308956598460737
1.186113905426971
0.4389382030556166
-0.5732721088978043
-3.0049712140910665
-1.4912877659617505
-0.7853355342774002
-1.0425306008678579
-0.6877716761568627
0.5577635205945489
-0.7136047569274477
-0.5727078491688757
0.9839959041248321
1.2166339462060045
1.0152793500362391
2.248460796111919
-0.9699539365824572
0.32262931197382805
-0.8603941665310981
-0.4725017778241887
-0.4805356118174583
-1.7423788423651596
-0.7655960448266161
-0.6554189315264154
-0.998451920649416
-1.53464421359538
-0.6874180002796348
2.249520093278098
2.001758531642446
2.257316022762939
1.4839751684759555
1.8346087545459646
0.7490285596210061
1.2472715212560148
1.2532511983011974
3.0417063457079463
-0.3148476789025612
-0.1695939488407645
-0.6774365884626654
-0.6456992125211196
-1.486779658541194
-0.9836873948870022
0.2644939872428427
-1.763513109287302
0.06400186221077042
1.9465534651303305
0.5836145060686138
-0.6512106579949228
-1.0247811890893677
-1.5070733465668524
1.9187579291513617
-0.002643890782131786
-0.19073036831794166
-0.4893262441229913
-2.244954043906254
1.0592954926334486
-1.0292211132188809
1.0657436692661655
-0.6759842382099545
-1.0361261233347
-0.28336601955010976
-2.026979365533307
0.6352201810022953
-2.0756950972179005
-0.3779312841622888
-2.396454043103777
1.5070540065991154
-1.8965855936763183
-3.0796026694886875
0.8962708134103503
1.5606316105583085
1.2012667037522933
1.3008248579132091
1.7814551799513256
1.2426141157697372
1.53235062847896
-1.2098232572964474
-1.8917253432794738
-3.2003372347643726
-1.791109361771887
-1.8903750947533673
0.9111568267917673
1.4008290406612571
-1.6768837962325984
-1.118781758876099
1.1493623086629392
-2.360639566334933
-1.1805924215844463
-1.631922147485529
-0.7820506138232168
-0.31116554492645554
-1.6651113109291311
-2.0891233339019473
-1.0262004576790682
-1.9010560688092228
-1.845289824945053
-1.5447249916284986
-0.1343014518875784
-1.1388442825916
-0.7970783087457554
-2.5464278539970135
0.35641979312417127
-1.1971031576851439
-0.4948581378766869
1.1092506482391595
1.1710795834273224
1.2919432153714434
0.24555172343256038
1.070602245227371
1.596095697034429
-0.834510752426024
-1.7523179139650122
-1.3933563274717502
-1.405450080101037
1.2219994202761746
0.2256320871974291
2.517110349132425
-0.31429210004079433
0.5497429780356095
1.3683753047667113
-1.055357487157802
-0.8625421362541384
3.116804725122421
1.7433564609581114
1.678257934297187
-1.0048446987247905
-1.014776156980521
1.4301325977194383
0.9916257823144506
1.1604628423312509
0.786940419465213
1.0547400829944398
0.3186177985007569
-1.0068029206844695
-1.7610437823755667
0.5580226539645914
-1.7129997656149236
1.5132565880567224
1.1405730868033714
-2.4722226964569423
-2.591377533934234
-2.1341590664200507
0.18545687084016677
-0.006559216740816942
-0.5063262927454095
-0.40933376189966475
1.4929947834409183
0.4202165346454213
0.15734401885288052
1.8171535686100548
1.585144064449666
0.9034652035272095
-0.4848848968416579
-1.7732459945210997
-1.339665678710137
-1.4405942585501048
-0.4923653677064679
1.7757741049954143
-1.4616830251548512
1.4311963829677703
1.2978784987209617
-0.08420506067896655
0.14128674115744694
-1.1280644582273354
-1.200142312851591
0.716816302077598
-0.9335294842785655
1.3448893699992448
1.507586513449833
-0.09614814808109007
0.5558858174574912
0.08747541906746759
1.8006479781464237
1.8589725079238006
2.322446935932084
-0.6640282750106457
-1.654555490438335
-1.3526109775393016
-1.449256933626998
0.7360617566089886
1.7420056469006182
0.7002303579691831
1.090397300183471
1.4762728475504594
2.97822952919591
2.8107732046877523
0.6258588213156582
3.559466459319667
0.896419415346354
1.5550985770759873
1.8209047684010669
2.108635032148978
1.8610285647080864
2.1500014491890944
-0.16732180852669554
-1.0373248271636875
-0.7329381125814012
0.25002379103360894
-0.22150318905900868
-0.41371957072571386
-1.7733030366366649
-0.7618887648709006
-0.2124340720482365
1.3391446141046948
-0.7399561524469198
-1.5149431665476238
-0.7840934576236895
-1.6543593916100607
-2.2562519517844026
-1.522719182019694
-1.4014100597239005
1.0313680570354682
-0.5228048369125848
-1.4270678352745283
0.1525639168597713
0.9423120216867973
1.8775020966121263
1.1643595779252092
-3.6805919893474965
0.8189512502569027
0.0804435706769373
0.47619350499631297
0.28167716750137795
0.46203089893915833
1.3412229769568524
-2.795259564980853
-1.6069190912010072
-0.8527909827171043
-1.4184899202252994
-1.0295102453836606
-1.1530670908163974
-1.7170307253552355
1.1545786870044714
2.128872392768639
1.6445113586429696
1.7088062092834846
-1.504848859204576
0.43493394433572286
0.17312768021025995
-0.044044422379440396
-0.4260031144745937
0.6034396911954985
1.7022029431760317
1.4218490395441363
1.536216793084564
1.6128620110256255
0.8630866389118912
1.0549968744160412
0.6603536995708272
-1.712586412968855
-1.35206443780509
-0.7575819766545312
-1.9246491088962565
-2.4398604693054344
2.2008685884824377
-0.9589756669625273
2.03190085818476
2.576882108070045
-1.993554808370561
1.9606802622158703
1.71863070723639
1.7435770380426336
-0.7906456106478635
-1.2577162671857862
-1.5306709810982055
-0.9758003434411531
-0.6042911483771791
-1.7357904214650222
1.4353066845839995
1.6145145831803618
2.062844401204008
2.022471436349794
1.2696188323491893
1.1824040817524812
0.8605480663111063
2.820421941184844
0.14885531739445146
-0.4649275476843949
-0.48663208033997774
-0.974854452081602
-0.9033339428650782
2.4073215930018206
1.869291679981305
1.574090936431762
1.453958552640887
0.9351342546941228
1.13127554910318
-1.1773967946853934
-1.4570643862683612
-1.0992289096036298
-1.9955550795597476
-1.4991215878160882
-0.8814591572595213
-1.688116808800457
-1.507552779244322
-1.0294539872138966
0.06085836683288737
0.6745450622700452
-0.32510480785892404
-1.484954024587795
1.3891396191580003
-0.9226017323755542
-0.7404728532223339
-0.2983244502722264
1.577379858634572
-0.7396383313978708
-0.25871514791106015
-0.7455234936920687
0.4093759557658314
1.5027540027952415
1.9923886740157453
1.6440152342017809
1.3251195277281753
0.366914130016902
1.169480178236317
-0.48471689343812396
0.23307144034789673
-2.5765782498928953
0.7740651682777353
-1.5912192118297934
-2.243306301469291
-2.5323166969665247
-1.3029595270728038
-1.1639642372496735
-1.9585880106971136
-0.3892617950635131
-0.3997288970297914
0.2897988472276857
-1.4970369554123786
-2.369547278515265
-0.8861373631416951
-2.375959288256462
-0.3025153936687125
-0.6345362642513002
-1.2999246114718956
-1.560280459203558
-1.7171800162584645
-0.08228540465959033
-0.8952949079981078
-1.4543569506623792
-1.3343693005539778
-1.5030030528100946
0.20254171583495972
1.2380635852250585
1.8433883346724973
1.5198444862709726
1.05564114350849
1.4609593488193702
-0.3510843091994773
0.6831225367823854
-0.7120762723409336
-0.7968486145799506
-0.380894267167746
-0.5112152093923332
-0.622687735367027
-1.2266690967500238
1.9399181426962226
2.231121738766946
1.6164247308530357
3.03700969311072
-0.14588172938278887
-1.8680082234381636
-1.5378020849629002
-1.5086929730187888
-0.3333828746000369
-0.6527539924051623
0.16520675293475273
-0.19730786368434372
-0.7581336678336313
-1.57365510041754
-1.3761579285170884
-1.6807410938318208
0.1958443774824734
0.3066041560536179
-1.8359865604295391
0.24778361950515362
-0.9116105723009937
-2.6315293264368895
-4.038043213183997
-0.9020849135032379
-1.6737755277938562
-0.3689909634498434
-1.439771757183246
-0.8043609147249431
-0.2947526948820526
1.3100408597063729
1.1781247520654343
0.9461849105081621
0.9097184216140328
0.5981255754042015
-0.3318181140000722
1.4014380056004507
0.7020442473667701
-0.25409147963171785
-2.2576701309892098
-1.4745947894759597
-2.1079720933776307
-1.129288982959808
0.3210335030854987
0.9574983719337782
1.355249354032916
1.6181284336131472
1.939605494659881
0.8927254507652835
2.6303220449875053
1.6986471451748668
2.3057483282658726
-4.134978615674412
-1.1075439810084124
-1.021665076081637
0.6708971612666016
-0.19990355187269593
1.3771104827459484
0.9979199082655753
1.2571050671536548
1.7008559265036878
1.4889990429338194
0.9900640187371508
2.0461200163125106
-0.3406206845758001
0.4313370766560234
0.22532039744202603
1.3974252201241277
1.9742283080999448
2.3244007358521466
1.7220793245514585
1.5332266396965724
1.9046408438706026
-0.9167299851712891
-2.318881381539021
-1.6903696433932274
-1.454853707739184
-0.9292988238077153
-0.9846912097928495
-0.728880913310513
2.2736143478360886
-0.2911093574445849
-1.7350660259089388
-1.7171742116358986
-2.333420633716626
0.8421245836912397
0.8039166419531221
-1.3494970187802156
0.3055317270050021
0.43847021291334487
-1.2592508750619675
-1.1301171985478278
-0.15197291138496438
-0.597635465335457
-0.6633650065555016
0.42224920301728885
0.11595802995083682
0.03566345884701971
0.12340436114205833
-2.586556790262517
1.3339540551893065
-1.6233847328451179
-0.8606950655746108
-1.9059606313348063
-1.0485946672258082
-2.6692621371601857
0.5017444077987041
0.08234371685335096
0.09981434593478566
0.7536753054065016
0.6328966070289688
0.09711625229471366
-0.37954990949363754
0.8348644579741837
0.626385421501463
0.4592335454784233
0.7157728623644795
1.291520689879139
1.72839523043127
0.7345930679366626
1.9166714914068645
0.5692181274603592
1.4710579285364611
-0.5746502738757063
2.0121898110607104
0.3758602033756546
1.4200070249343022
-0.44307269996578813
0.766409345058455
0.08204951238540215
0.6875007679075735
1.243968718784875
0.5536148676411436
1.094730239988206
1.0287871745727313
3.127662761837309
0.9166346913651748
1.02370165405521
0.6275473814391792
0.769476335314494
1.7238622860124224
0.3307396326257428
1.4390494686315476
2.412731418123174
2.2936731694771506
2.1871857129136925
-0.024051358280733792
-1.4763355532995972
-0.18320354291766466
-1.793434794690184
-1.3619879709293843
-1.5016155677956027
-1.4726027234612638
0.1585913578583079
0.5129855114358676
-0.878453077174663
-1.6300225478586436
-1.6213518316767896
-0.9765688571881324
0.42254160112293715
0.3072741303821015
1.1666949608711152
0.25848155416583146
0.3280704394045041
-1.9000252429788205
-1.628148173199171
-1.6600504587558225
1.6499360212205356
1.0842207720389805
0.35435964636514194
1.6028377841637003
-1.4886519588161913
2.2316299749643354
0.9084400081137873
2.0537229330028364
1.5282304213119668
0.9655013823444178
0.889688397116463
1.305860485347844
1.5104859616335884
0.765085325048005
2.113377982593936
1.9335770234064555
2.4017510888841485
2.802402463136528
-1.884279741799129
1.341559527940016
0.7996237356433735
1.3263705788182838
0.5674120099132238
0.6860530793555257
2.249228210701075
1.2665436053107528
-0.41618243413184763
-1.4901286998995886
-1.4022786868266297
1.741771563020032
0.09051740401047403
0.33489438404217575
-1.7879868762462832
-0.8768218050650809
-0.3720305358576521
-0.19353586167841919
1.6350695966588216
1.2129130188249528
1.7710747162306724
1.7910975983292448
0.794197986651046
0.3774676305797505
1.8514735939241478
0.9030120881802961
1.8276273225453503
-0.8261317777255845
-0.3787439837034767
0.1490777277006905
-0.08722991072712727
0.08952650389341321
-0.16959002953110147
0.9522228500163554
3.311574069017211
0.6339351961525739
1.3767230467625993
1.8992537969097425
1.8453541420937136
1.0379793170051195
1.7259854018967764
2.4072437850352344
1.1606366840855877
0.7327864448665624
0.7173794676707802
-0.8489479540689038
0.39411137968928733
0.9371381799266866
0.6292542797513905
-1.7347668595375365
-1.8437631636667806
-0.6820588719422944
-0.8252296652176603
-2.0120030848748187
-2.3726941194245508
-1.3599883148658547
0.5793665031825455
1.730570459782892
1.8151487452228903
0.7750196251939756
0.10864274333204049
2.753661849661732
-0.33195095921094114
-2.786243770482847
-1.005302749647405
-2.6498001747125635
-0.5530084533629775
-2.518207999321314
-0.9091205987024473
-1.2608557336125452
-1.332769516924519
0.7816376524168418
0.21254036268864918
0.28027074747217984
0.8702965492230865
-0.01700773574692882
-0.018626187335346378
1.9494020599985473
-0.4294603974837736
-1.4875840605315682
-1.5456343908179597
-0.39203453016426004
0.7163280144838118
1.5431593925220048
2.0142188533075185
1.3751128100868846
0.4105449839698896
0.3691338801582913
2.615679250707189
0.5657385934164565
1.4968174069985984
1.9325239064636799
1.3956441112813
1.5224312702203873
-0.03674833996171878
-0.6343112106216066
-1.3587079137620226
-0.1534567322613276
-0.6873957538549137
-0.22513736295261821
-1.7711735540249678
-2.6295293351405156
-1.043516646856247
-0.5575676004492491
1.5604581725124353
-0.1532821629097436
-3.263647696741442
-1.4976175536184158
-0.08601644016893939
-0.4218579973655481
-0.29225250220586596
-0.41590573958815247
-0.1791982165966972
-1.17296974996748
-0.49567368071568174
-0.5145148647976897
-1.4947465673688665
-0.9451779676493202
-0.9284338372479962
0.9573392769115012
0.21259407153357546
0.16601210396708854
-0.31161882545294883
-2.324545326849892
1.9174329247094655
1.5649374797117876
2.146025441982588
0.20786525118258858
1.075247354451463
-1.776863582892004
0.18078128548029038
0.3585262975822969
1.5114473622352282
0.748963680865049
-2.180023024834708
-2.0391884838646686
0.48571138224825927
1.3300119241365589
-1.7647227738256859
-1.4269922848363241
-1.4528487293702765
-0.875900789676602
-2.4266523860985885
-1.6298393632593922
1.0683259327350059
-0.9464774105206157
-2.568102601539816
-1.0989400734007508
-1.426529637318188
-0.8253960295105688
1.208174082831337
0.9096270701703912
-0.9498542703333654
1.7949805314075882
-0.04980093575002709
-1.3328240910599438
-1.5049120172347312
-1.5110478125222213
-1.7176995093686005
-1.6090408789808086
-1.349141537601431
-1.618398228076631
-1.0970679523544662
-3.058882285675679
-4.197862571024998
-1.2056644337744005
-0.7428008013612732
-1.2564473804334884
-2.1655470378662045
-0.12376971936707026
0.4011113029221399
0.9828401921157179
0.7512368630148364
-1.0549657877535
-0.8776964132210432
-0.08081160062740644
-0.6339000625064601
-0.9525018560651187
-0.2061238294021348
0.31275438430718183
0.1373811668945982
-0.931256259498414
-1.3819838851036208
-1.1282353665733666
-1.6595584076644445
-1.8302358448004772
2.189252453982712
0.1280443127232418
-0.9792191405261269
-3.1198517918226933
0.32145887519461014
1.8915855684222582
1.7104159207447096
1.267277497480302
1.7094840025869695
0.5906935808073337
0.10181629748019239
2.332821436171903
2.0530470536534144
0.6950533080921193
0.8445894775104117
2.1446920025716643
1.6069130135566656
0.82755877599325
1.6816911354208373
2.5732738714870624
1.5281402188240951
-1.7446203305333265
1.513983443716814
2.2483012561322218
2.346646370316677
0.022963655678616357
-1.5081332321946919
-1.2249407399370806
-1.8380484063949658
-1.845770022442197
0.9239903037336946
-2.2657039431239165
1.0098662257261093
0.9983317394983188
2.0149558084536907
2.8625699475809783
1.3399178291620504
-0.19308961205807584
0.19095096808264067
1.2553383397016802
1.4202034140492885
-1.0316243963284448
-1.5433095370000132
-0.893026279340761
-1.4861160429687337
2.2181343144659293
-0.8574646923945228
-0.27883872361802753
-0.11348851333459031
2.09372121030085
-2.562481911661151
-1.960691235869581
-0.4495024754483795
1.639482999123419
0.5778014037110037
0.44014020628264805
0.16701846667508125
-0.007161988753215498
1.0774412839971355
0.7760080124415716
-0.30038948490642814
-2.342405691491197
-1.427009363902521
-0.9761907608246072
-0.5622786362310902
-0.1890638729534997
-3.183080446540001
-2.3318294753767175
-1.7468596122297249
-2.379031312250301
-1.3756122045467147
-0.5453802049811267
1.1862105693096294
1.2963199153047815
1.474356995533375
0.6687051609458471
0.14711229890770566
1.2186877445615307
2.755872626496444
-1.2654878948313668
-0.8907516969986201
1.2618438912699903
1.3045574019267971
-1.9708262720461232
-1.6971191912986998
2.2857539862551555
-1.110594689153361
-1.5532759603102246
-1.900417163153428
-1.2845665124552819
-1.686958475929742
-1.4787280522048594
-1.6809803453115895
-3.07405389091561
-0.3416893146838874
1.1786022309458069
0.8179296116873285
-2.7322035000025737
-0.32962261835897533
-2.7214786484712357
-2.7165833397171655
-1.7980239809573668
-2.1533142540424817
-1.7552030660507454
-1.443246388007911
1.0083987856265983
1.1631010262256682
-2.20513645120744
1.8517184208449171
-2.81741672770005
-1.9090828759079388
-1.6416362016841437
-1.6156103614045283
0.703580515292084
-0.6191187717198303
2.050399299358515
2.0260322675284472
1.4131219632145033
1.6874744551034533
1.042272062402608
1.7138473947890773
1.95707572068988
2.5639863054675676
-2.6729379264963553
-0.7788429045196186
-0.9847264238244033
-0.948339334982457
0.5983456721546625
-0.2556565879326529
0.26210134465436097
0.2956481576596912
-0.9518363241264856
-0.7213900929347837
0.010575740062752303
0.31644670146403386
0.510916648131264
0.8275066382061994
0.3084508614781085
-0.5420019743759183
-1.630842276513932
0.5262142614850613
1.6629223648219449
2.2476492471236096
1.681409972630391
1.8973631157153874
2.0102394526660836
1.4815244482496417
0.7463828871561573
-1.5870678576775592
-0.1796431845945342
-0.027751869517941175
-1.3346540218901368
-0.6909336709361297
0.7705871138955644
1.899498433814939
1.2397928541024732
1.5801446949947615
-0.914961428663045
0.6158177993234051
-0.48766472612750084
2.5278675083667395
1.1570519094380243
1.2896815062881086
0.8220546714640851
0.8269872935765943
-0.3062502185693131
0.44477711921973506
0.4928593616443744
-1.7221488439410444
-0.8001624025231209
-0.20712510386060456
-1.9951029953865582
0.2510742967489321
-1.894923491639169
-0.7475633980680436
-1.1620053884022137
-0.8862347427765143
-1.2919861301615598
-1.6250919140773048
-0.8886080110324976
1.3128252071133315
1.4400024154265574
-0.34413266229772843
1.976538332474012
0.8417311562704499
-0.23987014860864175
-1.596773402021008
-1.529477242741314
-0.8545941896363296
0.07607619799201998
-1.4515679231711527
-1.8946024004473938
-2.5549584300167134
-1.5848197000828892
-2.7613517884801695
-0.8311180886438955
-2.1675974673318397
-1.4193637700821011
0.5848354411263652
-1.0530482209901622
0.4862480291228424
0.6954958341104329
-0.3328878115527094
0.3009374051245919
-0.4005326668725633
-1.1517192055912795
-1.4863806292768493
-3.437836311556333
-1.2168832679667618
-1.9686404819438927
-1.6541293384548668
-2.7654530379874203
-1.3301840604892214
-0.9289779714873414
-0.6159843656391477
0.08945156341988125
1.410262881881728
2.609344126301557
1.6256711060454518
-0.8987324530009784
-1.1942145238611652
1.3373444970020465
2.5035166019075468
2.2580753727365845
2.0855411621908044
2.2475465658073963
2.145773110929579
1.7063617974333811
2.6148455589011546
2.0517413517142633
0.6029737784041893
2.3920266606834533
1.7236343791699829
2.3180079032735694
2.3261987582751233
1.3166931192496611
-1.395973101717931
2.4432282999759733
1.6742446440193057
3.4157365709164873
0.30989257098220646
-0.6512436730429884
0.7624266846786745
-0.5818820143476804
-0.493560673212886
1.4661785489019543
2.4756420455187307
-0.9328604077225044
-1.3175791553382832
0.9441122641034603
1.8084182410152938
1.1018540830843264
1.5214579274355733
0.6491555258773793
-1.3445720181531546
-1.249506900932359
-0.40960322893163004
-0.6921952485041482
-0.37202798936218145
-0.17817525157019753
0.15955245407720764
-1.4670268865667588
0.26141791839444095
1.7996376684990851
1.031699840528837
-0.7612522874914431
0.7918614778988985
-0.21981879537560411
1.0009783734253492
2.4195895055004772
1.7965221306975003
2.7443412130403706
-1.8508665130454793
-1.7015631755672822
-1.2695128445489954
2.0176861272556903
1.1357097798567368
1.9422240554195795
0.35081132204759
3.273271777050886
-1.9866141793104355
-2.0011097624152803
-1.7935973350399406
-1.5872195500448605
1.1798994228486483
2.988068877907757
1.8114584381796903
2.034308933365543
-0.4236842299114343
2.209061657687675
1.5884246867046663
1.7029812570590281
1.4530848921973873
1.7050706341706152
1.2725410743775551
1.347420259458525
1.6463457985593375
1.3751522249738204
-0.7164592261185557
-0.667263810870423
-1.5714809641257608
-1.3109554745785137
-1.867132234910305
-0.40159213711317476
-1.4201691470989823
-1.1265695768915465
-1.457488741762964
-1.4219125751785555
-1.2555243743726698
-1.3193150942715473
-1.9239376934092627
-0.32796455835179894
0.14663139119569624
-0.21065973048264286
0.0684872810899314
0.3907948932259051
-0.97035225204877
0.21547179128650895
0.6608356760032942
0.2601816210891623
-0.5967108594179504
-2.335480331569323
-2.201050843100176
2.4936119054120875
-1.8803528278278603
2.173610976582214
1.892429404041735
2.3289583853162688
1.908431604460117
0.5244298902571866
1.2080763088945845
-1.456225982987097
-1.4284356327798575
-0.013823230984324753
-0.516488404820557
-0.24997037869968697
1.2810308218105726
0.6505188111093112
1.2739814441797839
2.4553009054628423
2.553144276860901
1.3244535655267833
1.5052441039376145
1.464832312798884
0.19724451844484125
0.8565643179312483
0.25270356874937216
-0.2657942325110112
-1.9418470431768555
-0.16174117066418303
-1.3701794395568443
-1.4601737534180066
1.994871015767434
1.5156042846648394
0.22760502054894827
1.3750117481967625
-1.7286193482451406
-2.2642707010985914
-1.4120639366222252
1.3184352032269875
-1.064716926730682
0.6294367163555279
-0.6554300669686678
-0.6381026437068517
-0.2651121404663718
0.22150523361886243
-1.2365061673800752
-0.28795538739250515
-0.7172965480793269
-1.363782321510489
-1.1659672530234766
-1.7565562373493133
-2.2329607088185304
0.1855500780187983
1.5131732176039414
1.1653678996996355
1.880019271067981
1.4719162368855485
1.8613187981145067
1.6029340394475329
1.411849409547085
2.082194662729819
1.4256532654054368
-0.3717782923147782
0.3073896503495017
-0.04167802035742196
0.4814393928479097
0.5150652516673875
1.402386215524925
-0.48420640149461935
1.0948192709411642
0.23185188525929057
1.6756919830234946
-0.6337846492764694
1.8857511928986206
1.2688082567365682
2.380955293682632
0.1777854023472415
-0.35768239465777407
1.0560625699280433
-1.4948063147590873
-1.6976589772622495
-1.6251394993816546
-1.6085790247851453
-0.33604007312012196
1.037213649996381
1.870051437924812
-1.2485629912248006
0.08965142053716635
0.07532765220212534
-1.2523645541366915
-2.9089723944833747
-1.9024022587456453
-1.745340965953656
-1.737734117745019
1.7503047722168765
0.8255658718443009
2.6678536855368016
2.626290229030991
-0.621079414850513
1.2383550559032166
0.39006003482542184
-0.6100837930667504
-0.4451321382341654
-0.5997077230571713
-0.638491178083979
-0.12633452099251874
-1.8556607802754201
-0.9471511723688877
-1.5649952986364717
-0.7139069148839234
-1.485542006698056
-1.956037407315612
-2.8168552336900614
-1.1731205630575068
-1.0929868796435755
-0.4576528548501142
-1.0722772833051004
-2.6320054110601467
-1.3129929113021246
1.2395796434841349
1.5158327051453093
2.2708351803811153
-0.08378576117575565
-0.2561171017693086
-0.09634498275605308
-0.3233729022418584
-1.2440692879472215
-1.9208335041487588
-1.5329700694492878
-3.0746247059958693
-1.059301083168084
-0.37277067113089746
-0.04186591415345986
0.7372852278914829
-1.086450164298903
-1.1086274689169515
-1.0588362284277928
-0.2954301610445039
-0.5712293817642486
-0.8671100167915462
-1.3065167984730508
0.5602082880070698
-0.5387222004277825
-0.21547557485305313
-1.697405988483874
-1.3666325688232086
-0.6916768095049706
-1.323585649367177
-0.556136489639687
0.7161017978124571
-1.6152193714995131
-0.22589024174757644
-1.7285264803678781
-3.2547202959747845
-1.5127631733210725
-1.9178342047375319
-0.9520872220297436
2.657552032206922
1.1744188546115675
1.0097308886764436
-0.9537581519755065
0.5662011233869365
0.02008611185298126
1.9458941153454083
-2.65724211885953
-1.2720320352722903
-0.8303809331634802
1.7549932673714137
1.2201515013928574
1.7013370322197499
1.6486735045169063
0.9396367291996033
1.67101371790543
0.4319796628190705
1.9118532570844686
0.9514396654171347
0.9803569637215956
1.4436624705094279
1.5087871214893092
1.408840861805885
2.2955952701899665
2.479890550608072
1.3082675988746886
3.279144365163684
1.59064010467926
-1.214571092323654
-2.3691820288730927
-1.6748779535702487
-1.4849127463156315
-1.3334358606330108
1.7708759229162299
-0.4841350242021214
1.5472888882789853
1.6645639573619515
1.1671447085254003
1.5275149129874508
1.7024491514755797
-1.0845749144509655
-0.722658202721562
1.06996722743431
2.469698010139513
-0.37215462989534287
1.197923421274557
2.188510607986632
-0.8609528100831916
0.5439538376143749
0.22366212124788376
-0.23958468727902904
1.8588209835764329
0.6405776408322192
1.311270879305051
2.4400602133287155
3.1461909783774447
2.719265954254352
1.8300341878150523
2.4021520093277724
2.238092137301075
0.8108214709187015
-0.2686703362536388
1.2295382847570653
-0.8713312610758972
1.6363896395047652
-1.1619361686770122
-1.3339313083889797
-1.6711537201167233
2.445830094055197
1.1272941295959
-0.3561232764034529
-0.24589728382831277
0.7984695689209065
0.8752672067248133
1.554270045555623
0.5358005667949925
-2.2455934545202036
-2.053237189605264
-1.7501347898008306
-0.8847735970316798
-1.6776462137885049
-1.724884240756048
-1.6858929725690326
-2.5392216304127686
-2.3948632062120234
-1.5005347333512105
-1.3782595798602033
-2.1396329418703237
-2.234522907879927
-2.5634895486744993
-0.023442485395597956
-2.0326299047383056
-1.3864005592747555
-1.3130298224869739
-0.3572553192628922
-0.9668889916868513
-0.7024762832029605
-2.2880848694484213
-0.8598542558677685
-1.291356160341815
-0.34864797995287033
1.3344651810053234
2.377838988312673
2.8914200299381987
1.816242277596521
-1.3156578930889806
0.21806714234678237
-1.7886327165331706
-0.6318456478415607
0.09220127346759827
1.4447528145330932
1.3383529576970852
1.1884162735544914
0.12608275269375002
-0.24943792052069058
0.045429308795534085
-0.39153982849976054
-0.2599807357759496
-0.8915547852303978
-0.6569619463817301
-0.32152121841933334
-1.4364531140055838
-0.6536759774128008
0.1807681071509859
0.1367652170470421
0.5723127836407326
0.05499852631158442
-0.12210632020694656
-1.3378042036649633
0.16288771336907282
1.0140112744527223
1.5510934034641837
2.0131953928952004
0.06765459329193702
-0.3459688969455601
1.1171125633864847
-1.2319366861901098
0.5354022244097432
0.6989338037047077
1.888323086377186
0.6639886720837602
1.100677371641983
-1.1962397771485316
-0.45919829432322357
1.0690020541495637
0.36392335982376584
-1.5205892947665323
-2.076835711345779
-2.4904018637340863
-0.2025773395166019
-1.6934650223060916
-0.610999918894537
-1.0438735542538953
-0.643009458253534
-2.1191095466954337
-1.9541830782171732
-1.7481145033470769
-1.8561937785154643
-1.50131125156383
-1.3397638708392368
-1.6754981241627904
-2.1076782846187845
1.0067872559603517
-1.3455875363221574
-2.766177235171827
0.8710989189125569
1.6982811202538692
2.6744725083813305
-1.2157379372419164
-1.8762915149767245
-1.3829317184949734
-1.103091811879505
-2.562977222244366
1.3537758525792625
0.6166230044473289
-0.45646204322129647
1.7281088550559218
1.7854313142590763
1.8069786314332794
2.4382883286843424
1.863674018672405
1.783514806081226
1.4181111512277496
1.9585996376376094
1.2971397855149978
1.9950702882540672
1.7128247718046097
2.03040988974374
0.9886277903748579
1.8489155372274992
1.4440690184280198
1.3651740977103608
1.1386614251657987
2.537006860016657
0.0353650037739327
0.6083777950552942
-1.5290454512756408
0.8645981311021513
-1.8632611956321414
-0.6495919016874233
0.8648025447468592
0.30668661525120877
0.571718643421746
-0.12466444773837249
-0.02706105131096595
0.5420445329280859
-1.2258216332880154
0.35248593485952984
-0.7001200706515047
-1.2264196529251261
-1.6019725931981836
-2.668273847106489
-0.3230475765981278
-1.2254550065173964
-1.4057127788061614
-0.638779942663763
-1.2477887653411075
-0.07006511529976356
-1.40333651295194
-0.38211548486934577
-0.07789119239171605
-1.1336242734155748
0.519237849800962
-0.8696186166241662
-0.9436216015138715
-0.821983102704362
-0.28615486512139454
-1.2560791455308307
1.4293519849791072
1.07125943246324
0.7706099580364584
0.9996261123440567
0.9539461215809428
0.7871762013407828
1.3928985989762515
1.9888633527985646
1.3292626239481753
1.6971391472448647
2.460464621517255
1.895370611996097
0.7268234053184214
1.20548794224793
-1.211174629957757
-0.16876558348921655
0.006039692241365913
1.129787724149352
1.1841323757359268
1.0850541917530847
-0.15490465437538725
-1.942970027679082
-2.5667769436657135
-1.5126629680391446
-2.4338835014514077
-1.7433830027814132
-1.8284417037278125
-0.6449351774451597
-1.29645828526608
1.2091213466057833
0.6166710562233749
1.0287563937657254
-0.46479391706285544
0.877269723565494
1.8638323097573621
0.7402301498742547
-1.2430353008452715
-0.7655475216624621
-0.36798953315547855
-1.137041929098377
-1.8027464861323486
-0.9212750362500182
-0.9033808306925476
-1.7132729342314692
-0.8339674150966343
-0.7816281424950593
1.304556926033059
0.5140420491590854
-1.8843039881313688
0.4443360399060549
-0.6025023015130626
-0.48013523470504094
-1.0182363718706644
-1.6206414429395273
-1.7091850871133072
-1.8209536031862021
-1.4614134380144774
-1.179588062965609
-1.064046497246298
-1.2028004818347797
-1.125114865644184
-0.9553604988547126
-0.9738633920249464
-0.9167006342398876
-1.1850522415297327
-1.0490488516513667
-1.2417664539649018
-1.4369004139756703
-1.6839917454142417
-2.8853334843936955
-0.6540652523043248
1.0634288016150621
2.2796018355449723
0.39223797979034347
-1.7773351838126277
-3.3291158775599916
-1.0178162474623256
-3.5826816498749614
-1.737772827255826
-2.4012861416163944
-2.6772568848140734
0.8073354327364617
0.8232474909212111
0.4411895161128472
-0.27066455012414137
0.3924916700799559
1.7235633713175176
2.0239057391469135
2.0279262081897915
2.1671674246617636
1.1019126385852105
1.7165932599763591
2.054948917025537
1.6272563375710845
-0.9355517800151911
0.7423854644630671
0.3854423565727709
-2.0978639824312006
-0.6253206643986053
-0.8489577621020075
-0.3786002797560195
-0.11619801370425908
1.0878530953232235
1.2057746524132535
1.2339425196474925
1.354337056432048
1.4563823982300799
-0.18634689574984586
-0.620316706505968
-1.5019383107215674
-1.3576629135869065
-0.24657068326828824
-0.7067348857416077
-3.5020716731545742
-1.4701000252586685
-1.2945767092017229
-1.6899872866578254
-1.2925422926618406
-1.9265049549433046
-1.3722170954654755
-1.4465514023675081
-1.2514933404166535
-1.7037354967172986
-1.8636963336014112
-2.0725420639798564
0.8409614822058714
2.1154147799433476
0.5052902758343678
-0.5858582558363491
-0.7835738721994087
-0.7917043941033637
-1.4993951547578777
-1.1681573085730723
-1.1999142460145762
-1.731961665298624
-1.211196569485478
-0.5347111573495456
-0.2639329359139151
-0.6409132652594653
0.6128722782071119
0.7818358850589062
0.9381850292480898
0.325289272797716
2.1723789279101045
3.0943466836545057
1.4679974165187266
1.290995738317175
1.8983678320228614
0.2184650079380328
1.7817174008081864
1.7373444810242735
1.6283748993260065
1.3702714969234944
1.2644435106285203
-1.7701755958882535
0.8772265147492659
-0.06898748086150108
0.7360123284546634
-1.1082772447374232
-0.5043129446286713
1.2967490406373439
1.691839761973014
1.8742948739797705
1.4378496692206766
0.8423683907804858
-1.3899934469925994
2.5065170549996925
-0.06261861792460949
-1.0484160163976726
-2.126969521999089
-3.131968554782306
-2.1431514018130606
-1.7444931751786639
-1.7796116988152084
-1.8813195492211985
0.6173913112925747
-1.4672607384065934
1.4080783599390525
1.3743247312683855
2.2274910239484447
2.635999029200277
0.6573748688372163
0.05508016433913243
0.756803660085825
-1.7643733210113863
-1.474688090158249
-0.8147761503751845
-2.535168166358167
2.145385721530137
1.4611268169919058
-0.7371395737545086
0.43395253972572156
0.5985798868531882
-1.919107162715358
-1.9845230817470358
-1.5409019159509878
1.3106937701893107
2.0713176788943404
1.6869033363175274
1.5394237413311265
1.6542271214013506
2.927055757060831
2.858976047701
0.4160245759777088
1.0482365277323766
1.8930382528791128
1.9254162045877026
1.488678347997275
1.9653892236606518
-0.05049528919975099
-1.9386949354563163
2.2487014324071852
2.130747302017652
-0.8498098445819249
1.4836580260779335
-0.19809425689909566
-0.8826613806377246
-1.709823961369913
-1.3078443728206512
0.15304510415356598
0.5044310111856048
-1.3505803455264687
1.7264449388206184
-0.47255414119228034
-2.1225728981094893
0.03293883723493174
0.8981766256247059
-1.8043440082180358
0.299314052755584
-1.7973016549908656
0.5496715641461312
-0.16183593708041322
-1.1739473049623508
-1.7756632460442698
1.1512558101120163
0.11317901056983981
-2.091287454810004
2.195427870721412
0.48908890723468146
2.3274067592285146
1.9612091535586584
2.971435580222052
-1.08264904520159
0.7528052067835581
1.0806606111582204
0.34386545568947235
-2.6529879669768945
-2.34271264888443
-1.0549195197618666
-1.2600845636381246
-1.9696583519270687
-1.5833327754668711
-0.5783433033144397
-1.3534461249378669
-0.15114153513551098
0.4021731825822178
0.6233537785313703
1.2205372451900036
0.66359897079634
0.24144392382880592
1.4409460081719085
1.9531442476580154
1.5076676453953755
0.785772019770457
1.0624154650231172
1.2386508197873634
0.48859102836113855
0.6774820815821125
-1.2828023659068735
1.0369542038161774
1.5550423508138604
0.20319868400128527
2.1596182313177166
1.981908887533315
2.4888529791755447
2.5130765742327315
-2.9112845584604385
-0.17611755385848285
1.8137530909257846
2.0124153213411238
1.2939055055015745
0.6231244369978717
-1.6808067754549156
-0.8119789366843553
0.20123411695932547
0.34851251181601783
1.4463442705571037
-1.6649238038801415
2.1248142791588345
2.105570537800668
1.397151371381665
1.449859364916154
1.9971171470573668
1.852855041019896
1.0760049112102743
2.4780547537413344
1.487413374072188
-1.3624966848218456
-0.8617102266276863
-1.673814532975971
-1.8672424243328878
-1.3428908708255225
0.9481523373753076
1.8815970561224196
1.655740796848677
2.021805866307555
2.3558932003049833
2.4694797683212997
2.2126962741135534
0.620271933532434
1.401639802717312
0.21330913494000625
-0.9426493157721769
1.3790830658369602
-0.38659595841617544
1.164793342050654
0.15744599663644998
-0.3545939110268067
-0.23019690767310408
0.03987166852137203
1.132703955133836
1.2422778184535905
1.657095955448652
2.177710001746411
-0.29175458148706057
-1.6236940895953154
-0.795487422447287
-1.591896361562653
-1.9824283556498856
-1.4852855067908188
-0.8196456744465019
-1.2952787005726027
-1.1144417328090912
-0.6570381503947422
-1.1906084881529866
-2.1737391993462616
1.349447898471797
0.5963973807324969
-1.2532136200507062
0.6209788466917896
-0.17297300811885097
-0.5122330056799971
0.12641181629518516
0.7701259843955661
0.4729606154782712
-1.057091083994678
0.13350736198781699
0.8028502350180438
-0.5837461951027032
0.8775346370471498
0.783498585188427
0.030239984750331184
0.907883262520341
1.708339954483762
1.4704756122379015
0.7371726683371189
1.1824126812792348
0.729401239778269
0.41117643626517664
-1.2390898935385009
0.7818989705012582
0.03823955688292979
1.7966347293755078
1.1417145009319374
1.5809621290689042
0.47937550580296395
-0.540765155945319
-0.618508905984677
-0.42808387967299694
0.6487813220337401
-0.9153966776031632
-1.370649287484019
-1.262939594956783
-1.3299008388975202
0.9804944191261877
-1.7541620760260483
-1.6643775394994913
-1.9582576579061377
-1.5718126975033608
-1.8039112018307786
-1.6055056707980366
-2.172113529414971
-2.8380117981236466
-0.5330676672050507
-2.09147815684865
-2.66101498228248
-1.1783568211855242
-0.695678952279231
-0.8697444758735651
-0.9552608484035117
-0.2089202249820148
0.36386749520494666
