-15.37357080504615
-20.530786983760862
-21.950708816858622
-21.37375852785363
-16.258275419980286
-15.933180028794524
-14.896788476965149
-20.257178589554478
-24.616183196104373
-18.949004406447095
-16.973573135386722
-12.014188410943923
-26.135764509899076
-14.222189385256263
-10.401989101154948
-11.28214320889318
-21.736773637217794
-20.48396600412106
-20.852191396491747
-23.33344905861187
-26.4091098107259
-22.40858805247072
-17.581597589029272
-18.351384796600364
-15.320133363266315
-20.605051969164762
-20.988290458695737
-19.582079027996595
-24.982821648833138
-32.119543206810825
-20.96635096502552
-19.289061655170585
-20.038631758412485
-21.338183501796518
-19.438643224685045
-18.843864700569313
-14.2699219883069
-19.19181125175093
-24.251105048303376
-9.432587163637109
-8.740064273155983
-22.36891532725871
-11.1416563742151
-16.89468623697087
-23.366922257087527
-14.527645088165112
-18.107725934459634
-24.02058279511794
-14.796140673682288
-19.451927662373578
-22.464195269553137
-25.991617750149935
-26.761775939475182
-34.242854360325
-15.29760353903507
-17.003684172415348
-17.8861094237458
-14.244741028089546
-26.14450125232974
-25.80977071122996
-24.32438018927641
-17.87826968382044
-27.09036149850185
-23.149889948434975
-26.212453027411996
-18.81351681203931
-30.01891335761305
-34.84278708553026
-30.544846640349135
-22.885027598931508
-27.34752398393418
-8.267111155294142
-17.66480582270112
-31.754310491521494
-9.320214246944527
-32.305375135167644
-24.62375847427906
-31.12786503992232
-19.763769186279234
-25.27119049291827
-18.76950615029117
-36.34482114071364
-19.885221459434618
-19.84529415491827
-21.399791652776784
-14.482166126333894
-18.439456469338218
-19.12410665208359
-13.833445187649435
-16.611580261063235
-16.493451958758953
-25.87262493669245
-27.11914235133588
-22.460405320780705
-28.109745633531176
-24.176052709402246
-21.15872504976435
-23.233237843166798
-24.596845604490966
-9.136793796316837
-10.43726760609735
-17.29985886844086
-16.538269405816507
-20.421036538425042
-19.961034112814755
-25.969053791337643
-20.204382363601734
-20.525628531809716
-19.05329778916935
-34.31417601124967
-31.33858364774001
-19.659807390903882
-16.388394892236157
-24.945063055442496
-26.908261804070396
-24.812895469225417
-27.89250397329637
-30.649848519181504
-12.935937082718446
-12.459673587568297
-19.112088106474907
-18.975204620229288
-16.75135477149494
-19.72937118382853
-20.33098507613087
-27.94399580356069
-19.52815645474855
-19.347509632775264
-15.716103844207396
-18.328807642913922
-22.79951666999323
-19.903936506720683
-23.033028860799497
-31.68746915701835
-15.80371175384267
-15.120062288355474
-16.26192678013712
-21.012832900940335
-25.182738962397572
-31.394224875723133
-19.330159840320043
-23.702037392999884
-19.97107072003518
-20.17152951459618
-25.04003440570655
-19.19259607014019
-14.764428109436592
-26.949635782509915
-24.934020008247458
-21.665376892483742
-20.74874772980221
-19.55967712073975
-26.46067931834009
-22.36896046637744
-22.03201963162163
-17.296080230293008
-24.532485375793044
-27.792305889934433
-20.9779448472549
-19.189228350344955
-13.334993759980517
-13.947904057170653
-11.052492303286268
-19.976330617229635
-19.942213500366933
-24.092282257870906
-21.707675803953137
-28.70996093351236
-27.659323278161928
-12.749487319605592
-26.287413125194337
-20.53054827319418
-25.50319360743071
-9.420022272682148
-6.018517858541294
-14.655454616090669
-14.414549503242228
-19.18919959974098
-16.16116645990216
-9.825228927447053
-17.681587663001196
-20.412476680085952
-20.675496571159282
-14.693858560285765
-20.586495151883163
-20.42482714625895
-21.445215647273034
-29.049907053762308
-36.86981400642325
-24.446434597254346
-27.60023848454096
-28.406972436146546
-28.097328173917333
-28.846004903644555
-29.083143535283686
-19.312536062313853
-24.424639559076116
-27.506079324503627
-25.855920697337762
-25.87906702305001
-16.857028012613547
-13.701605560257654
-14.81216064861805
-22.531321509635212
-26.55365285948376
-26.572438804360832
-16.004605477723857
-21.76491351987786
-18.913613096191884
-19.049232488760595
-25.475394096379254
-23.01372105365835
-21.01901569986503
-34.32416181503266
-30.747824942668878
-28.752462486861532
-15.985082396033462
-26.757365909852055
-20.723629869840366
-19.48744729290904
-18.493977773649682
-25.159019596882555
-23.19561659751505
-26.81803123968812
-15.672648960317964
-18.03989535167267
-27.166748598367533
-22.454051375214597
-21.189665920462055
-24.781488144958498
-25.289257821751722
-12.663539352351645
-14.986829199163633
-23.71381072488721
-24.511835966725155
-22.580036059849142
-15.214267076845879
-14.667984602911847
-23.874405994409436
-29.944983308026828
-32.54175255472146
-25.079917371669747
-19.72290508302712
-26.518937683427545
-17.34924412861254
-21.451566369723604
-13.035536303822926
-20.520181443850152
-18.656944412263016
-26.96990684549481
-26.48373386583583
-23.85215116343022
-24.909408062727834
-22.140046232750407
-24.916123642181706
-16.963847526040322
-17.777300957977403
-27.691315532016215
-14.272447972392072
-17.38120762938668
-31.18617297433924
-20.50385631085169
-23.672286988580183
-18.17393233667806
-16.593831535608775
-20.341911484362637
-18.307617501501557
-24.97182720354474
-12.495876200967345
-23.78265587145581
-21.324912705320184
-28.97793769724973
-31.47781599726402
-20.8407864867843
-28.425932644933937
-23.764552993882823
-23.702748908538155
-32.642075415178475
-16.402764996325693
-27.463335647491235
-28.993516868882686
-29.585921939572437
-23.863351115769106
-28.98755729943199
-22.743143484532858
-17.784728532240997
-24.89926311789212
-10.800991612140969
-25.623368968228952
-29.1958703062353
-30.42813365936358
-25.084162355136257
-25.282430079183374
-14.122421428391945
-12.232838905825673
-13.63532502504421
-19.865421230061692
-10.323524817996933
-23.263012237713774
-17.63752162199411
-31.136720613296173
-18.637099747751634
-21.422375714867478
-21.077674599396765
-21.6843050398979
-22.648866840447116
-18.269488231653128
-21.023123044249246
-17.4350717696415
-19.749712388059773
-25.480697415708313
-21.789399463254433
-19.00426949707385
-25.10007727524981
-26.685592042919843
-28.625407700515304
-24.6361662973853
-24.760239050201992
-26.443208504156203
-23.692738104280654
-29.51147769706857
-19.84303103644934
-23.947224244926968
-25.480377544518767
-22.115411167573463
-24.481170605466787
-22.83585810563475
-21.134723595297984
-24.964616307857604
-26.623356355129907
-30.910560708763846
-27.088374604551717
-33.05899084638642
-26.248164951209933
-27.670599095789314
-20.791931190417216
-18.52877706343563
-25.344749500155185
-27.076541682475867
-31.71058674671364
-19.062457203282086
-27.845919530891376
-33.15583710277753
-26.541548148681095
-26.492147305412978
-28.732559874387178
-18.41709425256287
-16.91706327210511
-20.45127268703809
-16.993405373877668
-14.73957692546259
-9.899233143225153
-17.84573418707067
-26.686598482317194
-6.192422199309398
-20.23649441249
-19.171958943729848
-31.692799717433992
-24.57479279730395
-17.302261808118622
-20.663788950121848
-19.01951663170314
-14.129498123242001
-17.975237750983418
-19.6315927399718
-21.597604394647217
-22.09798326113553
-21.01897529250121
-14.614982785125125
-29.56251571409758
-20.141873971368284
-23.087791321419935
-24.30160227620697
-34.74562489155942
-15.638616999142961
-23.80847955055011
-24.68486609038284
-25.99713851038586
-16.765293315301356
-21.4398365216641
-27.960926801095848
-12.867555451116978
-13.502029559746184
-24.201211117303043
-13.244819030338256
-22.626193731406673
-12.61742988651421
-19.72550271264476
-17.426343723303695
-17.98060454943552
-20.055158237030096
-24.609033227989546
-22.83684877233145
-13.211885670232462
-23.52046172271335
-20.8383261081852
-26.018229362566714
-18.902030855963247
-24.60787581055136
-23.787589689352682
-26.442785037363304
-29.503295030163283
-17.27910165882961
-25.246742012759434
-19.70364456680397
-17.720701186342097
-19.822605891217968
-17.154050728689388
-15.187111727548611
-23.292008438860794
-20.500066373916848
-27.03710490977782
-13.55304511836289
-14.977658597674331
-23.96655932351551
-21.090224219753626
-24.797030645246952
-23.988100010708823
-36.561258734525566
-33.80801806915339
-27.626741782768523
-25.403448968820804
-19.138563557800786
-19.107132435176744
-20.560473224349458
-20.094263277354553
-12.617865447841407
-19.047303335157874
-20.764890985306497
-23.98976597985465
-26.56951910168646
-16.268868417118593
-18.622932917594184
-22.635536865308836
-18.089709346650974
-18.481960307746803
-25.684320455929743
-30.904626270683078
-15.74281502366286
-27.878555493523326
-19.88180700582953
-21.302790885667534
-14.512032397499983
-17.21415606730231
-27.576036201489003
-20.676705855860018
-12.229191464303682
-16.46564150901348
-23.375131478708305
-33.513576144122666
-27.445401757176732
-26.570679924088946
-16.0157149466679
-20.03570761821781
-26.764324892151855
-18.306834153929927
-22.58966000806904
-17.663064510255943
-19.50351701737535
-14.771052383225022
-22.834077146044358
-11.945014913056376
-19.772155405902875
-21.786405420646442
-27.004523076370877
-17.176003196152582
-20.0456035256096
-26.388958335633667
-20.27909509281046
-21.917272438679458
-18.875556548199164
-23.6123458610164
-11.501732336423036
-24.393447229565624
-17.102533227548832
-25.992069598538592
-14.842969700136088
-29.92599069740792
-25.492866314471044
-13.643481105378953
-17.49811064588931
-12.155351861557868
-23.401249595563208
-22.441043976990244
-22.999647243819048
-26.38377148802092
-22.050977334753995
-24.45306539266874
-25.94740360283984
-25.79162311341591
-25.10872447879911
-21.124409716112524
-19.067495469582667
-27.688649999962543
-18.036688553587748
-17.380526086538165
-15.582308112077236
-13.611576955532076
-27.06201373957719
-20.209065997775895
-23.064731427685647
-32.91028014601591
-23.680877209581656
-20.872417232711292
-28.899752584704974
-31.184355809895123
-25.36889449242221
-24.23358749011806
-32.93450046446003
-29.750473442945296
-36.21058367810186
-28.525362531781905
-25.80711303113789
-28.152876444615654
-34.99467288724725
-35.88255688296588
-24.40016793105872
-22.320728951469317
-26.194198300637673
-15.312427861827995
-23.199908857300596
-37.17077318670229
-34.287993632876365
-32.04302215808384
-17.384930390519735
-21.030131774357603
-25.792902203165372
-22.99382880473515
-23.060191856564614
-18.481517496534416
-9.739102539867094
-13.384997758691915
-13.549723539128559
-12.334966049892127
-15.853964949425587
-14.885907165240983
-22.45396056007802
-21.845099647971534
-18.91504582325246
-22.536676496084038
-24.943233714201316
-21.12385526880194
-28.455529941628456
-31.118551073288792
-21.250417894780476
-18.72109880232714
-22.366825336942902
-18.314508394476924
-23.419293215187274
-27.464603365195984
-22.252525828027387
-18.90434954254642
-28.396107224788445
-29.228032319400683
-40.31788625997918
-40.953226730565035
-25.912365199422247
-22.891041908217275
-29.283525419880064
-15.178662852227
-26.203281561729497
-22.7891618017375
-25.29747179483077
-31.87715177290805
-37.30152606042877
-36.68074428715593
-25.672084778906896
-23.40122087878001
-17.850859035934583
-12.871122954509925
-16.00721269673976
-23.32051507857532
-18.85550910220152
-32.434001274007954
-20.84123683495583
-31.711979091679108
-30.59899796827725
-25.654642206645924
-15.938106635953432
-20.822707941808204
-22.21357335727201
-29.883070085231566
-29.27693281537084
-22.479902246771907
-27.054543276091785
-21.68650475767505
-15.812169650795198
-12.359547125496974
-17.195893803940365
-5.162027062890992
-24.502325475338317
-17.273823711752176
-21.812134630615837
-16.92693124139771
-18.341643803455725
-10.136614223784907
-8.782774247448621
-15.532635056198977
-18.98041966280814
-15.70153297769658
-22.739339034575693
-22.767465415180418
-13.862109518041478
-24.069817133594558
-17.969961470385872
-28.32103065054214
-22.716246126423925
-27.69854480917683
-20.419357083762286
-33.20029521252829
-23.017120042846088
-29.362642240062904
-31.99191564600042
-29.80454544243142
-31.328510791677104
-29.193484816286286
-21.924159574500514
-19.56113068613443
-17.946912903196612
-27.913806449040504
-11.309952325772464
-27.79253212094789
-11.043331079633138
-21.11776824958399
-16.296020712037723
-19.980628490520996
-16.430463367731303
-23.253174565376682
-15.955718040983513
-20.829119237232508
-29.519232791587946
-28.92457879192556
-27.04114307940607
-22.912668062170788
-28.28858679036525
-25.708896138425803
-23.708488365771153
-12.788088917352482
-30.86846090607914
-18.33208570859633
-20.40714243285338
-14.841868568800813
-25.24130770615815
-25.138832580408888
-18.045832646289533
-18.776845411761624
-18.07521061660242
-11.654400989763964
-24.66517219752338
-11.119612503007534
-27.581879291593435
-24.019558279200595
-15.38715950408962
-15.735751159815443
-35.600221654602706
-14.353362793623628
-12.30412549526056
-13.629212594602063
-14.299275985325995
-8.734911973774075
-10.514450812161478
-12.42309507900572
-24.652090079986742
-22.871902020173593
-21.24181947630077
-25.157867346541963
-19.072272018378953
-15.554111189090449
-22.625316091951973
-23.676721745103727
-23.620285349469597
-22.10416366937323
-17.97189383339012
-19.857591488071833
-18.3674453603339
-19.485770599418103
-17.938961165874748
-20.522740777236976
-24.69416627646349
-20.71423161610784
-20.300396381277185
-26.971736997002704
-29.74163656507955
-15.565321581549771
-37.30380445839285
-27.890329056066413
-27.505299220704565
-19.257271290733186
-25.09199996495044
-23.97566302842266
-15.417622277560724
-22.133033406882838
-28.417639810859086
-13.825059094252559
-23.715784590785464
-22.48349857851475
-22.669525497170678
-27.981635051396843
-22.028715849335573
-15.741768724259028
-12.433985092527344
-26.326481481639078
-30.12301682508825
-22.571767855696564
-23.092353750693203
-24.0148642195024
-18.147000605310396
-29.073515252562757
-23.146525947959002
-18.95659092299454
-24.203915002513586
-24.51191184086919
-22.115202681448032
-12.374264975059729
-20.80566141044398
-23.72408077731677
-20.15128036502049
-19.740384947067504
-24.902940188668047
-34.31767004785349
-16.603061190989056
-15.065188715634704
-9.794523637774947
-16.148671095006858
-27.01535190611558
-16.07561975265825
-16.323837155984513
-13.354650118160375
-11.505018481180938
-22.5257389880524
-12.58896913617997
-21.605489818093698
-11.431443200844544
-8.899286317396289
-8.957655134655084
-13.12109825852432
-12.9454203208468
-13.177388846267554
-15.715788821343608
-26.956526498561168
-24.936419091836186
-36.06640285386512
-27.829205991186655
-17.636574614279475
-15.902287325173418
-23.642976093869603
-27.055524539432206
-35.41110744400471
-32.21936722136073
-22.239368524622268
-21.446292812579678
-29.406099874876112
-21.904143626530477
-31.218787452827776
-20.999390654738193
-24.307662664976455
-19.969718154283402
-14.461672566318374
-30.62635091902552
-14.72627747887754
-28.220854282283863
-18.295060995613767
-25.15173520034476
-27.651987675939417
-19.03867564431815
-23.279784922376393
-28.327987457905135
-22.037399900723365
-25.72200594391007
-22.06165548408464
-21.90700908849017
-26.97526658681421
-30.388007213101083
-30.735941088184227
-25.391974638526364
-23.55002288130918
-20.504226925687313
-19.274726386016816
-28.064727436636748
-26.305770638392573
-19.383476623838874
-27.240723377423336
-28.380987962729563
-25.023345327452695
-21.459495509183874
-16.186732385382705
-16.382624532831038
-22.099348846836847
-21.024522606385947
-25.49811164056941
-19.71395950235804
-14.034298799573893
-20.3270588910044
-18.805446751721707
-14.523984655431306
-16.388888479316236
-10.546903230932607
-12.23587836830028
-12.363954906653337
-15.383448990751198
-21.51113037165863
-22.640233034562932
-23.88213506506836
-18.710259391337907
-24.4930586603645
-20.86472363252858
-18.72837247035767
-22.939072407897008
-8.413543721491006
-15.7162423387134
-12.674840300971532
-23.421215261268788
-24.21661628044761
-24.33391727643089
-19.8142622695773
-32.86556579954542
-26.008713194791145
-10.392201283336178
-11.021358116504011
-28.49806113587161
-30.946174370204204
-18.818151683552834
-21.028376398566287
-24.664869565321922
-23.570471228984843
-29.984887992265676
-32.869245077738235
-17.38817845687489
-21.207639799948588
-21.779044346244262
-22.95844914340274
-24.727645354459774
-21.608813327033403
-32.33562608521383
-23.009804128530174
-21.52004315140011
-22.382349767653533
-32.875317321102315
-17.384428113017364
-18.771778958968255
-23.178884725538616
-25.860788487940525
-22.81330695836774
-20.396460046666128
-28.474998579433652
-23.933319665367954
-27.70086719274289
-17.586044518019143
-24.689974112187947
-17.010686994366743
-18.933875184102924
-23.0901688324022
-17.591814803814934
-19.16613079351925
-30.291048352705197
-21.399671318022992
-22.974341977290777
-15.491081836173947
-19.724389282794498
-13.550419744491915
-26.497509451774953
-21.593567682981764
-28.86985505144596
-17.851755721448686
-21.097793261975376
-15.061483651586741
-22.32013451567468
-31.30900069036028
-27.107860502603522
-24.7727191576854
-18.925489174181546
-16.221822090943633
-17.607154927276046
-19.999492616917664
-26.019555437201205
-28.051582648799823
-23.22545696418468
-21.188345634833784
-22.985931701947692
-28.078453726989444
-20.31912911856107
-17.543121944585128
-23.59383774224002
-23.158776817760057
-28.932306713767915
-18.143294793879107
-19.710953759614696
-37.23249558649092
-22.76422058571411
-17.64634536243488
-11.001554606921953
-22.990044226147635
-28.990507317074968
-28.086004414836008
-29.170920942248113
-22.536496228261555
-32.246207983280144
-26.78829192982319
-30.786530112199998
-25.895660695885766
-16.26045609288205
-28.668947615778062
-24.539874230831035
-13.76498580125735
-24.657840523103964
-17.447095074221185
-27.870697362260145
-17.305505497107283
-18.70900960233593
-22.922541605269455
-16.969244872135494
-17.37555796952814
-21.706249792479205
-15.491832357187398
-30.409342263214015
-26.882139453788195
-23.02123485950023
-28.69482983574788
-18.142052527506905
-26.59989335486317
-25.858772978541754
-19.232974487471513
-19.726601484912944
-21.736799586492484
-24.507675506446738
-29.102436417436422
-15.94129323346743
-14.505080397182219
-19.40890411764969
-14.836344611100643
-22.013108222341145
-15.620392395320675
-20.763870421520696
-22.035611234652748
-23.79645294150918
-16.6328950515536
-13.18935782062626
-21.48480311940898
-17.27989930004694
-13.91198788152829
-15.566874099416587
-18.89230631141636
-21.740752797868836
-23.43093009971571
-18.884381862367995
-19.106636174331356
-13.166512462719226
-21.576582893798932
-18.401694257573105
-21.702953235319008
-30.352563025098515
-24.774900785303174
-23.455971215661297
-14.145680607443943
-29.723689049835755
-31.363586935275137
-20.30946928339265
-19.282484245149767
-22.893805636331834
-25.184813560198293
-26.800429345602588
-16.4848299382313
-21.69285770516116
-31.604141269088466
-25.334182317809464
-28.383653495476423
-14.560056102918892
-21.924412872585386
-9.964821645723696
-18.165486598781172
-19.164558323796538
-9.414862464055233
-16.500028925352336
-9.404513725492713
-15.255372894686527
-9.636810702589486
-26.430106445682277
-24.965407446784017
-19.516419895269696
-16.38381452138936
-15.684785440699695
-9.056783287805036
-11.84240626053623
-12.102527151251628
-19.85610362615292
-18.20348979815659
-23.51024260742102
-18.0508536279206
-21.03326199223926
-14.02332559667001
-18.82996919026612
-18.58989387314739
-14.741846145500894
-18.94838169213024
-13.210671732044169
-21.505746362734577
-24.13568792785837
-32.67751881428037
-16.157411414016394
-20.60184234761858
-27.468730869616003
-23.35147562693932
-32.79792032450622
-17.741394290223518
-17.647663188052395
-16.09102317628397
-24.650415481575422
-23.80068956943638
-21.814000802868563
-14.268518289212814
-18.036481187503888
-22.493273292278584
-28.573945089437412
-24.369084129363102
-25.839960813463257
-25.759551206305794
-19.538505182810862
-18.773967096921336
-12.605178368799386
-16.351265828690266
-23.31407618918335
-16.49522148476326
-18.658818443630224
-17.137655757666433
-21.3251366106
-6.777575855992019
-13.80857049735685
-11.63295581610235
-15.3684171434322
-16.87503797116749
-20.066143167475985
-21.434598856203657
-16.181940193021415
-12.50299127267661
-17.21974022118383
-15.453651496989462
-23.02408290480153
-15.074811740533132
-22.33687079386052
-14.138229941245932
-17.556681844715413
-8.745399277337409
-14.902681643691754
-27.896803349409105
-19.82628438924366
-28.188452483842056
-29.700046949482207
-30.491492252144525
-18.89415481494293
-14.791530579955825
-28.360645993947692
-26.848762735650425
-22.574204051722234
-24.059549488683864
-19.801495657218712
-16.799967515729332
-15.038051079662072
-13.486793748577263
-20.586717377654903
-20.23434659466033
-26.681801692666575
-15.87565078135368
-11.255493853684065
-21.519413636968594
-16.6094106331961
-14.109675777601506
-18.383328271638227
-19.876242635475826
-20.498076213517265
-19.308809379026748
-11.167010653036463
-10.84690582356717
-12.562544211510918
-21.20349666944925
-17.646852745327223
-20.06736013423962
-9.734178900551715
-13.39273885760761
-28.676081106788452
-24.17796252014711
-24.266193661044788
-31.669089348758764
-22.513213818408172
-5.500130487292253
-11.884362926556875
-24.282814110072557
-13.097209982429675
-23.66654616928261
-18.90126557185353
-9.80625738963241
-5.888836696363509
-25.314117434871427
-20.90808155854853
-16.367653422144222
-20.566694986600467
-18.778013273469796
-18.939004049418138
-19.067668090087125
-18.1484241173101
-22.402092674785713
-19.523927113650664
-18.525864207039795
-25.31467432234328
-26.146463375408636
-16.353397342392952
-17.145144668122082
-20.61162105592108
-9.10940879813827
-22.272856714578552
-17.486107096618426
-21.367051652605973
-21.245845748704923
-22.67461167945757
-23.143240879665626
-16.638976125258885
-14.9730908018091
-20.139017182784492
-18.736838687845996
-23.069790688767874
-19.212465403230517
-18.026351119358598
-16.86680032818644
-19.37858062309651
-21.32542120073686
-20.564105769791528
-27.735705986192098
-29.529448321543843
-26.002093071271474
-15.505023198902148
-22.097715009164407
-27.82022056770324
-16.681170516831962
-20.098509586533815
-4.3003350275603935
-8.17194688116314
-9.580037605665275
-18.89529133591473
-18.45878421499969
-23.101623086585064
-21.311494897782367
-10.688040015612117
-25.04194768607755
-25.7673237277818
-17.02028810447839
-12.113729875002754
-14.196169376605386
-28.716137166651414
-22.539279289463977
-23.439354768073372
-14.1238933395067
-18.890702086650627
-8.714688756091967
-11.490886966088922
-9.867854362884174
-16.901037807189134
-27.23301600092976
-15.299767317371135
-16.66199197180888
-9.61275791355397
-15.324553996793682
-13.927379104920611
-22.263348225770073
-24.737677322687595
-10.095724390330126
-12.766322094668098
-11.43071038504372
-24.734089757780673
-27.782802560918483
-6.849319206721296
-19.484402194145137
-9.881571251650065
-19.218890643064157
-18.47862572648962
-26.460381129496966
-27.474645063139832
-19.390916643843212
-18.86195509805675
-16.04505968445116
-19.20478126229806
-19.20912793722826
-10.119667680483847
-9.627946965374754
-21.711670510781666
-15.884269190796477
-16.09215052071313
-11.21896435318149
-21.59492264246755
-16.138140222495437
-9.127832512211157
-16.120241377436066
-18.424686482974657
-13.651633437742063
-24.01732969756319
-14.103962437517247
-31.61241078202988
-35.04358180630324
-30.34822815213557
-20.224628166823205
-23.02103871138619
-17.90911790385926
-16.26171965097744
-19.32762706414329
-15.752442943501293
-26.532993320584524
-26.25107078764752
-17.016551851465664
-12.329905693486126
-18.033287103467494
-20.77949577246141
-25.6264738330677
-14.911798169384703
-17.91593208439535
-21.633608685077874
-16.284910486217058
-17.411064908126683
-19.585608415857386
-22.66659805666631
-20.786251325745553
-18.80217889662117
-17.042465538803945
-21.03461859752784
-23.99279742333703
-23.669539855471026
-24.55084416917626
-22.13567675345102
-13.252581188451302
-21.781403866613783
-21.290363838210748
-16.987704617634357
-21.59270445460582
-21.182107860586108
-19.99470080398655
-19.49144175703448
-17.97050309571027
-26.080129948523336
-24.471807336032093
-17.512091293517358
-20.15774612095862
-23.44056742145618
-32.48103563016741
-17.63133497148547
-8.60644277044674
-19.778737421289684
-22.16875063855831
-25.780162241516877
-21.457312052316095
-23.346149786721117
-19.426388622623502
-25.888410657690503
-23.20191850721462
-20.021200588062214
-22.10866666001253
-15.820718237158275
-14.225142237668084
-19.718869182596073
-21.357321780553704
-15.172721567436419
-14.2325211809822
-18.173027004789816
-21.133947774093883
-20.090916079260275
-22.027042810484076
-21.04744653986178
-26.18378338613628
-19.745919066148616
-26.894429143197378
-21.122255000595274
-18.409036566241284
-23.13516138855023
-17.06636350637038
-2.5689604008392095
-18.87640208981201
-22.65462983558686
-30.025335768970884
-13.989794135078576
-30.61287832073375
-20.759044949836486
-23.285710750856687
-20.530089089535096
-14.935609377577492
-27.740830674789287
-25.2758875137413
-24.286608567756325
-19.668230190084685
-9.921827836692884
-24.89621446594463
-26.122853442988216
-29.979219288978012
-13.929058253928659
-15.738053692412045
-18.071679376549426
-19.925835124218487
-22.874377974708093
-20.9940484936258
-22.451781990989495
-28.79863294096609
-18.926342761670263
-17.238238138920554
-19.668352404564743
-18.743396186592904
-21.831535324679372
-21.674021048791694
-29.846176844008596
-24.430816469838085
-24.356818272086134
-21.49962389734938
-28.418482476393905
-28.724971726958756
-31.24412918306903
-26.98192523104422
-20.71713394143959
-16.969956406181737
-17.013669215848637
-27.76736758155903
-23.744131014511602
-16.94359118106518
-21.033843288916053
-23.066815608772856
-21.39846646870439
-19.78517754317852
-16.953663838788756
-14.760001111989602
-20.54684169094535
-19.44313110313738
-19.755006683646855
-24.10770518771735
-19.689930420207112
-32.5642266332384
-30.92883586293589
-19.380737981766146
-27.30148023758423
-19.886662803907754
-21.629225880223473
-24.960706637717095
-23.790634568612695
-31.380355217790097
-26.024756254954468
-18.218756219855898
-20.199903280702685
-12.430789198737017
-14.354683728818692
-19.525380198146742
-25.762789033617384
-15.40365724253774
-24.980222143508023
-24.213747688953383
-17.679451393855942
-24.31603915321154
-27.240288956406545
-12.722326256171108
-29.475945189705467
-32.16467050564624
-28.92096985919912
-32.22584057859164
-26.874622638688287
-20.07275612333897
-24.21724404975544
-29.92875306451188
-28.353979858802457
-37.14182747455862
-30.727123875729635
-26.717761729910094
-25.494851244780932
-18.904922876640107
-35.64916590498137
-27.80078138415741
-19.974509598027403
-19.276998463048777
-25.157894233314025
-27.366902113166102
-24.727206651861536
-22.938687654662033
-38.54238779353539
-36.47804934269547
-27.665469571027586
-38.07259570728539
-16.068356606505233
-29.7017255864471
-20.23755094804526
-30.26146163174185
-26.624618975390643
-32.83794558596617
-27.743602812125832
-32.65694564471314
-28.247361933711137
-23.718355074607484
-18.152808121492516
-31.396573467103686
-13.655488706481364
-21.142965784848947
-20.10477842720356
-20.514421068873048
-21.37175208661173
-16.273502466100062
-30.114245944950476
-32.152978050031244
-17.077612000036524
-18.85152750363917
-17.045904836349926
-27.735070128679688
-26.222880892491602
-33.43277889650294
-27.06059539357921
-22.639755858312576
-35.15004606495002
-26.7477970609156
-16.67466291320625
-22.433227089869195
-20.49043081602145
-17.50197276635017
-30.28184399636517
-24.497865998090624
-30.768329899306195
-18.43697070598027
-23.407836938289737
-22.775420758234304
-18.990922242082547
-15.810404349432773
-19.63179310027379
-12.731328222243913
-18.429907574276
-15.738590841584536
-16.827995344526695
-17.350623737494963
-24.73873327948626
-9.09482107428888
-22.42645798831242
-20.61687451155415
-16.573472400176335
-18.794305837207872
-13.360700732906544
-4.42214586051735
-20.48954519090771
-20.58089866470541
-19.304198557300378
-30.15309281642905
-26.258708027476885
-16.946586127059092
-16.660966713409195
-12.811496493140183
-19.08916844637717
-20.633649404772306
-21.010840706143803
-22.722511035671346
-13.081048358274856
-15.01055906971273
-21.160710250473457
-31.13873326455284
-20.368746667275897
-19.921002663727286
-14.689300705073563
-20.86363028587046
-21.83669287057553
-15.401664528525908
-22.783487971968455
-13.57510967723995
-23.011601382625624
-12.139292194323971
-30.678203110868324
-25.734937753048357
-14.577794693966187
-20.32606912755398
-26.807749466379903
-26.92043404692522
-26.360637164393168
-20.789906008117107
-22.030137673266292
-13.970984658304818
-17.94583036725573
-16.317945442543056
-22.766666389035183
-18.471802189481185
-21.32420171837636
-20.366616671799548
-21.596677034441576
-22.72952541155011
-30.3093790380154
-13.328739196507769
-7.324313302641698
-15.539695113496702
-14.578028343649908
-25.852440238768942
-16.871584048438393
-28.01333553930527
-23.384824705208416
-22.396226367196046
-36.438108527760335
-32.90310016022615
-22.089944529404267
-12.076843208231061
-20.128165122017684
-21.165402408273266
-23.366054072111694
-17.72386009404207
-21.51695333552938
-20.9237881741819
-17.601057366762355
-22.154640191682166
-15.153559409849208
-19.53433529392734
-19.00330753830354
-22.014837302849923
-11.622009420261236
-18.85786595482894
-21.23202371317715
-18.49848913987798
-22.757522012840248
-28.007183203470344
-29.561444853212755
-28.78544372045
-26.83535255516125
-11.73500007668699
-28.445934295398814
-31.336738985602675
-21.097081355727276
-30.62810293062805
-30.69806110184027
-28.999408217928085
-19.447742020332555
-25.8648077094822
-17.47327542415848
-31.78194135591843
-29.003914856097452
-23.660766263009954
-11.54553642489477
-22.81229689839964
-28.67761444055438
-23.949216592789135
-18.371924368755458
-13.19707473229322
-27.51464230690788
-30.738033772476996
-25.352812123624005
-12.595142158979293
-24.75237871892067
-27.0341456523097
-33.098439448668444
-19.59921458490875
-27.83660831514348
-24.02775044688692
-21.637097344734983
-24.17528836874489
-29.321981508267704
-29.37095270746825
-26.101951525605998
-15.927208839619723
-17.263532168994786
-19.9468773803391
-23.111110357402353
-23.05215570428429
-25.630838036677382
-18.55126518974823
-29.797962642748743
-21.155759366304686
-21.147769998429563
-18.673998500841776
-28.239275170995633
-19.36340512321513
-11.143337213297386
-32.03518062319204
-26.56107174451047
-25.29900819602385
-25.693526237964107
-27.94784258738984
-31.911632594006825
-22.764487242065822
-25.96294376532085
-25.730416539242334
-23.799917293851646
-27.80913769492483
-28.670442188792556
-26.16683544689431
-25.86821038756476
-28.39132073923085
-34.83848720873968
-21.069734969167442
-30.105970304266272
-19.85765078224706
-32.49042116239312
-22.225305075263094
-31.207776065250634
-31.36341738264106
-21.7141534833948
-38.88842405567999
-18.617011410911573
-17.889635631420056
-17.546208544531204
-19.497148860195793
-21.893355374530298
-26.016462627016203
-25.01158253890496
-24.545252600055147
-36.59324317694023
-16.94355384064638
-17.62091898515571
-19.532403104898364
-23.947206456705416
-18.232077928223198
-18.122850870055167
-19.416517655256968
-17.014082375924886
-16.281798489210026
-23.50765232746002
-22.788594764261326
-22.103387668431555
-21.512430274241247
-18.05824525240469
-16.285121278696217
-18.42712365179281
-22.41977095068146
-16.759367910739186
-24.862920501326286
-18.796269457720307
-19.06443387342346
-14.437518058067447
-20.80371159674513
-19.980573576771498
-17.898372679933242
-14.892785834588555
-20.874761912593407
-27.461482520100244
-23.189059422556124
-25.08162346759313
-28.395449962727064
-23.12014145618668
-28.569175086005984
-26.08581740354103
-25.49238991299351
-27.56517106973419
-28.75769579477403
-17.739253471441828
-32.21114778787194
-20.53115938321362
-25.469275856243506
-26.03487776672209
-24.32422771796122
-20.152510475895138
-31.98917252114427
-29.054694812612972
-20.256111437789862
-21.29949086506084
-23.56972327560593
-14.802726541159362
-17.925673282194737
-26.911607870274914
-31.501887098686453
-26.145404615378958
-20.818401954263283
-12.14388210921214
-16.808212139995124
-27.19304592632286
-18.45235462614799
-15.324795784423522
-27.062177591907464
-27.144723445458663
-29.431966235492652
-33.54893536313843
-26.06296408174532
-32.35763034633839
-30.680545814545937
-43.15810629671314
-19.36589042456438
-26.428778237973223
-27.666038656738888
-22.787121371023837
-27.250258929944117
-28.26356294672958
-31.73011179613495
-14.804188371845044
-32.15489995832591
-21.826598115198447
-25.525432264679637
-28.930573284357322
-27.750080927183475
-23.950958534131473
-28.056551941580377
-19.756704333342782
-14.209288485476417
-26.114098407422297
-9.744836323236875
-23.94892516182548
-17.07159579613561
-15.463425047550938
-27.592128467101727
-28.716173037352853
-13.835327804331385
-17.128022537964924
-23.95617582188708
-18.928604899039883
-20.647152267972892
-21.22896950310987
-17.86693168300763
-21.4877635283082
-18.20285652528205
-24.612294082663276
-24.69587048283799
-21.85772812284278
-11.898011182878275
-22.744861701120172
-6.983731568411123
-18.727740455577354
-26.71773993480503
-10.180710750937767
-14.107560742257462
-19.253271025693657
-18.695863049021995
-22.78989165413922
-21.453895459237415
-17.432660077511166
-23.08060450995953
-19.25543000279479
-23.9165222737148
-27.514713537481278
-17.192020231782397
-25.944958246752
-26.129569034788577
-31.348253655437027
-38.7963546414311
-20.306600722839097
-20.813968465840198
-31.79517986102644
-22.888461243646667
-25.70105363120419
-29.655375760038723
-24.925313667878356
-21.876147897900577
-20.09619035946896
-13.497501468936434
-28.22291316045016
-23.419285602831255
-18.797433051804546
-26.519953880875224
-29.22658811657572
-32.14333148849261
-28.743421292926563
-24.12883764313176
-31.406513561283518
-20.965321611633208
-23.520291979434802
-21.08730278597297
-20.189989449782516
-13.59379175359119
-26.44653129321148
-16.676096237053642
-17.43662883153538
-28.243914862971415
-20.68879693608786
-21.15082095402049
-22.292387206702195
-24.63651251145088
-17.227174879044746
-20.305354971259085
-23.880546906604188
-17.008950772487722
-16.892526750721856
-22.449130638686313
-16.547737406507125
-4.581574646602654
-28.430532846714172
-16.306836981691312
-18.21510413456462
-17.203894695405992
-17.87310592319087
-29.81104372621281
-25.24540998982345
-20.959151945011534
-20.410021263783257
-26.18142450410914
-22.10545921835326
-26.303614077765097
-26.31690446482568
-31.645491066044354
-39.74234266557508
-24.270325551677693
-26.293530670846756
-23.328450270440626
-26.595610142219307
-15.197031249296344
-20.601714989631603
-22.747427320082295
-19.76819672942098
-17.23181522474391
-14.368840852417435
-24.872057451515325
-22.164104859335282
-15.661701993631107
-26.805081731944956
-25.123459184752946
-20.145722623639557
-20.391321788860488
-19.361250026700155
-17.8875050825323
-25.09134346160466
-11.826162670384745
-13.857163263092195
-11.817033652758836
-23.739044478525848
-21.861304826253864
-23.37324672566505
-27.785655919757986
-24.86605107103508
-26.166709264630935
-29.293283055702766
-20.688079081740625
-35.07322910789999
-25.302463776753726
-16.279471614118865
-32.23260975194708
-21.816251489967662
-23.01454989567773
-27.949446065695213
-22.757458745451032
-27.965453429625633
-24.583819305156073
-30.16358558457747
-14.16679666447941
-18.28445142229185
-24.697399072785107
-21.769037856741836
-24.918806269317123
-27.784649814600513
-33.747465808092194
-35.225908580358826
-25.55833217680557
-26.168638065663323
-20.74067054476548
-27.244051137438433
-19.70065936034932
-21.659087197326308
-26.282159533215776
-20.78296731700278
-17.383996379815443
-8.864620061923793
-20.216975477981592
-25.615977051027222
-22.73355204764382
-16.28720454155892
-17.186266852508957
-27.704897772821365
-20.584248952440717
-20.009075110789087
-26.877353771321104
-39.20818576890459
-23.949726126305883
-22.88760090531136
-21.77507199638934
-18.21165094483836
-14.763810656885028
-26.338765357154756
-23.634891194144558
-23.43204617197417
-30.85864728079664
-22.271175007893305
-29.145583855113212
-29.274436878475356
-25.8913703458932
-27.80617722449597
-29.091530191789317
-28.563284115452383
-17.56310431474235
-29.45289951280019
-19.379207525521718
-25.617028492014512
-25.736519159347612
-19.604243058691853
-24.16078281224627
-19.28663351275097
-26.410598673895336
-21.662984295053512
-18.88137386530574
-14.779411792208215
-5.364616033105527
-21.466752782682356
-22.502552395288312
-18.508844041562654
-22.76318523007062
-24.448282024677475
-16.475453169241284
-16.882852416237263
-17.55434938546508
-18.86239788758187
-16.40732139402929
-23.942092764780718
-22.063246120977325
-30.7366291189131
-20.64121140032833
-22.889222886526266
-12.617826549954277
-13.479860317073516
-28.046780743158088
-21.57353581252579
-18.668599182503684
-14.814187996533473
-23.997948465179633
-30.688036268791635
-26.07926427485748
-25.54930747685761
-21.335860003936006
-19.79944777108163
-24.086635563363643
-13.95636699873809
-31.26139501315236
-27.770500537907417
-21.289128741570213
-22.324592650104563
-17.108660576116492
-10.87562038661229
-20.771688770563788
-15.746373419873898
-24.2534073980672
-23.230655714997027
-14.126348758083747
-23.992768499891543
-18.384431681122535
-18.80604186993648
-18.251571247606286
-22.174556445426397
-26.249850803486105
-18.11752927262723
-17.70522960222508
-15.855306987165442
-13.826965572387707
-18.259995770350336
-23.01935956054416
-25.402633058694256
-22.593187090324868
-18.337633480602804
-20.169765540662922
-17.934144719417745
-17.425878288309555
-6.336327928933535
-13.730262413768095
-21.84451798748274
-12.678479505415709
-17.63199516036532
-26.3153673445333
-14.480009883211132
-23.14922073992046
-11.267621653279075
-17.87602084929942
-16.494574586697503
-13.220307606499524
-25.991320826903156
-25.375165677675774
-14.714121243454173
-14.738967665131316
-17.181988091570734
-25.19447385865704
-18.857103453353652
-27.82995730953514
-20.53045405364297
-17.48259706279218
-23.11132338972901
-15.871849140659378
-28.750843740644086
-23.976652907680247
-18.06330446946913
-22.93556849224875
-20.077767438282606
-20.011848217710607
-18.42091831735967
-17.147511709069207
-30.452971319470983
-24.394220042233677
-22.3580185000162
-29.14848931034652
-19.7752275666871
-23.94541704224627
-32.87932347243617
-18.806825674860193
-19.377737733742784
-16.942407052546834
-22.763518887860542
-17.916681799055304
-21.638110791054498
-19.780197766155013
-23.06657667982592
-17.287495580782856
-23.917477970942517
-26.388369569108455
-25.257265383638607
-19.907972845163627
-25.281507506828508
-18.76847656161069
-14.936973374928407
-14.972335287657753
-20.774564177675607
-20.635681369726676
-21.797925466256913
-34.42358580077814
-29.70293241821763
-21.985410086878804
-16.894623363579495
-12.486134713956979
-23.76652075619302
-27.804839107853642
-31.49449885123278
-25.193295992218005
-30.744662890713023
-29.63744494945653
-26.346963371419832
-20.47251101664692
-24.259117625336447
-23.2235647538561
-22.25455908116611
-25.65749524846573
-25.3001194981854
-23.401775469243006
-32.68044963688469
-25.523179382453478
-27.971940737095895
-27.681695147711665
-36.55253194279708
-17.970517431600925
-29.244348926604935
-12.774826990411615
-19.01920852735073
-17.869558376387264
-20.83474257449508
-16.4377862816939
-26.041532273694393
-19.911182575760755
-29.573255729810228
-25.64454701853916
-32.61206411702753
-29.085076806265945
-26.53272282059571
-28.14427691210378
-20.067111834504416
-30.30341244185875
-17.797159269700334
-20.547516745817543
-28.50190089633563
-22.241386401771393
-21.795772816167666
-22.84172165337937
-13.509312084158246
-18.74540174771954
-25.432898923011543
-18.582332561762847
-24.226832601680123
-18.65331001360054
-18.732525863982953
-25.772913468312026
-25.070450369323833
-20.090325515097984
-10.768032143251034
-24.72598527209998
-25.324624759496487
-23.12121831933564
-18.06286638992117
-16.254098645819546
-21.307246089111224
-24.828837098388718
-18.64294628254697
-29.507860425631534
-12.387915416957014
-16.504924181249475
-17.919999589457955
-19.776427706779074
-14.156185693147977
-17.126085094293018
-21.050116041335283
-19.519753806123102
-29.672331259232546
-19.31674119052813
-20.14612581178941
-18.835387115284032
-24.1004279338391
-20.18571987754566
-13.97597815777829
-22.502016884145252
-18.737164556667878
-23.93075666718211
-18.60907762593436
-11.797411660444652
-20.16337039497472
-32.7968405171477
-19.770025243130284
-26.474104683947893
-10.593139139147397
-9.036945867618698
-23.64710703524686
-33.332361744375966
-28.88569189493547
-23.79980502981872
-27.102878783049576
-24.895462320461192
-26.57986695203701
-23.98119052147683
-28.912281295012058
-29.478383042786106
-29.631354963682156
-24.289758606331283
-26.569191055177953
-22.74528900237636
-34.599594072172515
-16.792702935549407
-18.443080763212926
-10.837198715819515
-11.242692541237425
-25.536878821964127
-23.298903006045983
-21.253667694569955
-19.724475114341026
-20.004727787158913
-24.15361079656329
-19.3759576731394
-25.44007052377586
-24.051866015159497
-28.52051352400908
-25.33645139462736
-26.174422590886913
-25.58571130786145
-19.56298730700008
-32.97474949449008
-27.132319256932966
-19.142554386694876
-24.35186904696038
-28.361376169051837
-30.630506736240527
-31.046597601451637
-23.141436422559387
-28.527130992415508
-18.645119461246217
-22.723882167710073
-19.185854979929978
-30.43454000870704
-21.054308423183528
-29.82142525316509
-29.600481730132017
-29.222444621396846
-25.429294095263266
-18.351331093114275
-13.739499244541275
-23.869885193846542
-18.368800207519264
-28.564809979204433
-13.856941700206903
-18.883635764853594
-23.425995224899538
-22.075475359209562
-17.83741144454047
-16.928684944646577
-20.44418199658007
-26.79593009070974
-19.754900302851546
-10.329574668805737
-17.94027842041158
-18.537145680758552
-37.26269598726894
-30.11603709875188
-28.33333597098025
-27.62599289943881
-18.537590448725375
-19.011533333981546
-20.09656387863947
-23.37010898618438
-20.33586780558474
-16.720505126021003
-11.739480465613692
-13.605226628670849
-36.42965363667812
-19.454445936195313
-21.86546120355531
-28.82332267319292
-19.291847770083393
-11.586808924802616
-27.445447906005974
-28.387799223907837
-27.919934397252664
-21.253212714445805
-25.210636468902386
-23.853737496827605
-21.65650475765424
-29.333066504230562
-23.815629448462495
-28.984962716850283
-37.593273233811104
-27.258916663572013
-20.522581990859642
-16.006946033340604
-23.09417261197396
-19.182627187966823
-24.19777849378974
-18.727679049879736
-13.947495259022478
-18.13718526846347
-19.627159798957393
-17.33198633753467
-19.640112206287732
-21.0303740353382
-31.335506027952935
-11.67498530104113
-20.995953001134524
-19.593282116051093
-20.297071922961553
-22.498247889143663
-25.991534672590923
-15.163480145215612
-25.267813427474625
-28.506829064392747
-19.9369498618358
-15.30665879303514
-19.287946589737512
-26.288679703255312
-25.48580137402845
-23.121869561840416
-24.98267002522723
-23.21102458834299
-29.637896882579106
-26.127355117629897
-31.388809725091132
-23.872685612403536
-25.938742787268993
-32.27156613123278
-20.063115737699032
-28.888368281242403
-21.662295481521777
-19.162076727057414
-18.787493042463964
-23.88406775836315
-16.04366117976025
-19.85018769748056
-22.804844414299865
-16.9067700545609
-13.994227486364359
-15.906376537753761
-23.478198368121493
-16.395748364613155
-28.861518656390658
-21.410306136265557
-25.224812218728033
-24.368301753368925
-22.517370215864688
-19.061904985619364
-34.011617440134486
-31.859002494240528
-27.44336793992791
-20.938283518503976
-30.531310120772748
-28.15710695194781
-25.902446923222513
-21.48281955625785
-18.108901157299094
-17.770323662177127
-19.12760142738317
-25.746931948306653
-17.62855663886242
-22.566980601738955
-20.600860983441034
-23.86825188104502
-23.42674360067902
-17.20374606317328
-21.169142798587654
-23.409666458658567
-15.60156688717111
-16.897068902299342
-21.565187110999368
-22.968855040210357
-26.04035178706757
-21.551164450724627
-20.626341268065545
-20.53171173749063
-17.875763018209177
-14.757913390885005
-14.65594312522866
-12.869015974395985
-22.138630074915326
-21.36566410492553
-19.387586476659642
-11.462487503675582
-15.155260515597455
-16.243579415132487
-15.160056184074957
-23.451376717157643
-15.03420780121646
-22.77629669085139
-19.327073900542835
-27.027548628389297
-26.32769415299743
-23.7297471618742
-18.901856656870923
-16.925774354018664
-25.761844059143037
-24.12442780511872
-20.050596926769416
-16.512807211028928
-20.46707163501999
-29.99873103537656
-18.166566747244563
-13.571391151829403
-18.118866674803673
-13.416640193842433
-18.585649152227912
-28.06850041089566
-14.118877878608934
-15.421833623262902
-25.621108476163265
-14.33223979371184
-27.544243879043282
-18.723650184144773
-21.87333639791769
-22.38674018602618
-25.11338801323776
-35.60417756901698
-29.314116664168196
-30.77222239247677
-24.210774922102487
-26.27529817816658
-34.67955108576134
-28.898677383385447
-18.156328156880242
-15.827512971950291
-11.70350439634457
-26.15675687058885
-27.856227247575085
-13.038103632810092
-22.939591810112894
-27.685639789186276
-14.239677011251288
-14.419302812302885
-7.998298023259263
-26.747368910720958
-22.783241079475374
-24.528170541917916
-26.59313479214272
-22.35012280226985
-24.828976117984567
-20.7562594514156
-21.875000351766737
-19.31091407060273
-41.71870637114223
-19.49245453905936
-25.440545934436805
-22.09312440546642
-22.29324123355986
-20.7830768445919
-14.828980296112363
-14.365035243655118
-17.817751078579875
-19.298810210862648
-8.427119268746434
-16.477925048596997
-38.65951534018901
-17.878864468988738
-20.943381172154083
-20.25426067484295
-27.20587066121275
-13.84920551151378
-32.68946724997402
-29.31702333574914
-22.7223002674529
-15.349685353781553
-19.619890879793754
-11.921395075440856
-14.667573477092795
-33.70547723262515
-18.007403355814112
-16.11948223891749
-19.82074639748712
-19.51315575848301
-20.636747223420493
-13.927757886521547
-11.613437788100676
-12.938240272181641
-20.90684784499898
-18.123200284153217
-20.855031703089793
-15.553592818750275
-24.323945228272187
-11.551176009603978
-20.048298431135674
-23.391055117224752
-25.47668553067374
-23.401114336712673
-17.908158899590763
-29.157022626737888
-18.157710961983618
-20.01341661839684
-17.50033873760839
-17.437191941308512
-19.927134380868626
-24.29952256996358
-25.50396579447107
-25.248038483257368
-26.407694675041245
-29.458577113560878
-22.33816388486965
-31.532787908179262
-35.7091304902567
-27.00993057123545
-22.59970506050982
-26.800256354294966
-24.74155328299675
-6.944946677242129
-24.97785240244022
-25.32520671428384
-28.244178007334206
-20.526036927585107
-13.63592743965939
-26.02301069190147
-27.36570255767466
-23.5076956807519
-28.56925772436875
-29.96498097181484
-31.7917230801025
-22.10589415084968
-23.945173088078793
-20.642157536197907
-17.61550638575565
-19.606619809115045
-28.950305406041018
-14.111662932930592
-13.267110502808627
-22.106582256551157
-32.65413218518981
-21.440042427767956
-25.69660000200936
-11.089742796284376
-17.955048247118206
-15.426786574523987
-17.359680060508673
-20.625214795695214
-14.893278302149355
-24.583354966063325
-18.2979433620442
-14.12875839584763
-15.989786024862662
-14.274652499474971
-23.171242239138177
-15.635145451694395
-15.552116471939247
-12.551475050452193
-30.528528142524948
-29.707720317873704
-7.392261507187321
-20.157227479494985
-21.53130906106581
-25.838729092604943
-19.86895807906836
-21.985882424215387
-16.410255973172497
-9.252541752103447
-15.538812687942993
-28.479710876412142
-19.423446859847193
-11.851858191193585
-15.980992459953278
-22.755742734801267
-14.841078144966332
-34.98376367844698
-18.267772593779007
-28.19866657302478
-21.90596648181189
-30.02133471478716
-27.279006171124145
-19.359338956811243
-23.48330828860104
-29.18033644727421
-28.519692259679957
-24.823889526894362
-25.33588122083832
-30.14883151575163
-10.341128348082627
-20.07056434991737
-26.752313094731598
-18.48534863413796
-20.370676179689546
-18.006387139986053
-21.463709076102383
-29.95053850055144
-20.483195848947766
-19.49713283874202
-26.523689791278773
-27.065960406663514
-15.429364888228067
-25.782460742812944
-28.794888394379363
-23.41166007439522
-14.233030301267199
-20.116114399530858
-20.323353555879244
-19.64460473307509
-34.457946952197965
-23.456347957544523
-27.88654712835475
-20.254718177979342
-21.97072893483624
-12.845109972792521
-29.280429358615187
-25.15707511086005
-18.838127159147113
-13.835025316169055
-17.628686204579754
-16.21522105832984
-16.930502555944635
-18.864564656209325
-19.807192467786823
-26.466980516178523
-23.910648076058944
-34.805864415872286
-26.870465280294837
-29.123122230847155
-30.343789335573547
-26.192135322456565
-17.282426448640592
-18.54539858264341
-29.745649148629745
-15.109965816728664
-17.27895088461746
-22.306927609941162
-24.67805714109862
-17.83627004721373
-18.25856667568194
-23.536269357701578
-20.149916143513096
-21.02668116219055
-22.080745286656118
-10.405893307965258
-11.270767564960131
-21.84560628841809
-23.557269368463878
-11.93320415336962
-13.629604333676454
-34.63156189036098
-24.975091049228087
-34.077674228825956
-20.98280852788545
-17.119962357280365
-11.305731909581596
-18.050894716220093
-19.58474299552602
-13.91769177113762
-13.58958208603021
-8.50934596195782
-8.983334288348225
-32.94195161293967
-29.12990404699267
-21.673922912344974
-16.558165492766527
-22.991315811533237
-24.744293517411826
-21.486465087829604
-9.035671317287111
-8.38442238278504
-21.981087484772424
-22.028067263533018
-22.519740189323755
-21.8611516532788
-21.523161800266244
-18.94398532615355
-18.143318954615307
-21.410791859963545
-28.32209313664171
-18.781444198515548
-24.364944183198308
-28.818173355374817
-17.86750372732416
-20.09891662689905
-22.736574900421843
-13.270045145229158
-21.54893740033341
-20.02761888819001
-19.84259152044644
-15.871988384405983
-16.348094886380903
-12.820415365776284
-17.636057418391125
-18.45923551345693
-22.46738029007671
-15.227474391067986
-18.89104851640796
-16.215744275141724
-11.395717822284535
-26.640395614548783
-15.690305613095212
-19.854349520161247
-24.835059565614397
-15.375965361768067
-13.520076204555128
-10.586543967883117
-23.131062987196756
-25.375397914934126
-23.81195259096416
-19.460275500136394
-17.908671948377023
-17.337504588546754
-20.16554322107534
-22.643463233533563
-22.04339142074612
-14.79974509033214
-23.30575632516198
-5.803041764257928
-24.779519957876303
-12.500907431153607
-6.9243381680209115
-18.84453444271638
-13.100783829195588
-15.118932793559079
-13.317054041754908
-32.00769534501013
-19.530857659766127
-24.74786370254267
-13.511058313495806
-26.957464428012273
-19.75790857279496
-22.586844862051223
-19.71831640812914
-18.462643373055514
-23.495458882327675
-25.353601663042422
-29.52595337915661
-30.802054327134076
-10.889823754547692
-29.25771706418292
-16.14405948333189
-25.722693653194266
-17.807413555343576
-20.997205161242462
-23.976339763459094
-14.540384117707582
-22.470366571672173
-10.351441021855504
-17.356783937072475
-29.589657802762854
-17.616078718724815
-13.269751888665922
-17.978730690306072
-14.305641897702996
-19.881507431404035
-17.398749861201054
-25.78469916491133
-13.903877931752497
-16.55486003677786
-21.814836617362424
-15.840929778433376
-13.321754254178263
-9.39083950963795
-18.114803509710647
-8.102653235938902
-24.305941209452506
-25.176995054213616
-19.272184132699053
-23.49907017855105
-9.731103369709295
-16.785587043172356
-13.869624782477072
-22.102851721987456
-14.872427716888943
-26.31567029062299
-12.616409246474618
-14.203188849837975
-19.533394946694614
-18.38063463639138
-21.5582762891624
-22.374739423762477
-12.88049386141791
-25.385878114613867
-20.551386195020342
-27.796228572156814
-13.49905595428297
-29.766296270059627
-22.276401329267365
-19.411578106323596
-17.50947500551137
-16.288165089847382
-18.564926808456995
-22.48453849197336
-18.99889900112872
-17.46965216128492
-16.1520005457999
-22.88695109553637
-12.286465868210726
-22.746527986429477
-29.385163913196784
-34.53227898951375
-18.176668127740257
-33.04324820673173
-27.05103254388665
-25.28077717568264
-19.52102930894755
-26.776604310221206
-22.878509800627153
-17.717705401245155
-19.51438433604425
-24.81553895632903
-15.390178702745505
-7.97458438774224
-24.522292643458577
-21.93676078452491
-16.395014188236274
-31.240545540355967
-26.369555438266907
-21.618439992780033
-34.27992435332911
-33.22909660915703
-13.27082684137369
-14.583900751034768
-29.742104389375665
-34.151428489151556
-23.4251573052762
-22.20225371505662
-20.066393950770845
-23.101483342788683
-25.921861462181603
-17.007437572067666
-18.43075957023509
-23.56998855016284
-18.609826262601363
-16.776930779167206
-13.97771049926309
-12.06225604787003
-23.648080363600943
-20.060946302949663
-20.331673638101925
-19.497055948203535
-19.793015911579563
-24.0192234763975
-18.23364136133611
-23.892447988104493
-18.63296845509807
-14.870009742242786
-19.32098757757153
-13.045325768510445
-28.392331196603507
-34.144987843266605
-22.28754381736925
-16.93821874502896
-19.85663792368684
-13.98776259703028
-19.34918381022718
-12.88016877002212
-22.970267842765946
-22.84259895113264
-26.817303299404948
-17.72105283075102
-23.474685997885423
-12.164900678767104
-23.140734888429797
-28.37663181356114
-26.373599624838036
-25.788366217026994
-19.3865585752209
-26.72441961091135
-30.636845076079663
-30.59044289414472
-23.283930643075426
-18.046227165474967
-18.111164614023437
-22.14528864165759
-25.226264870805053
-20.62390762839525
-16.81592088615961
-14.555216282196078
-16.869236398185315
-14.418051638206492
-19.918071188206497
-13.594379938239094
-13.7333110711633
-17.42946494833535
-14.674443129173326
-8.700116260275749
-12.270380802846873
-13.951763904839346
-3.209102226788758
-28.5313592531117
-26.530267435048707
-30.706959341208794
-17.053231323740356
-18.776490756386792
-14.448570417441374
-19.651319804674912
-25.76138930129076
-18.509415873571402
-37.74308199014553
-22.575942888690562
-22.41090824350042
-23.009846592880116
-21.36672561475149
-37.016970237629344
-13.682466269991142
-24.21216035709695
-22.03030590601757
-24.339707437333892
-20.09169462788733
-25.53507927788924
-14.329226391337247
-8.07064999812594
-21.506626975932832
-14.585666833546178
-23.515269277098177
-14.91495953992333
-15.62450908192941
-23.793150156346066
-22.853957230592705
-15.950128796412372
-14.403200830496289
-11.270885972885075
-15.554655706630236
-15.837630598720171
-25.67914812737248
-18.229155468293044
-23.33641808276738
-13.841019521889347
-19.013430676871153
-11.783849510141007
-10.393035804218723
-14.713413336397267
-17.954394117859124
-15.004576388226468
-28.292670198547647
-17.82629835938242
-16.59957113309634
-16.910690464614653
-18.77696376070393
-9.763016565196946
-12.725428405607751
-13.675847819145712
-23.230334699799897
-13.573043667529703
-26.110520318213354
-8.081997545544482
-15.226508014265765
-25.12591046851886
-8.01382981736731
-12.307218953467995
-29.21546049259827
-13.113171734228803
-14.742459758940221
-20.700750610634856
-21.600250506918037
-15.177366237236718
-18.407435174727674
-18.142744694183072
-19.47793689651248
-23.692595076147327
-23.938257688933355
-13.733161783838767
-12.77511613800634
-11.954206769929206
-14.141756012209965
-18.514828298650066
-28.7373839815021
-27.27365906581382
-15.4555921917072
-24.559574409934452
-23.276508942148464
-25.153151307669212
-18.551311600941787
-21.661377248074057
-20.78736315332812
-24.41966306085382
-22.110134022172872
-16.82588060220244
-25.615730721711664
-13.917407133980888
-23.75540556566519
-14.869382693264978
-13.179569575848006
-23.317851644439045
-12.189311729802895
-11.393086648271325
-11.472647584067019
-18.820290163604255
-24.56687075251413
-10.427076520694484
-27.91311593206376
-25.30360495723589
-23.820711744303424
-28.83230554113847
-23.171235008590756
-21.901355906138647
-14.454841321818071
-8.023379356485556
-7.194908333556727
-9.447807593805104
-17.299366369192143
-20.196166760552664
-11.99039969860631
-7.766993218160785
-9.734930971438752
-19.67919366310143
-25.327814921561185
-10.28983603037792
-12.658787119643126
-15.293311886437621
-11.656822531741696
-12.011728671399087
-10.373612494244426
-17.290601319282757
-25.00834776335767
-9.330771983507312
-21.697574578071197
-11.09234592515098
-19.960709716501817
-18.23918658706343
-22.48295516004638
-24.59500483918273
-30.526310373088283
-19.64357278440029
-33.2925266431656
-31.177011135854393
-22.35550684239707
-28.4870573064303
-36.28720825090072
-31.410805526757226
-30.559544427024143
-19.982039338147075
-25.875192720139893
-30.438275187322212
-29.987900933010557
-26.886671834398193
-31.203460279432953
-24.16829683915462
-21.05454135596321
-18.868369891911872
-16.185340369312954
-15.536848834410932
-21.548433659649568
-23.680164814207117
-30.063310110162988
-21.13842159243321
-29.22899813939783
-22.993688301193856
-26.695282758254415
-20.05183841282965
-21.22418301548638
-10.065262267470096
-20.77333931420604
-15.579693361021981
-18.81037066940062
-25.13652850883826
-20.78762717211779
-19.119061197059054
-11.810421613564518
-17.81961792038809
-21.557801356539603
-14.32465796301377
-18.637029005496544
-10.085347819713075
-14.524749119137152
-23.17146962723367
-11.79251286406712
-19.586725732162577
-24.055936088431793
-17.041731307363996
-24.564998470229902
-22.30191830831695
-18.42594399948701
-24.789159273297862
-20.102866657319403
-27.73166474574473
-34.76372911244855
-21.87451609162658
-28.657100580040968
-26.539583628936484
-15.133079938120808
-21.801594162267076
-23.628632066516715
-39.98581811328654
-23.87033992757538
-22.657171871629757
-27.535937315846834
-18.975358602933163
-12.462521161547176
-7.888052544488152
-12.294361692863573
-31.14488619119968
-25.59445447867566
-21.82856262431903
-15.506778314643412
-26.326949818219248
-20.37925778998796
-19.97910106860979
-16.15193317040776
-13.64098307594628
-18.664655345039648
-22.583374547051044
-22.387760558239805
-18.73008200414339
-29.446460548058152
-30.493623033893495
-20.763354939134206
-19.628536594653802
-18.783645535945166
-26.002891770173022
-19.995619626018396
-18.83348871903616
-24.37819704921656
-27.291995167642597
-21.47518810959587
-25.812869129575326
-22.04357627063474
-10.615226197752897
-26.43591450473494
-21.129887684270678
-13.804225844630658
-17.53109587618068
-22.291506667785853
-15.205526837707314
-24.529901886784607
-24.784325585549055
-28.646733428967394
-20.441479487993178
-11.96463782239817
-12.118151419668116
-11.259671424300642
-19.67516275965576
-20.67477992472875
-25.556343223980498
-20.670290927672575
-13.283173892501967
-17.605583896961683
-18.28095789107155
-22.534115012870267
-23.858180136621165
-18.22827389394026
-24.229358583962814
-26.78509011042709
-27.747275499068152
-36.32656264776072
-29.106843723264888
-38.22955755410901
-30.424646916250687
-24.498138967513526
-10.992888387292737
-24.781142313718025
-22.635733785246444
-23.255831907698532
-14.25116995079534
-30.42173834254769
-26.98690516383899
-32.577898361406525
-31.79538270485211
-31.894973801480738
-25.823795188402606
-18.621505389544527
-25.144806754160754
-28.34840929121223
-16.520325269525763
-17.931501392165735
-18.376455544892075
-24.0918461964831
-15.649839809867016
-26.44300513845439
-13.99678096843977
-24.404421161150893
-15.808135464566089
-25.51401802604992
-9.056890127517473
-15.56165559032425
-12.38062379319773
-9.02587417239981
-16.454432598814503
-13.908511049637877
-19.337206520378047
-16.18325037244301
-19.44642542654067
-17.39807273503312
-18.080638494358418
-17.84006562787702
-21.179036466540886
-14.509393500051267
-11.612412608559467
-32.857639026043174
-17.171363775324465
-22.43590025433378
-15.114540605096032
-17.18561809200206
-18.807014087521495
-16.489763830320676
-21.2496542550425
-18.338500247945277
-19.77439351921388
-25.068117942475617
-20.832579443361492
-25.00644152629484
-24.192075886038143
-17.660887520409872
-9.741319624503227
-14.182369649195207
-14.09076574519526
-17.80289299251958
-16.50568654316563
-20.688822674915897
-16.989065895794276
-14.60752879229691
-20.42081586841409
-13.74226366388207
-15.985867467611058
-27.51195311639332
-21.563437768791623
-19.414426219903934
-19.849983699328057
-5.5424634997691555
-23.511599056308434
-22.837541892559994
-10.632218065047248
-20.073958050275934
-16.595022802227128
-23.30650659245196
-19.01946472515737
-28.017931195468954
-26.005820583164763
-30.02555484636663
-23.587546490021552
-31.071770637786422
-24.39277238507386
-19.333677264978775
-28.154950095052833
-32.67308053938
-20.76849326739751
-20.427197000747647
-17.21140229506316
-18.102231317331608
-24.62437562586532
-13.49377019493621
-26.881624984567708
-11.692912432458453
-25.064359789791546
-21.3410030534277
-18.65088002242495
-17.091822703273415
-21.239905067983813
-19.916559197377964
-20.54972870363838
-21.46675730559567
-18.91695359749771
-21.46934724078848
-13.754411961891451
-20.12715011814268
-23.858082442712245
-20.47636487277294
-23.11051072426438
-21.48723026799491
-24.941055951012768
-13.00918648248902
-20.153898162977068
-20.824463368689912
-22.84323240914279
-22.905982742360177
-18.559510353412115
-19.4339443791451
-24.738496894083422
-14.846655588555308
-20.92843332074098
-14.521093626464538
-12.69496287870572
-14.761589919509657
-12.921506068974516
-23.536250380941382
-27.97957678325374
-28.67028208994727
-17.900874099183056
-21.895937197329626
-23.661576432120345
-25.98666606390063
-29.986216281741157
-14.419755342797693
-20.428812115962536
-10.748721198195398
-26.330097301064086
-25.39095212094621
-27.871068850142372
-23.29568339929645
-16.064362318841532
-18.346095157055444
-22.650095650429087
-14.457073829766912
-25.106058301950412
-27.116198654414234
-10.710205728829056
-15.725597603629172
-14.472165616879792
-21.37957912557621
-27.50750630527194
-25.54365437186721
-18.913075756593543
-23.228338768958587
-13.926933068198082
-21.254576831522552
-29.63445584421384
-24.981238851944852
-26.98749983485076
-25.880800377404352
-20.28418107813243
-31.02561138851048
-26.831465890222866
-22.35891858480935
-25.231229218578406
-27.94811522509236
-24.667688472473493
-30.60886288945713
-30.930692237091886
-26.45449499264096
-17.48978109336256
-15.136833961714807
-21.209465676004164
-25.869405040570246
-24.618603514804015
-18.787561921537417
-18.948192865410256
-27.732894416724896
-18.158312403808942
-18.513192985686693
-26.218242224656862
-14.73160569874295
-18.585504786347776
-27.29546004759659
-17.80403943986366
-24.464275955602815
-19.44953453808137
-25.52862681811203
-18.918238690716343
-14.734779092916309
-20.23526184265244
-28.90128374883099
-29.402766830443174
-27.043425998566953
-21.231707446731605
-17.416360600239067
-30.810391064206144
-27.215904605418316
-18.241126949409608
-17.71707927074075
-31.637371450428436
-33.67193109279053
-36.71741999639441
-24.312902973337295
-21.3118301365716
-14.977005272884647
-19.6647334238208
-24.425996341283575
-24.690944963311598
-29.5012713558778
-22.717313174634967
-20.029160573476474
-23.672614888159963
-24.147447997287223
-25.482917223896322
-9.704150780612267
-14.824973638559563
-26.109147368259002
-19.150739984982298
-21.079647333061793
-16.8504058854215
-17.372433099204457
-16.169559586510942
-23.705451737244566
-21.24631226390465
-27.070072225504695
-20.863640730421384
-25.491108401358034
-28.378002353238102
-19.977795789248567
-16.617718445739705
-21.362698904389788
-28.4179913093327
-18.59218081949576
-28.486970600227018
-28.196628399278204
-27.752888954290988
-24.51307719388346
-25.38717201473756
-30.661434346941938
-26.182106628448793
-33.88924174105018
-25.198518616895463
-26.61232501926145
-21.5430310598816
-21.996651775850736
-24.917378052117577
-31.607202477088222
-22.521387329856722
-27.03212706102409
-24.697595147006673
-22.97883685784665
-19.80864439251426
-16.10894674042696
-25.982884504180376
-16.269164590808465
-20.788652615341835
-22.06634013449431
-26.229722153797383
-24.699619228860286
-22.631815663577875
-26.288651898985904
-25.70181058939929
-19.625543242420502
-21.60678873273357
-31.46035613262619
-24.735473013911065
-31.119331922239937
-19.807511998641708
-20.661546799230898
-21.811907742356077
-22.93072337571172
-27.553885393710935
-24.408821971710893
-13.098420229165711
-16.747630800721662
-31.892647364607555
-26.369859895546536
-33.902356535199665
-16.379387465447564
-17.17225358539548
-35.54827589659047
-26.870890957603233
-23.74627678986302
-14.859082457267489
-25.013692585957905
-16.65667522564501
-17.018075504258423
-23.416084981816716
-12.389862994197163
-27.27969176148077
-21.12390707446775
-19.89505380130494
-21.164667980939946
-27.276343532232133
-12.929686844197086
-17.020842346361235
-28.941944010674455
-22.548700847992166
-21.919494473338816
-13.101753182528576
-22.12921664003435
-19.7817659823675
-21.00800083998912
-13.837850556083762
-27.51681332815356
-15.595464856703263
-18.34469072448811
-22.47041463553107
-12.212462205237998
-19.35583729063702
-12.220048179316656
-24.331459066432654
-25.201980012019305
-29.615326770891013
-31.72760385400303
-27.22751658357727
-19.000929832169177
-19.985354216097964
-21.714475924486734
-22.572975071170426
-16.707027120469895
-12.021879836679787
-26.04042676299595
-28.047551872684384
-27.033240292616096
-25.20829432363231
-33.307365627683126
-24.087550904642526
-28.72068890943585
-26.723050845627277
-26.908479023753863
-24.360796516913027
-24.837628873629225
-23.308972088878594
-21.777121988895093
-17.99809632956332
-26.32305609288622
-25.909006598632924
-17.08995365235276
-22.435070728341795
-20.726008088516494
-20.21061656895244
-23.946384879719083
-21.518764228873618
-24.87723681737958
-19.30064372861776
-29.575791683589756
-20.059844660123836
-18.686721749228838
-28.67199879118212
-22.920087689141447
-21.17192984425094
-21.264664396740784
-6.703062959722608
-9.855407218023561
-22.837931099047864
-22.479837425058044
-16.52444367855481
-14.10581900491708
-21.406317445607826
-14.991668338798341
-15.058267010398353
-14.568625505467624
-15.356764304226138
-15.201100889083904
-8.846363385004057
-21.658412140387
-23.361289290748104
-8.637384920103496
-22.36508102047847
-22.032849824427338
-32.82131113329336
-18.534428161555063
-16.350573712153036
-26.099196358122896
-21.51159088568589
-24.512421392210634
-20.024009802685747
-30.90208744959427
-31.816277848111145
-17.959840293896765
-20.861680409603032
-28.81354953815228
-31.339257345250864
-24.18235537926696
-22.13609032528086
-25.330993145385236
-12.673231098896999
-25.232276163797366
-21.64573833115407
-25.377439079012515
-20.82625743342834
-23.575487273788468
-19.468474070413556
-24.50113440864895
-28.81782133986281
-24.11663440436321
-21.03228079568327
-16.334925578761784
-24.52151914793341
-17.72831679794006
-17.611243825264097
-23.81129551150766
-23.805243181236136
-26.327594061943195
-29.138892754072167
-20.194292369167325
-20.778315582452315
-25.12600480405871
-16.55734465153086
-22.027737403319165
-23.783493984292456
-18.50806030158755
-21.446456830565204
-17.46394502267708
-24.103785680658376
-24.258485901735252
-29.070406290750142
-30.414507815086345
-22.419616735870818
-24.53584640932706
-26.03217129736937
-24.288170346166517
-18.98672062206142
-16.52874631931368
-23.117424580783855
-21.177354223649623
-24.479302765845297
-16.477375221060285
-30.736305568713426
-21.166590570949793
-30.318297282002888
-19.93571288747303
-27.342359963491532
-32.889781280930166
-21.79377090256499
-22.990291975862547
-16.05001694155479
-22.764662455664002
-28.460046797061608
-23.939533462294172
-29.46403216481706
-30.60860967994811
-17.62756983379229
-29.187350303691275
-19.207728853049378
-27.287164733350835
-29.095717803106076
-21.280539087150405
-25.91041426784045
-20.261415038130117
-13.022880448495457
-16.996059819997342
-14.089527469093959
-18.1074410193224
-16.645778822727088
-13.08454599617641
-10.491480247675618
-12.525845025878716
-22.701286608846633
-9.833054247664336
-14.915833060798164
-15.377210305729506
-11.720759167768954
-13.64610771372826
-8.223907301897547
-12.084404628339232
-17.09549713266607
-13.014146044761638
-6.570165900538456
-14.729677927058018
-9.028565452665589
-20.801964151319062
-15.116251168023872
-16.761362125257882
-19.307389420821853
-21.63791432522801
-17.711373409529447
-13.576460553573948
-12.23350104861386
-16.126239774171268
-19.244180025411126
-11.389142766872084
-28.046238555166575
-25.387422024997434
-27.640054909515108
-19.67293950205174
-13.759950246150389
-4.733620021223576
-21.46483974162386
-15.603710618585275
-6.973222705339737
-11.926575743115567
-18.6285781757246
-24.42217811394289
-22.999473392931186
-21.829001852082765
-20.5994852850521
-16.39479897501105
-9.249697583187542
-23.0053449200401
-21.35771820572663
-19.00166179355413
-18.84529299925316
-17.493269480979258
-21.227758050356464
-29.489947943237524
-13.647984769511037
-8.996520205707967
-24.296193421706505
-22.978052876703696
-26.48242607218331
-30.394995328028436
-29.660163914324606
-23.990963666336206
-27.97803073848361
-20.771837220615186
-23.32417132998674
-12.197664418607928
-24.596337709008225
-18.637437249893022
-16.89189479234336
-20.627295646205535
-14.572934335222811
-16.111189800800506
-17.693518416074102
-15.331381576269635
-7.5494206595374855
-14.2059736495389
-14.891561080626177
-13.419597414563363
-17.442830075176637
-17.903645459314653
-24.61760659841685
-18.721139691469546
-23.0848014584186
-18.255137321792773
-24.538152943433875
-19.025954788820343
-11.845985470476192
-23.16402474631001
-20.10134496691223
-25.675436685144597
-15.811723810514906
-21.27107305543163
-23.944981330010073
-14.940303438119152
-22.51696290365684
-18.344952390653113
-24.60373561977169
-26.318204609108918
-18.26531342123687
-10.805240367283396
-24.885360617376314
-22.99726998900055
-9.117203823991217
-13.553071421336092
-29.033200054790854
-30.388297402324106
-13.08231624610243
-27.727767182598903
-15.668169505984782
-19.874287501935868
-18.038147156946522
-23.037836387170117
-23.449485242526965
-33.329037206538885
-18.105177623289965
-25.900969617640655
-19.618977575690476
-23.565364219668318
-28.40324804313773
-17.396958291174542
-31.755742434874044
-27.861624698732836
-22.831166256377706
-25.528386015154922
-19.19073658513899
-23.544774789684915
-24.795515578397854
-19.94228509279011
-27.751814222716572
-24.758649088450568
-27.777379669387642
-23.597154227164868
-26.11597481511709
-20.461293016444756
-30.10424399415149
-22.78443556983593
-15.104530760847108
-24.562243212516346
-15.469494071598188
-24.65220015413808
-22.100468776097255
-23.066210419903314
-19.86547962072061
-30.678006610439223
-23.07308461476226
-27.561391161236084
-26.49293686883718
-27.663485507847778
-27.852617573434337
-25.377251622190983
-21.65573713579192
-28.830494065343323
-19.59484488236759
-25.022342497151904
-22.645200425345053
-19.663957533078708
-20.487393433380333
-19.210634171455375
-14.666199240855345
-13.067605203095887
-10.81201514033873
-23.72266247063007
-8.956567619488169
-19.9928214117562
-21.292965731479995
-22.860556012599
-13.618742354965551
-20.23146412341229
-17.25223665916122
-9.908860734493121
-18.73213976001566
-19.993239826959492
-22.748633198239162
-12.518515623074848
-23.917440133140694
-20.245321413518724
-10.552833972040887
-21.738022845297625
-24.314515134002757
-11.845336513091624
-28.63708537132217
-25.036166071128026
-27.140063028002952
-12.476277978190026
-30.308419555495757
-11.288878501200635
-12.214156680824072
-9.168671122434784
-14.10010279095252
-10.720475283183724
-21.151610877204607
-12.474376655578247
-17.6361598490904
-15.554588197926694
-22.228840742744662
-25.501076999661294
-32.02879624406638
-13.055686812836484
-25.284893633462993
-27.300704569822564
-19.780102561654203
-18.724682761142844
-29.108433362483773
-26.1576283179906
-23.6322299235492
-19.855555752914242
-19.91960971866595
-12.42535624590413
-20.17627305759457
-27.82146375746063
-32.33219841600797
-29.696283138899773
-17.1726645645946
-17.59559727992435
-17.917519442645624
-21.610013203690894
-19.69831656415846
-25.222647238670667
-24.363385689801035
-16.96845521238503
-22.716138047673294
-14.728613016252918
-15.301262940578237
-21.184830068313865
-11.761408486376965
-13.882988125621011
-10.049930734566434
-20.561165093280515
-13.134815434966274
-14.209099483221102
-19.91829494956393
-23.326414756425663
-29.20341224135944
-15.605553517980258
-21.799520851406136
-14.087966014589767
-34.21326712698994
-23.03008176091862
-13.496455857617953
-27.195710150470404
-23.82706845561375
-18.951941880486086
-13.087435430767911
-15.572294250342722
-20.807365049264508
-26.31442197703199
-23.390010613916814
-20.284827625019123
-20.760917090299404
-14.164135621098062
-14.678824076076644
-28.574130689748873
-16.36077668194759
-19.812012857594745
-19.34175380578827
-29.41558358484816
-22.317123474783045
-22.570171666860716
-16.66838626821675
-16.990227036469168
-24.244135580898774
-17.958009816406154
-20.87593846360874
-13.978741387805318
-19.979034726022935
-22.994343524040673
-24.654787383226274
-32.23940681723471
-30.540747849652547
-22.42143469802626
-26.34922428882752
-29.3877098853098
-33.063433585924784
-28.575163599064005
-27.388607214798892
-36.810672621040524
-28.483213096868433
-30.036164584518467
-31.67352855161589
-34.995052909917895
-15.640868059585586
-34.341719001507485
-33.67213584573298
-34.26425840726722
-21.012802034140513
-10.876567025433655
-21.27048004142842
-27.143416846933658
-26.75060213199124
-23.328767851215954
-33.36195289789897
-23.99269089285359
-36.18843664634493
-28.354306763039006
-27.46293170095588
-21.013609010334108
-19.04035281743389
-20.574115208105496
-13.29737642263509
-14.32082437368106
-18.09620267996263
-19.561897170157344
-25.281961483270624
-22.52001377030229
-30.660975701232314
-26.57341694536529
-21.57926129421958
-22.63439321423759
-24.959936117439103
-18.298563110379682
-18.549255928765362
-16.916510876540276
-25.83386602078597
-21.905056104942147
-14.858703318788855
-17.38074103008862
-25.050166436433884
-16.357043935527216
-21.60582316321077
-14.77983746701797
-31.717782408499346
-18.328141468263595
-14.161852516483155
-17.94332199436039
-17.96448741912016
-18.17882241212454
-20.5217998394199
-21.993792462424306
-16.236674277016128
-24.407213661285102
-23.148256304159045
-21.036414347962904
-23.78478448483305
-17.371232921504344
-23.555246665621418
-29.03387800055806
-20.96791014582292
-18.469832965204834
-21.313722540555677
-20.613255397683965
-19.271315109699238
-31.92962479720577
-35.9237664270299
-24.780151818921738
-20.164803510857062
-16.12753090950687
-25.910445269874685
-16.91658280533381
-17.461126424547047
-21.50768178956288
-24.78500670339512
-20.408436354787426
-24.34974019873878
-25.854849394747855
-20.380136334557356
-18.975564146950386
-30.351851602820112
-25.769074726129183
-29.815888731088695
-18.033063751906294
-24.405577097678076
-23.638668026430455
-23.716418759774427
-21.879676128940474
-30.446345512696148
-26.974640968086277
-26.730953501645505
-11.038400656106475
-22.76337840198298
-21.28522535713298
-12.586383439836787
-26.288873166227003
-24.999798453672522
-15.578666564638588
-12.493555298948264
-26.457560790830048
-27.42327416435272
-17.719164482906976
-25.519280978946217
-22.47911432131654
-19.258349039237668
-21.055119820529253
-18.619973970525802
-27.946944638867855
-26.199742117073825
-18.410804962241468
-14.176291095762828
-25.327452311043317
-22.641623143164225
-18.7653673240955
-8.963962170328792
-14.733924571678337
-29.19973995144904
-25.344286582239867
-11.989072228515973
-12.899210413740285
-18.365832614087893
-23.101977709098307
-21.03166262832646
-16.94353882069415
-17.976816183183587
-24.094721543577435
-21.025338534650082
-20.363453874503747
-19.044659812876375
-16.07318927948046
-16.39988259175879
-19.342502352289408
-8.824712350029678
-21.887118681198423
-15.889962993751553
-17.469437051855763
-21.95795896321981
-14.156580659102978
-9.788139650162545
-21.952628062452035
-25.797732026568838
-28.926158792765598
-35.856003213437596
-24.680764584161533
-34.517874512647595
-21.113616559545072
-22.778662824049377
-17.754986455230046
-17.53811781979303
-19.294959550773264
-8.427569803940678
-19.044335223384817
-11.524418853206718
-16.305060822649025
-23.602109349606238
-15.30461861388622
-20.49983528553946
-19.864508013786597
-17.20135331123175
-15.616753650188251
-17.54452436601177
-18.136331470096323
-24.776201207572488
-21.231135938253672
-15.145672254139672
-21.952179660324273
-22.127131657508723
-11.080277307782637
-15.462705682828922
-8.460875075173494
-18.637937333155172
-10.902149694815286
-17.769196843184925
-30.61499727008027
-18.96174175336259
-17.467328795137156
-19.15212552031365
-26.384477658218056
-19.515107470893657
-20.41406386470627
-14.040183152600232
-9.411246754851312
-20.595604791027938
-11.88707745556572
-7.848083445156028
-6.346544461847547
-12.197270826535462
-14.041892097971935
-16.4062535161597
-17.880984418739164
-22.41706198715216
-31.413030703960278
-17.65115932898464
-15.240880293287308
-23.10817029359564
-22.565217995816845
-17.757796498580753
-11.495844976040317
-22.53485091158121
-18.08520576173616
-14.581261388265261
-14.069705660997997
-13.115057904150447
-16.859052893128364
-24.82777919865321
-21.594803414807608
-10.730696934326435
-28.705794252277833
