-20.453187740602765
-26.163155073474215
-26.985903758255002
-26.12330973155442
-29.329458635424736
-23.408364338153874
-21.470238733232943
-26.013510529908526
-33.19741955438293
-25.64329360514009
-20.81535662921006
-21.66406542163213
-32.194036566614116
-22.3663445153778
-25.52035578486497
-21.639756167412248
-21.348805561035913
-20.987564097893646
-35.04149737525827
-24.579092215154787
-32.704203514307224
-27.04724438992747
-21.2044578778874
-25.48409218854625
-33.366030794834785
-22.31067279077014
-20.32286181730531
-17.108328727492445
-21.49936980564619
-16.27282852930486
-10.11013507751369
-11.297279371694259
-19.312322314035534
-23.677098651716122
-28.10130862146314
-34.01858981888827
-26.831428110122864
-25.164422150322473
-24.541975456085503
-27.2550865624441
-24.828645797622514
-27.060480624585537
-24.464263530621402
-24.527592951990336
-22.04629377642741
-19.424214798612752
-24.677873734078386
-21.182460163211555
-25.29600817731901
-31.46710511465284
-21.189457673129063
-14.18453920251902
-25.658326143489823
-21.43115210892921
-21.025528531582495
-25.79406791208067
-29.0611696048242
-23.280653695071926
-23.507956375000184
-16.541592338493366
-23.567783370152767
-24.447924804605584
-22.961540484679063
-22.43747144458333
-19.27765873119023
-25.291117682926895
-18.560583143575286
-17.20050612908456
-12.868243467231373
-18.416654027038575
-29.771884755158013
-32.28684815936776
-31.397512083190534
-26.49509857330547
-23.651471307502078
-19.338989357520106
-21.8692841645223
-20.427951923928575
-18.660728300381678
-11.642116850429986
-28.280895874249843
-27.435998656726678
-28.057024339090887
-17.646182495143897
-26.19522745482458
-24.658707863562775
-13.859877497052842
-25.479725433666637
-11.022983482474132
-23.16716610547335
-8.78764132556946
-25.04917856637011
-16.697252776253237
-21.041124709658924
-16.483997856963327
-19.59688934863791
-32.19895475910509
-38.236112630860575
-23.558059152840826
-16.966679998309623
-22.5798796130404
-11.603129021214777
-18.311611364239646
-20.32034913760419
-21.920225837059732
-21.851404469438027
-22.828134327186632
-30.648269858012334
-30.274929057624327
-30.655304642880683
-26.59587549505654
-18.432323744320076
-21.8339546054394
-15.991134158627887
-27.724060115450396
-32.506606606216025
-19.001939558705416
-32.59844138441903
-30.74978290013101
-27.067239503678294
-25.509507719985848
-24.615872332939382
-26.873649902716878
-29.512511912420223
-29.711944104175608
-18.784529810050795
-29.078046602064468
-34.18858807697128
-35.78396679800574
-25.447675323192964
-27.449415332341744
-31.590052089326022
-16.440170386196115
-16.67544166698694
-12.651643955059079
-27.36400676865739
-23.23763380980151
-21.07829811351654
-10.568471824981998
-11.042481768555021
-13.791675199262507
-21.315808252303377
-24.62627165693261
-22.176165142221095
-26.28459899634742
-31.52927539733794
-30.0997841892843
-24.031261225726887
-32.42694501659333
-25.98105167658766
-28.415622251465486
-28.159893394990192
-28.84606648232385
-25.00053016153717
-26.821320446478197
-26.308731635679933
-24.248471971832586
-28.145847586789365
-21.14402322462016
-16.049319358780828
-30.819435583466245
-22.611076071381568
-25.01101417340222
-28.069703024432048
-18.31964521595671
-24.500205384953176
-23.026096927335928
-24.68916527025661
-17.941742522078837
-25.643675224906662
-17.55673667718419
-26.7038706376082
-24.70380288640275
-19.4641186111065
-16.13896280199498
-19.56939049769783
-20.94273584544618
-22.57857601792476
-14.853430777566103
-31.596136572054473
-25.329234918497537
-24.12619430734745
-30.060903646175095
-17.899696688804948
-18.68914471608872
-13.152265212807137
-27.961363953751885
-14.629656987067303
-29.133307020323624
-26.456603435766173
-19.573689409269967
-26.495991842686216
-26.134622261339032
-15.232070063836122
-22.303199693967464
-28.656440548357715
-25.526025250022187
-25.890365519737767
-34.32621418427195
-26.499740787527944
-28.10518833871838
-25.57918536151293
-22.65543356561623
-22.720739246331956
-9.216326165308079
-24.321523220896438
-34.87037064053056
-27.956496426396537
-24.31600738320703
-32.911288933603345
-29.61996720393999
-33.60523650326121
-33.20906216683237
-33.03281279399927
-22.120396172749633
-38.246425677069126
-31.89360686974049
-22.20414933828636
-27.740792870356987
-28.86392089528131
-29.343353750250845
-26.850286709649193
-27.447087669975986
-25.517143414351
-24.668247098550022
-25.765279579850404
-29.953940553364966
-25.342308057400807
-17.6541666811916
-24.955563521254298
-39.216546656137346
-13.623869743442182
-21.631794895777197
-20.14157199950177
-21.088014908299847
-25.916701337484948
-30.531467295753153
-33.84052694767315
-23.996073363043564
-29.750097221326406
-31.190141191218437
-24.237338685257633
-28.303316858787298
-27.44255096396794
-26.671671939947295
-26.431561789432546
-16.19978121391227
-16.28141256944093
-16.792835596453283
-18.766814288985067
-35.727650750503756
-23.579272483261626
-33.817426476943325
-21.79027156055109
-28.541655810259456
-23.01096273812169
-25.481977459902186
-25.76074371406714
-21.000883874850903
-31.29330096025807
-24.067966577089642
-24.88477750768511
-26.518813899340458
-14.187988364113565
-31.459860609840362
-15.360738905748121
-14.868718934442136
-28.997104455630257
-21.561435971300924
-12.642019496657008
-20.451853236982586
-15.617464009911398
-15.553131354366414
-19.26232997751687
-22.363349879383772
-18.358323001244866
-19.65703454195549
-27.10283407838921
-21.63468429404857
-33.172327528783185
-26.35413517006657
-18.928665737041392
-23.140362051462503
-19.43952472037585
-23.77916176131913
-18.52356059698138
-21.64093783311937
-20.947980054783294
-37.010850431719746
-29.858472369757056
-24.1628861266161
-35.389483992437114
-28.632758003550062
-33.707930235613546
-27.191118788019224
-19.033914796007256
-23.852446801534274
-31.987176997075764
-26.959968837844503
-37.06657069727406
-19.332318211762868
-19.586146711066338
-36.96412626761919
-25.553556276419023
-27.467579560753773
-25.0206874380279
-30.851411378559686
-24.962505586907326
-32.51346253321174
-24.21663633907508
-25.283226818557875
-29.817805911817835
-28.969752505423955
-33.579845250494046
-31.436852908510904
-33.04945539978183
-30.505891881315936
-25.80787148070601
-29.960280728701232
-24.67412700544451
-25.281436030157376
-25.664102757384597
-23.694071392905997
-28.76171486649843
-25.999315481014968
-35.085285379963985
-25.372443738469755
-27.652097471312832
-26.71467442930605
-30.32125024883363
-21.373974667328014
-14.409903226445465
-24.232661483945428
-26.49813924923271
-21.93866362146906
-27.66040563991312
-22.148587018089856
-23.41958521724952
-27.084136044894066
-29.907927288874017
-22.221787938825383
-29.196509813665564
-25.09823504360778
-19.674287860845926
-24.65135353755406
-18.424077390502717
-19.76198767458721
-23.77212782238664
-17.00591483063551
-21.16737574236639
-19.77133067356968
-14.481167736095607
-15.551581218640568
-16.067146946979
-24.47205953390999
-19.427510624904034
-23.562753783153266
-22.32224853646784
-26.578381018164585
-31.590039495840088
-16.750912248605665
-18.37763034259077
-18.690652598605563
-17.07279641466132
-15.819600878451585
-26.60240091725251
-22.91888351924159
-26.72656518436843
-26.187708365701077
-25.33598010571606
-17.52011422444354
-18.587967825265345
-15.530794005907673
-29.472976167627962
-20.546113231869693
-21.808484087551495
-26.48947711810884
-30.626155584911093
-24.076991660245433
-22.683336465101448
-21.84343667308282
-21.44080375328692
-34.58855565986181
-24.213995209057984
-28.33030035531018
-35.480800675414095
-28.869504510963218
-36.44450561849068
-31.284541621109547
-25.60443109738683
-33.40736246892877
-32.15453182238839
-24.178364733564404
-6.043006503622511
-17.921939201625158
-14.473316614534209
-26.018281834237563
-28.96900958043583
-24.824503218888495
-26.700816004098158
-41.21147356401076
-31.948848175653097
-29.21058340695484
-33.957027935996365
-26.66709115646993
-18.06516548402219
-30.628126139505156
-30.429625488925517
-28.290088289919893
-30.8653729176242
-23.36184297349721
-22.123610841441383
-18.396958821027923
-16.743191537453484
-21.580259490504744
-20.157141094746287
-24.66411312860098
-27.477139999745134
-24.79457014448765
-26.79799137966547
-17.85822847381792
-24.006908609006054
-9.565939900981874
-13.559085652367479
-25.951057286038917
-16.151488485218895
-24.3207524848345
-24.830278841770493
-35.677723081708265
-23.327755512957424
-25.514057708931215
-20.36527048545052
-17.91228091934316
-21.166582667918295
-25.438492898749473
-24.158843258129693
-27.859707694742813
-22.789390316977716
-12.68848969429092
-16.362902007620885
-21.839609611280363
-15.920259457123176
-12.778090944489634
-20.562488420061968
-18.25218476945456
-17.63639162568738
-21.550503977898405
-35.748350356422804
-30.959225603730026
-29.030575631327714
-34.33177307373276
-26.003848271237672
-22.748662990530747
-21.166348493183673
-18.24711736838899
-22.621864029012222
-25.981403445605046
-16.246585706311855
-27.881952380307602
-28.969744656937905
-24.80217177158923
-12.784456128490454
-23.37295413175706
-29.77012113931532
-23.01298943202194
-17.36864683460542
-21.918696919945155
-20.204733190556183
-21.271250173636425
-28.355854511643628
-34.24451513916058
-27.25337596665336
-38.14642973485033
-14.485924849607422
-15.877443707771526
-15.686207586999526
-16.30733902933644
-20.75412800493841
-19.23462453140384
-24.384851413458314
-31.250660633342306
-19.18189124689137
-21.187068901390607
-20.96495835811572
-26.240957965070415
-15.191828528995218
-14.550352189804897
-21.432012397951965
-19.33483414978705
-22.651666206530564
-26.291760863936258
-25.096719730541253
-29.14850394257475
-17.166198301713926
-29.845237449693876
-24.076889042419385
-24.701389855499244
-31.420279338362814
-19.623703396495877
-15.548201312005588
-21.54136400201553
-31.679798529574313
-24.294304910632402
-24.78288945062939
-24.970964234676245
-27.972639235262086
-22.664265981000383
-21.93776729983821
-16.75956164400041
-15.346694083296008
-21.841507107664754
-24.158407400542856
-24.310243769462588
-26.274691247465427
-25.49723878239903
-20.573532641871214
-24.44960852291046
-24.0144598356735
-27.74235642215472
-30.14004414872278
-14.886332389301927
-21.964009349315106
-18.193111304705745
-25.64634293711093
-18.85496068166711
-22.78751563220666
-18.276765341591833
-24.41913804868982
-34.49769990873044
-22.91800825636429
-23.32248291962045
-30.931195546817243
-18.474633014819755
-31.923362432779893
-27.772743855336778
-24.253147030228423
-22.454372484684345
-23.19448295395686
-19.932167053747825
-10.915916874234895
-12.936206013157886
-19.373446664494793
-20.518972093777148
-22.73634558107798
-31.6271870228774
-14.955966922620796
-17.844258324732053
-27.298873349092947
-27.274672702556288
-22.32368434801206
-20.44742198456936
-21.689228082659866
-31.73102224115298
-23.153424962342157
-26.655605031403027
-22.080085439928382
-26.867255665930713
-20.38253068593622
-18.12826233219159
-24.352256187771623
-21.602673445664145
-26.821141833521818
-26.10063954144408
-28.093843730145622
-24.377838269461314
-24.990852762261063
-21.35923039841181
-30.206816712771023
-9.919171542658791
-16.420309228100095
-23.29058653756744
-26.321848274859544
-32.23287062477422
-20.394264091480068
-21.46706223609239
-20.80596582929537
-35.44809282334756
-21.96660742424112
-25.519528719270618
-17.91398952469382
-19.949591645934195
-13.323406893006368
-21.40037715250336
-14.148824356987145
-16.842801642145865
-16.91313250303588
-23.85442052031294
-30.234922448542033
-19.817519161617252
-23.718187892233892
-26.19450902662928
-18.6789995424626
-15.361164961889953
-29.256774051169806
-26.138330790636807
-26.702912405269412
-24.358512843912248
-28.64974787008042
-25.93717433866358
-29.134306935499442
-19.80540346118902
-12.418561230632328
-28.722757593021207
-26.96132575379027
-17.87927229797686
-27.71534510942468
-25.338072672823678
-32.72555020564779
-32.28967862911435
-31.473398325322634
-28.851589422000792
-16.42168282081564
-27.515074701608384
-31.554512262489308
-26.76729557697997
-30.031683332172918
-24.23254658324167
-27.51524496150911
-26.70966994377512
-15.604121041855585
-27.582024604363276
-18.184718046529998
-21.60642873970329
-13.695812760736153
-32.64227752454745
-34.89010253457873
-33.46427759922865
-36.531657467039864
-24.605790238273848
-29.284496392748263
-23.28819398327101
-32.01872103294013
-27.18580005812285
-28.06931520952541
-24.797510803524524
-19.91321979882495
-21.068221801767073
-14.39645027346837
-11.73886408998223
-30.935056535382905
-23.318016710659094
-12.125516775267846
-19.753593755201543
-29.10042399088279
-27.368328754770104
-26.861960165837786
-20.209485787230186
-21.26241405176075
-20.383254164639126
-21.168546104629897
-24.974653288157803
-21.55031710592639
-26.50545653925262
-14.112460822866915
-22.15700558811416
-18.39775443976412
-34.071544721814796
-21.539600867137743
-25.55865765173906
-28.155194906136046
-18.54341556648925
-15.34698555141447
-25.95448315423358
-22.112027108540794
-17.49750006714075
-31.00492147794506
-19.681841351152727
-18.501839165482032
-30.592172904639725
-30.40677684976621
-25.38794159593468
-25.82183893963223
-25.0154094056251
-27.71670233755476
-21.039250999183338
-25.455552143311216
-25.488123772786565
-33.67158288511162
-22.682706130509736
-27.272866420697223
-24.46392345798167
-24.358072312295434
-32.009327193121734
-28.787994870727623
-26.21026531963041
-27.77512433490478
-18.12381457025278
-29.487644005751662
-11.609458027035323
-16.164157218298136
-20.57534548352195
-26.17135216940791
-32.3202232988267
-21.89727071492887
-17.446358553938968
-18.87163248266938
-15.312868298398726
-13.382838719810476
-21.395531978948476
-20.491133624591058
-21.538497409109237
-26.547901565959844
-21.298065284064545
-23.64562119994298
-29.07324033870799
-27.2658845302776
-15.161032066993862
-22.93509735007062
-16.73116725533015
-25.079826196716652
-20.233130585936806
-27.63653787289308
-22.59181280925521
-27.078898842228845
-20.488746350484035
-18.693979148014325
-21.036271642627483
-26.970535417739114
-26.26862623069912
-25.051305368964087
-36.55470371658976
-27.453302794335585
-29.259462241299687
-32.70544299274632
-28.04356876263224
-25.53961015801294
-20.540993058394356
-20.237149959484846
-24.74286576012478
-23.86177017116134
-32.139459113310934
-24.489869346358677
-28.164489309131707
-31.68804259725967
-11.83105136597446
-16.84663125859018
-8.631978276533552
-23.786808612321998
-33.41812970436702
-25.001839907013675
-22.962670307740943
-30.615931991232294
-33.85911203973455
-28.084144204312494
-10.026086868789772
-17.066991890117947
-23.318602592423666
-24.496384173598063
-17.22438684746374
-19.583111756572983
-21.873292486151477
-24.461676380303782
-14.39711543117587
-23.822881636266047
-23.355758396327914
-21.800956608676454
-27.991887556017154
-21.774214538118596
-28.987875667024774
-26.491973150340087
-20.629468277291252
-33.20324371601013
-16.445710936700635
-20.05068358329641
-19.941560955951402
-22.708057286541415
-13.958249381832928
-22.016586831859634
-22.34088323362547
-13.942741966730132
-23.09984751866133
-18.015473407605604
-25.832118114509278
-23.365895229113463
-22.96752083958244
-21.184874378562462
-23.935994387962836
-16.858217802879956
-15.076915465373585
-19.842052881973263
-17.332342057678126
-16.679591173538288
-22.493470139287908
-22.613486898945077
-23.276129519593077
-22.86727555194942
-20.404407884023357
-25.92595279708363
-16.04345082568583
-17.70887760013312
-19.573892877096213
-15.146761069797325
-20.442488153613436
-18.85954181012368
-24.39190068568427
-30.206792259073147
-25.63737764761521
-28.083582109907567
-26.10543874875399
-21.82047520202613
-19.48385825968826
-24.46323591648275
-24.872517712940326
-8.06673245507605
-20.370826263365597
-10.497428067342707
-27.1184115015334
-25.883112409695258
-24.464229556143316
-22.06881834628784
-21.902765408716036
-22.587238458531118
-20.600077292989184
-26.852942536826113
-26.011913319653615
-32.640103363659605
-21.87487278164876
-22.386241385268107
-28.008276669325397
-26.170741411879078
-21.916824239287138
-24.490066283814585
-25.071799702657323
-20.90625062055291
-19.677046948003657
-34.27685304684631
-26.64079552516332
-15.689310819346495
-16.723000881978567
-18.343853390324146
-15.358109258062527
-22.53299540878527
-24.07165474050059
-21.764400226664108
-16.88396123116371
-27.108745122944434
-28.987479394947083
-20.03946876316611
-21.621833304554855
-15.296798129309128
-21.592909093059895
-22.980702789160123
-22.618574111779644
-24.792504086240037
-21.998277715685788
-19.847226372070757
-14.037085898325415
-11.286178898688021
-27.62587041896547
-23.354219778579996
-15.623204756541085
-3.4145218482601525
-25.202524669676905
-10.649400609421953
-23.793148531492626
-15.561051271155204
-18.85925629820793
-25.066246949237453
-26.098502154086916
-24.806835318005426
-17.910667784323763
-12.479930957190142
-18.47445870101603
-20.99583445801146
-24.806716042400662
-22.457473202217372
-17.204338062432882
-15.790910458762244
-17.36279670996744
-25.832633198069495
-27.11051414565047
-26.17929566292972
-30.714136532830977
-18.505839927622002
-4.229584659454467
-19.026958317789322
-24.13805233171648
-21.237702696655525
-12.093048497130816
-17.92648141053803
-20.073583886358612
-10.353337478094403
-26.039750326193207
-17.65969754816303
-20.491568650570237
-23.342129181361564
-15.219463018202248
-24.12192250940184
-30.25341721373075
-17.379852385541234
-21.961989108539214
-14.422433023329248
-33.190094225359935
-20.858308459562018
-28.248558486259732
-18.533409245926514
-18.8611393628626
-7.601403562356413
-24.853583304114085
-18.25579296040952
-15.402910645627298
-28.06239140715539
-27.22424300675929
-11.552173414733236
-12.900730543330873
-13.596448991477992
-15.383721004245437
-16.68520033429461
-25.29193329634553
-19.36273693232324
-22.062734257365236
-17.083543716552796
-19.077641805551217
-32.27206756470671
-26.708826493658464
-22.692366701214166
-13.695183876125643
-23.03755537031328
-23.177541733893214
-22.0059918096033
-26.41005256738639
-22.800859410208034
-28.19859642842251
-26.71237105036502
-17.5326714988176
-19.513167164830246
-17.065742526728606
-18.88040074878132
-22.688094167017542
-29.865974137112673
-19.455763446307927
-28.694382022370515
-21.828727603405568
-22.68494950157282
-24.96446220051432
-26.713679298325218
-29.55778773838714
-24.080687862563025
-21.034776893747306
-19.893723201616073
-24.3310226312464
-18.692745503466732
-24.25055126421492
-28.001408476202123
-23.678044867562132
-15.791020351065171
-25.513726338877085
-23.22259246211993
-28.111112005709778
-20.272270227376495
-21.78390710983245
-22.425865637683277
-27.95384359887738
-27.648981521670727
-17.35091385354063
-25.89474086729045
-22.07635918370209
-36.28202810880525
-21.13056632256765
-25.57168247881885
-16.734556139919437
-19.722906056288735
-25.721749483475914
-30.648390670970244
-18.911330462193487
-25.520006962136325
-30.09360893807714
-19.85725767507213
-25.122850107270935
-18.608087369021845
-32.25619091527675
-19.141480848339235
-13.526664075909991
-18.895453899763375
-27.310889598151434
-13.420805423896105
-10.759473516604494
-16.80420329990909
-17.808833753467518
-21.892087013057782
-21.940954891895984
-27.233737881666293
-31.668492881876013
-21.788295298051636
-30.67726195579668
-28.98138106330856
-12.149023499267557
-22.045808461292673
-21.40350063974352
-27.86501672000187
-27.66850752082445
-28.747662433459354
-25.545531042887006
-20.577188598382847
-25.1523412077809
-26.199915903665683
-20.8979873260475
-28.22125579419405
-20.895442575952295
-25.940547721799177
-18.305722335049644
-24.48529027953182
-21.42752537048147
-23.571309964014475
-18.09292402913165
-22.66902951353454
-27.175662884237347
-23.07964139387434
-21.431904788305076
-20.883134187685577
-24.827070125145795
-33.603245509892986
-26.976059920230004
-24.42575425680337
-30.579114056331438
-34.50078376451957
-25.52988959927581
-21.883657556906815
-27.670821418616853
-30.37671972143411
-26.451897681262306
-26.825142290440134
-28.10474626187888
-24.417976416902846
-29.147959515554646
-24.773281373166697
-21.249657541211597
-20.733061042288703
-25.02740394997183
-23.9095173477046
-23.10356126608106
-20.78115912244376
-26.149752848737766
-20.138932080338275
-23.62774550033385
-17.70620895236963
-10.943702670896137
-23.289241302548934
-19.725980490327835
-22.570240994383326
-15.662323747280222
-16.43097545752326
-20.104791642428815
-18.122419472397397
-26.383057946267563
-29.31260822998555
-31.808771049019022
-20.766935462019312
-23.680070271200357
-21.118521964402085
-20.49171239197745
-21.923180614944947
-24.840070791307696
-25.45817019665636
-24.68472718359419
-24.149961548791637
-21.748527554109668
-22.068515861567633
-31.106935493922094
-28.03937888048811
-30.43880687280729
-25.62674850801013
-33.40088979148508
-21.813056176779384
-24.637615377948343
-28.24660824466691
-25.343225681730075
-32.05304780515816
-25.527959369468455
-13.255931554925205
-28.799824354721252
-26.659393285055327
-22.71259437109911
-27.083789174970697
-20.560392168361734
-24.45166258887965
-23.32483684784097
-21.5919968783223
-18.891217836266396
-20.805735529194806
-14.236454516545209
-23.987662548226194
-20.747277364565466
-23.368294125933183
-34.791772043379886
-30.01608133560525
-23.57548143815744
-20.74066460155419
-23.173099957503744
-28.37729275799726
-26.527287167411444
-19.524910946159906
-23.560423284775545
-25.406480939067038
-21.399120149974912
-25.6268911520549
-26.173188173606427
-24.977312775949866
-31.212026074514235
-21.429764700629867
-22.019801369891944
-36.62516067465647
-33.61972337456576
-26.46974322441116
-30.834451555893203
-30.174772220734237
-32.00329444187669
-22.893741799055636
-32.552896665633526
-30.265965498481414
-33.26158610831748
-23.814998162697528
-19.912845357960943
-18.161991187854678
-27.157375928687422
-20.50095842906215
-32.88519654855506
-26.808191874654668
-34.031925570708424
-34.690929155554535
-27.993355360453446
-28.619198244972125
-30.935910393855423
-22.75652711755967
-32.89389354903179
-28.516847175825074
-24.1980474098625
-30.87789741873013
-34.99338938092776
-27.973614428450844
-35.67467738543742
-23.760798896311098
-33.40764055917997
-31.963973668149954
-37.165477698284576
-27.26061510245201
-19.765810267054878
-32.66715566452774
-28.084798287297964
-12.589007552999629
-24.90265546284935
-33.674278337869445
-29.035143607342057
-19.200712334048088
-21.039929753309632
-26.161902546168548
-25.848782509993185
-28.102188648807484
-23.14666298787074
-18.090552709044616
-31.35737687683585
-24.733458230057863
-25.305276238618546
-17.58212330715991
-13.236780076853677
-23.871360230429424
-29.312245734031755
-32.62142398327257
-30.292243684367236
-25.900173409568715
-33.52727993951972
-25.13180390670817
-22.244421785228596
-26.963722689076533
-22.531797584848626
-25.827825536690312
-21.35016062434009
-28.67625710551321
-33.40646249644656
-26.921372580096353
-17.12922976588131
-25.576650790139112
-36.7487918956694
-20.720003570348986
-25.029684488617477
-19.4402770078034
-15.82133680298778
-32.18159652283305
-25.561514914163244
-18.471220515087296
-18.44496538627151
-27.699257037339304
-25.992273289013625
-20.25483786311542
-26.606729429796506
-18.85937865901721
-17.082942425514503
-31.4217075780916
-29.153383349962787
-27.336880430915688
-20.27331003947736
-28.61665383968639
-22.939772692032513
-28.14691744433464
-34.03159549309617
-31.844155388717347
-29.955600251980556
-18.43548619922675
-28.424867630874992
-28.140308429776546
-19.67310332382721
-28.706187522149747
-22.116513872663738
-29.108829487380188
-12.205613864708177
-19.525868274718846
-23.46701824856313
-24.25996500330602
-23.0262627016515
-22.120761417471172
-23.240529215502704
-20.142610034723067
-29.830046582620696
-19.952271552853325
-29.817777348583245
-26.840663647685282
-12.210256448795889
-14.213285980395383
-16.94291350451263
-17.262473744141708
-17.71956623239592
-23.9588540162165
-28.05645908992144
-16.567590460614227
-28.37320363878918
-29.123391584880608
-23.832632252312674
-16.66409110507564
-24.34997441865906
-22.55539122375403
-14.719707584688106
-13.453909064961548
-15.562632773578185
-27.747014694923173
-22.79396326081295
-16.617128413469054
-13.065111747398959
-25.425171100344784
-24.694802303370132
-22.14607307416413
-18.631993499316074
-23.500263002867413
-20.00830974139479
-21.021659274077138
-19.823054219359463
-26.190214240559698
-27.514720128839116
-30.751044614328542
-24.350142986120552
-28.16313312477913
-23.287718672558448
-27.180035264535356
-27.164272679394166
-32.37935607357919
-32.75053447997736
-24.123967406421457
-20.531282295182685
-27.495091036847157
-23.16245128817613
-18.42599400126813
-20.900763723502443
-34.74670818960358
-20.441250394612943
-27.66647362244484
-20.10790683900167
-18.046289759030206
-20.638743637548007
-14.056861051912115
-24.21910316425093
-18.928211258584934
-22.009988305660467
-27.527231770614772
-29.030524906318835
-17.903565776961486
-25.72982271052343
-21.948172020287622
-27.686017839588388
-33.29497324871423
-24.41003106606266
-29.84710527670074
-32.337586045044446
-27.66184765956242
-31.172601841180843
-36.85870635924755
-22.246363790496822
-28.127472378205177
-33.646873414120975
-7.690866813729684
-18.90460761736082
-19.280900980537815
-29.91310708028558
-21.18095295582543
-21.759438596297105
-12.983674458286622
-15.83696636597957
-11.36791536615069
-20.740261450205274
-26.458047999784743
-32.33029029391777
-28.595787704068556
-30.717823518759868
-19.59537029870485
-29.013351939342165
-18.328499024442507
-23.14595084488957
-24.75567989477196
-23.901733036876486
-25.967883691918566
-26.975114523845853
-28.036735161378033
-30.605046141936526
-32.492381491761286
-24.930643544504107
-29.964709594303088
-21.949433659157336
-29.522897838344072
-19.847009899015774
-32.2952079257135
-20.951079614101516
-18.98720238541494
-13.009026231785292
-27.564906244618243
-21.58704876620652
-29.90865528916403
-17.964422282606634
-27.79291345835984
-25.538689388304867
-29.933021020323096
-23.027447207977318
-27.910806770275705
-29.915184024952268
-17.423206751796222
-32.98505079393148
-25.241431133314705
-25.826641599442784
-37.620318818718395
-31.151277815062574
-32.94608708172805
-27.43157930051717
-22.623365879519696
-24.986200959482375
-22.653277004954653
-19.802054351169012
-19.73732897965745
-24.95712522936831
-18.594222387423606
-23.524892061180257
-18.965102243983353
-23.493443738841847
-22.38584932533798
-29.872021740398033
-24.23718012681268
-23.609811013400595
-26.481844132161477
-22.492999831403885
-30.587098242512795
-24.924477020886854
-21.43886697516905
-24.001531392526957
-23.62130827327514
-22.538680101852542
-18.300462873477056
-20.054233242544164
-31.370654185015482
-26.49058467412187
-26.67894917261271
-22.39722794788851
-31.61365091664303
-31.285607469501365
-32.805955321722024
-35.297578279076745
-25.249372717450527
-26.783103545507686
-29.61896367732735
-25.650209030344875
-32.9238116891883
-31.293369976052055
-28.106288136928804
-27.708691976618425
-33.22004685139661
-25.39726196172351
-32.16155875630444
-29.499857147247198
-20.751607759639768
-28.19967214063606
-22.94004989350055
-20.795015253133045
-18.00744772883108
-17.22421491763251
-22.576128246244267
-17.600096855884523
-18.638682380463635
-16.936039196909157
-22.69309045496339
-27.132668863782953
-21.02178394267115
-30.654498991205678
-23.586914606006175
-21.462007545796354
-33.93170959896336
-31.800214299585832
-31.716359822210762
-31.66582382706593
-24.74163014179092
-26.8516117052422
-24.04629249727028
-15.13936363215695
-22.29149855491724
-18.15383154741705
-22.642407172681764
-26.68036487348934
-28.04034344014316
-22.83918226309485
-27.99220723332273
-26.661137567209884
-25.317528217887123
-28.024699702788162
-22.582641899185525
-16.93583342974044
-27.19458107215013
-14.78375179318516
-21.909815716402996
-21.286968560203917
-23.492669652819096
-20.491619131221686
-30.462397055776485
-31.648114035726287
-18.05943997908431
-29.60576358805136
-21.904752204522453
-15.301381028583762
-13.529935311956162
-21.88982864052379
-16.2929565331939
-12.314445903260513
-23.258029352371864
-13.383462362460982
-25.95500624270791
-25.373603905526398
-21.94127884298767
-25.31786876240806
-24.025007590426178
-26.87415477275279
-26.654619933961747
-23.84727858564797
-24.623205807676783
-24.888940776661038
-16.7628064218977
-20.001305042313497
-16.917650870356947
-18.72950935624535
-25.29347240933111
-28.320096315151858
-22.697099235686046
-22.88709447236705
-23.934804427466982
-11.148173723841573
-33.348280582225755
-33.829944659980534
-35.18101653935726
-17.931035531802934
-31.55141812260593
-27.66338417106812
-27.091356089842137
-20.90261544099357
-30.23709342669749
-26.612265976203584
-18.138374979888503
-19.18701608544614
-19.113188781100725
-19.695334290243423
-19.82678787958045
-25.148187699339346
-27.543021663881984
-29.577012601928214
-30.960991530715162
-24.13022808184017
-15.05411716610623
-21.4899111967151
-22.362236367193052
-12.922010224068867
-13.207769751082683
-17.497448666325592
-24.284978107983036
-18.667574121372084
-27.142203999135397
-15.68779539508116
-20.583567357799353
-23.127651480149424
-19.23122121394043
-11.954225541741629
-15.592284657614897
-24.562091735799413
-17.76835190308771
-21.124355384367327
-37.260821227554764
-25.59118443340325
-22.525585565169713
-21.634040467588477
-26.61023698904441
-17.275297270629586
-25.91393940584838
-26.876501641520825
-27.069393163325785
-25.45422472245209
-30.364543648477444
-22.48485015163167
-31.28475998268069
-14.188970567671333
-24.35242349768297
-25.893009031333087
-29.266230628691893
-26.200109423720015
-30.135920628440665
-25.833385188334525
-35.752730757147745
-24.91683110301591
-29.6955359631474
-34.83770749638082
-29.942930156497667
-39.20942181178623
-30.989717057381867
-31.845826222382428
-26.05008457606654
-25.965440317619148
-31.7082541433194
-21.57706392956356
-25.514009220429884
-20.39263474313413
-26.33638932502059
-34.03149503723879
-30.083356693834816
-27.29804948695996
-26.420341103625162
-26.530358106661268
-25.530866435540013
-24.880799311695597
-26.920633472746196
-30.18538944599095
-30.750985034629238
-28.241718742645567
-27.549841527483206
-39.876393893999584
-29.28686803267062
-40.3048736960972
-28.88155583959996
-27.445003258447898
-32.3229447892601
-31.14687932040904
-18.10723829026086
-29.644125751470554
-23.249060686112514
-23.67811231705398
-30.702929912746953
-31.975515974937586
-27.98357650941682
-25.895793237769638
-32.243659095157
-18.777717990711558
-20.817587841699613
-13.288214634060992
-17.97644898833724
-9.836876529422398
-33.48164059860243
-27.17353103761711
-30.87129384628006
-20.234322599149237
-30.93400425309668
-22.498150382614455
-25.602035965005527
-24.446454907592525
-18.054229062885764
-22.229456131222953
-36.01016290100527
-24.95524673043029
-16.799647473874188
-22.910051077784217
-31.2352363689142
-19.700439696185764
-25.507865855502263
-29.66727804330975
-19.302609003330375
-32.147650944682155
-28.594620011021778
-27.0620743230495
-29.79121536448703
-27.40577789909713
-30.982537693857555
-19.088849182841006
-23.910959268501504
-20.642286896044826
-14.431714148775711
-24.908974154508847
-23.932181022480187
-25.810938056457537
-19.992807988636073
-22.508190054890953
-26.821240825224343
-23.779876985319774
-31.145931450765126
-18.333873219496297
-18.67797403849908
-22.85098202387281
-29.444675411119878
-32.059399995293546
-28.147470977177974
-22.923593125049145
-24.030161375946264
-24.653126551980215
-17.199741515712567
-26.33776816847474
-20.05679772881583
-18.36263910070167
-33.05639120010055
-33.8338686740346
-40.1091504653502
-23.164942508038713
-25.883717455601875
-30.8125838657372
-25.336713697247824
-26.41966560410132
-16.146604352258503
-24.062275292068865
-20.376018357937625
-27.439028219892073
-21.934365487593453
-27.2409177863263
-32.28594703293485
-27.670452803103046
-30.969465913661498
-23.83161059609805
-19.978563668855244
-19.029735655834617
-17.968537403162482
-16.23549581154854
-22.847940325944023
-21.42312808244212
-28.146194637503093
-35.794100867650194
-22.577131798336055
-18.085512155370914
-23.651832861544598
-34.076425490174834
-30.78475753237788
-31.59195103490903
-25.185165861796737
-29.732760891942043
-25.267406150097454
-27.546317791693347
-28.313843090199903
-13.899806994450735
-21.197698231185342
-25.935259051696878
-20.686706073649862
-21.69363254988372
-18.290061258075262
-30.397720443525966
-39.568587943352405
-27.809901780796885
-29.375621319354828
-35.40265399696994
-25.917930688369573
-14.301534488111102
-23.90834562950903
-21.28276803374214
-15.247181944080225
-16.029807715808722
-25.3060543140187
-13.94127684032835
-20.387574323920845
-14.433180800149138
-18.722622647876186
-26.39197086268159
-22.554593758773805
-18.20957106368298
-16.867483582921608
-19.328147158114135
-13.861232479998534
-19.531452056568334
-24.747425531119276
-18.06473254377743
-26.965495143455207
-21.314052322615908
-27.153383449914813
-13.016836946990889
-23.1434381085529
-31.67646309125243
-29.949182969002457
-29.186531016597684
-23.752057743886397
-29.329319254397078
-26.337843791418088
-24.3822140469383
-24.762664021208664
-20.198403052793076
-26.03307921321229
-21.28721853369808
-28.137304476504372
-34.00757444870007
-33.211064715109806
-26.651669969151417
-23.204896654870353
-16.52678551300543
-19.170868205227634
-19.383313270468996
-21.314786529807368
-22.291577439576123
-16.7059912502284
-18.139337562405665
-29.126921494066625
-20.018057646905586
-16.525873138758783
-27.62836146604605
-11.102208936958899
-18.25130409035134
-12.114323936809008
-28.695453685992575
-30.8878548599127
-25.157411975178054
-31.80019025748897
-30.40776565333032
-19.230818675702764
-28.760669142496695
-21.615002841160674
-24.201496623573796
-7.206937919513697
-21.892775464705615
-26.87220394075235
-25.127566248724914
-21.92727391775986
-21.958859150654625
-26.38535156069331
-19.67871599266511
-26.733540381212052
-33.3112268747465
-27.188851024115706
-21.65959933636898
-24.8990413322475
-28.24020808420837
-17.342785288897073
-35.45799635790345
-15.276295029830013
-13.211839042636848
-18.19720780023725
-28.634250175262526
-16.246143457692245
-30.458714408336892
-26.253854848437342
-27.496071168954845
-21.139348201905435
-35.05434655885633
-28.23726271535541
-16.587772806746848
-26.809973405063303
-18.5498293262594
-22.387528237561046
-29.008742691984892
-24.83894867299566
-28.085782162920633
-28.736403761232033
-18.889367300143554
-18.450286432004773
-21.802399696996083
-24.986724663442622
-31.206417092076933
-31.015853233744615
-28.929790137298774
-19.336714058010372
-18.030508229003356
-21.276511894580885
-29.264785677864342
-24.400388983383277
-35.01997684594127
-27.570963514988915
-33.35741939474839
-21.795474354288828
-19.961170037125115
-8.316806259694804
-28.0274605094136
-21.24283933380245
-20.567961292594966
-32.13124615718105
-28.203073378592904
-30.89846889598219
-23.67853184449099
-31.649898780657672
-31.97759060861084
-15.622466477956692
-21.295982082535
-8.305091038825594
-20.013428521402616
-28.113342537732734
-24.143013046277943
-24.776025968283328
-24.792544514174423
-19.44633139956198
-21.698033404583086
-33.065118261336075
-27.781603844115104
-24.328092117135466
-25.088247478834298
-19.344979367851074
-28.40164218483886
-17.30807783724677
-12.897226711775403
-14.724746341599882
-22.305334328798544
-28.403892713269833
-17.626042969320004
-24.123407359162023
-24.796389626339092
-28.314144197161333
-27.52714281381781
-31.52444057495758
-23.065133665536038
-23.819399061828697
-28.331180764710915
-29.657508762557313
-18.73784230660835
-20.687560431393692
-23.451546179863577
-17.12932033933774
-22.258678402924104
-14.029238364526558
-31.720934647403077
-27.028658670870694
-33.89944061356739
-22.115843914055407
-20.42101082055084
-16.364127911549787
-26.566458221688286
-30.67576422059679
-21.76159051536755
-24.7295378613112
-12.042893115019357
-30.90890302982639
-20.078694461691555
-33.28162491490806
-27.228727307932694
-26.622749821226535
-19.79076440464521
-25.303369404059993
-25.68709406095856
-23.264777253284045
-27.27898191117408
-20.360707821820696
-22.902956362691498
-29.237997991116117
-15.733784465062813
-24.986975702324337
-18.341928213465025
-27.209922624074423
-34.45789025371447
-27.192507421523317
-26.786015243226892
-20.83484420925288
-26.155385228556618
-17.938417921895628
-24.823303069444243
-28.49573866747481
-31.487736466961145
-24.705707316581716
-19.334105116455884
-18.060417550571522
-20.88021081021251
-21.533010097951284
-21.286148222223595
-22.148598946173372
-32.382658451607334
-30.84177690723952
-21.19246876016696
-31.026134717441
-17.593539061518104
-16.490499812023128
-30.56612383087313
-17.38817558704563
-25.452901290810892
-12.137843621977094
-21.526896349195084
-20.508502398506415
-15.342863149861461
-27.74500849750615
-34.521598788895744
-30.406688869292267
-21.67639717155869
-23.54793035124254
-27.527399303864073
-23.242391995918705
-28.364615039393676
-28.946447166900626
-33.180022908385894
-28.473517391517625
-27.113519616008563
-19.375255479505565
-22.711739024664848
-29.682510637284924
-25.354841765872102
-23.32279848373621
-15.38505911749065
-27.391274526408225
-22.41656746508427
-25.006079969054042
-34.63391500269008
-23.51542961645039
-27.114782410841553
-33.84177616451411
-29.533793999270753
-37.696620366770645
-32.3412939020328
-18.18384800791658
-24.03535661330225
-30.76895002903194
-19.84363389175833
-35.570161445252126
-15.820600329309315
-19.935851243904278
-36.4292082115486
-32.24425181118328
-24.173253881947275
-22.484472602262336
-19.270648818394676
-24.329754999157185
-21.52271820843923
-30.604210910777613
-23.482834903002548
-21.498740223330003
-19.699556942485888
-21.34195117617088
-19.20758316930859
-21.77120900376967
-21.537530065845097
-27.424833503902768
-28.36449157807771
-25.878742456643305
-16.49493815725783
-15.36400851168565
-31.742826179643735
-30.056020598322675
-18.570091213704718
-18.17816819903641
-21.938465587251322
-30.557540719871845
-35.94395777271197
-34.47974228048595
-12.281142211175741
-21.001325310793334
-28.191396892734097
-28.663741781034254
-32.89966268000709
-31.770409263444943
-31.43647962334675
-28.66704032328669
-27.367204864387034
-32.062643170116274
-21.893864011725455
-18.678987435498453
-28.835430556452955
-23.126827607253123
-16.220259598073085
-20.19085476132193
-8.68221655180017
-18.529266771607638
-16.6080098498573
-26.1127296655426
-23.277135576536086
-25.894835561984593
-19.817748052433494
-21.54555024415865
-21.52212132023546
-24.043497531671303
-29.472408337991332
-20.649472146791744
-19.035815573263932
-31.631388502422187
-12.244796331876202
-21.323914194429463
-18.83044364886054
-22.259860014703932
-20.63295988814125
-29.532574528522655
-23.548688928469907
-27.831732798822053
-22.166994809609776
-23.775855540955646
-17.46912085152723
-18.767985473252814
-20.839397233333074
-28.175624448504642
-20.342057674008153
-22.06535743160446
-34.66327909298011
-24.540251248737924
-26.615561864580023
-12.893324902449393
-20.919383161815205
-30.336705580197304
-25.291351738931034
-34.191685067085345
-30.51382703250127
-20.64901667026443
-24.03906747096676
-31.427095470255647
-22.18603961630222
-22.484467776055684
-18.25078497470675
-24.562519222571698
-18.82471907582626
-16.729171246601048
-26.97675853825386
-27.52361524122057
-21.292040520405564
-24.137209115854155
-20.166655646591895
-21.769689549145966
-23.54758874567562
-27.413364497300723
-27.470761209303603
-29.14288782049926
-27.502136756041956
-28.91745139893327
-29.27797766495633
-17.619716146573104
-22.86994592486442
-28.557642200712348
-28.94080483560136
-26.776884295037114
-25.410126582335632
-23.62349016335141
-24.93490660514238
-27.738982506053176
-24.69151171066717
-27.279151991585167
-23.77678933850798
-25.180127868296324
-19.810623086488974
-22.809480440467507
-20.474067298378298
-23.81173660340101
-23.75966687139104
-23.99728198120868
-21.54895421218322
-27.79255108599677
-27.82036473292251
-21.86087262509703
-20.673231844611728
-28.97310481833628
-24.48403392083643
-18.28334457140231
-26.70882084376153
-25.270160014750964
-27.5834809531604
-30.212462614191512
-17.54463084825271
-20.367424931233565
-19.27798426469801
-23.72243224262222
-27.142500159894947
-17.38835257894239
-15.74757868004638
-23.465148834539843
-24.247443257568357
-20.543145822054143
-16.057393649500646
-21.90564781677881
-19.304929039176127
-12.940539047422412
-20.67134664708169
-35.864571841285255
-25.705741226163102
-20.679446623886186
-26.8237928316473
-17.36765874463127
-18.98527841408574
-18.24709483688766
-24.862017370396668
-21.197591905890462
-18.883484408350814
-16.23119416765028
-22.71239065977342
-22.034805994781323
-23.168539696973728
-25.61426212908829
-28.64748932660563
-23.808864567401713
-25.798235598479636
-28.411778496021444
-36.10370309259091
-26.53033813187268
-14.776991989799598
-21.058781062961696
-29.93995156741702
-27.550612291181814
-21.96288078944137
-24.990956890955943
-21.135381942951813
-17.890658216433206
-13.507332132090621
-18.346586247181435
-26.31291138670748
-19.679843413284686
-23.425394419051592
-23.44730175441788
-24.698009828182585
-24.968864866621875
-26.82708986895528
-22.014587347275228
-20.072339292331307
-21.219170376500927
-24.07691321997606
-17.674351267511117
-19.86016347955622
-37.8349325402756
-24.617381484353007
-23.07169018170683
-29.974838212342377
-21.046158077135903
-29.66347112164263
-23.914317904759905
-28.6028895604976
-28.6639309144406
-30.435222376163754
-25.79424521380817
-27.14499478911784
-18.113234707062816
-25.73911790865246
-24.554555380059384
-30.703473322434718
-18.824516574424244
-19.984136420819574
-22.875185199234068
-23.41125344996445
-17.415194663267442
-13.039588816536423
-20.12491489507176
-21.737665845284504
-22.009482193562086
-21.49602759057057
-22.886446748318683
-31.23513593751892
-14.256900754019853
-27.582309690936068
-22.13385163388547
-24.92270098365092
-17.845737180345672
-22.068086126084125
-17.58520065910698
-29.888001777332896
-17.45197715365706
-23.475498958046806
-27.10921999458629
-30.895187628516666
-28.210706633067886
-30.597409566609933
-25.266058398645725
-27.603473112233516
-18.26826732231497
-22.497277292541042
-22.147807957901364
-21.66107900815541
-26.718485791463742
-18.474050625534773
-25.716299448463843
-24.477814646166422
-27.77130229115778
-27.561368505549588
-17.572711063256804
-28.01873814919469
-23.741048564101526
-28.55026117840169
-23.754091617329323
-27.580522069471172
-24.95311758014404
-20.58536694979439
-19.84816778066105
-20.44044606273595
-20.240906783666375
-26.22231201725301
-23.36459675842385
-24.606744257269828
-19.517847418676094
-24.656659909625773
-16.499622615927635
-20.529864086972516
-25.226428912015233
-30.10550945534587
-32.31211586490638
-31.94088723570774
-27.535392355753636
-30.203645547084733
-31.62949884811474
-21.76202613243612
-26.393132890731255
-22.679222619381797
-17.27051896497818
-20.42333105195018
-18.143878662435675
-15.008822808393191
-26.25001677371496
-27.208375384049276
-25.552723950695906
-24.76588804902856
-26.36987928919103
-25.41784994438307
-27.202559083466568
-26.271730988865542
-26.03824335347939
-25.859976611992998
-32.63038714240464
-14.051858600552364
-26.041152701564343
-33.92672080354648
-34.313338815059
-26.254351155634275
-23.035724454152138
-11.717317888722423
-15.94237884023195
-25.324082721873083
-28.375737513669577
-23.85561354586754
-17.175479015100407
-11.647082552564406
-20.693972198974624
-25.25894540725278
-25.915114133132956
-9.759017323733941
-21.649153767442034
-19.800127597059824
-26.660456724592493
-21.944820300457152
-21.549920191454586
-24.380543493131697
-24.198523596356747
-25.44773987245021
-24.034488688122032
-12.785024971283807
-10.484506725475622
-35.11767780285492
-19.631618212867536
-27.238546030123345
-15.46880355078098
-29.039432052309706
-28.094498739186484
-27.836224552297374
-24.388025012993324
-31.65684520170727
-24.093961351174606
-15.433969275104081
-17.891990358130727
-18.620583438956704
-18.20180595778517
-29.502962587381717
-26.271613347805083
-28.026581832902927
-18.61304756340943
-27.892991474229525
-23.426683945343918
-22.830973484023893
-20.06011557750212
-26.448651777025784
-16.033153818534032
-20.23618037564074
-17.98345509376479
-26.00679985673218
-19.143154900337457
-36.474016804915365
-23.7663482006892
-27.411639901985858
-25.30974395731036
-23.18898196043466
-27.36644324076427
-22.866895188952718
-16.83394223649385
-17.550941548531505
-20.962613209444815
-24.94616898077902
-12.907878788356175
-23.93978867199918
-23.906845106217826
-22.518060811029965
-23.140892041120292
-31.442476696838895
-31.801641171899234
-33.86280430482584
-21.220930511999967
-19.940308227319875
-30.131977447379242
-28.624093234905402
-26.53649404718775
-34.76602450045068
-24.167549921205605
-30.984803943598124
-32.1914117535747
-27.101183027166396
-33.748439798167354
-34.330450534701775
-33.98888528713059
-31.483080033535366
-24.38134660847404
-27.217747481567507
-25.510100665562426
-25.394061014279483
-15.621248974393165
-27.511138865778392
-24.800176130322605
-20.398812966302646
-23.643921929686485
-16.765133555369847
-24.56460260787964
-26.45872586363631
-27.660173008002616
-26.20210670471486
-24.49263322402084
-26.147302797155568
-22.745673315085146
-28.64785644861596
-25.9852039665927
-13.172801255544446
-23.358557454791022
-27.09271438779296
-21.850862546432957
-29.15342106492712
-25.950099535766878
-20.396644225522273
-23.452029705358612
-23.597218679917205
-20.964923561166632
-30.327951204058163
-32.412030290026884
-24.184680316288325
-26.09100653672634
-21.510212694514877
-21.72830906485997
-27.85648275189262
-24.850911640920906
-20.988258737125562
-13.595229634830156
-19.81125834531911
-24.613275856201007
-27.618515715302618
-24.526846274423388
-25.17337442051889
-21.312095158628583
-23.12136611009622
-31.35553863414493
-20.440353297894216
-23.859226861390418
-24.744511139857497
-13.10037873596995
-21.950158842428564
-20.095527747216376
-19.561365126964734
-13.274720995294924
-22.009608252016065
-17.673190091440453
-31.30187580526885
-22.124399784681117
-29.793725602770998
-33.015324862430205
-20.31924165200089
-9.777623558888116
-29.763592445724708
-20.555889018639242
-30.349550019630193
-24.15643681024668
-28.20306824671761
-22.213960914470483
-22.977165112209732
-19.771697469550876
-31.62522627033791
-12.87352809096934
-23.55956148640048
-21.16420856603048
-21.780425450204913
-15.746482032746378
-25.257490620628378
-26.459991939926496
-22.30388334860856
-21.624468278946097
-25.11225821002796
-23.780254931151944
-19.6607406787801
-28.330250161077103
-23.04875709857663
-27.50176821890397
-12.984108136339014
-21.408862872942628
-26.285822369405864
-28.62963147219088
-25.028295378599744
-29.468835822876922
-29.181302367980887
-13.450858087879013
-21.771545198032143
-20.11522305980587
-21.82649216361456
-19.273100316299132
-22.096820783414394
-17.3990519637108
-14.875039001668156
-27.851843615799208
-29.56809216084425
-23.29576166058567
-27.608582603545337
-21.546441313065237
-29.360957147559965
-7.558862251846385
-22.43228275772934
-26.47418801660809
-21.740839443436595
-26.491977293170056
-28.23318488059725
-9.269002541489414
-16.809310651109715
-17.270519580924745
-24.076502087358882
-30.40355369005073
-17.913998910668404
-22.138921887393494
-27.104801919464272
-21.003936338186122
-29.810104068356537
-16.45896919696528
-22.88312386506233
-26.480329020866286
-31.364214407088227
-22.029116004558126
-34.62108857976278
-29.962243204991985
-21.795273770859204
-18.654021203323254
-33.194253863785995
-29.958142525332065
-28.124508481844387
-32.93907365021614
-29.326373643809482
-36.15626778875704
-20.415844025027457
-11.03198103450811
-32.589878114939935
-22.331074473764723
-21.68463574008377
-29.061597013960668
-22.68786952697573
-25.887416400599683
-19.980778401188132
-17.402215211012404
-30.108876811829255
-22.88807722104997
-33.94867148034243
-31.397936325184435
-24.652675480333624
-28.258780468191667
-29.721529482839244
-24.271642925258153
-26.35627043867754
-25.83165994732856
-29.755978096537657
-22.53829318724736
-19.085802757400543
-26.18253721585103
-23.31913761275019
-24.81835016956297
-22.278774935575896
-19.961961897216
-18.843342748363142
-19.895149090883706
-22.18687722351379
-24.80140426864201
-19.630315600526572
-26.815429488519342
-25.33171144890182
-20.533016226753404
-18.661556935346823
-18.080892294742036
-24.89430389628835
-27.157144919698027
-32.13424700557606
-29.53033625558212
-15.170523062491284
-21.74093824508073
-28.253575376773625
-18.480387336122128
-18.797336136602723
-29.268568225637395
-30.05497547783345
-22.52685097776573
-26.942087950585382
-24.047167993616576
-20.68005486263729
-26.378454051299236
-28.60078727087798
-28.267150467649344
-22.022132659192955
-29.380479320946456
-35.980565242623705
-31.723855990065417
-24.835601513507903
-24.158900661653554
-25.94794973025035
-14.854413754444586
-34.292990819488125
-27.664024508833485
-16.783030942031274
-31.91067819184397
-14.501550702201044
-13.361720222973197
-18.84686686726498
-27.94870185141405
-29.026766925301438
-27.046918022298613
-20.241996434727813
-20.077292765116916
-26.81334224069294
-28.430760194314814
-23.959245610893966
-23.65166821658667
-23.36121422418728
-25.09260562833895
-19.98131200954085
-30.712471455119704
-25.89375940420424
-12.4914920010659
-22.037667162947734
-16.80568083065771
-23.310474008857717
-31.433258359044373
-33.81198966211102
-28.313422724522724
-33.98284366770597
-30.863339236970226
-24.664572204541336
-30.547468463986597
-28.374648308821435
-14.930382003989713
-18.95436749899467
-31.701216744549427
-32.33394017220798
-17.583532756071513
-21.276339068990914
-25.236608772917258
-29.809920171739158
-28.072756330642296
-25.518706562236183
-23.386545817477963
-20.819659587751868
-17.01113024121057
-20.244228421877143
-20.019671408057
-24.321037233465642
-16.654328050188465
-17.701876857734167
-16.097513508526966
-25.534691782412082
-21.604564919708682
-19.475339585700493
-20.096468092604685
-16.165326009216393
-21.77450071193199
-17.775982212896196
-19.33272345729822
-23.813929844649763
-21.926558410412685
-26.53472128784749
-30.361442430548657
-15.291299340150353
-25.301730186883432
-21.376980106766727
-22.30554839996196
-26.833736245949673
-24.487475487040314
-22.203027768953582
-24.05749190135689
-26.38506192869144
-23.184769043314702
-22.359994097852336
-26.095501549089583
-31.989324478577995
-27.683063840508026
-21.994235489180127
-17.530513410882243
-19.641104019001638
-22.543644181266693
-23.15930199282964
-21.338156780534106
-20.27201022184773
-26.377014257715732
-27.1154939641196
-26.55051383086674
-12.172836705387091
-22.664535975402174
-17.384843590031686
-29.240665069719675
-29.934670861143005
-20.767699354602975
-21.60276203240685
-20.96123715143156
-30.402604779240825
-17.2487717297315
-18.281437459815344
-30.23915501492992
-24.057831220023065
-21.119532352455664
-23.548004971611945
-17.545168045233943
-19.62453415657864
-17.728451440044722
-24.181864200466954
-18.525413007226575
-20.455977540248142
-36.35818882570062
-23.203430373382073
-36.354922816424136
-22.057151232989753
-28.26508721125456
-38.20417180434916
-24.739552695901235
-20.885435202313403
-23.40587640779081
-28.66679057541431
-17.64414819440728
-24.574952918446936
-16.662649554273422
-28.084291365449616
-19.248258820931653
-21.430300893355522
-14.790999718267905
-23.53931955196328
-20.84286326529076
-28.73296575745423
-26.000190028211506
-21.094377836081513
-24.377082545020478
-27.120798328243723
-28.724267854276775
-23.427916793597944
-29.742061576039358
-22.14023417381281
-27.891288551048547
-29.431412201640594
-22.893823437010685
-26.483825393857856
-30.26505355197826
-30.977890536265953
-16.09570434573387
-38.77248281330811
-20.863415510382275
-18.227464224515096
-26.426169681638257
-28.536081098222176
-18.230566842625947
-20.193804157687865
-20.985656335060533
-23.174286600498483
-21.964479962948758
-21.092437165739838
-28.807981004618384
-27.095439670585748
-20.392989111639523
-15.605800991696157
-14.365592783656155
-16.325357576553046
-21.33849328266127
-15.253972321123515
-25.042689314921887
-15.70241179958759
-26.35303310939164
-22.607098659969182
-16.043295383363592
-23.03487343134499
-38.80019722449816
-23.57257163906467
-30.53008248313033
-32.23354176497371
-21.424223818553187
-19.445177029884956
-22.819986497608294
-32.867153439881974
-33.38143553388983
-18.152458697044043
-17.917597146186495
-23.470569950263805
-29.364259967930256
-22.823009591121025
-22.326197058154413
-26.910568059734707
-30.83209655076203
-23.40068509113009
-20.9298716905589
-18.42636387536837
-15.136307337506814
-23.834581822972822
-18.483022450897934
-17.180689101322002
-26.874955915550682
-24.12775113952239
-15.208143953513307
-30.221068529407532
-26.106412038704125
-12.811178334851594
-21.86368198738873
-30.06746835981727
-29.721852795704972
-27.47669053329522
-26.44507672075958
-24.065088492298095
-25.304706441954977
-25.651703187906442
-25.541541672915503
-17.26912466047085
-24.397889468517274
-25.964205443567337
-22.164555040157495
-25.14774833099348
-26.58334050677579
-26.035586635780295
-16.82299744956976
-28.604183584139125
-15.24132839024848
-23.2574739019466
-21.4164486970866
-24.916001654714087
-21.260224596272437
-28.66177011350323
-34.58355041925204
-17.670956390651376
-29.87300198729877
-26.696981886169592
-23.08153476040553
-27.782244623682672
-23.24320707061075
-28.249328797127482
-35.554714701620284
-27.740512376792044
-25.9057324972632
-28.1227994457849
-29.25213088288194
-29.72709077739382
-27.56023989275784
-20.22477319629934
-25.997705190157816
-13.875056153612398
-32.556096549451965
-31.21082696207663
-30.541256272006553
-21.954187645093345
-35.36522930092838
-30.500995268361685
-33.17587231522346
-21.568658927369
-39.36029192047918
-26.53562346179269
-29.7620472530531
-29.562222557255048
-26.59648254690533
-30.941309398655815
-27.629330154390583
-37.129683440808165
-32.834070007558246
-31.419497721668428
-32.58563936103355
-25.86211309961019
-31.68067237157945
-29.75576181014822
-30.483739276854944
-35.80568975354167
-23.816468515365333
-25.03431344367787
-29.062254764513042
-34.761550677563534
-34.94024423894539
-21.805598705938337
-17.888703776762146
-20.50668384985393
-15.99789604426892
-18.750651540877612
-30.918536547301798
-32.30834328409454
-27.786804742641596
-23.42228191635606
-21.409603188423933
-15.802787183751711
-24.87578313997861
-24.7768067760626
-26.569869837774956
-34.61469670095977
-26.206797870506144
-26.082536450918884
-16.270239167704744
-22.024640566027962
-31.017746370555333
-28.153266889708544
-32.49884320827094
-28.979008310345726
-27.252596629200458
-24.134913937859896
-24.430124395721258
-34.76991344818602
-32.227227793130936
-24.469093492935905
-19.976661646388596
-26.22706648389556
-26.502514218250454
-17.40671318256932
-24.997817510625843
-29.539639639077762
-28.380378045294115
-27.455881138878155
-27.810710434143047
-22.448112036812027
-15.99158802585496
-19.69579381937444
-16.524512568793263
-22.05899423853631
-18.1600870644111
-10.03974988726128
-13.709785188447029
-22.59744768831569
-12.980765754944404
-15.929757316555474
-36.48127558355927
-19.074705507987012
-28.38781608090389
-36.15766138614716
-27.002849655776274
-23.55216298044411
-37.22058210978741
-21.297681530826658
-29.047623000032047
-28.68205770649663
-36.77775445109412
-35.65994416462807
-28.09939048446632
-26.89267993414981
-27.578261001906185
-23.46379934998149
-24.503535973638716
-23.37420221613199
-24.89250436727707
-11.746118588697048
-21.134280782316747
-25.96985812028619
-25.73819676283471
-29.2634571141987
-22.69220933722051
-31.774396491115965
-21.16514497545669
-29.951044163000077
-25.386410799100663
-16.709983356205502
-15.708551787901332
-19.98130897460632
-28.22802327602108
-25.838833461713207
-23.878044554122653
-32.474184102674236
-29.539594522349446
-32.7026960030519
-23.837661870463954
-14.623869006730914
-22.577826758525674
-28.788331270320043
-31.16607507906775
-25.63550697080672
-33.94683015183677
-32.80199691851503
-27.790843415154768
-32.402862191665726
-26.036256174095563
-28.176053265337963
-32.43630875092394
-28.701853840037124
-14.178256134988068
-24.119987817131353
-25.51298572724931
-21.9053680918967
-23.83440693456698
-18.61952259425184
-20.234070924218234
-21.07707749502731
-26.305099842459366
-27.40625883283826
-17.472628360405164
-18.205738353690688
-13.733011479050674
-30.558819068351927
-13.932589330019411
-28.82815308968798
-30.292122945326025
-26.264686104933446
-33.20793619539546
-26.02812452012642
-37.57859627927267
-21.920766007901527
-37.83734656143801
-28.283787128077392
-33.88180895775767
-32.98318985698813
-29.683308724943622
-28.426167779558824
-25.864668862047594
-30.346373202698956
-28.549452375267496
-23.733719241824687
-24.871288952225257
-30.037557147647156
-25.625569447625985
-17.44474434469481
-29.356471730949284
-29.833826052676194
-28.172757268975264
-24.325704647493257
-27.631790584475503
-25.328651601187165
-31.896123928114537
-32.119239901764
-22.80537123244986
-24.092415452248254
-27.49787384149047
-30.645428509610426
-14.876599887916829
-26.12022627077233
-28.73757849108417
-23.40326438084264
-33.17216471423923
-34.36358259559063
-29.390874755209225
-30.262569783679325
-31.16619837350491
-20.12675480371215
-30.035088910071238
-31.77115952031033
-35.57469153168464
-32.47428991672316
-31.251959402814553
-24.617793625531807
-31.057752069064023
-19.604767837242292
-18.40331750726879
-34.50548411599636
-18.179451642157545
-16.384772937161877
-9.13762153458081
-16.748034015164265
-10.87607941218485
-28.70413626750673
-25.198221351256002
-24.870335793675043
-27.695059831583393
-31.113699172867538
-24.66038467768244
-34.580489632822804
-33.58490048640747
-27.788427673541776
-29.242259972267675
-37.784696673131606
-28.485845546056954
-29.571029294545013
-29.310427794606326
-37.51847362601305
-32.74018265707311
-27.291561497982503
-33.20058197917483
-30.024578554187144
-18.752212117438837
-28.100494281152773
-29.813756321173173
-23.00253975289786
-27.66934697835505
-28.84759001730162
-24.670831638373656
-18.809888135762968
-14.630503130646467
-23.682095241511536
-26.1487282032611
-28.571799975958967
-32.35587823883791
-25.380928253300056
-20.903984101773144
-21.827957430500973
-28.023360032225717
-19.607495987481965
-24.329886305624477
-17.37015870773901
-23.957982394455467
-30.98378039652259
-24.751701314784277
-23.393665373046336
-32.43979974964474
-20.06500375800231
-21.28237106989158
-25.414807776657177
-37.478705311872424
-28.73061293370602
-30.322548915530078
-18.391092673543866
-23.492515203714902
-32.5538479353934
-34.230825329625965
-28.652056795092584
-22.88128223762667
-29.01195758324073
-27.524919210098112
-31.88518024734935
-28.035658770306327
-33.715540269703396
-22.34187196497607
-35.01681358992032
-34.84710242781925
-29.665982841489644
-25.54773951156377
-21.79601601039871
-32.91446210847961
-24.74724889405801
-24.214212899011084
-24.37115531369945
-19.40418685723194
-23.516837978950612
-30.315587834558073
-21.69592008413173
-17.20623746855608
-15.072513265440719
-11.651615348097017
-18.874528659751817
-27.07396553525016
-23.567225056457097
-22.12869618329369
-31.26973845141015
-28.869840779674085
-20.01779113885332
-21.450750075908118
-20.47108531826295
-25.84599937465768
-21.794420923476473
-16.061413137933698
-14.210410785492634
-17.428329530679072
-11.920093339590416
-27.33044586008618
-22.985535049064154
-25.2163331124544
-34.326044517406864
-25.39771856509723
-21.97416556076505
-18.307429487515385
-27.53172233241623
-17.33373073623183
-19.205877675524377
-33.11099858040107
-18.07955510471216
-23.655882791851294
-22.395426873486628
-29.857565162445542
-20.888685668803095
-23.176555124239695
-8.744221140157325
-25.946799113662184
-37.07449983097872
-27.81271889232986
-26.273924750621244
-33.64036837936506
-29.69865732997094
-28.142854430033722
-25.658112083730437
-23.533347278847373
-24.601733490077695
-19.54072946764436
-20.183233917436112
-27.845196745504484
-18.347454244479522
-33.34954981379275
-32.30759587055627
-21.65933713938069
-28.87734656916548
-12.263488167096519
-24.30314438054249
-12.769073064902322
-23.332050851445864
-23.355060047450216
-19.958027153020076
-15.212053792209574
-22.716077205795823
-23.8601306290891
-20.858270303279486
-26.89269087847971
-27.534319226604943
-25.27265496272286
-16.001841957109107
-21.95430538176621
-29.56014105383396
-11.571184437780927
-22.661323953494662
-29.53356234392064
-35.71775878175491
-42.11282738753942
-25.243073822984655
-33.63551529273287
-28.336980572411882
-23.61347287549171
-36.48424166910917
-34.418129062085974
-23.91374760110765
-28.62516924804811
-26.770239161954095
-27.706089229771415
-31.282440530433018
-19.810690930967134
-24.08808769401341
-25.31557472457296
-24.22391469895374
-17.615129258080373
-23.01194584359315
-38.564515056742316
-24.436167468965436
-24.344533115626035
-27.940107725094634
-28.698567531268562
-34.523085416594874
-29.422327407022756
-22.732763742044586
-28.7475998284008
-25.433361038365526
-23.392409531414888
-29.59400611354605
-23.62678448425648
-22.061511815794756
-18.74203183459029
-22.24842423181391
-23.172138871137587
-30.41219014059516
-24.760737091166018
-26.377440248077423
-29.49458620756073
-30.18593709884489
-28.19861562721882
-34.101084648708934
-27.544863962089032
-17.53157406658856
-21.579240612011493
-28.349372576303978
-25.523041417579982
-15.31345335180649
-17.548263312419547
-29.504225779575197
-24.727428621567874
-23.215487860698566
-29.782997080282716
-26.975424996390366
-26.088974616822963
-25.21561474597195
-27.064034444799763
-25.59121387264445
-25.796966034602193
-29.286048035296222
-28.65560166586965
-27.43091325254323
-22.212217675662785
-22.53062005863916
-18.40183448185283
-31.294789909529783
-23.172060802677734
-27.061363455779443
-22.486684854538773
-30.147492605771937
-29.945634033394406
-41.31568844629193
-30.77858549756035
-39.75638510722916
-31.13696012191607
-32.18449007398162
-23.693488414400043
-32.86982374614901
-37.179300540756486
-20.147151529951664
-19.062790411791823
-14.599683781708844
-31.42065306425602
-17.933797444450448
-22.797428943147338
-19.928104664811173
-22.692779270340427
-12.404725614940933
-23.3734511738436
-27.77262895795342
-34.61137515712641
-25.371964803083856
-33.526377515050264
-21.5459574037653
-30.176520815005343
-30.363885602941593
-38.75674725263082
-31.60781825134906
-34.888036638925215
-31.852934541914117
-36.62094209794581
-27.742506237044616
-22.348447120495234
-16.030818469058353
-33.214201893539425
-23.469551654332378
-22.351992421387582
-19.905503061228835
-15.051355948085256
-19.12262751062228
-24.440912766415842
-20.500311061605554
-26.364106092093216
-23.017495818862
-27.64271373374395
-31.89213071254745
-26.97857019241485
-20.98787703683226
-31.458960149323424
-31.464749998592126
-25.987844448545452
-35.16489008468249
-25.427064628460947
-16.098768552442337
-17.683667969421514
-25.886145351774267
-16.420725251309165
-25.25047112316689
-15.816995369714874
-19.31801582534517
-23.684186064632204
-29.574063518089332
-41.82685816490911
-19.915404458554395
-18.03682523746611
-15.013884774873084
-22.17029462645622
-13.890802617707955
-21.871300464637294
-23.30745421571369
-26.30486369678616
-21.975132406991456
-19.985218363274193
-18.82201730791438
-26.69590547100293
-19.53903787274367
-20.447753395389583
-14.499340917847682
-16.80268838082617
-22.12431778318691
-31.924013891685576
-29.0957483587715
-26.708424602765923
-26.01181110937752
-20.35925023767669
-29.527532424066706
-23.32509265496458
-25.46167892682505
-20.50963832260053
-20.760342112711967
-25.576633968724316
-23.652166580081875
-22.75279705866562
-26.478047877052738
-22.508387266546954
-24.19348292043322
-36.93932892058099
-35.953075032728584
-23.498468950521143
-19.397728683216165
-25.962062693234984
-32.76059551096556
-25.27812824295625
-27.009133683466864
-24.25244290093112
-17.4604316851188
-24.49836540492317
-19.882554026483017
-27.309218941380518
-23.498380051196712
-28.26139550019082
-31.40782951187264
-30.909309850425245
-20.231416928602382
-25.980009440484892
-27.840105158504585
-21.04495564220479
-23.131009427480258
-24.34995619150935
-26.5541462547081
-16.474542199066953
-20.631787419662032
-28.501894107520883
-14.17149328952486
-13.080850919792098
-30.305138224148674
-22.736671671890456
-24.013719124662064
-27.980728233494403
-17.58406681284464
-23.051996791851288
-30.38950193144749
-24.506051710959966
-21.855918378766965
-33.12145925850341
-28.632309897557164
-22.432340110200855
-29.536222894343148
-30.269761506619545
-17.971476768261006
-35.23105238197389
-32.7345360204416
-22.36294767795213
-27.735874749703406
-29.753930743409647
-14.842996880093205
-24.992554530565865
-18.87738006663552
-13.302925351337663
-21.811069056559962
-23.26117251920605
-17.544615689954547
-15.278341253285472
-22.15061517251084
-25.15694181855111
-12.283285408704629
-24.04494491910307
-18.960768357910617
-18.453963277471374
-15.53326459336607
-25.144171548072578
-26.632097984363376
-21.654392466076743
-25.194510137157963
-18.629135564677597
-21.030289033918855
-19.512900493217792
-20.235656448124104
-31.45226330225718
-27.213616348702757
-26.899641760689484
-22.66346702884441
-17.784116247934477
-15.027829493853702
-14.425983351344328
-8.581380185574162
-16.611324634114823
-9.312713874370061
-35.35336394675127
-33.311516433519955
-31.41636058251843
-29.28228699453831
-30.08737912165806
-19.635636746408302
-33.0719614483951
-33.01325045199655
-29.790307900223375
-29.09133640530955
-17.192536164672944
-33.532205111416815
-28.25368316449758
-26.153198627159796
-27.94204031739008
-27.613471101612735
-26.151731114822823
-27.254900349739806
-29.940709290573658
-31.166941242458222
-24.65229742597986
-21.646882590493192
-26.06501276331437
-29.20598004182923
-19.616044433653947
-16.875797566037807
-26.207258193228732
-11.322484055635002
-21.14233757660186
-14.535529437220607
-15.610775437822795
-34.510810979110225
-26.285471309289537
-18.843640431036256
-28.102136458163365
-25.370778006127452
-19.50060702412953
-24.65462614131029
-23.313513192337382
-20.512820284196614
-32.483829446064455
-28.598344816523465
-28.08091946453508
-28.082782124726386
-34.08966245928795
-34.84244958608502
-32.19612083043648
-19.708037062462267
-27.850599276390312
-29.33292397197426
-25.39358070471549
-25.510052449796717
-30.36419445291056
-30.656796147482094
-21.078246515861412
-29.80562433425478
-26.290841078741078
-20.562860573102594
-20.506308833488568
-21.02192294621907
-24.35630828768682
-19.033125053782985
-17.331032361969445
-25.395627101870613
-21.308953349238728
-32.78777567666364
-11.915208567701736
-26.136439986627966
-29.156416405077188
-26.907787169710307
-18.691330661183954
-29.16803409632601
-32.19060904994285
-34.34154492773123
-27.36487534707513
-37.80917851017318
-26.20770455887839
-31.336898349449644
-17.309105233163148
-11.92515065171077
-19.35102883212631
-27.22364059906083
-23.545750668380897
-26.64275188907133
-27.777942429826858
-19.674078296345712
-27.11417343668092
-18.31494034348651
-25.423852752424985
-13.768427011373547
-20.575199643384224
-21.87580013646309
-29.97069306845201
-21.41660743775681
-15.418016179465017
-18.884199426809552
-28.87072263530642
-18.384235326125605
-19.388378705222735
-18.73001900762042
-22.9627887704875
-21.951733100017606
-22.732064885430233
-23.01022549327086
-24.52855930628165
-18.665354934596778
-24.52765835143287
-26.998877055711127
-27.418847645843172
-23.139222087109886
-31.392974553040325
-29.32056915448939
-28.391146158285665
-24.204234127188123
-34.061333895163884
-22.144955923719685
-21.82501919242859
-25.935205996887568
-30.650079810032803
-21.674049029324756
-13.930158569177284
-17.162311318020045
-21.941389041146635
-25.2204249487174
-9.414671730474232
-21.269146732740253
-18.972954275553153
-21.61391628252702
-29.755630641799787
-19.047560308943922
-22.584121819039005
-24.278705928111755
-20.910373345524615
-24.010393598807664
-25.976321763339875
-24.948306184413084
-23.247925117441294
-31.531056895663802
-16.47885669720341
-29.106479355512732
-26.207589486317154
-18.051943040176717
-23.07916285457431
-24.118947286373057
-23.25746743241334
-12.31448372400561
-11.877167244745014
-12.937179141759273
-24.49317629776708
-20.01247337286921
-25.25184907819368
-21.456764267265385
-23.597126605006263
-31.389580323267168
-15.547379469392645
-27.284607090474562
-20.95109809144099
-16.741340951454347
-18.232673236414183
-22.99876918755409
-21.504469389050737
-26.931449811655845
-11.5361166714154
-27.14493188226398
-29.14471199371973
-22.03675691302773
-25.523704234393783
-18.932891060174796
-20.46827804048714
-18.331127263111426
-24.22965149067641
-21.113429977104055
-29.216735797706548
-32.75552511487034
-18.349457887494417
-22.527729507031765
-12.582454942487065
-22.243430435675428
-13.615890759571341
-19.293759355591398
-19.934793564430894
-20.57838510384741
-25.398063136094887
-11.737653894735569
-19.10731653827216
-32.569417932013984
-15.546663935633802
-17.709276059554753
-26.673769355143676
-25.923042929380486
-24.22290360984579
-24.48008115459301
-22.296145706707698
-18.20481292441144
-18.982087944979384
-22.757804062466626
-25.848846936431123
-25.185454210181927
-21.386279903983926
-25.576402765989858
-21.046790660026517
-21.436773374499158
-15.586176892699886
-20.224683827743085
-32.134148807045
-25.746637809797217
-15.29220337119692
-32.4083589843126
-19.975683427743164
-15.108045633965176
-17.894769911809007
-22.254481443310958
-20.521042834800753
-26.63482313429116
-17.533782492296833
-31.407128050421676
-29.83813001782359
-18.354788084366714
-29.590409220764684
-26.4864545804815
-26.890492258794794
-29.29774953683318
-24.693271760466097
-26.82734621583402
-24.58634436846387
-29.285488423036867
-17.793425351672973
-25.857025957501993
-26.0663017603079
-22.827204784190865
-25.36401634800994
-22.343655771545077
-12.564813844500428
-19.54345831629708
-22.58146822883095
-20.725290816291597
-16.739750484133037
-19.90360315489689
-20.53982183306206
-18.303789426807455
-25.769299540158194
-24.662197857935027
-16.414002187062398
-22.922111895882438
-20.08057977431276
-23.91312809948558
-22.01519508439784
-15.727540250627742
-28.079352550182406
-31.638187124811793
-32.36888072089863
-22.881778258123376
-29.61702475259953
-25.28654732870762
-19.664380075510174
-27.43978532349204
-31.28144167361586
-18.114964304283767
-24.265941433274598
-17.295405475850774
-16.66921573409988
-19.606113620801505
-18.023274380461835
-23.21182811104554
-18.23083502862818
-19.63202445147719
-27.77155589992575
-21.616989963311937
-21.471846834891835
-15.831433064105354
-19.3429867402825
-22.059187987443
-23.22012248436432
-21.34857929146725
-26.123581689080794
-28.472344850261827
-23.64098763164113
-31.21404179366033
-18.776007031108225
-27.405480271580565
-20.64018561678635
-28.70956118519634
-27.48442693853508
-26.205114919276934
-28.79399357788803
-33.063189601091885
-22.617165699903538
-26.04865353451634
-18.6726558587621
-28.34383121662662
-20.850290517782497
-24.810874465672757
-22.856476621016007
-22.109415117953287
-26.08536014786715
-20.2663085821381
-23.21993779445431
-16.29968006920831
-21.864412128691082
-29.28636535588022
-28.87794957611042
-25.078362540687294
-19.157294704145677
-22.40646080665573
-19.166402031961297
-24.779913091473638
-28.94608246150774
-30.772542776225002
-25.381902426744478
-18.82148540931882
-19.860584607912948
-30.55097389763514
-26.408573738231294
-27.60176402831243
-26.469811197582555
-29.123303442019377
-21.971533147032606
-29.765629166065715
-12.969353542909534
-20.455131388359725
-19.125314792819708
-25.387981386741405
-17.923653828487875
-27.464614417959517
-29.84852176107393
-24.977660549217973
-20.02634073326911
-20.895907995158964
-16.861877565297114
-17.5121288864799
-24.759626599494467
-21.441516148106814
-21.712321708656773
-20.034727635500285
-19.25461957298706
-30.842895278196266
-28.8304802665332
-22.801560624008772
-17.68664757365316
-27.466683319383016
-32.837723591533546
-21.96450217249791
-27.825284782483124
-27.690817466877327
-37.20064376971385
-14.384046184368906
-26.577684996301514
-32.43843630227164
-30.758401006665363
-13.582448496931885
-10.075284810365908
-21.842526110447555
-24.88190400143879
-13.897643241248012
-24.207293358985183
-20.32762111038392
-23.01789307297019
-20.428137203173545
-23.706184519798224
-24.1554766789328
-19.066897504459057
-14.362579438820973
-15.714847861586499
-22.730832234272853
-15.531351261649931
-24.842915393834296
-14.435377998690381
-22.31490449782726
-23.37991365569949
-20.39481133259556
-30.761698483453177
-31.438094999573245
-32.33083740658133
-34.54872195640828
-29.62788282295103
-36.81875914170563
-30.363236080429857
-31.317428879525785
-34.582775813276484
-36.45695393874882
-25.84216943856792
-28.087045140530563
-18.009619545609468
-15.512613754803027
-27.88323282842736
-18.803154695135326
-17.987437347595503
-30.708202312981044
-25.90791208524452
-17.47286248566715
-17.51572126244977
-17.832778108399587
-12.740031017216374
-16.781133958771406
-17.254715694821662
-25.88196681743453
-15.280710170858953
-22.58761511369137
-22.14710303336846
-30.007707760571357
-27.973859674388596
-37.6309479028107
-29.57699173769364
-33.39486337125007
-21.066744518452595
-22.35321968011462
-23.214896159429863
-28.8577329614739
-24.636363013745047
-26.414431201592002
-26.726057886318337
-13.100350731930618
-14.819816028505826
-11.373301416014911
-19.20988493755636
-21.493642839533173
-24.517043644994633
-27.985443486055786
-23.04829193165437
-7.558342496773847
-18.647212353413558
-28.905378944671344
-18.578169404691366
-22.966870216252985
-15.726969385454744
-19.155479520643908
-21.938632765485245
-21.16250749913395
-18.687996673293334
-21.388661463547884
-19.87345781449182
-23.332928518877743
-30.403642886355186
-16.091461253782903
-24.873392760605967
-21.78333490249497
-29.45304440446983
-17.252689239113778
-28.522666459724682
-20.215269773834464
-21.24359644591977
-17.881286076696615
-25.012550844268716
-11.160725992411841
-21.114914187398917
-21.095904483573605
-25.313335068201397
-23.687870908836786
-26.137536082524655
-18.13289776835834
-28.207478779214966
-29.840362388286593
-35.39963871942274
-22.666056705574313
-27.217037774489633
-26.587036685355926
-28.935858577346316
-23.321672162999498
-9.942125985382866
-17.823964415004983
-8.718970277203574
-14.953586091209981
-13.196310931723872
-27.269443152497907
-27.83403320385203
-27.02842613837919
-28.775248491029238
-24.25834930778901
-21.494344379161866
-9.629210442554534
