-0.7130429077036797
0.052661129563217605
-0.727850478125193
-0.7276128993854473
-0.7649499598384578
-0.5758113342811297
-0.6765925440431072
-0.8336178903000966
-0.8047209906982867
-0.5091132529508016
-0.8410789919746063
-0.6862834091800015
0.4918166674113281
-0.819639823890631
-0.7013263242223683
-0.6212761400853107
-0.8331563860234972
-0.7535805620971623
-0.5294000693360855
-0.4050864212370378
-0.744076702432692
-0.7561866287531125
-0.5994103904926498
-0.8151567322057541
-0.6979086023200104
-0.7605829301360351
-0.8299273496992837
-0.503643886921132
-0.5139334585115302
-0.7907819530764268
-0.8265569860667781
-0.5763984183923844
-0.5986523774095387
-0.6230592911452282
-0.586739474331492
-0.5332590261890395
-0.5625115452874583
-0.6012358216617497
-0.6033001161361544
-0.8264793488795658
-0.7793484318936411
-0.7760506940630956
-0.7041486626932109
-0.5225765477895927
-0.8258442161339901
-0.7577438848144833
-0.46601859029334086
-0.8111755587894196
-0.8304291932219734
-0.641727976374258
-0.8191890114793673
-0.7881819374600915
-0.8323430822392636
-0.8030591087827401
-0.747876124431159
-0.7018295639486962
-0.6786828211751282
-0.8166940745533271
-0.5274408963453364
-0.7912603514915703
-0.7086891521683505
-0.7048477508046161
-0.8029248732244887
-0.6701887563254555
-0.7208012681675796
-0.6470629093306429
-0.6020015782898989
-0.6113695906205071
-0.8338396949474296
-0.6639686904466348
-0.8205184136851504
-0.07418995739715012
-0.610857094788145
-0.5790411536667969
-0.7861540218741678
-0.5272776106294075
-0.5444650644767635
-0.7938719687070231
-0.7907101845555359
-0.47180461628845977
-0.6578721662972363
-0.5449867087776393
-0.4889979726241871
-0.8393166359110233
-0.7263093982219743
-0.8183600343408804
-0.6967215343463403
-0.7822898166871016
-0.4711539222798024
-0.4074596840011336
-0.8151608727195329
-0.7716553031160872
0.4314494907917142
-0.5464649357893384
-0.508057706068828
-0.7622639651110493
-0.5553866300638409
-0.7103126612433268
-0.770432034028751
-0.5883046487528364
-0.7315648606486729
-0.7836701361914661
-0.7780472987245362
-0.3746445249215581
-0.8361890924621616
-0.5130534930192189
-0.8276202682402481
-0.8136428353059997
-0.7884420892393655
-0.617518645793235
-0.7372865047655296
-0.8249535103453214
-0.8236913720586774
-0.7307289484534445
-0.8191923818146198
-0.7009033418988474
-0.8245058634755729
-0.6205820526372977
-0.7151234537962975
-0.7497631080727802
-0.7397643232987873
-0.4983508084803228
-0.8141051291311695
-0.7161297956810561
-0.7494234479412717
-0.5801673767859511
-0.6172457816045874
-0.8137110546828821
-0.6371172434175945
-0.802849547666589
-0.45052234142233716
-0.7852820467200745
-0.6220598556915811
-0.8096149270203837
-0.8197077856354846
-0.44390155967988953
-0.4712844667621894
-0.4464268059691946
-0.4427431164768875
-0.822901088179756
-0.6592784484494952
-0.5015346471429907
-0.690095804899763
-0.7785604177818926
-0.8366966795533886
-0.749055804087473
-0.46754784308058
-0.7888360138499884
-0.7893372710196235
-0.7870768575623821
-0.5053337959469894
-0.5999896896219324
-0.7495701345579346
-0.5365754068474097
-0.5340484845413379
-0.5446170472463668
-0.4676549480383707
-0.5727448843154024
-0.7614262312502192
-0.7469039990187714
-0.671076168180225
-0.784991441197179
-0.7933868492064026
-0.8036646240510871
-0.744854362786511
-0.8088727301901019
-0.7539214087302825
-0.4911567424087899
-0.8584251243309861
-0.2946411534180571
-0.3836829590664708
-0.812160116435954
-0.8148576496805111
-0.8003683036669456
-0.4838287505231651
-0.6670929521728873
-0.7027275376194083
-0.7965327596428008
-0.6140860505631013
-0.532159928917589
-0.6490294345436042
-0.7809034958612797
-0.7746199247432536
-0.3952116859715892
-0.7462407267885732
-0.7760172086658554
-0.6501133078723822
-0.8075928301348375
-0.576312650860314
-0.42020414913918674
-0.4406393606290218
-0.7166020933204972
-0.8090439528977803
-0.6653806647217282
-0.38795327236320715
-0.5995660537506624
-0.7741358022196365
-0.7013118929073858
-0.7837912669646621
-0.7520671770172354
-0.7570274924035679
-0.7173212929699887
-0.8148221940498064
-0.7626823063670035
-0.732991587205052
-0.7883586375732845
-0.617474072165932
-0.6906624050273368
-0.6203551138017529
-0.6845874555925128
-0.6418208758877619
-0.5707659064434761
-0.8575030224921685
-0.8255006932074261
-0.7500214849049842
-0.8270252613889729
-0.5135648589834318
-0.669138023130485
-0.7556454962504041
-0.5024523473253133
-0.7909197114857941
-0.680955851910011
-0.7577988445858024
-0.5286082576971952
-0.48182171788211303
-0.7600948833239097
-0.8104838028887721
-0.6570883334817568
-0.8184850209400625
-0.6216457068499351
-0.7388675948001034
-0.7940183872096652
-0.756838669301706
-0.6981066672492887
-0.5282904882293044
-0.489151448426178
-0.8191332375146642
-0.5830599194718993
-0.8271283171517378
-0.3908885304414882
-0.7974116455229213
-0.8163874025630955
-0.7738387735419018
-0.5643979704503268
-0.7200463026607616
-0.8061751220523871
-0.5087077614954862
-0.8232611730257389
-0.6983906760168934
-0.810242526975708
-0.43806479325226844
-0.7926810961893993
-0.7321770561520129
-0.3393092720340121
-0.8149402260325698
-0.6273094599129476
0.3283708811150603
-0.7888902850974588
-0.5436049771348226
-0.7176806006330535
-0.6707291807621328
-0.7832809743068556
-0.8340958279199866
-0.7895435746402631
-0.8442876552260262
-0.8334269240705646
-0.6763835563922436
-0.3924035304258517
-0.6770608381388907
-0.8312124525679102
0.7595941828009798
-0.805756115856285
-0.6919577810856631
-0.6605711834703761
-0.3589904987623567
-0.7974821936347072
-0.8258759110571399
-0.7071289897829811
-0.6757104054167141
-0.559859360191775
-0.7846578577852744
-0.6528135703158697
-0.7718862088821443
-0.4662239018125703
-0.10812166296517499
-0.7839746410512011
-0.7579679870484725
-0.6299505529513012
-0.825792922885148
-0.47511511973023274
-0.8142235649071291
-0.7866873234239811
-0.7020992173540466
-0.6640415840459419
-0.8314729479547776
-0.6153602523202043
-0.7335734849391758
-0.6656323664827113
-0.8243807227107424
-0.7586245110545533
-0.7821752505643574
-0.8107217807167703
-0.16469619735230692
-0.7388101224310485
-0.8146414760480472
-0.7231352986710482
-0.719113053833078
-0.8069356040110216
-0.7220089956622265
-0.8402622210952062
-0.640780822787947
-0.8262730065153353
-0.572705512969387
-0.8498501474339442
-0.8100859500149185
-0.6792154482948616
-0.8170151133817576
-0.7973047302336004
-0.7249400922027464
-0.14147629284055555
-0.831842523535881
-0.8177578006460022
-0.8211684896292887
-0.6712770521293466
-0.5015182960005854
-0.7059207696643748
-0.47435248692129556
-0.4091513869471228
-0.7538018086324659
-0.724260093626075
-0.8432753155580529
-0.4654864396830261
-0.681661348820125
-0.7387715412313065
-0.6037215386266004
-0.7815109158279118
-0.5778169689556143
-0.7721986090205183
-0.5508640891726165
-0.7921322955457519
-0.598405269743629
-0.5006053906615938
-0.421424192751651
-0.7926813193144541
-0.710413120606568
-0.7967158941312601
-0.80026486368465
-0.7511462651786452
-0.810866439882986
-0.5618889716325393
-0.7906692030070275
-0.5740284383864508
-0.7960222290302583
-0.43480885706802525
-0.6378299987469757
-0.8155973100050309
-0.8000724798373814
-0.8273490187918889
-0.5960449571392195
-0.8164183734888035
-0.7277289164769474
-0.8054129593178204
-0.7163274672722005
-0.6690712248899962
-0.6059490584755113
-0.7234086491687467
-0.4388966202200801
-0.5397746650399549
-0.29009314145622467
-0.7486410583583819
-0.443851852001426
-0.5926211647019549
-0.6136213376693135
-0.8099341357346314
-0.7009407597603675
-0.6988253357854209
-0.7301384690146575
-0.8069560971932941
-0.7842891605988473
-0.8385522636392465
-0.28590095343098104
0.48881107639192223
-0.7851032822903078
-0.7105980290550646
-0.7300533955338098
-0.7567681730131878
-0.7031331616565407
-0.7320388270751671
-0.7926866745457898
-0.6847974204827025
-0.8000549319012774
-0.5259647206556726
-0.7753201373174525
-0.817545432413414
-0.6677649012599066
-0.8404290684968423
-0.5548360644082102
-0.7749561312601353
-0.5722407692464676
-0.5905038749373905
-0.7124520844993988
-0.6619746467369568
-0.7979344803754115
-0.7714077380711079
-0.7820178196747095
-0.7247095110224707
-0.6503033697102406
-0.8118306930109264
-0.5140753843196311
-0.47962515652655907
-0.4191527457808241
-0.8185498514190828
-0.5332679536221115
-0.7527687935066559
-0.6265440552380416
-0.8143975563203126
-0.7828901532586965
-0.47267114325196263
-0.5983793303686865
-0.5139210716471746
-0.5110221261051361
-0.7888726510880096
-0.7343347056223626
-0.5475173038668263
-0.7171532173689379
-0.7349017742246384
-0.8588675257425156
-0.3322530869222073
-0.5652842148761223
-0.8274567009716653
-0.7974514513192336
-0.8270530703909708
-0.7946195800512942
-0.76747420232111
-0.7719091515955587
-0.6354501515396407
-0.7195558354274297
-0.7341421165336248
-0.5982932460187786
-0.730253302641251
-0.8187544299367742
-0.7689231235288926
-0.5100505748580557
-0.5845069534939676
-0.8370994565352565
-0.7785691799002309
-0.45836907340297084
-0.7480344525914466
-0.7831247152443866
-0.8020768900120697
-0.7360606479469446
-0.8147280059795062
-0.7730003727461172
-0.6541701294129265
-0.7579098701499928
-0.8229836205168872
-0.7225722933611768
-0.7862623499366128
-0.6918340152963989
-0.6090637843556987
-0.8031023072468145
-0.5644455609521875
-0.579209313017879
-0.7847912769953784
-0.8098799252856513
-0.42575552536115246
-0.7144168521576943
-0.8067378840999851
-0.8314090948898231
-0.7964962807330156
-0.7831349540841982
-0.5945347839103801
-0.8042112044310643
-0.6676229337329141
-0.7440943216286473
-0.8402961585422138
-0.7812887867983799
-0.6005935057971478
-0.8073720102267543
-0.6600072918251138
-0.8180456640599798
-0.7864532905551136
-0.8090249552098432
-0.5987608625329053
-0.8139469570562752
-0.7902141687745818
-0.6167869006131198
-0.8153043520168113
-0.8378696573482459
-0.8372491322078176
-0.6928100525426795
-0.7466890433133059
-0.5019783279046314
-0.8329627778560463
-0.7705758191016288
-0.7209216032298341
-0.8015262496186417
-0.8194632308945288
-0.7194393065065436
-0.47443439631514095
-0.6543797844126626
-0.5986002870072099
-0.6032926010502889
-0.40998219065791003
-0.7903495918231533
-0.5190655245252904
-0.7352097824888285
-0.5272021720269429
-0.47268247193802687
-0.8255271493848069
-0.4264999701568357
0.5353786199886031
-0.6765746943629033
-0.43299598699857617
-0.6903004223211998
-0.6281391060690922
-0.6527851517854628
-0.8095399643726037
-0.6070560112308713
-0.8021503182058322
-0.7996514701165894
-0.7952794553685428
-0.5853096779654475
-0.14685567303315428
-0.6850346679636016
-0.6143991604872345
-0.7912895155504538
-0.8129275370681006
-0.7206208586401643
-0.7155569992684587
-0.7857403248198461
-0.7904489361885887
-0.8155061793416392
-0.6755925363286746
-0.5956967448107573
-0.8290218474245103
-0.8400406555957881
-0.8149654395641218
-0.645853992929311
-0.7666005369801357
-0.7957922227763667
-0.713847432960899
-0.4800326782509152
-0.7617918952657945
-0.7670593630044736
-0.6588784548832226
-0.7033135315954917
-0.5030321289170736
-0.806748131929303
-0.7679835112600273
-0.7313067984580557
-0.38168733584516124
-0.7964224352965393
-0.5630138688628038
-0.6728524909090441
-0.4405585592121144
-0.7534258761550428
-0.4461726119602077
-0.79416659181082
-0.8145102037839289
-0.4434126944399594
-0.7665409660021918
-0.8376372485184259
-0.7192844019023712
0.3315494623896028
-0.8163089254064138
-0.7692358306414699
-0.5789562453868328
-0.5235970208149138
-0.7703035756853488
-0.6636412571466057
-0.8069836102123632
-0.6749191620018118
-0.799227824763051
-0.7612852651972355
-0.8003170068555919
-0.7901587963571451
-0.6438137697062355
-0.5897144496546747
-0.793256894062669
-0.5653748571162761
-0.8025136817172246
-0.7893480255856755
-0.5211197208993743
-0.6108407331224031
-0.8247478775112196
-0.8133081836399302
1.0262065830743692
-0.8143250663061259
-0.8193405842661905
-0.8242594838516488
-0.7786431663309585
-0.7528682534019495
-0.6418618205444117
-0.7554539958727534
-0.41006326952830346
-0.71735744489029
-0.6930395757058403
-0.4257763813941505
-0.5960367463753284
-0.8227199419606257
-0.7945950688885566
-0.8017817050244768
-0.723836823748524
-0.8010321493181489
-0.6142003382856892
-0.4770342833013972
-0.8250159348081707
-0.5152128075307064
-0.7880578866415124
-0.12756954649551394
-0.7329376256167124
-0.6649642469654189
-0.6900827125020783
-0.6775216080507063
-0.5551399863179014
-0.8085982131232388
-0.5031544306529849
-0.7616533501615442
-0.4750382586725469
-0.6829445534816476
-0.7745006722109946
-0.2681744558218
-0.6936747473134546
-0.38174725338908494
-0.8204855653789128
-0.6061101293094008
-0.8206093023030964
-0.684316125459171
-0.7792577392847876
-0.7310253365049886
-0.6549988933417016
-0.7561978977648793
-0.8155373604934169
-0.6682522033330727
-0.7931164847388037
-0.5040261718963607
-0.5118592012135189
-0.5924787039688398
-0.7754910739030356
-0.7566261022378065
-0.5354995021267428
-0.6828581571647391
-0.8243141664072533
-0.47450611996943554
-0.3148148687871454
-0.7041110704589643
-0.6812449004128203
-0.737379283797068
-0.5497524937952356
-0.8087968935314411
-0.5264817326901803
-0.6010013514851807
-0.5145077686698776
-0.5265857229253282
-0.7496794405786125
-0.49838190760718226
-0.4649732841625832
-0.8083807890077874
-0.7851054695754343
-0.5992824863140626
-0.044940037073662405
-0.5313642886084621
-0.42366251183902315
-0.8336100991539412
-0.30923138033649084
-0.7295373209328959
-0.8192057578445714
-0.7531157516589839
-0.7250791830575931
-0.5045587195515384
-0.8078592666620703
-0.5125034302709718
-0.8148040829312556
-0.7785775120423327
-0.8427911164975812
-0.7364481730323714
-0.6552991469626797
-0.7776832505799468
-0.7571351311913818
-0.7872299085633591
-0.7989329614064209
-0.8116972364530272
-0.5057375365999273
-0.6787348793121498
-0.5406093165248016
-0.2553624789343343
-0.5308107571595545
-0.4143700544523307
-0.5307727752874354
-0.7977590803562898
-0.3406662408106467
-0.7141070418034383
-0.5459242679806314
-0.7457398620830109
-0.8237931719534476
-0.6652629234566876
0.15237897778716353
-0.4726363942390185
-0.691045830196029
-0.737072764750885
-0.6099146528102317
-0.810430780673163
-0.4963713411209088
-0.61663546002551
-0.6919803159305191
-0.6854252140508572
-0.19123909140918474
-0.7624662847054307
-0.7916062125179046
-0.7606377948633641
-0.8234343387979932
-0.6827858773097082
-0.2095258044471173
-0.7723431285356498
-0.7077748971203179
-0.7314591580382278
-0.76036544433852
-0.4105490517516238
-0.8151710657344479
-0.4818313234357368
-0.8089186958042244
-0.4499618137592293
-0.7524629480204179
-0.3780840546405302
-0.8181025784906905
-0.6517987692542738
-0.7194055051211872
-0.7597575842995316
-0.7902264157531628
-0.5019874270055265
-0.4820964589627162
-0.7228476342198756
-0.531803820304908
-0.7034472781477722
-0.8367869030783176
-0.8427808843493618
-0.5188522215051651
-0.7413561173007326
-0.7367378693568594
-0.4765512721267982
-0.8146009786185933
-0.7681846262501654
-0.6754129866627265
-0.5339074079030719
-0.7047234274220138
-0.8109724939455898
-0.16282622641814049
-0.8352278326713778
-0.40990932989742584
-0.5097880802857451
0.6268096345181271
-0.4711580448912214
-0.8039362365489813
-0.42214991370763333
-0.8280709839464343
-0.6114819971293474
-0.5151317132270021
-0.7365359990913067
-0.5127745240683035
-0.5716141768321744
-0.45824208302339936
-0.6261500237536389
-0.7767115660392376
-0.7914515848915668
-0.6764544156248863
-0.48927088691537096
-0.6923527252056368
-0.6320427470725403
-0.7950181444359848
-0.5520454735267563
-0.549113101752905
-0.8196600886039627
-0.7476133715710206
-0.7411850968904033
-0.8189369864148479
-0.5187208100012928
-0.842538738306511
-0.8050271519094064
-0.6464913171214806
-0.6052645320153782
-0.5194752749844609
-0.800758838584637
-0.7859627510312405
-0.7486712267341624
-0.7042232998991276
-0.4476487288120147
-0.5930570470865839
-0.4214071472784211
-0.8358751537047132
-0.7102143787368547
-0.8073430224257249
-0.5666892435407433
-0.8005414723374553
-0.7485733851334361
-0.7852203059561347
-0.7053928676969711
-0.7656492266452305
-0.7591626821010041
-0.7013168541016147
-0.7708725946515556
-0.6736477201770636
-0.7094570798255396
-0.5446287186957814
-0.6669635264055882
-0.5936887377120251
-0.6245746475164726
-0.7285761931735433
-0.7631608585082115
-0.7170540147370007
-0.6419744640453422
-0.8271769301209819
-0.8055900574572571
-0.8422648202950075
-0.6072657794082881
-0.5338438489779421
-0.4650039333382614
-0.787555926796092
-0.3115994154800304
-0.8038775827331088
-0.7775514372389776
-0.5710437242865576
-0.8030598226726027
-0.7310543769031728
-0.7403312743276744
-0.8018265264445791
-0.518182430105719
-0.6938607737907696
-0.7078789842338596
-0.7228330238680265
-0.7436844933947394
-0.33081927682400564
-0.8249576840056907
-0.675657702698922
-0.23754508969509974
-0.8075715220501326
-0.8439221842987255
-0.8391579541388116
-0.8250641160843165
-0.6638635522265437
-0.6191026410938242
-0.6663326681287568
-0.7078966043881718
-0.7034920633163421
-0.6055122901700976
-0.6420340852808091
-0.8043208463930287
-0.7740660254522216
-0.6735932535100012
-0.8078907506791431
-0.6733316607275497
-0.3103742363695622
-0.5142120662196494
-0.825355865116641
-0.5877009686786959
-0.7317345215860238
-0.7642788406706857
-0.72839550257487
-0.6057319227969872
-0.5155998704758248
-0.7495563735421433
-0.7524178967651141
-0.7785027767833622
-0.7491538938481827
-0.7112249082879653
-0.7245230002312832
-0.7929052465719854
-0.5605695181707412
-0.49898618772270315
-0.5927175266701752
-0.596934610847431
-0.7040409297428188
-0.4860095592045684
-0.4814548340429932
-0.8228268844664304
-0.7663208867565596
-0.7834713076742634
-0.41090677745091553
-0.5503573821170297
-0.6134420848532922
-0.8344038416373301
-0.5335184702667326
-0.5789595873043362
-0.779950340824131
-0.7676789265490486
-0.808373763350178
-0.4942053520964277
-0.591921684565374
-0.8267453846118212
-0.4426426489710513
-0.6773207765275395
-0.4719873379090812
-0.527389601146163
-0.8287323432092196
-0.65729575227856
-0.8033081337389183
-0.8392085367402872
-0.5034005420391477
-0.8225978835085662
-0.7848743702129637
-0.45992473653524674
-0.40080442043714953
-0.65045679680772
-0.7236441690444356
-0.8334095325414075
-0.4815187259091513
-0.2657816419336599
-0.6772822271117124
-0.7125274324175286
-0.6985195970272495
-0.6877881367506637
-0.8108572157682469
-0.8119465517153208
-0.4963591131434542
-0.528786869222807
-0.5675339793028858
-0.8017303989514954
-0.4599499551618751
-0.8185895461542266
-0.7500968451223045
-0.6659324842849675
-0.7428421013078756
-0.5915450094555897
-0.44617283707375593
-0.7599036268457829
-0.8067855204886207
-0.7992898072563553
-0.7491496740404359
-0.7113651752938407
-0.719734537833809
-0.7417445855147039
-0.73958805368367
-0.7204917492360512
-0.8493536163031745
-0.757311478944571
-0.6915402202884199
-0.4137285907676517
-0.6329774896374885
-0.5390218985218685
-0.691697534245625
-0.4280572704298648
-0.6187977924487541
-0.5731352199143631
-0.5639172702087668
-0.48681520989921406
-0.67501466581315
-0.810919959867055
-0.763457528832236
-0.6708762192835528
-0.5626873357426033
-0.6645888938811775
-0.7281178694348146
-0.7543658580064931
-0.5763460133131281
-0.8150720729464411
-0.8315510863843046
-0.7823828368976098
-0.66258177641388
-0.7042457985538377
-0.8429217390290885
0.023006006482988867
-0.7357867060677218
-0.721974275235808
-0.767036344047007
-0.7903509290859801
-0.8236992559720376
-0.7382941935918964
-0.8252608345897249
-0.49453803487841164
-0.7621284727606255
-0.6367394011119871
-0.8225691715443518
-0.45938063140473895
-0.16699458859689983
-0.7870619095394018
-0.676978305318703
-0.41140270237810816
-0.7539150821866847
-0.38969022826233346
-0.6083763095793022
-0.8272217774407808
-0.6208059731175106
-0.8123026222242326
-0.8078260620298096
-0.8341876770167627
-0.007110907283789286
-0.7499491600164954
-0.8153063994469658
-0.7780861808633676
-0.39295131908031233
-0.4843097571527793
-0.8098028855405577
-0.7991818970937967
-0.7115677817121396
-0.7367284041398261
-0.6802925322502817
-0.7680211616026192
-0.7859216916107861
-0.7602373684727163
-0.7694822602482381
-0.8297070962403079
-0.7822722480119487
-0.6990401393734915
-0.7843824934736887
-0.761815686313894
-0.642643640402695
-0.7869439785211059
-0.8186443896223059
-0.6118203949069031
-0.8036065895890705
-0.6562695111607244
-0.8252807488456613
-0.4583719500495623
0.14903017671102603
-0.8338880615738424
-0.7728599913050549
-0.7866737243315697
-0.8264914739468074
-0.578876976678606
-0.8094131201901865
-0.6820822956965091
-0.6346382227818713
-0.7519089519828158
-0.7915893963653932
-0.7864692112667524
-0.8090433762464928
-0.8194382578423148
-0.6330820679864195
-0.7717319628387361
-0.7879983588240351
-0.7403126959534447
-0.8026028818347346
-0.42849098687025955
-0.8244235413689358
-0.6353143013930718
-0.5764614380862318
-0.7862038627058993
-0.6912106161246665
-0.833347649074541
-0.4530355045616268
-0.4257336462759465
-0.6362746824199133
-0.7052178088760349
-0.6768192422353737
-0.6556628133945089
-0.8360531291529099
-0.81916093345788
-0.5532650364936121
-0.7345678367790686
-0.8330814856999427
-0.5519946086478856
-0.7003270554995952
-0.6965463649405492
-0.7301887666032713
-0.7817006689310659
-0.8066504640649862
-0.623158836350418
-0.7892809601966535
-0.7630145400045184
-0.7008306509918226
-0.687726845240994
-0.7900155428462005
-0.7901275013897323
-0.6673342130733202
-0.8239074336182138
-0.4493777807373209
-0.5727288724625386
-0.7939813272554505
-0.7566832763721665
-0.8268139645988742
-0.8251919335463603
-0.7985171132861448
-0.8057439613425273
-0.8026709549254551
-0.7506463556209142
-0.6129288456182189
-0.7978560783431964
-0.7805456230585559
-0.7975176578702813
-0.7902593309603971
-0.5645348555790828
-0.42914655920603406
-0.18950328017562051
-0.8346611240744267
-0.7453402985362563
-0.612796615173752
-0.4941015342652345
-0.5062281953261002
-0.766034660742206
-0.776919630496357
-0.5551748163567549
-0.8170621397145661
-0.8280029393326173
-0.5718765638996972
-0.7808183804650136
-0.5108358234642046
-0.8161498892919491
-0.675047976343241
-0.7777356059516107
0.5019244005114826
-0.5305838090020669
-0.6893223430826947
-0.37642277378752403
-0.8245077292574716
-0.7214569660550952
-0.4039864684245352
-0.8332621598789643
-0.5673568905078322
-0.7808009587391348
-0.8183731369201495
-0.7807584126887823
-0.7412734406343834
-0.7684007523834183
-0.5034150375959436
-0.8420027398574228
-0.8217133833053133
-0.6239641256873499
-0.848504713433845
-0.6488040793429528
-0.7116368413550989
-0.779098353549084
-0.703458682889519
-0.6706983180147998
-0.6288697010459755
-0.7323099209535165
-0.7776922731899821
-0.8250880561067225
-0.8027411805911633
-0.5537174439298811
-0.7157033723504105
-0.7532596403122483
-0.7920234946947395
-0.7215792760592298
-0.32069948628985406
-0.6040543553911466
-0.7027225750018249
-0.32500834411160545
-0.8090583033526763
-0.7680813802793014
-0.8176748464528851
-0.7335326285859359
-0.6521196065355115
-0.7763729966170682
-0.765164399160348
-0.6916827738009863
-0.6084429928270623
-0.7580035391084424
-0.5455446411584031
-0.7312216290303116
-0.8346694905227929
-0.7144274375174497
-0.7721043922373175
-0.5999619400501618
-0.5106157724391613
-0.46779750051737046
-0.3872670858522849
-0.5241421161061776
-0.5670611023189048
-0.719438113321814
-0.8140751345255348
-0.8289117010569869
0.36065904847750124
-0.8116311297141018
-0.8265365775668052
-0.6014851638405766
-0.6551920064651675
-0.7311290191938937
-0.46450804148617403
-0.7205351340488739
-0.7942207141172799
-0.5570668998163443
-0.7533948805468793
-0.3057728533609904
-0.6761064727827524
-0.5646274152153804
-0.8043908123713193
-0.5272654352434597
-0.8121473419314325
-0.8403449412956864
-0.7945872151739264
-0.5491360619245164
-0.6293976978832382
-0.6781205534472067
-0.6068596851807551
-0.5740036746331993
-0.501844242354321
-0.7185967100817293
-0.5071600840013429
-0.6628180898131378
-0.8122156180859077
-0.5518950106297481
-0.727419413546935
-0.44314366281829487
-0.21663922053886053
-0.36793788802987837
-0.4492648316271328
-0.7925659001040702
-0.7083702011234012
-0.8268247083849045
-0.7894429417250322
-0.6105026732985053
-0.6676112619850311
-0.7224833629130434
-0.7201405120565072
-0.461901904696383
-0.4865151462962843
-0.5330330710042739
-0.654826606593212
-0.5704384901586673
-0.697885297509465
-0.6894195880849232
-0.656109912538207
-0.8092586394836622
-0.8146405636904509
-0.7738358394226618
-0.639127610708722
-0.7528370650471281
-0.6142288892017357
-0.42827146596645577
-0.6445653131952291
-0.2738283671884276
-0.559028626218345
-0.7817014078254174
0.3278301047695612
-0.6890008432227341
-0.4841838918735351
-0.48899467906567023
-0.8445371651730582
-0.8327666335422474
-0.7250106615281682
-0.8309662400324748
-0.5508789504615706
-0.8347742713791633
-0.8181000658477434
-0.7469895284210383
-0.6968718030258139
-0.7840617761615702
-0.7699486616806287
-0.6370667190555747
-0.8180564633778182
-0.615858913166801
-0.6360090310048744
-0.7534135496507884
-0.6297808151029817
-0.4570228661274792
-0.6722014374957378
-0.7423334931139286
-0.6423620874225409
-0.522503389495648
-0.5137100198116128
-0.8045191767893969
-0.666307845227273
0.5582297148797734
-0.7831798994261813
-0.7814749732767714
-0.6512706101681472
-0.7160710271669283
-0.851409785525899
-0.6646716901686298
-0.5845152671466164
-0.6544761400656788
-0.7270670274480685
-0.5100523869479746
-0.5769882211167265
-0.8393818287581488
-0.5567143072752767
-0.5064225407922891
-0.01153031130831394
-0.7328226648466981
-0.7447771406338985
-0.821999796851543
-0.5989374406914026
-0.6786864773414328
-0.6812244427774274
-0.8079851930155132
-0.3075163449443911
-0.834871558244731
-0.4040711898094224
-0.7131275427579777
-0.8287468021930501
-0.7502947853785303
-0.7160950389322774
-0.7459810506093864
-0.7272777365912991
-0.7992041809133312
-0.4465962354132436
-0.7050374075601958
-0.7341201321689843
-0.7298635775139343
-0.7925776543031282
-0.4386100318089311
-0.807334146853948
-0.8302234751327877
-0.6128036552320378
-0.7421746132542375
-0.7961088975016377
-0.6651577749462528
-0.7836638777727519
-0.8219047386953111
-0.5065379835446446
-0.5386819401026074
-0.7144828814661459
-0.7834747125974015
-0.40755972955172304
-0.6901791378590129
-0.39836004008950254
-0.7856996495464673
-0.5833961793177631
-0.6937903316774763
-0.6630195422442852
-0.31982283973424236
-0.8051889457404493
-0.8262933061927589
-0.8195751063861294
-0.6567051388060037
-0.8114327101920912
-0.7992618985531762
-0.4747620363980682
-0.4270788918314535
-0.7915983646960538
-0.6439971611527437
-0.2688808960364424
-0.6030875616644943
-0.7602547499097891
-0.7589729936653838
-0.7892262375754643
-0.6792677040063653
-0.6934791046568719
-0.6307215565293459
-0.8198057807767019
-0.47937164757445727
-0.5879802442701699
-0.5035035965398874
-0.6656279343186157
-0.5356659011467158
-0.538545059540874
-0.7535163624166953
-0.7376760202040243
-0.5958822636254111
-0.5366241085643629
-0.8360099855629929
-0.7633163340552357
-0.6487179235773212
-0.718490256512259
-0.7074534553035726
-0.8148287402763543
-0.6425248750276531
-0.6078816715461067
-0.6917390905983358
-0.7845588223479504
-0.8094373947331563
-0.42337051214138977
-0.8430283666248631
-0.7803474247233158
-0.8106603855741378
-0.834608396038154
-0.8276701260171105
-0.6566809730583391
-0.6089056016170612
-0.794198078465286
-0.8081821287389807
-0.759897677064482
-0.6692807867932036
-0.7316141658669929
-0.8091887836554458
-0.8400776146557818
-0.5332734162450325
-0.5953681427085387
-0.1713631192372675
-0.817737713013996
-0.8034176773917349
-0.7124819964681027
-0.40643764734896815
-0.40272628284089756
-0.642273064123834
-0.8393674794206657
-0.8370817799574606
-0.6974380601527346
-0.8043086822181316
-0.5916168884423273
-0.5304251133340405
0.14864610179918478
-0.6786242789975143
-0.6453688555149453
-0.6144622745745631
-0.6967627189330939
-0.5864529326627664
-0.6669003828115946
-0.6922489658703112
-0.8192163323693767
-0.8300779565292431
-0.719959364166494
-0.7156346395828025
-0.6420134606960496
-0.8042753171525422
-0.6297408363955329
-0.7760757212828535
-0.5946322816076463
-0.0036602065841978668
-0.719956113887915
-0.7973363056389662
-0.6756657892252916
-0.7861254766120994
-0.6223366813026903
-0.5067661807964104
-0.7688553660571334
-0.4367788459409444
-0.8105815846994896
-0.5679857970997442
-0.7559533720077047
-0.6961296318877815
-0.7524882724948034
-0.7663185859473821
-0.8207443599587839
-0.5717002189811496
-0.8402298920708132
0.3086604398457501
-0.6294539665022829
-0.6141894741255327
-0.7456919974759724
-0.7761820252251358
-0.725012029268674
-0.6412503881139184
-0.5656245642145109
-0.620227607393175
-0.8172121924074991
-0.8144412025481444
-0.6850997906593191
-0.716102754548226
-0.5594403204141419
-0.7769922722477203
-0.808319441916587
-0.8058734151763627
-0.8297433558138264
-0.7996681971776388
-0.7381740035141865
-0.7301840266417674
-0.7648118200990556
-0.4547542456288463
-0.7901182025903091
-0.7944439671038441
0.9687995729155574
-0.7605940915185433
-0.8185401656409513
-0.8011359703186317
-0.402658120598196
-0.6380269118149049
-0.6208818036467674
-0.7064609865498328
-0.7417558691549793
-0.8256181025976004
-0.8126129339261279
-0.7995863690520536
-0.04599057382752599
-0.8102720968640024
-0.5564826997474338
-0.6901175665641076
-0.7970327109996959
-0.8307253572860264
-0.8163008977823263
-0.5544841386471667
-0.7498094144287712
-0.796851280184703
-0.7968187574532077
-0.7636617991358307
-0.4857806248478346
-0.4933993995155858
-0.32029120174031794
-0.7454881702627776
-0.8124483242380327
-0.8057321730884677
-0.7150375316709815
-0.7201801835081657
-0.49570235360796444
-0.04969505226543744
-0.7168648065809908
-0.6282563535177142
-0.8418062124706316
-0.5611708308262592
-0.8248613930702218
-0.7869464085155802
-0.667552565069381
-0.7772794416543558
-0.4356360041217153
-0.42716923919900446
-0.5817901704239591
-0.7754110115519426
-0.48631844204086533
-0.5428261871372357
-0.5894848511841049
-0.7758319575881353
-0.6498153162372474
-0.7849230218321179
-0.6778300483283991
-0.6912536097862149
-0.7679062269492323
-0.8185877038343002
-0.8325927858847822
-0.8121178029023036
-0.42935877556912627
-0.7068830793071337
-0.640341975227811
-0.6355338812924134
-0.5609721728637984
-0.8092328645806152
-0.82804138480274
-0.5739102214852017
-0.7600781598827313
-0.8044834053085418
-0.6794232654398394
-0.8361258523732237
-0.753728924347526
-0.1383073787208511
-0.7865617730521759
0.11225789477763956
-0.7532197067163238
-0.7844362811245982
-0.8357304868106434
-0.43735618873846144
-0.8200667030137994
-0.6733451390810898
-0.5998789805516129
-0.7112558834394713
-0.6903538293724327
-0.7288286186828452
-0.8240106709926382
-0.7772214627563806
-0.7061516537672936
-0.6505667799513254
-0.6405318266552327
-0.7731685663141171
-0.06493037379475375
-0.7902877323600012
-0.6471250531867692
-0.7976135465615622
-0.7515536359600943
-0.6812487658314982
-0.6719750188552359
-0.7901991819369606
-0.7394741791420757
-0.792361377596258
-0.5642529098617932
-0.6395316371191085
-0.5656094507213222
-0.8046020833966991
-0.7981357001344663
-0.8170784397291883
-0.7919281329356366
-0.5660995064416952
-0.4300184543431579
-0.8197267149152259
-0.6148518525587257
-0.64804491177589
-0.44908051769731044
-0.5757299396158917
-0.6069714361815813
-0.8286996340910954
-0.050403386803146266
-0.7678671232676192
-0.5713036855221992
-0.4492373415908332
-0.39631390705678726
-0.777061478865426
-0.8269322835396583
-0.6283681670144393
-0.7592344071159168
-0.652587647443812
-0.3695478893820793
-0.8100397551720181
-0.7979675919543903
-0.8315850444076027
-0.5209591317501628
-0.4668119915657271
-0.7058447434061133
-0.7387790159790587
-0.7788548169640435
-0.5823612762971648
-0.3410043060336369
-0.709127463390286
-0.7758633678645217
-0.6284605001817233
-0.27815422259520883
-0.775015188711243
-0.7421112296625981
-0.8053661707561343
-0.8381955943684475
-0.8146569166378143
-0.799846194351394
-0.4733026995185862
-0.6906320696596377
-0.7544152616332171
-0.8319610184412849
-0.7583132162935324
-0.47584204589723467
-0.7385348098687841
-0.7200740219170544
-0.8659246156494103
-0.7955783918259537
-0.7922898594850045
-0.5278137222683749
-0.45751584135509205
-0.6567939367552735
-0.6729988495734496
-0.4771165782582028
-0.7501245215290576
-0.7610078859483177
-0.8046697724441896
-0.5984992729380813
-0.7713794929437046
-0.4723536981714967
-0.5127033387038857
-0.8300097039976413
-0.7431291510327238
-0.833998273197631
-0.5286647642770517
-0.7369736882247179
-0.8188824229293208
-0.6916145271816424
-0.8208716243387685
-0.7150387503343515
-0.8577536879433214
-0.7817408619295649
-0.8217017142325805
-0.8306327764387755
-0.469210567725727
-0.8114046943993222
-0.6940120683208725
-0.8408150757274996
-0.8287057448198323
-0.7810102384816019
-0.815723244640989
-0.661528847062739
-0.7887430914930906
-0.7111925611557877
-0.7904571532815937
-0.826470174529153
-0.7457772342263367
-0.8197965016330917
-0.8042651670218404
-0.761714181119486
-0.49637037906280945
-0.7880350158574114
-0.7962456740310991
-0.754733904769779
-0.7288734160463315
-0.7698113877691669
-0.6633515387462606
-0.7179885615681603
-0.7259708979093922
-0.5457848733780095
-0.730402390601729
-0.7558131862156366
-0.752419609984867
-0.7459267236570191
-0.6386331681028933
-0.8123986684564675
-0.5703723377601424
-0.7697132592502316
-0.755423103418577
-0.5848174359355185
-0.5726465522232462
-0.5047982475193342
-0.7172465221856905
-0.7801306230923951
-0.7600588765109145
-0.6986673239757125
-0.7515102823669076
-0.5934215007043154
-0.6806301599331847
-0.827246490663431
-0.7397589615292093
-0.6586422751742748
-0.05213085328965004
-0.47498076765308167
-0.8273054434070168
-0.8308063671417576
-0.7560897672077426
-0.748363392515957
-0.7492085284391931
-0.8067849715872357
-0.45476117062842375
-0.7929221944307754
-0.6239179445818802
-0.6263507369536464
-0.5502050131085819
-0.7870036941345687
-0.7469602588838024
-0.574794483241037
-0.5627526895091125
-0.8143934521784785
-0.6767721795824717
-0.8072245237590052
-0.8097022001984842
-0.8114204293203836
-0.8101675121995718
-0.6973144495324733
-0.4255622200024639
-0.8231033829910718
-0.7201660994031898
-0.6104542762060687
-0.33094003394431687
-0.7507926473643791
-0.559661540320495
-0.7469031839111475
-0.7984589530291337
-0.7475543599997166
-0.7321902773888851
-0.8445023372073654
-0.8215842289139971
-0.71212484368318
-0.6265987839862591
-0.6296821835274234
-0.8126710183847036
-0.7157662728003272
-0.813066718598666
-0.8178815698228661
-0.6358716080791424
-0.7923395271853846
-0.6836892725103727
-0.7560736490881382
-0.7245459029867752
-0.7241758568726165
-0.6753718526831343
-0.8017664433293823
-0.6743932328219542
-0.8133620214680812
-0.7195911862084465
-0.7839314920657756
-0.7173709730197745
-0.730913974119938
-0.6535267475382543
-0.5840680230301271
-0.5120892944358295
-0.36028419034268316
-0.4344075862081449
-0.3936914423493695
-0.761116971961419
-0.8339942718069447
-0.7259268529223527
-0.7300263094641858
-0.7703066948498324
-0.8242814273673119
-0.7889531032411693
-0.7216225032123272
-0.6571575463202421
-0.7925736024986388
-0.8422906234155016
-0.7359315219211864
-0.7353209598026827
-0.5561403440302036
-0.5877865102745435
-0.4434506854285686
-0.681223659599395
-0.4271243408014402
-0.8342141723322194
-0.777320750325
0.04478757962163773
-0.7910710501797545
-0.8217485979127827
-0.8349007319182078
-0.5329534171258281
-0.7617595418745063
-0.711581235030034
-0.8185081881815963
-0.6830151277772024
-0.6934112970875487
-0.6705297893066703
-0.7586177286454695
-0.6517275582224011
-0.4647445270313391
-0.7707705462034048
-0.6609718199536397
-0.5107621747736854
-0.8360617998544729
-0.7593751577212651
-0.6357492559575856
-0.5712051577213355
-0.7547793286731403
-0.5238447109334683
-0.45697195274980756
-0.4437955415785341
-0.5240106204523084
-0.7320310160568061
-0.40915922354897494
-0.5713008979058992
-0.4825923497291027
-0.5019995797206259
-0.7582433695613002
-0.8309182164710937
-0.838917502566158
-0.844063662554933
-0.782314129944845
-0.818315756996857
-0.8048340754899839
-0.4483573867023965
-0.7695868793143928
-0.6090826650915074
-0.5676667945019538
-0.7474570860852919
-0.499764804457657
-0.7036632681995568
-0.7270029597655601
-0.4527640393995322
-0.5345734102326197
-0.8272978810238715
-0.5255619426071517
-0.5243606167950544
-0.394868717182302
-0.8147463857132794
-0.7717868076852886
-0.5480354304152559
-0.5361231732490119
-0.6439553945957034
-0.7825677117225605
-0.570325589180028
-0.4750195799657568
-0.41569866606181816
-0.8000444428962663
-0.6200074907655118
-0.8370742445707922
-0.7490237954046967
-0.7986986256539139
-0.7681373795122216
-0.4430579065828547
-0.6180633505453079
-0.7856552565742935
-0.7530440633313258
-0.44948772160092093
-0.5013695595552007
-0.5134590325150985
-0.7664824243534107
-0.6402311185440016
-0.8074667027248993
-0.7709246713172876
-0.6943157248323054
-0.5316092466022073
-0.5248355160222931
-0.7591306193044656
-0.7937456677709503
-0.7227328734327022
-0.6255823728030743
-0.7932315084009726
-0.7669788791538855
-0.8317242622718318
-0.2247352022912402
-0.8303149103363444
-0.6254373790476784
-0.7114124528140289
-0.7969662618422994
-0.8043598638801567
-0.7863047320303018
-0.7753083252386495
-0.677733995423839
-0.6315978907280253
-0.51765652129329
-0.8250869595177897
-0.5818553812267027
-0.8281932072523867
-0.5844072073118624
-0.8264906937588847
-0.8027475060839724
-0.6968798338837868
-0.7240968002780619
-0.7609205574496055
-0.7925650345874086
-0.7268075657719762
-0.5180890259336598
-0.5912993119215552
-0.6286666101080556
-0.5401588398786334
-0.80159479160778
-0.8222271341549021
-0.8138634385039123
-0.7720280723377962
-0.8050385578140693
-0.8304831743872433
-0.8004134050304328
-0.45297153098302484
-0.8277514003099549
-0.73892896972575
-0.4049252521252071
-0.5204649514321457
-0.8120597959689893
-0.8096193707012581
-0.5328072165270699
-0.8290032686541653
-0.8152121014354626
-0.5394070612690708
-0.5723153885462833
-0.7392486614583866
-0.5296148536714713
-0.5939830175815894
-0.41116290888340795
-0.7984020679886555
-0.794563454396692
-0.8044970611872669
-0.806869624237574
-0.4813687944955086
-0.6598143859837787
-0.48786610479743414
-0.7805488671203993
-0.5367558666684067
-0.839307305761194
-0.6470358416487738
-0.6271386056404323
-0.5978928299951554
-0.8347073247071053
-0.6982963683938599
-0.79401449964624
-0.6539282377638379
-0.26552538263245323
-0.7131202983988516
-0.8065428357254344
-0.7801335691285102
-0.7188006221474732
-0.4626560857990533
-0.435652789745269
-0.5898480775466827
-0.6485391628040165
-0.6182409806057644
-0.7266730352885209
-0.6871492973536826
-0.599239419981486
-0.7088468382291063
-0.7293043361786157
-0.533397214133171
-0.7277827319610938
-0.8223634541008943
-0.7789959904182611
-0.42473335337986606
-0.8031087892951366
-0.7434804430751135
-0.7564272299190127
-0.6752430573361661
-0.6948086963509895
-0.7490392356756225
-0.540993023367832
-0.4211715564414652
-0.8318280759616237
-0.5715463650649955
-0.77241045566711
-0.8240104780783392
-0.72851372607102
-0.6246605401082009
-0.83173668774072
-0.7766255042196293
-0.5283983008019065
-0.8430701479008131
-0.8353520598486445
-0.8438787690836135
-0.7615330560256677
-0.8346097620518762
-0.7926709363467285
-0.2617851790573463
-0.7218021269908388
-0.7083349848250392
-0.7860441390505389
-0.6276705135125035
-0.815895585822319
-0.8270667762393574
-0.8348964600916594
-0.48976297492802884
-0.5152580345586001
-0.7485810498105147
-0.7930803040281521
-0.6107350771917827
-0.44072739441086384
-0.7982743025950404
-0.3356617326728003
0.7396989120964231
-0.728892602659605
-0.7981900143120736
0.4349622864081527
-0.8151065672375044
-0.7979263926966714
-0.7722226548825875
-0.8589165859443516
-0.6645196242750249
-0.815901712117014
-0.676263491208284
-0.7712930539660686
-0.7527009044963172
-0.7080071209738351
-0.456475486550251
-0.8314119989695484
-0.7842808485279709
-0.7414167762677085
-0.8002145396626166
-0.7290792218692173
-0.8338876186110445
-0.6554963433838646
-0.7810292969310293
-0.8148330512491938
-0.7681671073426531
-0.7904440629502993
-0.6093740295539253
-0.8064505887967446
-0.6818235957708891
-0.764108630666697
-0.5598202749317212
-0.8325672757032081
-0.7452462523384741
-0.8173221536907261
-0.6787320910329554
-0.7977090360741946
-0.7380465975250187
-0.5116292206195104
-0.8122073693829792
-0.15496499059235228
-0.7928885764895476
-0.7880299371732915
-0.8260087209792336
-0.826911964973843
-0.7341728371174151
-0.7476150041787427
-0.6916843873769243
-0.6705704229921006
0.3063149597798549
-0.7966406417908327
-0.8352979154897437
-0.7742252154143624
-0.7773146435875116
-0.4171385528705206
-0.7734846650817667
-0.8084691956892909
-0.37671636124675106
-0.77516569753483
-0.7663838494233308
-0.5238871994594614
-0.6589276865528398
-0.5396735104263669
-0.6286941688600791
-0.7471638329739834
-0.7318523143763983
-0.8234261339391473
-0.45496798188979676
-0.47829842299725633
0.16112293607077066
-0.7399409348194109
-0.8275524491708542
-0.46953835265490945
-0.5650419889303965
-0.7965147851868302
-0.8177368426487249
-0.8053941581428025
-0.824027503287234
-0.7303687838445235
-0.6954666720880316
-0.8321530020805231
-0.7896905648111707
-0.6924016714178222
-0.8123036092166628
-0.7686564934100095
-0.7559447779125006
-0.6904049888527728
-0.6879690048059358
-0.8370759566062511
0.09130317793422457
-0.8037674739246957
-0.7870318303371611
-0.8207779398453056
-0.7082992763822119
-0.7338607772171194
-0.6602909840867397
-0.22011571306373404
-0.8090848270339842
-0.7497485281402926
-0.6411344296310696
-0.7316819885476727
-0.6857692580436524
-0.3573725223117257
-0.8288429539118712
-0.693590124771338
-0.8189567334683809
-0.6485704124065483
-0.6545582006239333
-0.7916979076967611
-0.6763822863357087
-0.7395066713103556
-0.785529300615497
-0.46871390135701013
-0.7708130208817547
-0.8039349517651789
-0.6725432332892449
-0.528145215077377
-0.5644424209334511
-0.7260455316804438
-0.7389940868073794
-0.03637019053139847
-0.5380900348822496
-0.7587628374702989
-0.5931324091598509
-0.7512041275959662
-0.4925434096135207
-0.7239158404052879
-0.7454847716168054
-0.7234209555152812
-0.8462366375044427
-0.7945168797610584
-0.7213507223165911
-0.8122352105994333
-0.07465740403674492
-0.5954061520400736
0.8012575132350186
-0.8104690233582276
-0.6394972273758562
-0.6097647632938427
-0.8358355117921623
-0.5299983561205542
-0.4576806401803117
-0.8097812851905556
-0.628741531284641
-0.7786485145819593
-0.8196805164191037
-0.3308403505169133
-0.7248549618909262
-0.7829378734135395
-0.5575264229081677
-0.5093190498243457
-0.5346947637582323
-0.4925356114191469
-0.6157458181225411
-0.4565723077141181
-0.7322224901449745
-0.7160521551663096
0.19801623814152491
-0.6900657230247709
-0.730474963872731
-0.7497436634039613
-0.8414855148683839
-0.7325741758906971
-0.22494337893110092
-0.5867075690595586
-0.803034021936331
-0.6053314429970786
-0.584944183256242
-0.8009077515233097
-0.7758759126820364
-0.7081471774231354
-0.8149326296618474
-0.7436467028574811
-0.6023389525016781
-0.570177509413701
-0.16553291917655957
-0.550532411221176
-0.4930603294751755
-0.5280160492015205
-0.7579434225241858
-0.4383627182656998
-0.6722526953332196
-0.7857760393983554
-0.62904098759814
-0.436231570784106
-0.5576950404341257
-0.747314784884141
-0.8212973029953909
-0.5637161600239348
-0.6570027010449382
-0.483138187815063
-0.7217417964752632
-0.810281574558473
-0.5890275959458106
-0.6102528187822271
-0.6349534427690049
-0.8180844986283932
-0.8200402363723153
-0.8114800251246334
-0.8066575565739326
-0.47876185537238836
-0.44344670621903887
-0.7566424287622944
-0.6533299483512547
-0.8335543081718109
-0.7961360676148149
-0.5027038251210998
-0.715191498382383
-0.8321727559303304
-0.7834268465413136
-0.8315360947832476
-0.6667089753073949
-0.6674279534437888
-0.6500398904914779
-0.6783132962647406
-0.8028841468865969
-0.6255920091766592
-0.654196898226002
-0.560398815258206
-0.7481426223577283
-0.6314171049925212
-0.520526702671467
-0.8291006638051623
-0.7848648715047913
-0.6235457751294059
-0.7268083863307001
-0.8201305800339591
-0.4585777107383351
-0.8008773450053275
-0.29962071416253794
-0.6984637251076504
-0.7302004722973986
-0.7988413713949551
-0.6354700584519943
-0.643864501424768
-0.7515936103269589
-0.8177562150045236
-0.47910581519214757
-0.753848299782048
-0.7040534221959234
-0.6320286809486791
-0.8031109986868606
-0.8378459304980229
-0.6406688168722376
-0.6455085759069437
-0.49724067039394493
-0.7759498428457268
-0.47235664411988637
-0.827084259791166
-0.6459320131265377
-0.6029760884747029
-0.41329441767755526
-0.5861630220993713
-0.5842046785838482
-0.8301305240818739
-0.6282054616434729
-0.4875782613324571
-0.7009505289813401
-0.6885712410378892
-0.7281441872875929
-0.6730660068863149
-0.02394637705813371
-0.8100481917414599
-0.6314705824629794
-0.6353709250747762
-0.7676042579844443
-0.6797656759946037
-0.7846568968400162
-0.46134589296196044
-0.7128182590779542
-0.43942081455050647
-0.601187092977198
-0.8305556789953403
-0.7602279387928818
-0.8613515759233996
-0.7160247194265819
-0.6156577282810016
-0.7263767545333535
-0.790271339504231
-0.7962007174377587
-0.6317264879808598
-0.6422323414073963
-0.734558708993943
-0.7681118952772177
-0.5365429811151058
-0.5743274498666555
-0.6780134497967939
-0.40179759416542554
-0.8080975493615593
-0.783054558146181
-0.4596581612226949
-0.7686174417342202
-0.7996021326866041
-0.49870612500675454
-0.8354163418958455
-0.7618082449627923
-0.789101500023479
-0.7651702224774058
-0.8225322051546643
-0.5273817470101223
-0.7310854241312549
-0.5699236208350803
-0.8226078367895393
-0.7292659844349584
-0.8016253321963007
-0.7428441410029577
-0.7489334317852291
-0.7573289902487095
-0.7358623259478998
-0.8200649982127522
-0.7442161925809582
-0.7245784381848368
-0.7168481511205337
-0.791699501429532
-0.7994952713307797
-0.5492807327443109
-0.7342227725771118
-0.7316560408739375
-0.6478331180332961
-0.13327136734887413
-0.6404123141608882
-0.8156713831918685
-0.6546813906357285
-0.22238298717774846
-0.24715995117371414
-0.8356824034667981
-0.7382514532114908
-0.6297055856741193
-0.833516518811839
-0.7866504180003006
-0.7767352373163771
-0.7306728684575942
-0.7922927289815641
-0.786903704364391
-0.6269359816701836
-0.8048371386291585
-0.6588409147485895
-0.8161113657467496
-0.7835881660209318
-0.7439736451414849
-0.699742194203954
-0.5423881293797075
-0.4486579065753479
-0.5748730748390662
-0.6921987791441024
-0.34334933956360436
-0.8348075344750324
-0.7183034453161347
-0.7766219708733411
-0.47702720175588836
-0.4883468701004687
-0.815003339399361
-0.7465836039588112
-0.7688055174113552
-0.7888923938696486
-0.7258750243235313
-0.5746630271317196
-0.7971019177892402
-0.47873815845415535
-0.6554317935927428
-0.6072204666283473
-0.7173993904936007
-0.515501819774822
-0.7074525322216008
-0.81250932019371
-0.7440287720580633
-0.5999479614950878
-0.3287189426404931
-0.8414078166909367
-0.8241431077613274
-0.7734900220986187
-0.7656259511940999
-0.782309667371662
-0.7919482961028533
-0.5911576347794832
-0.09511647759826077
-0.594488815336893
-0.6213309084552636
-0.8402571630893738
-0.642230968617348
-0.6151605612024292
-0.5371870375577545
-0.6999282577100153
-0.8081759648401033
-0.6592559681144964
-0.7921418504969303
-0.5552935830274129
-0.6082055152759257
-0.5635685509763031
-0.5108192813355588
-0.7397613836364445
-0.7399970207454379
-0.7210658544262253
-0.5294798778773153
-0.7685361826150707
-0.8227541632499731
-0.7193907480311416
-0.5796296070568127
-0.8097476307564486
-0.8159770682642883
-0.7244909117507808
-0.7968534811795416
-0.7807175984543608
-0.79336163625547
-0.45720431310220033
-0.830142038363607
-0.8391256522663327
-0.7272157264882245
-0.7664114858217743
-0.47646135912072696
-0.7937750315696093
-0.8160916291061128
-0.7809270014275524
-0.7381060825692815
-0.7040462179917938
-0.689649747590727
-0.7966232294802547
-0.7845039018998545
-0.5034986013555512
-0.4958518041309135
-0.7911528875756015
-0.7736410310631028
-0.8220664865869145
-0.7942510349248324
-0.7778454598350188
-0.7816118200718674
-0.8689877732359438
1.0228020167003065
-0.8219518432813518
-0.838251098008714
-0.6762740796153716
-0.7379009407019419
-0.7844993076675956
-0.645509480806078
-0.8241620064848997
-0.8154534865325489
-0.7467051530754621
-0.761846139928971
-0.7424740491854005
-0.6985773697210166
-0.8133032747754276
-0.8310761606629241
-0.6762414576663031
-0.5753241230690919
-0.7438177740363803
-0.7356915958792228
-0.6632666585316791
-0.751533067304509
-0.7565806200216844
-0.706569336250079
-0.8132538520941365
-0.8124389126277874
-0.7711171918387225
-0.7433420187421367
-0.5700059367600081
-0.6426297260179848
-0.7805119153762579
-0.7685673407568411
-0.7780465376547221
-0.7582000474446047
-0.7743987514892551
-0.5180748761478641
-0.7615596682944413
-0.7856769695529755
-0.8109575653181621
-0.664929225244258
-0.5807705057182263
-0.820956906890805
-0.6046292798710965
-0.6758632440944474
-0.7873319529578288
-0.699019519753869
-0.8059983486623751
-0.7145480720807587
-0.740306531159684
-0.32551545712937224
-0.7931693689351326
-0.8050098932411586
-0.5474270114293289
-0.7039669701610964
-0.7667710162946104
-0.6810233739767787
-0.6586030738490491
-0.43543215725080725
-0.4882871477680445
-0.6592560816886347
-0.7835182976681859
-0.8375475663768658
-0.216597418588287
-0.7093069760209056
-0.6061687056761736
-0.7409996941359206
-0.738792079857152
-0.5563810547019412
-0.7689667720390368
-0.657593215382258
-0.6821384355767729
-0.5899867387336643
-0.5495910498620149
-0.8173009233599597
-0.8385517735751714
-0.5777234278495014
-0.7042515554957384
-0.7768548571057567
-0.6506388032296503
-0.7968495036852308
-0.6174345819183779
-0.8473361415449492
-0.8290625439347102
-0.7294239169949215
-0.6855280657972587
-0.5380532200087708
-0.8258488518655493
-0.7840912662961075
-0.6079934979768712
-0.5962496695030701
-0.6553093161714928
-0.7974867804986884
-0.0023995442799784137
-0.17201130682561766
-0.6866919873417647
-0.5851108611326616
-0.6892982431682161
-0.6320711510962125
-0.577381411192507
-0.8428033660903408
-0.6640394241417739
-0.4734518353429132
-0.5721373747313129
0.49618038512312473
-0.7343802508691147
-0.6021727743557347
-0.603346754643863
-0.7227262339016337
-0.8143330056801059
-0.8101123903634837
-0.7760151596832577
-0.6537750069078223
-0.693299615049574
-0.6569411818763345
-0.6925741503804219
-0.794449138399649
-0.8435591259882915
-0.750265943828494
-0.6677274537353152
-0.6355189891880533
-0.8181085372088122
-0.8143302027701267
-0.5635500294494374
-0.8095428122079771
-0.5088724733130989
-0.822138276129
-0.8193051100637125
-0.792095457175379
-0.754153297820341
-0.5797669353315771
-0.47703630974928163
-0.7706434557843014
-0.8135706578778409
-0.4523673362539381
-0.7500132191110025
-0.6507569689790944
-0.7690797478761383
-0.5247507231459397
-0.3821310139773586
-0.4096655165294313
-0.8139500216676065
-0.6687320526482063
-0.7420028239252173
-0.5264937613759213
-0.7434385654669086
0.8417216841713536
-0.7255045364809204
-0.7490702776403968
-0.773531568833626
-0.6722879412269213
-0.5616975107442621
-0.6053701445170082
-0.8036619286754135
-0.6556575317058224
-0.7726979577899536
-0.7995482763548647
-0.818106618730156
-0.5718076920152325
-0.7177935026388632
-0.8130024126028201
-0.8135009427172077
-0.6344870725651307
-0.8279224741937096
-0.8243079379477571
-0.6609528588970688
-0.8375585320102852
-0.799503449503832
-0.7145294594675456
-0.8298863651876732
-0.39268080478584017
-0.5359358481194201
-0.6555693223337087
-0.7806345559009044
-0.8211927334065751
-0.5497496481700727
-0.7522518130406626
-0.833195798806953
-0.8398708648121216
-0.6387706075711006
-0.8158676962256064
-0.6050246236719932
-0.7347675833494928
-0.7741097269548767
-0.7135271251710069
-0.7102548498703607
-0.7586472850200565
-0.7368824375346887
-0.6917171204246155
-0.8261322087617072
-0.6037942897505868
-0.50586427223916
-0.7036586213904303
-0.5295432178300639
-0.8374847710589561
-0.7494249739540048
-0.695026315610128
-0.5942549844488889
-0.4886464797855357
-0.827288099844868
-0.7803419583112938
-0.7020323722897276
-0.6793644328760098
-0.7406694456234145
-0.45477704871972524
-0.7836756970681508
-0.8084697171487206
-0.7653943030107083
-0.46248268061441544
-0.7934230034928988
-0.7896319990846783
-0.4984268492095364
-0.8146772280190311
-0.7990133433484656
-0.8101783220743
-0.5370427181391633
-0.8139125790032703
-0.7101311989810755
-0.7795302351452829
-0.7992198950872105
-0.8697633094716452
-0.7971366123718173
-0.649173950880423
-0.716627679149346
-0.8315217071207505
-0.7795722414635061
-0.6727386207267422
-0.3811404242186485
-0.47222797607629197
-0.7542517387250595
-0.6245811162918897
-0.7523802489770164
-0.7831471471176167
-0.4420465075005178
-0.587178487427447
-0.665106229715522
-0.7095558109797636
-0.8469638483197227
-0.8365369196774934
-0.5998028235016789
-0.8353576036082869
-0.5270693470781962
-0.7908533710128655
-0.8199686203117068
-0.4444843472209495
-0.8193583798832478
-0.8582621150050755
-0.4628926164262677
-0.8045748463543494
-0.6978763546318699
-0.673335109401114
-0.6645322346576769
-0.7755004723201551
-0.7422519676344397
-0.7278059397507491
-0.6057120102624335
-0.8003195866060242
-0.7719081326125341
-0.7015353478671688
-0.8272794464740499
-0.7619652179017945
-0.8224737460060773
-0.6555882358547438
-0.6269633429074079
0.15774607991893105
-0.7595687268625265
-0.6598233068446733
-0.747191094881178
-0.7973276611326002
-0.76329154451295
-0.7554095819503919
-0.658440461331679
-0.7703499450220436
-0.477959037963898
-0.5429354666825678
-0.8009561634907874
-0.4782987502706397
0.6130863967296978
-0.787369253143071
-0.808444744511362
-0.8054808015559202
-0.7340183286377193
-0.8128464314350141
-0.8336751735119792
-0.4474793702284597
0.00336758623255033
-0.7554478027956607
-0.49338894618223667
-0.6312251139059886
-0.7771680163673721
-0.6333657597557973
-0.47472424118272255
-0.5885081570223036
-0.8098689511718107
-0.7224509543749191
-0.7874250582886042
-0.7972825503550506
-0.646187644596973
-0.5224116012009846
-0.8128112119709585
-0.7567725625857438
-0.7874339596922671
-0.7730895038825015
-0.8212837143550801
-0.7879407855711433
-0.15629962366760694
-0.8219594785691828
-0.7973965164062217
-0.45416742889772366
-0.6009775288510564
-0.7404662545793296
-0.7247607194468766
-0.7583407155412126
-0.6292848282203558
-0.7138245152034945
-0.6417560555511452
-0.7295560583762254
-0.7341497859852981
-0.6734605659038806
-0.636900493876093
-0.6911831204578606
-0.8530562304595256
-0.7533811100569185
-0.7845534215473589
-0.6085730510934352
-0.6325295143013394
-0.7355840271314154
-0.7146467916834766
-0.6722432643691159
-0.5840113551308506
-0.6088073633582902
-0.508851228379276
-0.5952504356140892
-0.1702037795686286
-0.7636264244393087
-0.3993491003630633
-0.7705461766810948
-0.6490087118810492
-0.7940260804182288
-0.8178291485601559
-0.46785434952395555
-0.7554676416061255
-0.6800967646933552
-0.24077116459834202
-0.6544847812943007
-0.5842637293283887
-0.740339281357342
-0.7656081315371883
-0.7384123648188335
-0.8377312871744961
-0.7070055345959859
-0.8233357827693674
-0.6632033175070372
-0.3105558224473726
-0.7597557378689374
-0.8272275583510343
-0.8200821700507567
-0.7089463120579294
-0.7736295606885051
-0.8295951215520585
-0.7920336357531008
-0.7605032113382789
-0.49061542334608227
-0.2590988219449356
-0.8028610773540278
-0.6882703990295042
-0.8385948546772304
-0.6408425914813305
-0.8112713649743888
-0.7473476737610855
-0.772373832881009
-0.6554807187794482
-0.6454328629047242
-0.8223412968109297
-0.7363072643112363
-0.7761836106916411
-0.6820776669692072
-0.5532681075958482
-0.61840467960265
-0.730908922952674
-0.6591673508168167
-0.7870561413914909
-0.7239457919510597
-0.7856367889957933
-0.6238644741319008
-0.7969626088480201
-0.6825402198042656
-0.6839948122806954
-0.5575798146572041
-0.8051584083602711
-0.8368237100389013
-0.5456592871484321
-0.764803637376317
-0.7702326445719898
-0.5940049669008487
-0.36766894774909903
-0.8574371123593374
-0.7611162406402847
-0.6554144902622848
-0.7084686473862202
-0.5026877530636639
-0.7780661052619412
-0.8249126542453957
-0.8089190284479902
-0.7312810416543223
-0.7594922891174617
-0.48104843638764616
-0.5917820560101374
-0.7639359522401368
-0.7774367126195505
-0.8003637285912444
-0.8127812209803971
-0.6369163351342546
-0.49587153238805126
-0.8223910268565886
-0.816119718074287
-0.7649763013285662
-0.8303381129335456
-0.797153972035387
-0.8068707787713543
-0.7960723012524791
-0.7181002518801368
-0.7546708955141322
-0.6303204223586824
-0.48468505790982513
-0.17281313784926686
-0.7931677739106051
-0.8244447031294818
-0.81058258121748
-0.8244057391485412
0.4871508798814363
-0.7433569382811238
-0.34301391077738513
-0.788647223164801
-0.7694521396163118
-0.8018766882939142
-0.7813782190362004
-0.7997492053919577
-0.8524385481827969
-0.7912404273880894
-0.8173815532218168
-0.8302516300324906
-0.4653695840728945
-0.8148952852609582
-0.7794941390159684
-0.6452627532002015
-0.5344322195976433
-0.4627679898669167
-0.8080439867626457
-0.8261062492441621
-0.8015944041656348
-0.6855628005235324
-0.8271194649982361
-0.7325820949319588
-0.8159693114617083
-0.6432722713107575
-0.7622223981496757
-0.7777406460636783
-0.6063031741675242
-0.8334784898855623
-0.5788071589976753
-0.7946707273340812
-0.658424457577391
-0.5846985721321821
-0.7412796493242613
-0.45286046329485646
-0.769760805775102
-0.8153123383088384
-0.5385411282889783
-0.6484167124538368
-0.8331217661780681
-0.39778972019767517
-0.7370713678333127
-0.8063484762716283
-0.7209344260658422
-0.6746117416954428
-0.7991551075177262
-0.8366974798409894
-0.7973631860772818
-0.8390230514468934
-0.7829662759068463
-0.737211031243525
-0.6283480112988947
-0.7686490033256604
-0.7199927414778328
-0.7471672950833843
-0.7719810269830315
-0.7213604044654495
-0.8207431151682107
-0.6721794386064375
-0.6213046357979275
-0.7736822699860278
-0.8431981108742703
-0.7767979583683031
-0.6493638161828891
-0.5970483296972343
-0.7834416350797121
-0.5983417472389756
-0.7621349023362546
-0.5641609575600994
-0.6806350741233581
-0.8427521625450101
-0.5672474687583886
-0.7576972308105119
-0.790728660985287
-0.6093143556668307
-0.7900082338497965
-0.5694275609643349
-0.8315579042801631
-0.7718319361748478
-0.7062348271154139
-0.8734191216718685
-0.7902357290820224
-0.49604350232412653
-0.6416072552419874
-0.5761602894354825
0.4978828402605758
-0.4895274508727982
-0.7130879198403369
-0.8406382203282985
-0.8418844838672029
-0.7965262935316862
-0.6767154334247858
-0.5153038704659898
-0.750677495434319
-0.7808560700456632
-0.4406974761277886
-0.7915176083705512
-0.5449409974976316
-0.5350573993851757
-0.7547211035322459
-0.54365522309862
-0.7085048454432337
-0.728578794902471
-0.7317332417412286
-0.5226973265414332
-0.35244635677540637
-0.7084561504490448
-0.8003957971444438
-0.6348498122506764
-0.7935676918880151
-0.7921464668897006
-0.8046136312067241
-0.7037959697726875
-0.7599621464031028
-0.7713536951088961
-0.8081049016022717
-0.6690426399417431
0.242688772894938
-0.5347964954162467
-0.8072377218339268
-0.6989750339577842
-0.7800456735291137
-0.5885682682038305
-0.6177971041816415
-0.7681345782585135
-0.8310777792507305
-0.610694059870018
-0.7023040542553243
-0.15014702608394087
-0.7162390666003642
-0.47977386305676145
-0.4095056772803325
-0.6853854762801551
-0.21982903396893455
-0.7318432901842009
-0.7637054304293825
-0.5302278577466056
-0.4500380534962646
-0.47331907957343866
-0.7979004116986745
-0.6575447819759719
-0.7539152975721449
-0.8281408852685663
-0.5783454791162409
-0.8201591280819742
-0.7206923716574298
-0.6733566779189859
-0.8334920328662161
-0.8227994639082357
-0.7361407379617821
-0.6395999725661258
-0.5662385505329227
-0.6570691621927416
-0.7596008747708258
-0.5622315779222181
-0.3808423996229895
-0.6160046542941358
-0.6378597637242986
-0.45805250572105194
-0.5408978025444555
-0.6035852838348517
-0.8185024987880919
-0.7174154532984233
-0.7623564157099798
-0.6562704057714837
-0.4301015898828721
-0.7170929944075459
-0.7930015091781674
-0.7867335294897566
-0.6552304032189298
-0.7469554630538996
-0.8022471207895471
-0.4153310457240617
-0.7046405983457168
-0.8190783368561388
-0.8221941681237209
-0.811526962653959
-0.7997930712387655
-0.6554100620436324
-0.4995098507839915
-0.5906038035577404
-0.42821682223552043
-0.5030227981091151
-0.76875778561828
-0.7763010353570258
-0.5184663402947429
-0.3966012759611683
-0.8721787621401947
-0.7877088336776815
-0.49622723817348074
-0.747907909088353
-0.5832282691936023
-0.7888309621390212
-0.767983253844646
-0.7831095246016043
-0.8451059853553841
0.13461028930371827
-0.8285024634821384
-0.6909314092881812
-0.4515351970591939
-0.7331317268397071
-0.7971393020156828
-0.5675854435577247
-0.7915105141678007
-0.06313680503316683
-0.44782756178194405
-0.6508720269791828
-0.762350509891265
-0.687645385769219
-0.6081661352995619
-0.6467087082413867
-0.7710614060822762
-0.6926600432898881
-0.6960881033829432
-0.45234553079251955
-0.7585140092580315
-0.5049026178943429
-0.797822263981916
-0.7557707481049639
-0.7723364810608894
-0.827993881772566
-0.6932604248522244
-0.7410511737114576
-0.7059631133954032
-0.6025485664169311
-0.815160667484171
-0.5364522044739554
-0.6357028673010333
-0.5993462479845284
-0.8793298404221901
-0.7134907278980853
-0.6950336561520355
-0.5595573654461693
-0.6494065499835118
-0.7509386954841129
-0.8167369282765509
-0.820453915288569
-0.5742118509754214
-0.801729067474841
-0.6334163909282956
-0.7912350579848816
-0.5827577044614952
-0.612344437335558
-0.8181883169449565
-0.6553013711209809
-0.49898711304706866
-0.7609230979731203
-0.8015637351893617
-0.8288108211642148
-0.5400419502949582
-0.5403426110272797
-0.6189656407996962
-0.5411316807417396
-0.726766432975552
-0.3053154483297158
-0.6447592540411554
-0.821099535042889
-0.8038077246069512
-0.8360756288237148
-0.5395922624083387
-0.7850936838271055
-0.7958715871420904
0.2534709803526512
-0.42215176589743564
-0.8445703976655037
-0.6106528272336482
-0.5638208064461743
-0.6833271606893508
-0.8189107845043714
-0.8144964353323416
-0.7220445702706851
-0.6807988146080552
-0.8191431331212583
-0.8060767902238005
-0.8147721375124516
-0.7575762213610895
-0.7752831102431746
-0.6848687912077827
-0.8253340069606349
-0.4506123715804525
-0.7339395270878675
-0.7377436778863904
-0.7700837854361764
-0.7710238150223782
-0.5292996010166562
-0.7183173841220002
-0.8055789271960162
0.30379797070968434
-0.6899340247210572
-0.7771337391978097
-0.6780814093725385
-0.8314722712346133
-0.8130793712112951
-0.7371053360157991
-0.6471810253312997
-0.8093101420416818
-0.6276333111394464
-0.7476333741612241
-0.5037431480895425
-0.6433481451375783
-0.7486806911955387
-0.7667754453052916
-0.5138095282293025
-0.7981406219101671
-0.5894227051033354
-0.7794359027796348
-0.8709798367303777
-0.5998207574834489
-0.5418343363956687
-0.7659313806911872
-0.8306423530377789
-0.4784861718738303
-0.5369076932279472
-0.6098544566693549
-0.7994200200580043
-0.7642452157615302
-0.7932164078158186
-0.8052163206807618
-0.4247961842471556
-0.8646486768791266
-0.5452216306730041
-0.7536803737419517
-0.6216674333347273
-0.6540307929131148
0.1511588826297957
-0.7450929699560199
-0.7844659013154681
-0.603065207160266
-0.7560892181377726
-0.7329953264385268
-0.8323640798340365
-0.5293425707334073
-0.7737890475884266
-0.6394315704145637
-0.6110255421774202
-0.8512688046929009
-0.5937583154652892
-0.7321641009934502
-0.6528122052226863
-0.5495771335916527
-0.7938470003877511
-0.8290056666899113
-0.87782479422801
-0.653892888249346
-0.7916719224321475
0.8471315288978852
-0.7109168806407036
-0.8218608765252179
-0.8057103939546093
-0.7717299799760978
-0.7536186799745465
-0.8097211084277793
-0.790103584142204
-0.7630229321720647
-0.7915126847643507
-0.5646316580784417
-0.8311749440054286
-0.7920322899329566
-0.6894838873746724
-0.6221770570964456
-0.6057131423503441
-0.7544265453783509
-0.7664796787646129
-0.6923854043378657
-0.6244149728590861
-0.7439933366688678
-0.6448322658774056
-0.8488245499039202
-0.811085348273985
-0.7640898808674346
-0.765009341325075
-0.5976578000847987
-0.3247978680697899
-0.7976567865639832
-0.7641116355711446
-0.8225009791494157
-0.7029059300928397
-0.6304712762567108
-0.6036764443550827
-0.7530238235200873
-0.8184593885782322
-0.7140190376918544
-0.7360271485725686
-0.6304225351654348
-0.7388773408050184
-0.8173699618958675
-0.7746015316199787
-0.573196166552293
-0.802521106822286
-0.2595858616865701
-0.7211742983302781
-0.8054712301813144
-0.7605831220854533
-0.6536602808445372
-0.5089063224532714
-0.5502086588480832
-0.8098432697275079
-0.8108720473689298
-0.673835659527238
-0.7985245915716219
-0.6194384586634789
-0.5781055226872795
-0.7488574776461895
-0.7818233257330582
-0.710703011849537
-0.5816954875712501
-0.6120415861261397
-0.7384329983357295
-0.5422449316991033
-0.7308091006418844
-0.8178844192904456
-0.8192571437498728
-0.6219624079188572
-0.7373289679883535
-0.48227893242815023
-0.6821562670307565
-0.6957542811912426
-0.8298739736869302
-0.783450667509621
-0.7118921390163998
-0.5361146997806586
-0.5865716545800144
-0.825990611365523
-0.8479559943496033
-0.5423255389398212
-0.34528172822159653
-0.8044897812370359
-0.6000226048974302
-0.5767316280093773
-0.6626188635003724
-0.584005921651719
-0.5248959483392033
-0.8219644814928608
-0.806042973544718
-0.6771568542338745
-0.6277393808176037
-0.7513492663914588
-0.6432116420331193
-0.674441150784806
-0.07524686920673192
-0.7584644565011077
-0.8306004919411581
-0.7742103153213215
-0.5242333052967177
-0.702179955909514
-0.45237964733371594
-0.6582200380535222
-0.7009011127817437
-0.5474543581903909
-0.6465706683966417
-0.6220258575171959
-0.7487096902328051
-0.7077656308710253
-0.6006558717992464
-0.630717969151069
-0.5887412219961667
-0.7641040706384494
-0.6797424599527769
-0.8062238521617341
-0.7879271461688783
-0.43018831084713277
-0.7946627020856589
-0.7071544050966926
-0.7886998379768138
-0.6863699845484483
-0.7759892809202424
-0.7550364499154344
-0.7698421314255167
-0.4891187662552878
-0.4783563287401106
-0.7352840510341896
-0.4855120305860775
-0.7577758993882061
-0.7090001286838882
-0.4852930150027444
-0.7812036539584342
-0.6940192854800394
-0.6441079538454568
-0.823274119766411
-0.8012661700899707
-0.6932163430713293
-0.6552886819607376
-0.5579086103098568
-0.6833227933877501
0.4202326399658486
-0.8095640855413334
-0.7833541298655774
-0.7685978722470592
-0.7613196187260783
-0.6983422108265112
-0.7638047029954714
-0.796959306992636
-0.8075919010756486
-0.794602736296705
-0.7678800021621845
-0.3750323095867802
-0.787479355928135
-0.5791728106741343
-0.8096367016144184
-0.701008440129067
-0.7313673683472027
-0.8146911850871966
-0.8198087809316861
-0.8008546750771642
-0.7590559512447932
-0.6072398937392107
-0.48897808947343896
-0.805722153416516
-0.7750692307098064
-0.7201471812314401
-0.6905349154405312
-0.7842028822548818
-0.6547380284198726
-0.6900694020104058
-0.6971502651770857
-0.514418860254261
-0.4664681400339245
-0.8009081923198267
-0.7506534532736274
-0.7204402306383039
-0.8029728626081293
-0.7346011679161107
-0.781187573782009
-0.8103628540321428
-0.7240389055268758
-0.47110119943286355
-0.7062492852168081
-0.6935445317468307
-0.6465668996694979
-0.44768445415211416
-0.6344423436821869
-0.8218991816344019
-0.5954938373565423
-0.8106405154311705
-0.8422265225316042
-0.6294864494435379
-0.2401351755242939
-0.7836686661875578
-0.7752125621056227
-0.6380603311055457
-0.4130239782751687
-0.6068487405077954
-0.4220940642889014
-0.8158896238887189
-0.810447329366057
-0.6335058340160425
-0.7817996324729656
-0.4761722567438558
-0.6520064274509856
-0.8167187876732446
-0.8166243845340657
-0.6269493262248312
-0.6602082282409126
-0.8062984114053608
-0.7827962595138553
-0.6881323300973567
-0.5626277978241414
-0.6783893577944159
-0.6288441481035667
-0.8102324866637262
-0.8065698735843543
-0.8415012454538017
-0.7636739896034554
-0.5476808174062774
-0.5562103889977147
-0.6243658611053752
-0.6148272476871971
-0.7706718274881434
-0.5509244929593309
-0.5935228154534224
-0.5040985158677712
-0.40279342864787754
-0.8317053501088096
