1.1715037675171918
2.115498360488136
8.59442057213234
4.007992731863494
2.474370619484606
0.9776828786104153
1.0925869428046568
2.17729813808519
5.297224002176585
3.2185732973763677
4.549927975559865
3.6070759631929943
2.073635595218763
0.5675107777245691
8.313573438083242
7.155756153235911
6.0902762086553555
6.190949931732037
3.604871419761073
4.928462953541495
1.0471388058761506
3.8204981628848804
9.757987802061148
3.6683106830390737
5.276128747838581
2.781514267414991
6.660417253956651
7.57658715736642
5.668561799254895
3.1521528858138144
3.9400833681816514
1.0608324365381012
4.914983212894935
0.5100463379917723
3.349900465206646
0.4029647866937046
6.785607700863038
3.7281992358022746
9.162447732941347
2.377477121220573
3.767391690935563
1.835278995797084
2.1546831860538576
5.689140690077833
5.851851694188964
-0.4556903020948538
5.708666952204236
3.1754820469963465
5.401587762390581
5.214619751209464
1.8221033287410004
2.1547707662776356
1.446783963482639
3.3308487861111997
2.604130438721514
7.490322305081996
6.754469731466904
-0.08286595950232009
1.067153262703346
8.466977086175854
-0.5576875982414979
3.5903958884487093
5.990767237078689
3.126297439234225
2.368148290649124
0.5309728219719871
6.1079146700675935
3.4109940913569066
2.319695853429998
2.7387843154195606
3.3031829055044026
3.4115325060392303
7.113686318996436
1.978370919295548
3.107990347951948
3.143550882588264
4.9845146534359435
4.341380175260316
0.7159428532415402
-0.48078086171380285
1.0992687265214802
0.19989380716659677
3.3156803537518598
2.530072040504268
-0.1615970874358652
4.627793269042545
6.513774187643243
0.8546860190475554
1.0683519671763337
1.8607985011099784
0.0982071819645366
2.7741150898414846
2.438167050668896
0.809789090993474
1.5894726822319838
15.43418131071482
8.228097370056233
0.6218760912134931
3.446376520610732
6.974564333892779
4.630403780163843
2.729501530910246
6.694771753726521
1.5107273030071395
4.549522259034969
1.8785882542181789
8.022347581825036
4.846287081796314
3.248087399097903
2.5821096844154487
4.389333764621629
6.446831784832531
3.1679989461843974
1.1452614142933768
0.95536370012605
2.4770626723111873
1.2249294441235343
5.142616140990952
1.1275493992100285
0.3387836241517198
4.89973649415355
1.9919494481627047
2.9853606802403485
1.0047327615030361
5.359518052059538
2.938724270086409
6.055525712532656
7.478763013201739
3.6620153560864734
6.683378420160992
1.6873629028477126
4.448735034869505
10.426850670322906
3.9307154032644886
4.02630828797982
6.420035480224637
2.532398698500498
4.4770857040802605
0.75543089537192
3.10239007862622
1.810060666178701
0.9342605053059869
1.2571250836912589
4.337386396631233
6.081066101612902
4.815820582177839
2.1286352413819922
4.999312633417275
3.3428314906414247
3.622639624667083
1.5498862144778316
1.0790162179440304
1.8213342042732903
5.856954480166666
8.232050307653802
3.8934900967310053
1.5728080414911818
7.646591532401617
5.4771481607311605
2.917531439066463
4.916184925905009
1.4739952575876631
-0.7683951276161274
4.775448145298721
7.5326623460421605
2.3151579365569743
4.663343830140543
3.6970493750037985
0.48338153540576423
3.25624887413028
4.5987300775626885
3.937783742672825
3.009420011643468
6.0869872307222215
4.443928893630679
9.004680276477682
7.740463842971234
1.5390518791034384
2.1236852139600293
4.1224089461857885
6.356575835084459
6.6034970561724995
5.828276669974853
2.8572079083574224
0.9370573569052507
5.104517254704699
1.2568098170894557
4.680952990160309
4.018760613100437
7.864642539302035
0.5279438320523981
0.5539800338029768
6.402835108678808
5.260149676641408
2.3504580026884367
4.713493761883238
0.646824846326137
6.068670404957277
1.740642334255015
4.383467393315218
3.3101921499291294
2.7646911069977356
8.59199958158757
8.636207006225515
3.982654811800462
3.2499028086906927
1.8606961582144566
3.9816209960412783
6.362028979846812
5.869694624606698
12.570233052373668
3.2813502529673015
1.9668728753718554
6.40887795556379
9.435030868732213
6.643591775772583
3.3104643625659027
10.447002935560505
8.730753659589288
5.251624896466736
3.2396565968982656
4.441688305029374
4.584756655695594
3.6771005192300863
3.338147031306318
4.3469030918499
1.93280129870416
2.8493019992840622
2.545231365109682
7.488003410862493
5.635448012367038
3.205035977296972
4.994747561266224
1.576161961693126
0.9199412915534348
3.8398939228831637
3.59806858605673
1.0605383283365897
4.983934722273029
1.2009219712797166
8.52176565998173
7.124680129666955
2.8750140179005825
3.8567828166043507
4.265915868554871
2.5217982172500437
1.21717424965836
4.16133075602935
1.780650966732537
4.019430137574457
0.053206514180910824
5.548793863999859
2.276306486619931
4.315570581872455
7.402125480616242
2.870088682054883
2.858799809665679
0.9749427004892063
9.667446839136359
4.377042692658607
4.323994005458163
4.3180435910456785
5.591390352277793
2.274566429503825
5.323390135319198
4.3513252453528874
1.827413540017965
6.285743953572355
6.264744997023619
5.712659262302296
7.0631948098694615
6.160696912883258
3.8527476069541877
8.080376027831853
7.9999576279565545
4.674838647687919
9.429372586698971
2.8834178634499583
1.575428734173857
4.526386460579468
6.040513587200509
3.5127708031083937
2.437213415507444
6.7866216430777495
3.7300902345482583
1.3173577825525822
3.3913948560537053
4.48504500996222
3.473212014682657
2.1820641593584944
7.221469218179751
4.06050740529364
7.130843049346077
7.569550306529791
3.285265863869939
2.7664522472920625
0.42097348536130774
3.107057455650317
3.937847823241043
4.417488777885345
14.89777536139946
0.7650159326323634
4.15792911112355
-0.10810095487390692
4.999070192778658
9.650674395229087
5.703319557510028
4.7275501978282195
8.715371514780601
5.809478618407724
3.8592782631138327
5.119946366205221
2.0764974126427727
7.450563604364057
6.5029246753638255
1.4038887691739168
3.2009028961490156
2.7864623130976827
1.0516344669123805
3.441573365425417
1.475165406130958
2.428501942622145
5.078424417498242
4.797292903459026
4.462949073398518
2.2058629316079044
3.8603098919400862
0.8715778910578272
2.926297881919693
2.6026421312301364
3.195734001753266
1.1322867453575371
1.8996135086815444
3.508424214923276
4.968971694349358
0.06847085861103247
2.5604246917850944
8.438242281693418
2.38162948499512
1.190752668885825
6.493673735637028
2.5920805198788304
2.2700007569677103
7.060288500737766
2.1022471506327713
3.7367838717253683
2.7331061052949863
5.9726862027827865
2.6729975282074627
8.90578766726352
10.671758993672768
10.398221503181997
2.9745598722259667
4.571301903890628
0.8415325744407762
5.158534261337439
3.0778381178865093
4.308294408323979
2.594353848775299
1.8345426186011542
8.48788719558602
8.951393928628224
5.369523565169358
9.9534807916322
2.1078398789575887
3.7524261804773302
7.2404694699647525
6.935352836680873
3.5431589438591633
7.334225345432726
6.057638885535759
2.3889102145259384
5.416066893163876
1.6177511623451646
2.8009406422761813
5.757088890091071
0.9555832811192377
5.39551428961758
5.154927460550596
9.044461220391288
3.7481331720271047
3.632286056222006
1.0359615747073347
5.336533049101485
1.4849955593601623
2.763800101651944
3.2057646516704845
2.10647937925198
3.9039451592692807
4.334928043523724
4.67780738765902
-0.47173743459212975
1.273773765999699
0.7998238451521149
0.42311815545714504
-0.8243358801193055
0.7922677057674254
5.09867506869368
1.7583325427591667
6.405995923704908
5.314321274400326
4.553064481566957
6.190062155610897
8.080990454930367
7.921419288876369
2.6233900513185224
5.329035257815414
0.21862283174993247
2.690087028671728
7.206934264960241
4.262859642540566
8.136233751881896
5.376565018900897
4.480521513124382
7.8353345321418555
2.4429510750881627
0.9575392746683341
0.06849582328144968
-0.5023308786544828
4.822755302336639
-0.34367913166577707
6.104268551578581
3.6070874503546952
4.698743991723212
4.2026502625238615
3.9244134306869527
4.718075756378037
5.068096543892495
2.9543025019987574
5.735652762305448
2.2217433830424658
0.07168612081247713
3.2194992664939757
0.8501710579675762
2.6800706508059693
2.3847168820773
4.562222653273707
4.117592605524869
8.155043581253658
1.011248057735467
0.9009458627690099
5.625849057109129
4.634564179741497
1.2719162102775703
8.62871528123776
6.454951029009747
2.6953717578196144
5.509447364017863
4.173432107187747
3.9185024679213725
4.6723698356647985
6.232890807608363
0.31384720992304377
6.386526590831442
4.838060198330117
4.152589546950296
5.8609747771642295
3.299281639344659
1.661691067115118
2.8549407252588535
4.924952797549412
4.264719108612747
8.311862248317802
0.45912436178586613
4.80970163883074
2.632637927438385
3.7915712477316013
7.919651897954681
6.142535526313976
2.9585984264368
4.518601879000828
1.476936104839397
6.5740067605037975
2.3658935606041314
1.176198378618596
0.31778318665911687
3.53554757257142
3.501779892283534
1.0404100159121836
1.9317753038465746
3.5401453845918516
1.0137234159745894
2.5596178136259833
7.608587167896713
2.70995615965192
0.7988626175957633
1.3332736336201592
7.114827095857713
3.8269500512655035
3.8116756781667256
3.975578872131619
1.538534502569204
5.053006819368903
4.394618836746123
0.4660340555603394
-0.01644078663975912
2.365383256463372
2.7590653835946655
3.4066138837248907
5.599400029054312
6.8820174026345615
0.6950138161621171
-0.8073843504338382
4.1921911172835715
7.188196443048213
7.503419456812287
2.1984098708747397
8.329305783997073
4.65833231291413
3.4364704223404186
1.5365443142198054
6.084114370676486
4.806960332942995
5.698302714321634
3.0849223050150374
0.40927347081227033
-0.38035174064989213
1.8783384254682514
2.6164926250242537
2.319835817167844
4.351609921543457
3.1934133426979345
3.0817737611862075
2.709418813343739
2.5537532957064606
0.6588556640937944
4.2295183937524135
3.4925740757566697
3.663816495172343
9.000713520551985
3.902110001242815
4.485391973908502
3.3316346907729053
1.2584657151258902
2.4266610987309156
5.435978986223429
5.745404019927712
3.6575475691399597
7.56238622012739
6.44530440608643
0.7183153840473775
3.890064705646165
1.143445704608633
1.6863398869288213
4.177078170118697
8.05760169404109
5.641736573421817
8.217433645904137
2.6767042356519726
6.540370089983822
0.6037534521666831
6.726779969505816
5.286906882028519
4.693052626968399
5.119247958917455
3.6740267448486197
0.24174879690834827
3.0862370477708856
4.991975124627318
2.252922898542787
4.743585262014491
-0.03456500095074144
3.5836643748333046
1.9874525883228173
4.171404242867326
2.1489703044231225
3.4497478949902702
3.5241100082976393
3.7393135156073
6.032276475472096
6.168878535287019
3.0441571447129037
3.801540188452919
6.035540706913263
2.4645211155761446
6.099550344346568
2.655020592892794
4.015690444868446
7.190780200204313
-0.6267678537763905
4.692189931879566
3.094191519841885
2.127336099296315
2.1536818767577124
0.47315747046093193
3.45585032136814
0.7569054524151703
1.457534258862451
2.314790423422397
5.4657674664512825
7.859725112707923
6.946475998380233
4.336406543417829
3.115660573642355
-0.0555518797212986
5.460307577538637
10.363176403107957
1.758753030986585
3.4535710085360876
5.074434034042042
5.643143354434417
4.8020360639281225
0.3894886539848195
1.6640850124505362
4.477362214281073
-0.8470679445852803
4.631649042639161
4.917657846903883
3.5769113079321753
9.112525266659611
0.2691555464909153
2.9825768194192435
5.362020244163889
0.6166506964155551
2.4458809560275867
5.675075235129447
0.23900527246315323
1.1122063828424011
5.2460563717553725
2.4292091516695415
3.482911215529361
2.9175339115924217
4.7157658058070195
1.818265536628777
-0.7702864081004895
3.47821917253149
6.3391416126538145
8.461208995514196
2.797383754536624
2.9756006347678445
5.807542455901579
6.713977220755113
1.7128387967799363
-1.042323794039441
6.108655053505299
8.650838487386688
6.291961822303868
2.611335734379651
1.1723149304694558
4.495440370641328
2.649985610646757
2.324051123274109
1.7861246517154639
0.4047939214030667
1.6998934438560949
6.250686100837576
6.2607614484373615
3.1626746558173227
2.4143352544317938
3.443656259413719
-0.7497373627385704
2.8985900801738382
3.725972776083885
3.5884813999697056
6.634797171910661
4.069391424408982
3.5802461535192376
5.402860492337579
4.002568281552104
4.712120351352495
4.749515517689888
5.60030316106983
2.9823953951651934
6.627180627966045
9.418266834793906
6.327392005856155
4.7249877210267845
1.0829384664319983
6.0732463959128475
2.7421542891299424
0.5242172724482098
0.3549172483419266
6.981330504924035
0.9796359208132532
0.7537820206343706
1.5677123820991303
6.357105443282805
-0.04798283004807774
2.3814654495681156
5.767235352805446
7.418634594460597
6.066684171777963
1.0782124331472303
6.175719356533731
0.7735813973005111
3.205228524303888
1.3493428387572908
-0.6346526197355093
0.8999838885800255
4.017625176170948
5.560632779437187
6.528495302097125
4.280810976733615
2.7205172046012214
11.842169082254344
1.4650284394086517
2.560577384495021
6.498173415344767
0.8143293492830926
3.541149379094
7.347853438050566
4.016666512410894
5.489513204236173
1.2198935861314937
2.702985429414572
3.3681492754348614
2.3399485780982006
1.6754180465734294
8.614822131578517
5.081791239274292
2.628555726380073
1.390450441999656
0.2282961641364273
2.9951155562075966
2.3627247406048166
3.1018639631215974
1.5214862906002153
3.5029947666252044
4.188146403585365
5.9716329939422845
4.043407901383075
3.074566149351916
4.297531373389274
1.1390709575812703
3.1230035766777005
3.3435532002372934
3.0504601293090126
2.0909294902210998
2.4164119319075184
-1.035952504914933
3.6681738953147227
2.110653808990323
2.7178742370721802
-0.40109810080312414
8.07308214357003
7.13918807074297
2.8648420038022997
2.113924506404418
8.213189404245146
7.002933336136235
8.313038122069178
1.7626342775952435
6.333968976570132
2.0654772883778296
1.0509651990664017
7.139366290437511
8.898491363835824
4.2953964748054965
2.3954934914672115
5.969921491230187
5.080945933532075
-0.11542814444881028
1.4122096316028345
2.762690789961806
1.6128744861545186
9.603774517332067
3.3029458671166427
1.212281077569532
4.371478742048394
0.9369749882962193
6.810438840120547
-0.09819863722699029
2.570274931950887
5.007382827719258
5.862497266235662
4.816580505653657
-0.5957470608593114
-0.11700194410112144
4.638557655298435
1.4137188023508505
6.923289353980003
3.7788481228235424
5.979248601559677
8.015021532727392
4.313916793562777
2.1109438964681653
1.1165585119405972
2.2937678833767854
4.587692731084614
2.9834591040312297
2.4216412641144727
3.287123372228518
1.7647808499249562
2.699099468830125
2.274685137102271
5.9783229404629905
0.9181143259543771
3.2117439196312696
1.8876712936719091
3.3518512535597407
3.8748717858668713
0.35702450631856564
3.581055962342573
1.1103481590371942
2.4305234457203766
1.3981300075810612
5.170796470188995
5.716892339176458
4.590215884943166
1.709214507694976
4.356504174790658
4.770142079365803
0.805302131968543
6.745737582262906
7.028304915539144
5.3107342396625405
0.6706157639311091
3.3145446509401157
4.50097237469811
0.1027461303434639
7.6329405652044136
6.583889154023376
0.5398260011591911
2.7495904503964015
-0.48240703614697145
3.466089235482053
2.1765213938215133
9.149082127874262
3.6872000610085616
1.2537268725024187
2.503368954223583
4.626381731346349
1.4216449843000898
6.467416755820229
5.006044177955108
3.0670328583470825
0.7013652961107503
3.436106657721207
6.416347552175546
4.944008859959071
3.0826086391548166
9.225195221804364
5.424851063615311
3.627830257919933
2.440401998011696
4.866673021302313
7.9558964857661865
1.2748527638583012
1.5914778137495973
1.6370403542904506
9.790012894747871
4.4525276141408705
5.115157883607875
0.9975022695656726
5.755811282521518
4.186805278629793
2.814326179679163
2.9876302942879374
1.9595370334085336
1.4117253984206886
1.5476561444429318
3.097620381918906
-1.7134899161522958
5.751251313541864
1.9063405150466628
4.742747700379014
3.1062876990225767
4.871248138975868
3.138655021194752
2.6609524818060777
2.1840408007572005
6.818657992681512
0.9121231132685756
4.421383378017167
7.760178429280736
3.1775489530385084
4.798068440417879
6.172623287024979
0.5641631107822761
2.782716182499889
4.134146876974831
0.9532323477762138
3.104630711104976
5.705718528832662
0.9117901454005692
4.12900835480168
6.794900554360566
0.8749285848407026
6.7507556538229645
5.5499371951110135
3.919267123291031
0.27094291347850114
2.4128334884770717
6.088572943960757
1.6446838659836764
3.540602245878225
2.9905618401373504
5.2806223037851145
3.882481310034387
2.324391351788475
1.1098107800792179
3.320408750668498
3.597076113218078
4.202875718902961
4.52202617699383
8.953005510746356
2.674815958948783
3.435175392696233
2.081265920005215
5.335085422008224
2.7352156048106506
6.263316954814491
1.1843321432435818
3.3528787887953704
3.551797693566665
2.412534371936276
3.1734960536817547
2.8358756574354445
2.3417029259694573
0.6506014139460017
-0.5687535478978222
2.54755369466349
4.4613356808394435
2.1643379418219153
4.47626073117378
7.320283349821314
3.807851646131106
4.799799307316318
7.417991091952001
6.3898277848121285
7.785178555282789
4.666041333312287
0.7667548843541367
2.4475490681979917
1.9603492716911046
1.3356091749693881
6.03702477127413
4.161119802922645
5.719061810638689
2.1279015378502937
0.8261861815157894
2.394660989972799
1.9949850886773168
1.127952376088222
5.4435995115266
7.00567277531011
1.333320718755254
1.9065289232647795
0.8088549484742835
5.149759907076627
8.280966377063836
3.538949875809166
2.6074867145962033
4.394625019486593
3.781698020479382
5.297206004907771
9.576587456585038
1.1432222758878816
0.6233286977299801
4.5686661565326885
2.2816829402383916
8.037319919577476
0.016124016946197917
6.275835852399361
4.830104569326784
3.4375376226721857
2.7524500844063677
6.345791033575635
0.9621827603358796
2.7911408874192603
0.7453311600421979
3.934222413673589
6.628854990832555
5.68995883927142
6.2196405154861445
4.835217162935283
6.052818178010933
8.396405146858616
5.006234269809279
2.517923578743912
8.369473687000951
2.535504340604618
1.6216019812157654
7.005014998328686
4.38816914413304
1.7490087556145282
1.4116475732582954
4.29994981768498
5.128199972733867
0.971976262433643
4.276456584218176
6.682603496197264
4.459279385891108
4.347324770557425
1.534733011881193
0.881271009404532
4.7917716197052975
3.793783587733972
7.338427409437678
1.7362902487377334
7.116995884062312
4.249635950144004
4.442333561275213
6.144643171032904
6.763712457600372
2.684393361402176
10.887691350807284
6.63022606875933
1.206950676955969
5.376714139230218
5.579468167464709
2.89838243263666
2.1860061837971765
4.287271133166915
1.4956922317790853
7.403286884741999
7.61179363530006
9.182184344408107
2.876365731600877
4.427829276417143
1.0608287290973575
3.496437219075125
1.8530518851172895
5.533611961584646
4.515928627046565
7.746519926965678
3.846847719942667
-0.9036771765101219
-0.31064082855307723
4.352131518046016
0.9636178997209931
1.413181399123312
1.6286869012393153
8.051791177246294
5.89802314753401
5.442383234278652
2.6303931039877044
4.6162094716813415
0.18760841427461517
4.483102593369863
2.4821671962455287
1.7077745849474593
1.3828062163908417
3.3146024309458686
3.1138514200262137
7.141711164060318
10.585155379513743
1.7980310922858411
4.268092634959825
4.791588711869931
2.7003984576327587
5.521186250389002
3.596715598495271
-0.22378934593235655
0.35861988164050335
0.3666273688746272
3.238276113160889
-0.06414164610593764
12.06319645320554
5.096574376095952
3.1008606848173947
4.4250573643151885
7.0740961269549505
8.087568835889817
3.9127196180655925
-0.24051488449516034
7.147122883138927
1.8841652645582991
11.00111546902811
3.7897616806486774
7.291453799665063
6.924504379773871
4.417846542919107
5.498054235521834
3.620363842659265
5.301219102553511
1.4814341465503926
0.3395880572119062
0.4054551608996167
6.590672787023535
9.758672036457472
2.7786657066618434
3.7225779156981664
3.996327235599342
10.935006906227406
5.6957110289541335
3.0473955518427944
5.033029776576178
4.866905843848824
3.079568694795859
1.403553063822576
0.9554238309497824
11.605334229743637
1.7067099436047692
-0.14616794286762214
6.101194852460699
13.874303969849288
5.833484202578495
3.7356376801421174
5.5853324121102865
1.8075144869972932
2.9236074694427576
5.643322992075922
4.486932340042903
-0.7140581781382913
9.34062437867797
4.928626250312909
4.359457812674139
4.004139938997493
4.669385657362677
10.15909796848103
3.1312651036178423
4.325361192604558
4.531755784229474
1.5328275769917727
3.520936005879042
4.398866294916816
2.729765344542596
5.211029145231521
1.5579129527459892
6.149229296498478
5.419875893319984
4.284851319507011
2.1999477825356717
1.0679134566798962
2.6327645354270803
2.0876875995136386
1.478151190223524
1.628694364996863
-0.8818075732964079
4.890375994408765
4.9214381427175375
1.0940575633755818
5.477685456709661
1.4508786054501004
0.33052299162947096
2.810160678220295
2.251478595039681
2.8391330148364076
3.8010892113999013
5.523145953663083
6.591189458278062
2.686439110871319
1.7372483950515165
1.4832102904085662
1.7688587484186684
0.10801748403559952
5.06763744813475
5.666708556744556
1.800390754196221
5.117482495732246
3.3412795899674945
2.7672781275114064
-1.1041940803054326
7.388875465975167
2.1928707208833123
5.0988216795029055
4.980182118451138
6.422834899726157
0.3376418549713869
2.306550026946798
7.001779968027554
4.96458298693499
3.051390276090738
2.362431016087528
1.1373238485085326
1.3670411700863232
3.7549290053331945
4.4807351761198
7.581166037376333
4.923019674383526
0.15890934129022216
3.0230801301364316
3.0367777114972174
8.312179722832033
7.148066656014534
1.7377660869653972
15.18435461852969
7.189527874331502
2.643818279084797
3.5247535474170375
3.8294402504161393
3.2669240100974593
4.593728175082685
7.7934635112240525
2.192503272902864
5.624964535646783
1.8075540109518449
2.5202007527754384
-0.129854059524176
9.669720825936674
5.759879773512912
0.1993828833919441
1.4658170018576429
7.632784903756015
3.8231102754354365
4.872284999683197
6.931842174944868
2.4363645054055074
0.44700357390998424
3.2130124786438476
1.5051541681864307
2.6711248313603795
1.6901684705113924
8.064773426666774
-1.0026778969246661
4.70365560326113
7.2100535004785
1.8540372283564386
3.5103353950681835
5.7741532998406955
0.6145031582454066
3.4936588817383694
5.910541254612224
3.523738644872968
0.5893741884698154
3.6227477661781133
10.01165203879221
6.631660306119846
4.704407313188701
2.824988953508549
4.459980023380738
10.696011649970801
4.449794842804502
3.0159690865015882
4.089343370470928
4.6190678140285355
3.700601250876696
4.714733883702589
4.155639194476689
2.7401463246879647
2.38050982029195
7.6874052749360295
1.8073093827930924
1.1404445923984756
1.4125086038984505
6.378970453656292
9.180087476924832
6.927247530695682
1.2359046546986103
0.2054812557881251
1.2608148734607347
2.7843741181417263
1.4831517520486242
3.4632962906036413
1.049858024149253
8.838217465771574
3.6399067703321184
3.6944279902809214
5.177219177485034
5.011934780977516
5.533981068195144
6.349343349873281
3.0870674140276333
3.0236448770113666
2.3465802202916852
5.294492391423772
2.8689228904781463
5.247815817894667
5.5502152681123675
7.052717228617144
3.488445329751622
8.745409943196446
2.612491797595105
13.18727232305481
5.119798676399756
0.8849208943899697
2.5046628969912277
10.577017443686204
5.357370390674784
4.160118102532429
5.898687686830094
8.181704583720704
2.636869348267474
1.8718111567546398
5.1685338470777165
7.137146362081094
0.6706610082380694
2.8310591806631638
2.0721034123740263
6.513644582198152
0.2672524166541216
4.639967613143347
3.947885696621798
7.952492988078672
0.5683503788787696
5.944721976769884
-0.8325094712409139
1.438407179114844
0.24532989633072547
0.33557345534530236
1.9099710992292136
4.949635067358452
7.086997016996424
9.082441200615444
7.598139844590146
7.653831681680558
4.08771348680451
3.629092900800139
1.3371958375736852
3.534296931664149
1.8694281861566797
3.2509767507538867
0.6932503511922956
4.320961977152136
7.530271326919599
2.562053675541768
1.6028903877082397
-0.5303049793821145
4.6358588663678475
-0.055851896801982326
4.365758108354702
8.540126037540233
5.6401953879852895
3.810942535198522
1.1446954064359438
7.170231183161426
0.28731211597249545
2.498297523656076
5.116233452226567
5.532536221182567
4.12613935229861
4.018923476687154
4.805365517216321
3.797000670805976
8.500755291530647
0.35654648925563626
3.776038823642324
8.292012833107137
6.899579670591516
6.078973741579758
5.012146125209582
4.682150505917505
2.1022547331875217
7.205233117073364
5.209011896348289
6.424813510471725
-0.28137270645681395
5.06465790583394
3.6345069520890854
7.072918007265976
3.3022905416950863
5.7011009825506145
7.4053426258019375
8.78444001048463
4.275571980649267
8.592895532439158
9.869812186209575
10.993000083445827
5.0868647905221085
4.219710455718244
-1.1332641840296012
2.548796571548681
3.1009931754360966
4.226869471142007
3.9449337868012275
2.7095220240241793
7.248548638273395
7.919180816304144
5.86982800202199
5.945704639351615
0.04085614785199171
4.429891749184911
0.8806374385402627
0.9200524660991171
0.8147246740095653
4.678169112784741
6.465192698918105
6.16055580262486
4.559096089167895
2.968891780378351
4.695868754270187
2.340122607522951
5.001924906684464
6.296598333427168
1.364791872227427
1.4334713841736457
1.6159057888773505
6.790680232573691
8.790961159468338
4.649918649525589
5.9359750041015
3.1689776377556402
2.6714050570106465
3.2388989986208867
2.2058312173986607
0.888734495900894
0.4662870163238807
4.91245633292511
4.465800154722421
2.7437637490850357
0.2856139121739467
4.310345657233431
2.8668277732835215
6.951024174937482
6.133709381334111
6.12615994280803
4.592386733160129
6.948113386551657
3.59034726323328
1.8867524689256858
3.4430644207634766
7.09843387133049
1.0732670945364564
4.610423366637804
7.3176832771772
4.934157114721562
5.777810864543015
2.6018658465066506
8.319260173409821
5.1396189240230195
4.532956062183678
3.9941049874532304
-0.10196478175041263
2.051229649444215
3.5808522605758566
5.364867419482753
2.777569536903896
2.6695379865023385
4.448608782257647
4.282972143528139
0.24893448391112882
8.33484830459998
4.1965670177871
9.626090716163999
5.052744302559046
1.0993670878131
5.070220795778425
6.365997648759506
2.7927374429077
1.509464778385079
4.201374661923971
4.070042210629617
2.5354985582171894
1.1158035484537057
2.914219072339547
3.992581756085773
0.8572150547526105
6.917376906949041
1.797888698213502
5.159503064063168
2.3024280827368866
11.219674769890656
4.6535644253128545
0.47817912142361907
4.45507049905385
3.866065415484374
10.428137497241128
0.4676963232279324
4.258086870687583
4.773120732876605
17.011224707884722
2.4201419466180667
4.033117126957368
2.8972597953025057
7.82339359058237
1.1095199455371276
0.6832769101633897
3.0053146006461247
4.253577177065043
2.9118432652832102
5.043809608762181
6.20570597331543
8.221912339883401
2.372200135382961
5.981015344799341
9.690887994100832
2.103058162937887
3.469631219666467
3.672852169380527
4.068380781478334
0.3742835643646469
11.185999742581078
0.05843623431701217
6.853293381764394
1.4233969544452856
3.865488329053095
5.31988858485044
2.293032633445994
2.922755523139484
2.6352702415642493
2.28124819431087
2.2554298554290697
-0.3672199483875914
8.838677944611655
3.2533654659671503
1.5354059942616531
2.342630669458391
2.404332443024444
1.8541232130502743
0.8585138309773793
2.99850420369093
3.330054839334217
0.5624836115072119
4.2930515153611
0.5630279770061855
7.807952432019756
6.077923396880422
3.122643883856023
2.907723822008246
9.667226797492265
4.776519412320475
5.495257580299268
-0.33285674428138745
4.976242083443463
2.4290603191149986
0.5046249340304166
5.108215459408106
0.6757951189439624
7.281797253588438
6.406931040227701
5.572652097968383
4.02006847520468
7.904448315413844
2.6377498175206955
0.36736649686553347
6.83208112651457
2.1266844616379488
7.853825089696656
2.173612744473566
5.122454180762509
2.306729690879207
3.6385820519696366
10.158175306024093
8.846808907914909
0.9408235247944016
3.5513263682480996
5.259456836661084
1.7247572837847427
8.870861792854061
6.984440726176254
3.4709515743751287
2.5598001952120106
10.685097068330954
10.017036976689903
3.3768032071070904
3.35748151042343
2.185325733579827
8.660362113002146
3.0742770726946294
1.2939050200324524
4.04202398289945
7.343923810277817
0.9204796106718357
10.149592465622206
3.597656940338269
5.527609635022042
12.259285945523475
6.149461281181933
3.35939917583433
2.442173546263333
8.57858202553274
2.2865742551222454
-1.23498918484519
0.4703605458420257
2.82262504726876
1.809886298714316
0.1068207915936829
0.895345742946644
2.935280367705029
4.815711147823869
4.235973179794682
1.559584400878883
5.3645413198111624
3.3298155206251625
3.326511567991574
0.5071601083906816
6.599350839307274
4.45717647850131
3.2813871669690697
2.0364210033807444
4.6665573056964815
1.0852996794911542
1.5659682626308828
4.7971176039044945
6.537150763880009
5.52564774889143
0.8250293050060756
5.4265495714069125
2.1867587311237813
1.7467527385839405
4.454516359609871
10.97747303043171
1.8677378982721726
2.6270125487898555
8.163582895559937
6.2379843214285255
-1.4275418157667747
10.52486131933059
3.7180433411158207
5.130322770482419
6.339371154117877
2.119422565434823
1.4548428771532613
0.12402927795859273
4.158284776312345
4.777605472905754
11.879465005434746
1.548063051504523
-0.7443835024959753
5.748165767579507
5.806489178332586
1.8101827954180776
4.975642526411611
9.937448111210454
8.727056054417313
0.45940896787151947
2.0386313350085774
2.7045517209877774
0.8015088217459878
-0.7983267907772542
10.886489651693582
4.196482238901062
7.051883950765992
2.6802959806749085
0.5331717618229611
3.8694571788512513
3.6071212147579312
1.0877573533658353
4.100761227127844
2.4516987380405837
3.986721417298172
4.50516696417073
7.231415881306786
0.5199433248588087
1.0686483329930094
2.468843477733191
0.06148131690243211
7.108600504053189
8.099031700390109
5.811831652195103
3.8369122455193714
9.786573087451345
5.4447720142239255
5.591840453301063
3.463079616258656
2.7578899371781613
4.774068176466538
6.243305667492544
5.373630400836035
4.126043580741121
5.496782612306417
4.832447908192564
0.2911207899410505
7.650541617740965
3.4861396685383217
2.2644422266357016
1.5356011757640926
4.760935680537558
5.447529580994952
3.702568571918684
0.04525265192198075
5.12761701838225
3.442092272846497
7.134547617586944
2.729962480519709
3.3605774193869764
3.3020505800420636
2.024494189890179
9.007730022817867
5.702040189908535
6.478172420883725
5.512340774605169
2.240856720048751
3.6132576966464054
5.852232649927995
-0.19947775418244706
7.478018124819252
5.499580115843484
7.484687402062907
2.770231581280098
4.456965660012258
3.1876973739729295
4.099029265149244
-0.02395446959874037
6.246108592416142
5.755721815957449
4.580131542765402
0.9315678122718033
2.4427134839022866
5.541909993741095
6.069101962036783
0.8621984590921906
5.944098417491177
3.995837632044342
5.150527413209559
7.391834274076084
0.8821872202701586
7.404945377835092
5.234343869581721
4.029360609717139
1.906117481458237
1.2683784902495705
3.510187078266598
4.193153567514992
-0.8332422723003867
4.972151502017601
1.8573749221459057
3.931311246623074
-0.14253500305159134
10.600122394418188
1.0411532751805985
6.530306653972346
5.44823885123747
6.8587495262241704
7.287157958877826
3.4599368387584515
1.3065282526787767
4.8826521617857646
5.640941604710992
1.8310845276686902
4.3540583962476305
2.0357785833124242
1.4788678927574122
0.6204018222661604
5.4294771977957375
1.6588613205133598
3.6247847956065535
6.7596248262274035
2.6304771136934906
1.9361129637464651
6.490537230598195
1.8680575694696928
5.012858785607961
1.6970647828885619
0.32798598681216007
4.041932150783086
4.914883379319369
3.6226985314648417
3.6640291311093955
6.4110114302730965
2.5271306457277456
1.8046287576365423
1.170200450993155
3.2560025662858414
6.692262611890278
1.2294438655299715
8.004168625854918
5.691915846530771
1.5953860351925124
5.033683439408365
5.345619779630865
8.470051902091233
4.872138771500833
-1.0772302000382386
3.6869578175042217
1.479684655335153
4.025304833017566
1.7619625938655177
2.7775741501378235
-0.7195642726172139
1.8399337154618784
0.7565431065099839
7.061984064397574
1.4835099290644447
3.8610002927932765
4.969014044049118
5.509526714531104
4.0187590776663855
2.845307735728235
2.4028736065402683
5.437583045443821
5.22192202825011
3.0459500764619283
3.7565289056952396
3.9836756274827856
1.8039077904472367
7.178252209265587
2.7009541863545725
3.358595165281768
4.2700454454486
7.342033694336399
8.563781535182226
1.6597915219947894
4.111721647593582
3.0603608947333147
2.3982839726660026
2.546378199714483
-0.07835598946578959
2.455891351245761
6.903429725458324
2.9975738927843403
5.020852580805305
2.6662053446341725
2.8753259297276914
4.00222936522519
3.10045924913416
7.131543216131053
2.991116369213488
2.18189313556703
2.254476780290637
2.64451602265167
4.043870561200987
4.610727893492298
1.6134680614517076
1.5011043311724253
3.0342530799510006
2.2836824032965874
9.004942078666831
4.436515032938763
3.55900161502592
5.457715304612281
3.991981198063837
4.687236179224736
2.8437011634021983
0.9490744444626283
5.47942438709302
3.7795574287584124
2.218391564473018
0.462021917009731
4.806206978370733
5.29482390486687
8.43522238237852
4.941125996213514
7.485730904207582
1.5103542920832187
4.124623654344434
6.961010128002329
-0.13070438185722746
1.8503824050087374
0.6980607244990102
4.983206598645175
4.86274175224213
7.523955360392806
4.9553843335976095
1.7507855568072073
0.97836816820531
2.84540869393365
4.994203717695887
1.3158793307130923
4.733528971900447
0.17378930976581652
4.663766486566646
2.5912657405325517
4.034967104178042
0.09553473432595205
2.3013179219880766
0.8279835283751211
4.589716230984922
8.045116150070811
6.4680295877879495
3.048909359047489
2.299677861430203
4.289542521391584
3.1974830774021905
1.690988865182744
-0.9448807651950515
5.046814590251664
1.618304184896866
5.181631082799523
2.4675204443190446
6.9246463539826495
5.286689808089913
1.640330866386421
0.9464199045965159
4.559410628655038
3.8243609902797444
8.18258547379522
6.595395957960111
0.8002487045956643
1.2370519059164466
1.2460204772613719
2.4110851954244237
-0.4673624864544898
1.8294874664198901
3.613935783380606
6.911976107494567
3.116689922584725
1.7597120018470995
4.331704845334464
5.953789549425142
3.142612196254921
2.765961615433874
-0.2568798820055239
2.584379817242167
2.0859838466047274
1.3753859683030787
1.511455136866995
8.035603167286432
4.686896066503177
2.1728383838689043
8.233099854160187
4.454937203431972
0.6895125334572587
0.606205576813702
4.452441919119552
2.959848212546403
3.430504710670093
1.4581279809850012
4.265273041991496
1.8476726546900732
7.261917829233127
6.209877557175653
6.191604665089709
5.339132827960258
1.0959610515721665
1.9366160255609495
0.33465948391357275
-0.04905251718287303
9.203467439619855
6.588117148218621
9.553461256362395
4.167447145509868
-1.2840364914921574
3.2974493082081584
2.3606766971540982
1.539379512384086
4.47569696377468
3.4205535925237993
4.537990152216753
1.8479962018346279
1.7259475133417883
4.114076653171095
1.6580109210702336
5.052912581070499
3.254610273768396
1.776382822507461
0.9663441365295393
3.3588696510958487
4.753331767048914
2.8757203036946732
5.2998672000336615
2.3785908330127175
13.447031444483367
1.733390206507829
3.5417033910252993
0.21917156298904583
2.9722351035443455
1.909635924159616
2.5912887143346977
1.2935490609722275
0.7611047099636111
4.611562023260029
4.486988547369851
5.646806540584453
4.241615249125446
3.6934626630714282
4.707335594434877
1.3357854552340809
3.460233189013619
6.593080447974285
2.29372154345182
1.2733820034473167
6.7210446132659
3.9605791883052452
0.9767246019350141
4.278216516102747
0.6950115380801635
-0.1337648787777023
3.193394973934914
3.479514431260729
2.019575049734662
2.7808189373916026
0.5261238723022317
5.4840615520548255
1.8821054871143466
9.084380080831426
12.110736334461237
4.339506411601146
5.731087031945597
0.5860600548404777
4.791173796505678
5.568418242721616
7.454520523291339
2.5475891788241363
9.212290582123792
8.504961345585498
0.4748519833879714
1.641534321221847
3.878684891062857
4.39189705205002
1.2902962334582422
10.069590995017514
-0.16900657234353883
8.678634733672205
3.311970379691667
2.915743724288161
4.384386966200042
2.0704987112219393
2.242580786789906
5.295818190195069
6.8243943661310364
3.1543413653076455
1.34935463488089
4.655212552739961
-0.8888549987570733
4.884782435915431
1.8998276762495434
5.3664338063629184
5.983804842547299
0.8679191561847243
5.648796716159209
4.449915735424276
6.1459224904686005
3.531098354521858
6.895195766079835
6.406516897788128
7.2267539342905
4.841747565562829
2.9701638224222844
0.7488739566209003
5.833413852872276
5.406328752127552
5.868863928151697
2.7811567526331977
4.165185574830517
4.379832822407529
3.6468164346483665
2.8042721873255747
3.0627610534635594
2.66162162107758
2.9577880266977727
3.8930518919466834
5.9896179035048975
1.5357106753071825
1.0302029743459695
4.019578809110698
1.714086700083989
6.727370252811927
0.8366953202956062
2.5070017980397434
8.76294343426577
5.781326685847751
4.437501221128062
5.659751813513274
-1.0249680608692622
2.8811888877428355
7.2604990533577825
2.3104903785012327
2.7424949706980684
2.793213642555097
1.600944724250445
8.838194404594649
8.562093501280406
6.240044156650991
0.9143222378417685
1.1174871449039374
3.0766676117805285
3.301372527326476
8.707664385582454
5.543431844108943
7.060335039210193
3.8862616755557635
3.905845335661717
4.42301967265481
2.1063078133703854
3.9452721433140017
3.554657679017173
2.304943857927924
4.67714986643706
3.012576763972616
3.975555207260209
3.589136624807411
1.8151106461533066
0.6614716441832033
2.9367945537086153
4.927364147543367
4.348492615462062
4.381370138060726
4.170333616206007
2.856774363508794
5.930019216592799
5.771955041966932
0.8451109879063494
4.915130200809692
6.551551134207566
4.435522186057509
7.920778622765382
5.360760669913097
0.4800347565583245
1.7538184075230818
3.8539056553951747
5.8408787051513995
0.6521159880184594
1.2062214631373243
9.832790135745865
5.086326409015852
2.0851038001874516
1.3958445308886365
5.668769651158201
5.544913412261172
6.640465410017004
8.54502377375276
3.7447375152224116
6.1361322406061785
3.1249084911225067
6.556665002665639
5.492622920654944
6.3989951528092215
6.777865717993519
5.423098918007362
3.557108673177053
2.379607251429755
4.061691574990642
-0.634826772915684
1.9530175853705356
5.332774422374943
2.2562755913353585
2.91579081747245
-0.3851606193252585
3.74627252444416
6.109068657161962
4.901866878309199
3.448380998509017
3.0874536275224407
5.336645401052367
7.7003709418267245
5.646441736796907
2.1178106075903775
3.597376894829683
0.7854438628303042
0.44267489274744176
-1.1344775595213883
3.0076434198981294
5.588183572035481
4.353974416003951
2.656871462324978
6.93836104836272
2.717336140640931
4.557397913217703
2.2979609280400908
4.340894245975262
2.6316604075039454
3.829857015747708
4.431425753706127
3.8465665939726708
3.295213536429581
5.903530651614207
3.8220555851586737
3.3590150802034087
2.357237414322553
5.955519758600582
4.367918454047544
8.745100676942542
7.575744559826493
6.321612579340732
4.642646781364878
2.5130106342950036
4.841065600310641
4.0996059329556775
0.6980329416451636
2.5533595713797292
5.139003616632701
6.615032999742496
3.212285646231495
5.188914149451539
3.3114202213788806
4.671292626158474
1.3058316484358963
4.4607152626905
4.660388388967621
0.7895719436252979
1.8278752328263674
1.678354768055621
0.36856639028296845
3.5004222684353397
2.63159629085899
9.511922615346506
6.031272239171072
5.210638738212417
2.6200226377129203
9.534278523423547
1.932709965058343
2.4050074898083302
0.8903563376353781
8.467229246963049
5.464224998975711
3.805884117632599
5.665366804646193
10.513765542581273
4.5453792280358085
11.632744708496974
2.1263576083505655
3.596217535247558
2.264721640077887
5.994872407903552
7.610863104910338
3.08651495274017
3.9756733411673952
3.1235714189989583
4.021820514100419
1.4603193751558905
0.984263910700436
0.9936353064158745
4.039206415245883
2.9280617465753553
4.019646473012815
7.158798762960535
7.549514990332787
7.30899314281809
6.492667545707626
5.888374074977529
2.3894031999310803
7.762331672790823
3.936141088062608
4.435452448467268
4.277366804376384
2.709067970850263
1.6705433103784366
3.755473548443729
3.8224665925306187
6.187125378882535
5.425226295895042
5.422727509870694
5.423669780684326
4.579032581321282
2.7117000000889924
1.45373914022108
2.8838361722949237
1.196261161920216
3.315481151985301
2.9769380240732595
3.1248639757810492
5.839977747726877
5.268070075181411
6.803553098689566
3.2138537579705453
4.639094720869537
0.117644409974491
4.084729936678118
2.3795089645297
1.2796804331021805
1.1687258943779095
4.458517869633045
4.03092369195244
0.5225325550237172
0.9383844305977433
2.408650207878096
3.921454223473488
2.623448312637727
5.094468416882076
4.637154702510124
3.4731400195341857
3.5154061120067532
-0.000388134297343367
2.6002035943179984
3.4443222005385294
0.4800914823978012
1.255081103343726
4.437880549479468
4.674610230124774
8.025448387108462
5.162518761693945
6.399299151020972
3.6348656489028035
5.013570818753149
4.164156731037444
1.8517466419226538
3.085924410822798
11.592805947541606
1.4902470468585518
4.238563780187608
3.0797831020155706
3.0969244096572575
2.0417201597218755
-0.23685626208962718
1.6100080125898577
2.4488879823974026
4.388915238964695
0.5152129404362409
5.54286444288627
7.408105612708092
8.618630142779015
2.505300250958731
3.065869505025014
1.3069591546863797
3.087479534502456
4.166042997935154
4.420294354204581
7.686789559727435
8.23206250080407
-1.1327520099842343
1.9478713195298314
5.859803645374103
4.073184744022333
4.492212469989837
4.963507380688488
4.152090752609681
3.660590672046032
10.254737824662708
2.8191330333051456
9.371067239196476
4.516505722482384
4.548166100098916
0.787021752964557
0.738398360344895
0.19235340953829105
3.057524907164824
4.463293159778413
3.4539001822176734
2.317985045042107
6.721444593758804
1.1381545051657957
2.2506463430140644
-0.45466797681885407
0.29724983290537577
2.564727538606193
5.112035246892166
4.545205749091677
6.6812149720612135
1.273543913491941
6.538153355582112
2.9412705748557526
5.411938028317943
0.7353215012328763
4.39948187050048
6.156087644379865
7.44503876636342
9.934847714509116
2.1472413073367447
4.308135228942723
4.445842494299437
2.6977565801649233
11.851064389961294
5.836376981387692
5.0131831816705
4.449310629569771
3.7790524081253976
6.5801193070483555
1.1212293118476206
3.050409362737441
1.4283794916027175
2.412933098098059
0.8772202533564679
5.273603780040005
6.1625448073774205
4.788881776273226
0.860647808468537
3.0667739571766077
6.381331270768862
4.004568418075208
1.744495239323454
5.191119879516197
-0.07956359082933223
6.967389957405202
7.711096302879476
3.421971136203835
3.9131843698962614
6.872515775469789
7.374523943242207
3.617801023550748
4.640999153706855
1.84228725255196
6.366948661744881
-0.21377221158951423
3.4354915060954587
5.079982866433304
4.043796321499972
5.440286359505228
7.645276749783679
9.831033997332643
3.7647925312313246
2.621948867916928
3.940836187985696
2.7857631355146415
7.095945484282982
1.6447964863005446
1.9259563903054935
3.0654077332716323
3.5591450315016337
2.0042473698359666
2.9794173119130156
3.8313185111150836
3.5881430017931413
6.465244601967363
1.4230107479275675
1.2800773961072522
4.435446152929364
2.850379597143046
0.7996000307195326
6.740994613357474
2.6775731304866546
4.458434697055557
3.404699476539732
3.678278775396098
2.2428210855791866
6.499099654396407
4.662470679840258
3.4140211824740065
6.786371640531637
9.290618091695842
5.072968999437694
2.0679076023256675
1.9043224426119818
1.1016214709515384
5.819438089132198
2.3913763831745802
4.0741054662843155
1.0524819148196767
1.0240562787730214
0.834491483799658
6.148713382211206
7.447364061416563
6.056984562860281
3.919162149739088
7.017411673906995
1.7791345201666566
0.47891587642533745
4.892350558296431
5.991145998497988
3.6195689067441545
5.0011821491745305
2.410081489696745
-0.12384971523354105
5.706752156505428
3.2514222366632395
4.997396896593815
4.44985168243311
0.02189095438398017
3.9857228400454243
5.595327496901949
3.405961031028114
3.546927777854777
8.121839282990415
6.8469083700296505
4.674796318988603
4.557871003275685
5.559712934209323
4.441938521749599
6.021245976087084
5.342820547981913
0.6860105409293218
5.584094115522363
2.909645359560849
5.656001575398621
4.396268543339408
0.13159987723352462
6.389523765862143
1.7522865817100879
8.114048974731013
4.000382555686314
3.8392589062557074
2.960983585621075
2.075006796944491
2.185672689701902
6.957753634297825
4.5984257573425475
5.507141592318906
4.721329994136468
5.831628966766094
6.3488939001301254
0.3503849767201539
5.4528053905221245
6.141594209081558
1.5323070121125173
1.5003013895795079
4.076774254135052
0.9373652920115705
1.3074097840201067
6.056288876368415
4.776060010828875
6.312935590716449
3.7589152819166163
3.0215796644154933
14.182275768605953
5.098060418494443
2.42446004384247
3.060454645546215
2.2353543854266746
5.798529806248077
6.606521210637582
7.6731763219185805
1.9285263352028934
6.684697147342999
3.020138952232048
5.425388813403632
4.889200282354242
4.718654476970507
5.893620769144013
2.2497510872533004
8.305073073042665
3.686269604931473
2.034831072060297
4.377028621660848
3.8591134199984216
2.7543673091276144
1.5514674285623524
2.008573502110038
3.5739496594653724
-0.12379054431977748
6.186422294523262
6.247029598699523
3.235237868745808
9.32090784694229
4.5358776614160075
7.828870343240858
6.413955296372204
2.6690974784884682
5.241152382408421
-0.035290344965009546
3.5139491969870438
3.603561918165113
2.045893109746641
12.833578918141308
3.4545233084592555
6.79544678050553
0.9425132207306267
1.8377970943939455
5.541196799411973
3.06731237970252
5.7997833106268235
3.3898107796294474
11.822048545971187
4.583221536200846
6.496172238983742
7.048729393922812
2.1845437201154168
1.5944624545130526
2.5911771092919333
1.3284725661940036
1.5226996209527315
1.77785597000709
1.2314934398326576
7.254680948730944
2.67718128920399
2.4879260699412553
4.15524019224852
3.030686968280915
2.2593952695920274
6.1757218498868784
2.706190688894527
2.6922782103697713
0.23062754282923056
9.037608962258405
4.181501875381598
4.860227903085637
1.4007912319797635
6.019338845421476
1.2567976185664178
3.7659466164329096
1.4530603411820953
1.418440519614112
0.11134439054236961
2.287244248641714
4.125991803379209
0.5466738294708469
0.6645084578554361
4.101021339913943
3.2929003202053875
1.6965350444776377
5.292951247843765
4.832471629467437
3.160524520325368
7.408950323744985
3.226226683135107
6.506383148934261
10.13523005115077
4.998159048894269
1.110686499524285
5.1292153076269615
1.6645001419487653
2.410665126464
6.35751416897102
4.873420645591157
4.329785536656971
3.1814634562820943
2.500520424518702
3.779867119564585
4.3409543977194645
5.027898536395408
1.1962083621560948
1.3642824853784212
5.808548868812855
3.257046235786942
4.3285827873743346
3.2561718142029443
1.5878583640249941
4.5063614956570515
4.45816609972793
5.2393792287991054
7.309403654935871
3.780243438682748
0.6635034161854657
1.225337404092123
5.268385840889287
2.7170619515120342
0.5867121962148972
4.159934329352349
1.4678356179179448
5.295249201890011
4.604003168529613
2.699583267942532
2.0191162691832494
9.327912139403143
0.8423665035177658
6.712112696360299
0.9585697485639043
1.8634371261800533
3.982383085509352
1.8383122171709911
2.441805648291257
6.414154619064229
3.6846843302640426
1.7852440006729922
2.3639156968146464
0.2092531145320033
6.369822157083621
0.1534070962600131
7.6783701467646885
1.5815639046921295
-0.11544402689629102
2.871629351240125
4.847132595702245
1.1314386188942902
3.7758747033838578
3.342862148332183
1.4939225729070256
3.0417557623379947
6.297516935696378
7.85872782318841
6.219136146549016
6.101839608264677
2.6799958088902023
2.8801485337571457
5.491757335478773
0.8658956536930065
7.770317787268114
0.7417763391890451
3.685853393986571
3.1166008368461684
1.4485027072505785
8.901749278405362
2.548654848703613
4.6232112625144435
8.85967108015355
4.011589954409799
1.1545207412287501
4.352185616272472
0.4395247172622032
1.6186818735215205
1.2016221359966575
0.8001394855413666
5.724921152489893
8.165470099526544
8.666159713567597
2.2706966765966285
2.5339362967058645
3.617784889090949
2.019294840823977
4.771951996759212
0.576786622444514
5.55636062492197
-0.1872848248406045
4.524072859508496
3.7776393368764327
3.706776247801837
3.3050482896710154
4.4509835264132205
1.9815220479023878
5.202434724240614
4.947773273882179
5.218167206976208
3.481945603781938
5.4445550092923645
0.3538958426055192
6.458092414955662
0.6983043407167554
1.8638850747732967
2.1439283637192057
4.9345284597837775
8.760320452778098
7.539739778074745
5.409283954601819
3.2698507978160465
3.640704460824764
6.98928571757047
1.630425249436461
1.9611726648988004
4.563547517249813
6.176481147073865
8.052717765378185
3.2181166845353917
5.325378215540119
1.379903492899686
6.654850711033826
1.802538753740463
3.5197557938962696
5.649397184941089
1.6178962490356548
1.61596470569346
7.038252457039579
10.800585007426978
4.754091957330264
4.6312638250659495
4.271691876368187
1.9538271787893058
6.024075774670745
1.8095258927836735
4.6460895608472725
1.4832320132741303
7.173155080392553
2.267333616127196
7.536233553390643
3.794979344582459
6.507067032678275
3.107192969562515
0.40262956962024654
8.14557562379733
3.3951280027416764
4.2321910783698655
3.5850318417971843
0.6427737805174174
-0.6625919890528787
-0.2654145799231471
1.3088744010598696
3.4376506881051117
2.170838719283977
2.595465489849759
1.832690257562973
2.574334898638721
3.6987509955004327
8.743762418504673
8.984476775755125
1.831918269458901
3.920959222153752
5.3654018298985395
4.342288465346082
6.963787154796243
5.917826467159535
2.313526728677057
0.64468506791564
5.979212878462952
4.527774731829264
0.3043183913559039
-0.5330969241735359
-1.5795371559228846
3.276925947786562
7.521911094961306
3.210301259441729
4.059594474770984
3.6494835521367586
5.282791731561897
0.8633479017603869
7.394840924018529
0.6724426970825829
3.910720907015072
2.668280110033851
4.993679565493018
0.1270943445571595
0.35918847153606626
14.432708884176098
1.3066334945370646
1.9542404445546904
11.243183538755158
0.11760276441364148
6.5031035658971685
2.2792123059979343
4.1281369927703455
5.852506983394825
3.187962930442479
3.0286362760099426
2.220302964693612
2.61508809961906
0.55720524498001
4.962160006921499
5.4073721089765545
3.3249385220578835
1.963698302505991
4.801999762212353
-1.5119315589537934
4.7395213715914055
3.066526636559165
1.1681530899120882
3.0383505249773575
0.8617329112385528
4.766068767180195
7.696192609773637
7.43307035266119
1.7031274172070408
2.5649140914536046
2.7054363457703365
3.800084720006044
4.984662069944291
0.789107563131585
-0.5541746156272129
-0.35353423375740023
5.80069810967403
2.05825536599297
7.10053543749668
3.003046913993058
5.077075542394063
0.15152711696711826
1.275509388704846
6.508202358846792
6.478094530907744
8.787319281592811
7.35914557670379
4.010812218252418
8.187065081584779
0.06615821191236126
2.804036154163287
3.3095096513952234
1.4046197559101843
4.918330871679328
6.8208692838668865
5.505796787628075
2.750243947903013
6.073291340379392
3.9627414092580655
10.630328780997246
3.7182835470881956
2.4251366211115144
1.7628817845297369
2.037192146175724
6.768338940268549
2.1490184265442798
5.914357659375451
7.6029037081879505
5.387088750341864
2.5763699385407968
3.230925578695546
6.848166851878794
3.5596690164005165
5.537329023099013
0.34773352444810024
1.6498398737867148
6.470169520958802
2.5320952933088225
2.278380734206967
4.8958312076958865
2.391327276596952
2.296088625706526
4.061165052779323
1.311320750785352
2.4948901261803584
1.2007164357231144
3.197158789584331
6.386366722662146
-0.34743356969439615
0.8650551987022044
1.117170098486588
7.136371999416835
1.2601324034501162
2.334440837582115
6.5619252118127065
2.822384393490826
2.6386703715276734
4.376002705022482
3.5061977948067193
4.372049467910568
4.969296228870418
1.0703175687438402
2.2236520982629573
0.27015856016360285
4.717453473032929
0.24317777922643657
1.9676569081630482
2.750459225594139
3.6490628707596633
1.293166924741807
0.19545020284849246
3.714145051170111
3.877959609105725
3.5619964365104333
1.188977447358404
5.681467760029645
1.862758306644612
2.108391705436109
5.8289960001354
4.5106633592500485
4.650953570035443
1.794291762486342
2.4665371984589832
10.884579671117816
2.026487076260491
3.525459276636525
2.446460548664644
5.44737760262211
0.9541989596098197
1.8320004939400625
13.46984415769722
5.1374451184696515
1.4909718485113221
2.4711963552864287
2.330130080238614
6.154281899245582
3.5551162397921803
1.413277194960826
4.717312209296632
2.8191492159644063
7.758005730206662
3.944599766717162
2.9864975899323403
1.2614374154705659
2.5838738650504562
7.362657478758129
4.128968307849558
7.640145108872455
